0    1    1         0.000000
    0    1    1   barenucl         0.000000  1.00000E+00  1.00000E+00  0.00000E+00  0.00000E+00    1   0  0 0 0 0 0 0 0 0 0 0
1    2    2         13.598000
1    1    2   h_100001         0.000000  2.00000E+00  1.00000E+00  1.35980E+01  0.00000E+00    1   1  1 0 0 0 0 0 0 0 0 0
1    2    3   h_010002        10.198519  8.00000E+00  1.00000E+00  3.39948E+00  4.70038E+08    1   2  0 1 0 0 0 0 0 0 0 0
5
b   1    1  1    2  98  0.00000E+00  0.00000E+00  0.00000E+00  0.00000E+00  0.00000E+00  4.16200E-01  4.16200E-01
f   1    1  0    1  99  1.00000E+00  1.00000E+00
p   1    1  0    1  99  1.00000E+00  1.00000E+00
f   1    2  0    1  99  1.00000E+00  1.00000E+00
p   1    2  0    1  99  1.00000E+00  1.00000E+00