1	19	2	0.000000
2    	1   	12   	h2p_v0		0.000000	2.645
2    	2   	13   	h2p_v1		0.271692	2.374
2    	3	14   	h2p_v2		0.527609	2.118
2    	4   	15   	h2p_v3		0.768275	1.877
2    	5   	16    	h2p_v4		0.994132	1.651
2    	6   	17   	h2p_v5		1.205543	1.440
2    	7   	18   	h2p_v6		1.402790	1.243
2    	8   	19   	h2p_v7		1.586081	1.059
2    	9   	20   	h2p_v8		1.755538	0.890
2    	10   	21   	h2p_v9		1.911204	0.734
2    	11   	22   	h2p_v10		2.053027	0.593
2    	12   	23   	h2p_v11		2.180870	0.465
2    	13	24   	h2p_v12		2.294481	0.351
2    	14   	25   	h2p_v13		2.393495	0.252
2    	15   	26    	h2p_v14		2.477417	0.168
2    	16   	27   	h2p_v15		2.545604	0.100
2    	17   	28   	h2p_v16		2.597257	0.0491
2    	18   	29   	h2p_v17		2.631471	0.0170
2    	19   	30   	h2p_v18		2.647742	0.0020
2 	15	2	15.42593
3    	1    	31   	h2_v0 		0.269621 	0.00000
3    	2    	32   	h2_v1 		0.785643    	0.00000
3    	3    	33   	h2_v2 		1.272478	0.00000
3    	4    	34   	h2_v3 		1.730734	0.00000
3    	5    	35   	h2_v4 		2.160789	0.00000
3    	6    	36   	h2_v5 		2.562770 	0.00000
3    	7    	37   	h2_v6 		2.936514	0.00000
3    	8    	38   	h2_v7 		3.281535	0.00000
3    	9	39   	h2_v8 		3.596933	0.00000
3    	10   	40   	h2_v9 		3.881305	0.00000
3 	11 	41	h2_v10		4.132594	0.00000
3    	12   	42   	h2_v11 		4.347968	0.00000
3    	13   	43   	h2_v12 		4.523470  	0.00000
3    	14    	44   	h2_v13 		4.653525	0.00000
3    	15    	45   	h2_v14 		4.730414	0.00000
296
ev	99  	3 	1	3	2					1.11829E+01		9.61700E-01   	8.15360E-01  	-6.44910E+00   	1.54160E+01  	-1.42620E+01   	4.37790E+00
ev	99  	3 	1	3	3					1.11829E+01		9.25980E-01   	6.83300E-01  	-5.50070E+00   	1.28010E+01  	-1.10470E+01   	2.92580E+00
ev	99  	3 	1	3	4					1.11829E+01		9.34650E-01   	6.23910E-01  	-5.17320E+00   	1.17850E+01  	-9.53170E+00   	2.12500E+00	
ev	99  	3 	1	3	5					1.11829E+01		9.33260E-01   	6.05410E-01  	-5.11800E+00   	1.16740E+01  	-9.43860E+00   	2.10650E+00
ev	99  	3 	1	3	6					1.11829E+01		9.12740E-01   	5.90970E-01  	-5.03530E+00   	1.16590E+01  	-9.78800E+00   	2.41830E+00
ev	99  	3 	1	3	7					1.11829E+01		8.75650E-01   	5.07260E-01 		-4.48710E+00   	1.04920E+01  	-8.90240E+00   	2.25140E+00
ev	99  	3 	1	3	8					1.11829E+01		8.18950E-01   	4.74950E-01  	-4.14790E+00   	9.95860E+00  	-9.01220E+00   	2.64040E+00
ev	99  	3 	1	3	9					1.11829E+01		7.62160E-01   	3.61330E-01  	-3.32210E+00   	8.04790E+00  	-7.27670E+00   	2.12420E+00
ev	99  	3 	1	3	10					1.11829E+01		7.11400E-01   	2.70040E-01  	-2.61570E+00   	6.36130E+00  	-5.66930E+00   	1.60650E+00
ev	99  	3 	1	3	11					1.11829E+01		6.68760E-01   	1.93210E-01  	-2.00060E+00   	4.82330E+00  	-4.07690E+00   	1.02160E+00
ev	99  	3 	1	3	12					1.11829E+01		6.39270E-01   	1.46920E-01  	-1.60000E+00   	3.78400E+00  	-2.95010E+00   	5.79290E-01
ev	99  	3 	1	3	13					1.11829E+01		6.17420E-01   	1.14650E-01  	-1.34150E+00   	3.12970E+00  	-2.26660E+00   	3.15820E-01
ev	99  	3 	1	3	14					1.11829E+01		5.77320E-01   	9.09370E-02  	-1.13800E+00   	2.67950E+00  	-1.93780E+00   	2.52710E-01
ev	99  	3 	1	3	15					1.11829E+01		4.57750E-01   	5.33850E-02  	-7.66310E-01   	1.93340E+00  	-1.63740E+00   	3.79360E-01
ev	99  	3 	2	3	1					1.06666E+01		9.81640E-01   	1.44350E+00  	-1.04550E+01   	2.62060E+01  	-2.72110E+01   	9.96790E+00
ev	99  	3 	2	3	3					1.06666E+01		1.09860E+00   	1.50920E+00  	-1.09630E+01   	2.70490E+01  	-2.70020E+01   	9.40010E+00
ev	99  	3 	2	3	4					1.06666E+01		9.98180E-01   	1.33970E+00  	-9.48840E+00   	2.31360E+01  	-2.27730E+01   	7.74070E+00
ev	99  	3 	2	3	5					1.06666E+01		8.81000E-01   	1.05270E+00  	-7.26810E+00   	1.75540E+01  	-1.70400E+01   	5.67880E+00
ev	99  	3 	2	3	6					1.06666E+01		7.51210E-01   	7.70710E-01  	-5.06640E+00   	1.19810E+01  	-1.12570E+01   	3.57410E+00
ev	99  	3 	2	3	7					1.06666E+01		6.69690E-01   	5.82210E-01  	-3.68450E+00   	8.56110E+00 		-7.78280E+00   	2.35250E+00
ev	99  	3 	2	3	8					1.06666E+01		6.59570E-01   	5.23140E-01  	-3.38840E+00   	7.99310E+00  	-7.42660E+00   	2.35240E+00
ev	99  	3 	2	3	9					1.06666E+01		6.90280E-01   	5.57150E-01  	-3.81280E+00   	9.27100E+00  	-9.06460E+00   	3.12230E+00
ev	99  	3 	2	3	10					1.06666E+01		7.23820E-01   	6.08780E-01  	-4.37340E+00   	1.08700E+01  	-1.10230E+01   	4.00060E+00
ev	99  	3 	2	3	11					1.06666E+01		7.38290E-01   	6.06020E-01  	-4.56760E+00   	1.14900E+01  	-1.18340E+01   	4.37900E+00
ev	99  	3 	2	3	12					1.06666E+01		7.14300E-01   	5.31960E-01  	-4.22370E+00   	1.07150E+01  	-1.11160E+01   	4.13790E+00
ev	99  	3 	2	3	13					1.06666E+01		6.41410E-01   	3.84020E-01  	-3.30260E+00   	8.46590E+00  	-8.81910E+00   	3.27790E+00
ev	99  	3 	2	3	14					1.06666E+01		5.10260E-01   	2.49010E-01  	-2.28000E+00   	6.00340E+00  	-6.49320E+00   	2.51800E+00
ev	99  	3 	2	3	15					1.06666E+01		3.77480E-01   	1.47950E-01  	-1.36790E+00   	3.65460E+00  	-4.05300E+00   	1.61480E+00
ev	99  	3 	3	3	1					1.01796E+01		1.05650E+00   	1.14040E+00 	 	-9.69530E+00   	2.55410E+01  	-2.72180E+01   	1.01760E+01
ev	99  	3 	3	3	2					1.01796E+01		1.21100E+00   	1.60200E+00  	-1.26330E+01   	3.27260E+01  	-3.43390E+01   	1.26780E+01
ev	99  	3 	3	3	4					1.01796E+01		1.03490E+00   	1.31480E+00  	-9.21610E+00   	2.34250E+01  	-2.40870E+01   	8.67560E+00
ev	99  	3 	3	3	5					1.01796E+01		8.65610E-01   	1.01040E+00  	-6.72480E+00   	1.69060E+01  	-1.72780E+01   	6.20250E+00
ev	99  	3 	3	3	6					1.01796E+01		8.59080E-01   	9.11350E-01  	-6.23080E+00   	1.57460E+01  	-1.61060E+01   	5.81440E+00
ev	99  	3 	3	3	7					1.01796E+01		8.83110E-01   	9.35900E-01  	-6.60360E+00   	1.68160E+01  	-1.73270E+01   	6.32440E+00
ev	99  	3 	3	3	8					1.01796E+01		8.56620E-01   	9.24710E-01  	-6.50300E+00   	1.66200E+01  	-1.73160E+01   	6.43380E+00
ev	99  	3 	3	3	9					1.01796E+01		7.66590E-01   	7.40960E-01  	-5.08880E+00   	1.28720E+01  	-1.32310E+01   	4.84910E+00
ev	99  	3 	3	3	10					1.01796E+01		6.41590E-01   	4.89550E-01  	-3.25600E+00   	8.02320E+00  	-7.90040E+00   	2.73370E+00
ev	99  	3 	3	3	11					1.01796E+01		5.02820E-01   	2.84810E-01  	-1.88370E+00   	4.50780E+00  	-4.20570E+00  	1.32720E+00
ev	99  	3 	3	3	12					1.01796E+01		3.89830E-01   	1.88990E-01  	-1.36210E+00   	3.36680E+00  	-3.33250E+00   	1.13320E+00
ev	99  	3 	3	3	13					1.01796E+01		3.94550E-01   	1.76030E-01  	-1.52290E+00   	4.09480E+00  	-4.53290E+00   	1.78560E+00
ev	99  	3 	3	3	14					1.01796E+01		5.08050E-01   	1.97050E-01  	-1.99130E+00   	5.46660E+00  	-6.04380E+00   	2.38070E+00
ev	99  	3 	3	3	15					1.01796E+01		4.77040E-01   	2.07370E-01  	-2.03630E+00   	5.56940E+00  	-6.22450E+00   	2.49390E+00
ev	99  	3 	4	3	1					9.72161E+00		1.17840E+00   	9.97550E-01  	-9.99500E+00   	2.72320E+01  	-2.94140E+01   	1.11020E+01
ev	99  	3 	4	3	2					9.72161E+00		1.23530E+00   	1.18940E+00  	-1.08670E+01   	2.94980E+01  	-3.18460E+01   	1.20460E+01
ev	99  	3 	4	3	3					9.72161E+00		1.15970E+00   	1.18330E+00  	-9.40520E+00   	2.53560E+01 		-2.73150E+01   	1.03680E+01
ev	99  	3 	4	3	5					9.72161E+00		1.15910E+00   	1.41470E+00  	-1.05480E+01   	2.80400E+01  	-3.00330E+01   	1.14340E+01
ev	99  	3 	4	3	6					9.72161E+00		1.08440E+00   	1.18290E+00  	-9.01080E+00   	2.41860E+01  	-2.61370E+01   	1.00590E+01
ev	99  	3 	4	3	7					9.72161E+00		9.40310E-01   	8.79880E-01 		-6.39580E+00   	1.71810E+01  	-1.85770E+01   	7.18220E+00
ev	99  	3 	4	3	8					9.72161E+00		8.19990E-01   	5.93290E-01  	-4.32990E+00   	1.16050E+01  	-1.23680E+01   	4.69960E+00
ev	99  	3 	4	3	9					9.72161E+00		7.62010E-01   	4.39040E-01  	-3.72570E+00   	1.01740E+01  	-1.10020E+01   	4.22730E+00
ev	99  	3 	4	3	10					9.72161E+00		6.98680E-01   	3.78360E-01  	-3.63470E+00   	1.01290E+01  	-1.13220E+01   	4.49770E+00
ev	99  	3 	4	3	11					9.72161E+00		6.23590E-01   	3.32040E-01  	-3.19380E+00   	8.88070E+00  	-9.95730E+00   	3.95020E+00
ev	99  	3 	4	3	12					9.72161E+00		5.94460E-01   	2.62210E-01  	-2.39320E+00   	6.44870E+00  	-6.80660E+00   	2.48970E+00
ev	99  	3 	4	3	13					9.72161E+00		5.92370E-01   	1.32240E-01  	-1.33380E+00   	3.27320E+00  	-2.57720E+00   	4.64910E-01
ev	99  	3 	4	3	14					9.72161E+00		4.48430E-01   	7.99730E-02  	-7.41800E-01   	1.69050E+00  	-1.09140E+00   	2.01950E-02
ev	99  	3 	4	3	15					9.72161E+00		2.93770E-01   	5.88850E-02  	-5.57610E-01   	1.46150E+00  	-1.46360E+00   	4.86720E-01
ev	99  	3 	5	3	1					9.29157E+00		1.25600E+00   	1.36200E+00  	-1.31790E+01   	3.66130E+01  	-4.09520E+01   	1.61280E+01
ev	99  	3 	5	3	2					9.29157E+00		1.16190E+00   	1.29670E+00  	-1.10010E+01   	3.02610E+01  	-3.36840E+01   	1.32200E+01
ev	99  	3 	5	3	3					9.29157E+00		1.04910E+00   	1.16360E+00  	-8.68950E+00   	2.37850E+01  	-2.63230E+01   	1.02920E+01
ev	99  	3 	5	3	4					9.29157E+00		1.27180E+00   	1.52130E+00  	-1.21530E+01   	3.36570E+01  	-3.73540E+01   	1.47480E+01
ev	99  	3 	5	3	6					9.29157E+00		1.16620E+00   	1.52790E+00  	-1.11690E+01   	3.06980E+01  	-3.42050E+01   	1.36220E+01
ev	99  	3 	5	3	7					9.29157E+00		1.03240E+00   	1.07510E+00  	-8.39660E+00   	2.33090E+01  	-2.61150E+01   	1.04270E+01
ev	99  	3 	5	3	8					9.29157E+00		9.22830E-01   	8.19360E-01  	-7.03180E+00   	1.97710E+01  	-2.25050E+01   	9.11890E+00
ev	99  	3 	5	3	9					9.29157E+00		7.33730E-01   	5.03930E-01  	-4.41350E+00   	1.24490E+01  	-1.41660E+01   	5.69970E+00
ev	99  	3 	5	3	10					9.29157E+00		6.19940E-01   	3.99000E-01  	-3.03920E+00   	8.28510E+00  	-9.05610E+00   	3.45140E+00
ev	99  	3 	5	3	11					9.29157E+00		7.00860E-01   	3.72860E-01  	-3.10030E+00   	8.41400E+00  	-8.86790E+00   	3.22260E+00
ev	99  	3 	5	3	12					9.29157E+00		7.47770E-01   	3.12810E-01  	-3.36210E+00   	9.50550E+00  	-1.04400E+01   	4.02930E+00
ev	99  	3 	5	3	13					9.29157E+00		6.16190E-01   	2.38950E-01  	-2.95640E+00   	8.73430E+00  	-1.03870E+01   	4.42140E+00
ev	99  	3 	5	3	14					9.29157E+00		5.09920E-01   	2.01900E-01  	-2.31120E+00   	6.82130E+00  	-8.15650E+00   	3.47450E+00
ev	99  	3 	5	3	15					9.29157E+00		4.24960E-01   	1.20130E-01  	-1.29650E+00   	3.64540E+00  	-4.01160E+00   	1.52890E+00
ev	99  	3 	6	3	1					8.88942E+00		1.30210E+00   	1.92150E+00  	-1.72600E+01   	4.83410E+01 	-5.54040E+01   	2.24390E+01
ev	99  	3 	6	3	2					8.88942E+00		1.05850E+00   	1.33640E+00  	-1.02910E+01   	2.87130E+01  	-3.26730E+01   	1.30670E+01
ev	99  	3 	6	3	3					8.88942E+00		1.12010E+00   	1.38000E+00  	-1.06400E+01   	2.99610E+01  	-3.39950E+01   	1.36290E+01
ev	99  	3 	6	3	4					8.88942E+00		1.27300E+00   	1.75280E+00  	-1.38450E+01   	3.88250E+01  	-4.37570E+01   	1.74920E+01
ev	99  	3 	6	3	5					8.88942E+00		1.27660E+00   	1.71970E+00  	-1.30360E+01   	3.65010E+01  	-4.08960E+01   	1.62700E+01
ev	99  	3 	6	3	7					8.88942E+00		1.16750E+00   	1.53140E+00  	-1.26740E+01   	3.57850E+01  	-4.09380E+01   	1.66560E+01
ev	99  	3 	6	3	8					8.88942E+00		8.78410E-01   	8.63450E-01  	-6.98440E+00   	1.99530E+01  	-2.31650E+01   	9.51450E+00
ev	99  	3 	6	3	9					8.88942E+00		8.68830E-01   	7.78710E-01  	-6.46440E+00   	1.84440E+01  	-2.11630E+01   	8.55480E+00
ev	99  	3 	6	3	10					8.88942E+00		9.44110E-01   	6.07630E-01  	-6.09510E+00   	1.78190E+01  	-2.03640E+01   	8.16900E+00
ev	99  	3 	6	3	11					8.88942E+00		7.87760E-01   	3.08930E-01  	-3.60190E+00   	1.08290E+01  	-1.24930E+01   	5.02850E+00
ev	99  	3 	6	3	12					8.88942E+00		4.88140E-01   	2.31080E-01  	-1.91370E+00   	5.54110E+00  	-6.45470E+00   	2.60580E+00
ev	99  	3 	6	3	13					8.88942E+00		5.71390E-01   	2.75150E-01  	-2.27330E+00   	6.28030E+00  	-6.75850E+00   	2.44840E+00
ev	99  	3 	6	3	14					8.88942E+00		6.84230E-01   	1.67870E-01  	-2.43350E+00   	7.17480E+00  	-7.95770E+00   	3.03360E+00
ev	99  	3 	6	3	15					8.88942E+00		5.27010E-01   	6.06510E-02  	-1.63470E+00   	5.20690E+00  	-6.36030E+00   	2.75330E+00
ev	99  	3 	7	3	1					8.51581E+00		1.32580E+00   	2.28690E+00  	-2.02520E+01   	5.76610E+01  	-6.73460E+01   	2.77620E+01
ev	99  	3 	7	3	2					8.51581E+00		1.01270E+00   	1.37710E+00  	-9.99670E+00   	2.86250E+01  	-3.33860E+01   	1.36550E+01
ev	99  	3 	7	3	3					8.51581E+00		1.24860E+00   	1.61380E+00  	-1.34480E+01   	3.90620E+01  	-4.52040E+01   	1.84990E+01
ev	99  	3 	7	3	4					8.51581E+00		1.19450E+00   	1.65860E+00  	-1.25230E+01   	3.61030E+01  	-4.16330E+01   	1.70100E+01
ev	99  	3 	7	3	5					8.51581E+00		1.20310E+00   	1.68410E+00  	-1.32910E+01   	3.82310E+01  	-4.40560E+01   	1.79600E+01
ev	99  	3 	7	3	6					8.51581E+00		1.25180E+00   	1.93450E+00  	-1.59990E+01   	4.57780E+01  	-5.30000E+01   	2.17960E+01
ev	99  	3 	7	3	8					8.51581E+00		1.24000E+00   	1.58180E+00  	-1.40710E+01   	4.11110E+01  	-4.81030E+01   	1.99880E+01
ev	99  	3 	7	3	9					8.51581E+00		1.09170E+00   	1.13100E+00  	-1.01190E+01   	2.98420E+01  	-3.51250E+01   	1.46250E+01
ev	99  	3 	7	3	10					8.51581E+00		8.03560E-01   	6.76180E-01  	-5.58480E+00   	1.64970E+01  	-1.95620E+01  	8.15050E+00
ev	99  	3 	7	3	11					8.51581E+00		7.45640E-01   	5.80530E-01  	-5.34340E+00   	1.58260E+01  	-1.89720E+01   	8.03110E+00
ev	99  	3 	7	3	12					8.51581E+00		8.82060E-01   	5.36680E-01  	-5.84600E+00   	1.76280E+01  	-2.09180E+01   	8.71940E+00
ev	99  	3 	7	3	13					8.51581E+00		7.21400E-01   	2.80500E-01  	-3.29390E+00   	1.00990E+01  	-1.20030E+01   	4.95780E+00
ev	99  	3 	7	3	14					8.51581E+00		3.48760E-01   	1.87810E-01  	-1.41460E+00   	4.16660E+00  	-5.13780E+00   	2.20660E+00
ev	99  	3 	7	3	15					8.51581E+00		4.47480E-01   	1.19470E-01  	-1.32200E+00   	3.90740E+00  	-4.50210E+00   	1.77870E+00
ev	99  	3 	8	3	1					8.17074E+00 		1.37570E+00   	2.03100E+00  	-1.95550E+01   	5.79020E+01  	-6.90410E+01   	2.87950E+01
ev	99  	3 	8	3	2					8.17074E+00 		1.12700E+00   	1.10610E+00  	-9.22120E+00   	2.80420E+01  	-3.28670E+01   	1.32650E+01
ev	99  	3 	8	3	3					8.17074E+00 		1.35540E+00   	1.35420E+00  	-1.30360E+01   	3.97980E+01  	-4.64660E+01   	1.89550E+01
ev	99  	3 	8	3	4					8.17074E+00 		1.14820E+00   	1.23910E+00  	-9.76350E+00   	2.94740E+01  	-3.42490E+01   	1.38280E+01
ev	99  	3 	8	3	5					8.17074E+00 		1.14820E+00   	1.23910E+00  	-9.76350E+00   	2.94740E+01  	-3.42490E+01   	1.38280E+01
ev	99  	3 	8	3	6					8.17074E+00 		1.03130E+00   	1.17170E+00  	-1.00100E+01   	3.00160E+01  	-3.57250E+01   	1.48680E+01
ev	99  	3 	8	3	7					8.17074E+00 		1.36290E+00   	1.59090E+00  	-1.54480E+01   	4.65190E+01  	-5.46410E+01   	2.25420E+01
ev	99  	3 	8	3	9					8.17074E+00 		1.23840E+00   	1.02630E+00  	-1.12620E+01   	3.47800E+01  	-4.12340E+01   	1.71450E+01
ev	99  	3 	8	3	10					8.17074E+00 		1.08260E+00   	8.86250E-01  	-9.78620E+00   	3.03260E+01  	-3.68600E+01   	1.57130E+01
ev	99  	3 	8	3	11					8.17074E+00 		9.70110E-01   	4.70230E-01  	-5.54940E+00   	1.73990E+01  	-2.03060E+01   	8.12270E+00
ev	99  	3 	8	3	12					8.17074E+00 		7.37190E-01   	3.35800E-01  	-3.43130E+00   	1.06860E+01  	-1.26060E+01   	5.05820E+00
ev	99  	3 	8	3	13					8.17074E+00 		7.43120E-01   	3.72920E-01  	-4.59340E+00   	1.42320E+01  	-1.73640E+01   	7.42490E+00
ev	99  	3 	8	3	14					8.17074E+00 		8.49180E-01   	2.22730E-01  	-4.05900E+00   	1.28710E+01  	-1.52420E+01   	6.21730E+00
ev	99  	3 	8	3	15					8.17074E+00 		4.72440E-01   	9.75990E-02  	-1.48310E+00   	4.71600E+00  	-5.81220E+00   	2.49230E+00
ev	99  	3 	9	3	1					7.85560E+00		1.39950E+00   	1.57100E+00  	-1.70640E+01   	5.26160E+01  	-6.31640E+01   	2.60920E+01
ev	99  	3 	9	3	2					7.85560E+00		1.32440E+00   	7.24320E-01  	-8.84870E+00   	2.87910E+01  	-3.28540E+01   	1.24100E+01
ev	99  	3 	9	3	3					7.85560E+00		1.35510E+00   	8.06670E-01  	-9.39380E+00   	3.04520E+01  	-3.46720E+01   	1.32060E+01
ev	99  	3 	9	3	4					7.85560E+00		1.15210E+00   	9.62040E-01  	-9.11940E+00   	2.90160E+01  	-3.44750E+01   	1.39150E+01
ev	99  	3 	9	3	5					7.85560E+00		1.02010E+00   	8.36310E-01  	-8.31540E+00   	2.63290E+01  	-3.18650E+01   	1.31640E+01
ev	99  	3 	9	3	6					7.85560E+00		1.13000E+00   	9.42530E-01  	-9.19260E+00   	2.91580E+01  	-3.48700E+01   	1.41530E+01
ev	99  	3 	9	3	7					7.85560E+00		1.33240E+00   	7.98720E-01  	-1.03380E+01   	3.32510E+01  	-3.86530E+01   	1.52650E+01
ev	99  	3 	9	3	8					7.85560E+00		1.36020E+00   	8.25520E-01  	-1.13380E+01   	3.63440E+01  	-4.24850E+01   	1.70980E+01
ev	99  	3 	9	3	10					7.85560E+00		1.39390E+00   	4.71480E-01  	-9.44050E+00   	3.10150E+01  	-3.54910E+01   	1.36800E+01
ev	99  	3 	9	3	11					7.85560E+00		1.13530E+00   	4.01960E-01  	-7.34560E+00   	2.42240E+01  	-2.88740E+01   	1.17030E+01
ev	99  	3 	9	3	12					7.85560E+00		9.79090E-01   	2.54600E-01  	-5.42230E+00   	1.79620E+01  	-2.15600E+01   	8.81170E+00
ev	99  	3 	9	3	13					7.85560E+00		8.18720E-01   	1.31290E-01  	-2.35620E+00   	7.88940E+00  	-8.44050E+00   	2.66950E+00
ev	99  	3 	9	3	14					7.85560E+00		5.63170E-01   	2.31340E-01  	-2.86810E+00   	9.21060E+00  	-1.16360E+01   	5.10500E+00
ev	99  	3 	9	3	15					7.85560E+00		6.70220E-01   	1.21980E-01  	-2.89280E+00   	9.55520E+00  	-1.18660E+01   	5.11300E+00
ev	99  	3 	10	3	1					7.57126E+00		1.40200E+00   	1.40500E+00  	-1.56770E+01   	4.97590E+01  	-6.00010E+01   	2.44480E+01
ev	99  	3 	10	3	2					7.57126E+00		1.50200E+00   	5.39480E-01  	-1.00760E+01   	3.44770E+01  	-3.95010E+01   	1.46760E+01
ev	99  	3 	10	3	3					7.57126E+00		1.21300E+00   	7.85160E-01  	-7.48930E+00   	2.47480E+01  	-2.79860E+01   	1.00230E+01
ev	99  	3 	10	3	4					7.57126E+00		1.11660E+00   	8.38390E-01  	-9.51250E+00   	3.09140E+01  	-3.76690E+01   	1.54650E+01
ev	99  	3 	10	3	5					7.57126E+00		9.50970E-01   	6.75350E-01  	-5.97440E+00   	1.95440E+01  	-2.33120E+01   	8.99620E+00
ev	99  	3 	10	3	6					7.57126E+00		1.29910E+00   	8.65660E-01  	-1.04880E+01   	3.44850E+01  	-4.08860E+01   	1.61010E+01
ev	99  	3 	10	3	7					7.57126E+00		1.05970E+00   	5.23780E-01  	-6.05370E+00   	2.02400E+01  	-2.36320E+01   	8.96890E+00
ev	99  	3 	10	3	8					7.57126E+00		1.28160E+00   	5.86390E-01  	-9.93660E+00   	3.29750E+01  	-3.95980E+01   	1.60970E+01
ev	99  	3 	10	3	9					7.57126E+00		1.48540E+00   	5.78940E-01  	-1.12060E+01   	3.76600E+01  	-4.35670E+01   	1.67680E+01
ev	99  	3 	10	3	11					7.57126E+00		1.42200E+00   	3.09600E-01  	-1.01380E+01   	3.45330E+01  	-4.10270E+01   	1.65060E+01
ev	99  	3 	10	3	12					7.57126E+00		1.16080E+00   	8.93990E-02  	-5.31640E+00   	1.88790E+01  	-2.18230E+01   	8.08740E+00
ev	99  	3 	10	3	13					7.57126E+00		9.52480E-01   	2.47520E-01  	-5.93430E+00   	2.03070E+01  	-2.57150E+01   	1.11970E+01
ev	99  	3 	10	3	14					7.57126E+00		8.27390E-01   	9.89000E-02  	-2.55130E+00   	8.76960E+00  	-9.67180E+00   	3.16510E+00
ev	99  	3 	10	3	15					7.57126E+00		5.11420E-01   	1.06640E-01  	-1.80070E+00   	6.03130E+00  	-7.60880E+00   	3.27380E+00
ev	99  	3 	11	3	1					7.32009E+00		1.41530E+00   	1.12870E+00  	-1.37340E+01   	4.49530E+01  	-5.35900E+01   	2.09840E+01
ev	99  	3 	11	3	2					7.32009E+00		1.64090E+00   	1.93970E-01  	-1.02850E+01   	3.69100E+01  	-4.16250E+01   	1.45380E+01
ev	99  	3 	11	3	3					7.32009E+00		9.82100E-01   	8.82420E-01  	-6.56580E+00   	2.11420E+01  	-2.40580E+01   	8.33850E+00
ev	99  	3 	11	3	4					7.32009E+00		1.07070E+00   	5.39640E-01  	-7.95200E+00   	2.65890E+01  	-3.24750E+01   	1.31660E+01
ev	99  	3 	11	3	5					7.32009E+00		1.14520E+00   	5.36580E-01  	-6.61660E+00   	2.24390E+01  	-2.56200E+01   	9.04100E+00
ev	99  	3 	11	3	6					7.32009E+00		1.13200E+00   	6.70310E-01  	-7.94630E+00   	2.65490E+01  	-3.13970E+01   	1.19750E+01
ev	99  	3 	11	3	7					7.32009E+00		1.03610E+00   	4.61450E-01  	-6.58390E+00   	2.22640E+01  	-2.67610E+01   	1.05030E+01
ev	99  	3 	11	3	8					7.32009E+00		1.20830E+00   	3.99910E-01  	-6.89100E+00   	2.34730E+01  	-2.64190E+01   	9.21850E+00
ev	99  	3 	11	3	9					7.32009E+00		1.29610E+00   	3.43590E-01  	-8.37240E+00   	2.91120E+01  	-3.43480E+01   	1.31400E+01
ev	99  	3 	11	3	10					7.32009E+00		1.51500E+00   	3.77500E-01  	-1.14400E+01   	3.96420E+01  	-4.65950E+01   	1.79500E+01
ev	99  	3 	11	3	12					7.32009E+00		1.49560E+00  	      -5.07460E-02  	-9.97170E+00   	3.55900E+01  	-4.25310E+01   	1.69750E+01
ev	99  	3 	11	3	13					7.32009E+00		1.09870E+00  	      -8.25280E-02  	-3.74870E+00   	1.43720E+01  	-1.63080E+01   	5.52580E+00		
ev	99  	3 	11	3	14					7.32009E+00		8.86320E-01  	      -1.50790E-02  	-4.29960E+00   	1.58450E+01  	-2.06430E+01   	9.19700E+00
ev	99  	3 	11	3	15					7.32009E+00		6.23610E-01   	8.53640E-02  	-2.06870E+00   	7.22490E+00  	-8.90330E+00   	3.60840E+00
ev	99  	3 	12	3	1					7.10491E+00		1.45150E+00   	8.75850E-01  	-1.20880E+01   	4.04890E+01  	-4.65440E+01   	1.66580E+01
ev	99  	3 	12	3	2					7.10491E+00		1.64510E+00   	2.43960E-01  	-1.15360E+01   	4.08910E+01  	-4.60870E+01   	1.59630E+01
ev	99  	3 	12	3	3					7.10491E+00		7.81350E-01   	6.92860E-01  	-5.25950E+00   	1.65880E+01  	-1.85390E+01   	6.02290E+00
ev	99  	3 	12	3	4					7.10491E+00		1.10080E+00   	3.02250E-01  	-6.05080E+00   	2.07940E+01  	-2.37730E+01   	8.42450E+00
ev	99  	3 	12	3	5					7.10491E+00		1.24570E+00   	6.11530E-01  	-9.16330E+00   	3.08750E+01  	-3.59850E+01   	1.33640E+01
ev	99  	3 	12	3	6					7.10491E+00		7.66520E-01   	4.21320E-01  	-3.70700E+00   	1.20460E+01  	-1.30820E+01   	3.89940E+00
ev	99  	3 	12	3	7					7.10491E+00		1.27250E+00   	3.34100E-01  	-8.44960E+00   	2.91820E+01  	-3.41000E+01   	1.27740E+01
ev	99  	3 	12	3	8					7.10491E+00		9.67610E-01   	3.59630E-01  	-4.53660E+00   	1.53750E+01  	-1.65200E+01   	4.93180E+00
ev	99  	3 	12	3	9					7.10491E+00		1.16410E+00   	3.43500E-01  	-7.50270E+00   	2.57530E+01  	-3.00850E+01   	1.12150E+01
ev	99  	3 	12	3	10					7.10491E+00		1.28750E+00   	3.31530E-01  	-7.70380E+00   	2.67590E+01  	-2.98800E+01   	1.00340E+01
ev	99  	3 	12	3	11					7.10491E+00		1.56180E+00   	1.73940E-01  	-1.19560E+01   	4.20870E+01  	-4.94860E+01   	1.89810E+01
ev	99  	3 	12	3	13					7.10491E+00		1.44960E+00   	6.10990E-02  	-1.06260E+01   	3.76660E+01  	-4.56620E+01   	1.85210E+01
ev	99  	3 	12	3	14					7.10491E+00		9.91700E-01   	2.16810E-01  	-5.32860E+00   	1.90640E+01  	-2.34830E+01   	9.35400E+00
ev	99  	3 	12	3	15					7.10491E+00		7.20460E-01   	6.56780E-02  	-3.35070E+00   	1.21860E+01  	-1.60960E+01   	7.26260E+00
ev	99  	3 	13	3	1					6.92968E+00		1.44610E+00   	1.04860E+00  	-1.28920E+01   	4.20320E+01  	-4.70290E+01   	1.61550E+01
ev	99  	3 	13	3	2					6.92968E+00		1.48400E+00   	4.11860E-01  	-1.12570E+01   	3.82710E+01  	-4.23280E+01   	1.43440E+01
ev	99  	3 	13	3	3					6.92968E+00		7.58000E-01   	6.79360E-01  	-6.26970E+00   	2.00340E+01  	-2.39550E+01   	9.30660E+00
ev	99  	3 	13	3	4					6.92968E+00		1.11500E+00   	4.70970E-01  	-6.24010E+00   	2.03440E+01  	-2.13320E+01   	6.29620E+00
ev	99  	3 	13	3	5					6.92968E+00		1.02180E+00   	5.91900E-01  	-8.25000E+00   	2.70280E+01  	-3.18740E+01   	1.22980E+01
ev	99  	3 	13	3	6					6.92968E+00		9.24460E-01   	4.58880E-01  	-5.17410E+00   	1.67800E+01  	-1.83150E+01   	5.91120E+00
ev	99  	3 	13	3	7					6.92968E+00		1.03810E+00   	6.15390E-01  	-7.33680E+00   	2.37150E+01  	-2.65870E+01   	9.25120E+00
ev	99  	3 	13	3	8					6.92968E+00		1.00250E+00   	3.48390E-01  	-6.48540E+00   	2.17620E+01  	-2.53370E+01   	9.49730E+00
ev	99  	3 	13	3	9					6.92968E+00		9.95490E-01   	4.46200E-01  	-5.01790E+00   	1.62960E+01  	-1.63260E+01   	4.10020E+00
ev	99  	3 	13	3	10					6.92968E+00		1.09480E+00   	3.67470E-01  	-7.51230E+00   	2.53480E+01  	-2.91620E+01   	1.06690E+01
ev	99  	3 	13	3	11					6.92968E+00		1.18380E+00   	2.24860E-01  	-5.78050E+00   	1.97110E+01  	-1.93790E+01   	4.61450E+00
ev	99  	3 	13	3	12					6.92968E+00		1.50110E+00   	3.66490E-01  	-1.22760E+01   	4.14860E+01  	-4.68700E+01   	1.69020E+01
ev	99  	3 	13	3	14					6.92968E+00		1.13740E+00   	3.25570E-01  	-8.31720E+00   	2.78920E+01  	-3.37470E+01   	1.37740E+01
ev	99  	3 	13	3	15					6.92968E+00		9.01160E-01   	-9.50380E-02  -4.18970E+00   	1.56110E+01  	-2.01360E+01   	8.88440E+00
ev	99  	3 	14	3	1					6.79992E+00		1.36090E+00   	1.45040E+00  	-1.50890E+01   	4.59830E+01  	-5.06640E+01   	1.77020E+01
ev	99  	3 	14	3	2					6.79992E+00		1.15600E+00   	5.81880E-01  	-8.77170E+00   	2.76040E+01  	-2.79920E+01   	7.93020E+00
ev	99  	3 	14	3	3					6.79992E+00		1.02230E+00   	6.74620E-01  	-8.83240E+00   	2.79050E+01  	-3.20260E+01   	1.20400E+01
ev	99  	3 	14	3	4					6.79992E+00		8.19660E-01   	8.52740E-01  	-6.51500E+00   	1.87600E+01  	-1.94270E+01   	5.93730E+00
ev	99  	3 	14	3	5					6.79992E+00		8.70610E-01   	3.85560E-01  	-5.54000E+00   	1.75830E+01  	-1.87690E+01   	6.01420E+00
ev	99  	3 	14	3	6					6.79992E+00		1.05930E+00   	8.89370E-01  	-9.85820E+00   	3.01690E+01  	-3.40000E+01   	1.25280E+01
ev	99  	3 	14	3	7					6.79992E+00		4.54360E-01   	7.77230E-01  	-4.29610E+00   	1.16160E+01  	-1.13240E+01   	2.87210E+00
ev	99  	3 	14	3	8					6.79992E+00		1.14000E+00   	5.72460E-01  	-8.99080E+00   	2.84920E+01  	-3.14640E+01   	1.10380E+01
ev	99  	3 	14	3	9					6.79992E+00		6.82430E-01   	6.12210E-01  	-4.99220E+00   	1.46870E+01  	-1.49530E+01   	4.28920E+00
ev	99  	3 	14	3	10					6.79992E+00		9.53790E-01   	5.55470E-01  	-5.50120E+00   	1.64590E+01  	-1.46730E+01   	2.48470E+00
ev	99  	3 	14	3	11					6.79992E+00		9.61910E-01   	3.57980E-01  	-5.68720E+00   	1.77880E+01  	-1.67730E+01   	3.74630E+00
ev	99  	3 	14	3	12					6.79992E+00		1.05760E+00   	3.90350E-01  	-5.65910E+00   	1.75680E+01  	-1.49370E+01   	1.87020E+00
ev	99  	3 	14	3	13					6.79992E+00		1.14260E+00   	9.63810E-01  	-1.17580E+01   	3.60460E+01  	-4.10120E+01   	1.55670E+01
ev	99  	3 	14	3	15					6.79992E+00		1.09990E+00   	4.56920E-01  	-1.08190E+01   	3.61960E+01  	-4.62180E+01   	2.06830E+01
ev	99  	3 	15	3	1					6.72325E+00		9.67780E-01   	2.39370E+00  	-1.79240E+01   	4.99970E+01  	-5.72420E+01   	2.25930E+01
ev	99  	3 	15	3	2					6.72325E+00		7.72530E-01   	9.55650E-01  	-7.55520E+00   	2.15310E+01  	-2.24110E+01   	6.98960E+00
ev	99  	3 	15	3	3					6.72325E+00		9.04780E-01   	1.43340E+00  	-1.22360E+01   	3.50450E+01  	-3.94120E+01   	1.48990E+01
ev	99  	3 	15	3	4					6.72325E+00		4.58660E-01   	8.36260E-01  	-5.17430E+00   	1.39150E+01  	-1.51110E+01   	5.33840E+00
ev	99  	3 	15	3	5					6.72325E+00		6.61290E-01   	1.01860E+00  	-7.57110E+00   	2.10860E+01  	-2.31830E+01   	8.41520E+00
ev	99  	3 	15	3	6					6.72325E+00		7.10920E-01   	1.14460E+00  	-8.89500E+00   	2.51320E+01  	-2.82830E+01   	1.07090E+01
ev	99  	3 	15	3	7					6.72325E+00		5.57210E-01   	1.07290E+00  	-7.02850E+00   	1.90370E+01  	-2.06480E+01   	7.31290E+00
ev	99  	3 	15	3	8					6.72325E+00		4.93480E-01   	1.30400E+00  	-7.94980E+00   	2.10370E+01  	-2.26350E+01   	7.96830E+00
ev	99  	3 	15	3	9					6.72325E+00		7.63170E-01   	9.46580E-01  	-7.79320E+00   	2.23080E+01  	-2.40420E+01   	8.21420E+00
ev	99  	3 	15	3	10					6.72325E+00		4.41000E-01   	1.25840E+00  	-6.75500E+00   	1.73120E+01  	-1.68000E+01   	4.44940E+00
ev	99  	3 	15	3	11					6.72325E+00		6.18540E-01   	8.94580E-01  	-5.70950E+00   	1.52810E+01  	-1.44290E+01   	3.42340E+00
ev	99  	3 	15	3	12					6.72325E+00		7.05750E-01   	6.58190E-01  	-6.10480E+00   	1.78260E+01  	-1.94920E+01   	6.87920E+00
ev	99  	3 	15	3	13					6.72325E+00		8.76090E-01   	5.22120E-01  	-7.48070E+00   	2.32210E+01  	-2.79160E+01   	1.17120E+01
ev	99  	3 	15	3	14					6.72325E+00		1.05870E+00   	1.61350E+00  	-1.67540E+01   	5.04550E+01  	-6.23820E+01   	2.74500E+01
ve	99	3	1	3	2					VE_00_01.txt
de	99	3	1	1	1	1	1			-1.1565E+01	-7.6012E-02	-7.8433E+01	7.4960E-01	-2.2126E+00	2.2006E-01
de	99	3	2	1	1	1	1			-1.2035E+01	-6.6082E-02	-6.7806E+01	7.2403E-01	-1.5419E+00	1.5195E+00
de	99 	3	3	1	1	1	1			-1.3566E+01	-4.3737E-02	-5.5933E+01	7.2286E-01	-2.3103E+00	1.5844E+00
de	99 	3	4	1	1	1	1			-4.6664E+01	 7.4122E-01 	-1.5297E+01	-2.2384E-02	-1.3674E+00 	1.3621E+00
de	99 	3	5	1	1	1	1			-3.7463E+01 	8.1763E-01 	-4.0373E-01 	-4.5851E-01 	-1.8093E+01 	1.1460E-02
de	99 	3	6	1	1	1	1			-2.8283E+01 	9.9053E-01 	-1.0377E+01 	-8.5590E-02 	-1.1053E+01 	6.7271E-02
de	99 	3	7	1	1	1	1			-2.3724E+01 	1.0112E+00 	-2.9905E+00 	-2.4701E-01 	-1.7931E+01 	3.4376E-02
de	99 	3	8	1	1	1	1			-1.9547E+01 	1.0224E+00 	-1.7489E+00 	-3.1413E-01 	-1.9408E+01 	2.8643E-02
de	99 	3	9	1	1	1	1			-1.5937E+01 	1.0213E+00 	-1.0175E+00 	-3.8040E-01 	-2.0240E+01 	2.4170E-02
de	99 	3	10	1	1	1	1			-1.2712E+01 	1.0212E+00 	-6.0400E-01 	-4.4572E-01 	-2.0766E+01 	2.1159E-02
de	99 	3	11	1	1	1	1			-4.0557E-01 	-4.9721E-01 	-9.9025E+00 	1.0212E+00 	-2.1031E+01 	1.9383E-02
mi 	99	3	1	2	1					16.2223		-2.70872962e-01  1.08831593e+00  -5.66387601e-01  7.61980822e-02  2.86910004e-03 	-1.78411304e-03  1.30871214e-04  1.07737331e+00
mi 	99	3	2	2	1					15.3279		-2.84672500e-02 1.48151424e+00	-8.75480520e-01  2.58314930e-01	-4.84709800e-02 	5.13461000e-03 	-2.22520000e-04  9.99313700e-02
mi 	99	3	3	2	1					14.8281		-5.53487800e-02 1.16030434e+00	-6.05750530e-01  1.41851980e-01	-2.11328400e-02 	1.91446000e-03 	-7.50100000e-05  1.77399590e-01
mi 	99	3	4	2	1					14.3877		3.87572400e-02  1.15017521e+00 	-6.09181320e-01  1.48273030e-01	-2.20166500e-02 	1.86522000e-03		-6.59000000e-05  1.34789280e-01
mi 	99	3	6	2	1					13.8348		-2.93376100e-02 1.37389643e+00 	-7.15306900e-01  1.70967360e-01 	-2.43804700e-02 	1.95501000e-03 	-6.52900000e-05  1.12264600e-01
mi 	99	3	9	2	1					13.2829		-3.60107700e-02 1.45603393e+00 	-7.32846090e-01  1.67137210e-01	-2.23347100e-02 	1.65566000e-03 	-5.07300000e-05  1.34137210e-01
mi 	99	3	12	2	1					12.9662		-5.14188400e-02 1.57842616e+00 	-8.02355910e-01  1.91304040e-01	-2.77432000e-02 	2.27709000e-03 	-7.82500000e-05  1.79153720e-01
mi 	99	3	15	2	1					13.2632		-6.93776000e-02 1.79401217e+00 	-8.81707940e-01  1.91408130e-01	-2.41651500e-02 	1.69702000e-03 	-4.93700000e-05  2.33595860e-01
di 	99	3	1	1	1	0	1			19.7601		-6.00362544e-04  1.60497175e-02 -8.58591490e-03  1.71441387e-03 -1.59311910e-04  	3.67602929e-06   3.74384534e-07  2.03117702e-03
di 	99	3	2	1	1	0	1			18.2913		-4.748430e-03	 7.528824e-02 		-4.033643e-02    7.939950e-03	       -7.445600e-04  	 2.247000e-05  	1.070000e-06  	  1.591846e-02
di 	99	3	3	1	1	0	1			17.5951		-9.6055200e-03  2.0170711e-01 	-1.1116401e-01   2.4111950e-02	-2.6406600e-03        1.0485000e-04  	3.0100000e-06    3.3700890e-02
di 	99	3	4	1	1	0	1			17.1320		-1.0636220e-02  3.1243461e-01 	-1.8716630e-01   5.1515650e-02	-8.8376200e-03        8.7097000e-04	       -3.5180000e-05   3.8415510e-02
di 	99	3	6	1	1	0	1			16.6406		-1.6631230e-02  2.1736208e-01 	-1.0484393e-01   1.4002480e-02	4.5952000e-04 	       -2.8370000e-04       2.0840000e-05     5.5048640e-02
di 	99	3	9	1	1	0	1			15.6617		-8.527660e-03  	3.050159e-01 	-1.818997e-01  	5.092729e-02	-8.953970e-03  	9.118100e-04 	-3.881000e-05  	 3.176065e-02
di 	99	3	12	1	1	0	1			14.6336		-9.5617200e-03  2.6163526e-01 	-1.5036636e-01  4.0102750e-02	-6.6901600e-03  6.4964000e-04 	-2.6580000e-05   3.3989620e-02
di 	99	3	15	1	1	0	1			14.8121		-1.749660e-03  	7.463890e-02 	-4.250657e-02  	1.137072e-02 	-1.903530e-03  	1.857500e-04 	-7.670000e-06  	 7.174430e-03
di 	99	3	1	1	1	0	1			41.0875		-0.0023391  	0.04701318  	0.13087933 	-0.22496408  	0.14200395	-0.04640116  	0.00637737  	 0.00662279
di 	99	3	2	1	1	0	1			38.0805		0.00610536  	0.14922666 	-0.05522717 	0.00200657 	-0.0138304	0.00775358 	-0.00101049 	 -0.02037898
di 	99	3	3	1	1	0	1			35.9707		0.00414732  	0.14133445 	-0.03164887 	-0.02454308  	0.00193534	0.00329265 	-0.0005726  	 -0.01483341
di 	99	3	4	1	1	0	1			34.1392		0.0009791  	0.11181108  	0.03768997 	-0.09639388  	0.03992297	-0.00661607  	0.00041967 	 -0.0047524
di 	99	3	6	1	1	0	1			31.3425		-0.00160554  	0.089547    	0.12510976 	-0.19278205  	0.09062362	-0.01954862  	0.0016768   	 0.0038149
di 	99	3	9	1	1	0	1			28.0989		-0.00230998  	0.11305804  	0.13937061 	-0.20545401  	0.09283635	-0.0192895   	0.00157742  	 0.00525837
di 	99	3	12	1	1	0	1			25.7964		-0.00353113  	0.13685212  	0.17788097 	-0.2365584   	0.09974573	-0.01934338  	0.00146507  	 0.0085238
di 	99	3	15	1	1	0	1			24.1934		0.00663184  	0.29592506  	0.07656227 	-0.16326284  	0.06375256	-0.01095067  	0.00072858 	-0.0236989 
mcx	99	3	1	0	1	2	1	1	1	2.67		18.60		-1.66		2.53		1.93		0.00		0.00	
mcx	98	3	1	0	1	2	1	1	1	2.67 		17.3		105.0		2.0		1.0e4		-1.12		3.64e-4		0.90		5.03e-19	4.00		5.87e-28	5.50
mcx	99	3	2	0	1	2	1	1	1	1.74		2.51		-0.56		4.21		4.07		1.0e-5		1.00
mcx	98	3	2	0	1	2	1	1	1	1.74		58.0		11.28		0.246		1.00		0.00		3.92e-5		1.11		4.95e-17	3.65		3.88e-26	5.20
mcx	99	3	3	0	1	2	1	1	1	1.17		3.01		-0.63		7.04		10.74		1.0e-5		1.00
mcx	98	3	3	0	1	2	1	1	1	1.17		26.53		25.20		0.65		1.00		0.00		1.56e-6		1.45		5.50e-19	4.00		8.50e-27	5.30
mcx	99	3	4	0	1	2	1	1	1	0.48		4.50		-0.57		5.00		14.62		1.0e-5		1.00	
mcx	98	3	4	0	1	2	1	1	1	0.48		39.50		9.35		0.51		1.00		0.00		5.32e-7		1.60		3.52e-20	4.25		3.50e-27	5.40
mcx	99	3	5	0	1	2	1	1	1	0.00		24.0		0.32		0.00		0.00		0.145		1.84
mcx	98	3	5	0	1	2	1	1	1	0.00		10.8		0.00		0.00		1.00		-0.297		2.92e-4		0.76		4.93e-11	2.35		2.62e-27	5.50
mcx	99	3	6	0	1	2	3	1	1	0.00		11.75		0.092		0.00		0.00		3.86e-3		2.86
mcx	98	3	6	0	1	2	3	1	1	0.00		20.0		0.00		0.00		1.00		-0.193		1.36e-5		1.15		4.46e-12	2.61		4.31e-27	5.50
mcx	99	3	7	0	1	2	4	1	1	0.00		11.58		0.091		0.00		0.00		3.84e-3		2.87
mcx	98	3	7	0	1	2	4	1	1	0.00		20.04		0.00		0.00		1.00		-0.192		1.34e-5		1.15		4.46e-12	2.61		4.31e-27	5.50
mcx	98	3	8	0	1	2	6	1	1	0.00		33.0		0.00		0.00		1.00		-0.022		1.22e-2		0.36		6.51e-8		1.78		3.25e-23	4.86
mcx	98	3	9	0	1	2	7	1	1	0.00		30.0		0.00		0.00		1.00		-0.017		1.87e-2		0.375		9.0e-10		2.18		1.85e-25	5.25
dr	99	2	1	1	1	1	1			3.758		0.69		1.37		0.350 		0.12 		9.0	
dr	99	2	2	1	1	1	1			5.037 		0.56 		1.54 		0.422 		0.18 		7.0
dr	99	2	3	1	1	1	1			2.505 		0.66 		1.82 		1.391 		0.22 		5.5
dr	99	2	4	1	1	1	1			4.575 		0.0025 		3.12 		1.292 		0.28 		4.5
dr	99	2	5	1	1	1	1			16.72 		0.011 		3.12 		0.443 		0.66 		3.5
dr	99	2	6	1	1	1	1			34.04 		0.026 		3.14 		0.199 		0.60 		2.5
dr	99	2	7	1	1	1	1			28.32 		0.018 		3.14 		1.708 		0.80 		2.0
dr	99	2	8	1	1	1	1			52.83 		0.056 		3.14 		0.269 		0.85 		1.5
dr	99	2	9	1	1	1	1			85.23 		0.17 		2.96		0.00		0.00		0.00
dr	99	2	10	1	1	1	1			133.43 		0.43 		2.85		0.00		0.00		0.00
dr	99	2	11	1	1	1	1			114.37 		0.41 		2.84		0.00		0.00		0.00
dr	99	2	12	1	1	1	1			92.04 		0.71 		2.52		0.00		0.00		0.00
dr	99	2	13	1	1	1	1			66.71 		0.52 		2.58		0.00		0.00		0.00
dr	99	2	14	1	1	1	1			50.65 		0.39 		2.68		0.00		0.00		0.00
dr	99	2	15	1	1	1	1			37.58 		0.38 		2.58		0.00		0.00		0.00
dr	99	2	16	1	1	1	1			28.86 		0.37 		2.56		0.00		0.00		0.00
dr	99	2	17	1	1	1	1			21.29 		0.40 		2.56		0.00		0.00		0.00
dr	99	2	18	1	1	1	1			10.46 		0.37 		2.55		0.00		0.00		0.00
dr	99	2	19	1	1	1	1			3.16 		0.44 		2.50		0.00		0.00		0.00
mide	99	2	1	0	1	1	1			6.20		2.56		9.72		
mide	99	2	2	0	1	1	1			7.60		2.30		4.82
mide	99	2	3	0	1	1	1			9.05 		1.91 		2.88
mide	99	2	4	0	1	1	1			10.50 		1.72 		2.45
mide	99	2	5	0	1	1	1			11.93 		2.05 		2.87
mide	99	2	7	0	1	1	1			14.75 		1.82 		2.15
mide	99	2	9	0	1	1	1			16.70 		2.16 		3.38	
mide	99	2	10	0	1	1	1			16.79 		2.36 		4.82
mide	99	2	11	0	1	1	1			16.52 		2.32 		4.52	
mide	99	2	12	0	1	1	1			14.04 		2.35 		5.85
mide	99	2	13	0	1	1	1			11.31 		2.00 		8.43	
mide	99	2	15	0	1	1	1			6.72 		1.08 		4.06			
mide	99	2	17	0	1	1	1			3.61 		1.00 		15.77
mide	99	2	18	0	1	1	1			2.26 		1.00 		44.58
mide	99	2	19	0	1	1	1			0.69 		0.75 		68.42