0    1    1         0.000000
0    1    1   barenucl         0.000000  1.00000E+00  1.00000E+00  0.00000E+00  0.00000E+00    1   0  0 0 0 0 0 0 0 0 0 0
1   10   10       122.450996
1    1    2   h_100001         0.000000  2.00000E+00  3.00000E+00  1.22451E+02  0.00000E+00    1   1  1 0 0 0 0 0 0 0 0 0
1    2    3   h_010002        91.839776  8.00000E+00  3.00000E+00  3.06112E+01  3.80622E+10    1   2  0 1 0 0 0 0 0 0 0 0
1    3    4   h_001003       108.845365  1.80000E+01  3.00000E+00  1.36056E+01  8.08941E+09    1   3  0 0 1 0 0 0 0 0 0 0
1    4    5   h_000104       114.797939  3.20000E+01  3.00000E+00  7.65306E+00  2.44631E+09    1   4  0 0 0 1 0 0 0 0 0 0
1    5    6   h_000005       117.553078  5.00000E+01  3.00000E+00  4.89792E+00  9.36360E+08    1   5  0 0 0 0 1 0 0 0 0 0
1    6    7   h_000006       119.049681  7.20000E+01  3.00000E+00  3.40132E+00  4.20791E+08    1   6  0 0 0 0 0 1 0 0 0 0
1    7    8   h_000007       119.952078  9.80000E+01  3.00000E+00  2.49892E+00  2.12128E+08    1   7  0 0 0 0 0 0 1 0 0 0
1    8    9   h_000008       120.537766  1.28000E+02  3.00000E+00  1.91323E+00  1.16559E+08    1   8  0 0 0 0 0 0 0 1 0 0
1    9   10   h_000009       120.939311  1.62000E+02  3.00000E+00  1.51169E+00  6.84803E+07    1   9  0 0 0 0 0 0 0 0 1 0
1   10   11   h_000010       121.226532  2.00000E+02  3.00000E+00  1.22446E+00  3.93281E+07    1  10  0 0 0 0 0 0 0 0 0 1
2   19   10        75.638000
2    1   12   he200001         0.000000  1.00000E+00  2.84375E+00  7.56380E+01  0.00000E+00    1   1  2 0 0 0 0 0 0 0 0 0
2    2   13   he110002        55.431227  1.60000E+01  2.06200E+00  2.02068E+01  4.15203E+09    1   2  1 1 0 0 0 0 0 0 0 0
2    3   14   he101003        69.494050  3.60000E+01  2.01600E+00  6.14395E+00  2.89434E+09    1   3  1 0 1 0 0 0 0 0 0 0
2    4   15   he100104        72.221026  6.40000E+01  2.00460E+00  3.41697E+00  6.62536E+08    1   4  1 0 0 1 0 0 0 0 0 0
2    5   16   he100005        73.454634  1.00000E+02  2.00300E+00  2.18337E+00  2.32367E+08    1   5  1 0 0 0 1 0 0 0 0 0
2    6   17   he100006        74.121777  1.44000E+02  2.00300E+00  1.51622E+00  8.07851E+07    1   6  1 0 0 0 0 1 0 0 0 0
2    7   18   he100007        74.526265  1.96000E+02  2.00100E+00  1.11174E+00  4.08851E+07    1   7  1 0 0 0 0 0 1 0 0 0
2    8   19   he100008        74.787595  2.56000E+02  2.00010E+00  8.50406E-01  2.24782E+07    1   8  1 0 0 0 0 0 0 1 0 0
2    9   20   he100009        74.966075  3.24000E+02  2.00010E+00  6.71925E-01  1.32007E+07    1   9  1 0 0 0 0 0 0 0 1 0
2   10   21   he100010        75.093741  4.00000E+02  2.00010E+00  5.44259E-01  7.54683E+06    1  10  1 0 0 0 0 0 0 0 0 1
2   11   22   he020002       143.824362  2.80000E+01  2.69810E+00  2.36534E+01  5.99162E+13    2   2  0 2 0 0 0 0 0 0 0 0
2   12   23   he011003       160.836526  1.44000E+02  2.09600E+00  6.64125E+00  4.72898E+12    2   3  0 1 1 0 0 0 0 0 0 0
2   13   24   he010104       163.981252  2.56000E+02  2.02780E+00  3.49653E+00  1.05452E+12    2   4  0 1 0 1 0 0 0 0 0 0
2   14   25   he010005       165.296372  4.00000E+02  2.00210E+00  2.18140E+00  3.54320E+11    2   5  0 1 0 0 1 0 0 0 0 0
2   15   26   he010006       165.947897  5.76000E+02  2.01200E+00  1.52988E+00  1.54154E+11    2   6  0 1 0 0 0 1 0 0 0 0
2   16   27   he010007       166.356019  7.84000E+02  2.01000E+00  1.12176E+00  8.35705E+10    2   7  0 1 0 0 0 0 1 0 0 0
2   17   28   he010008       166.626605  1.02400E+03  2.00100E+00  8.51171E-01  5.39721E+10    2   8  0 1 0 0 0 0 0 1 0 0
2   18   29   he010009       166.805247  1.29600E+03  2.00100E+00  6.72530E-01  4.00982E+10    2   9  0 1 0 0 0 0 0 0 1 0
2   19   30   he010010       166.933518  1.60000E+03  2.00010E+00  5.44259E-01  3.30130E+10    2  10  0 1 0 0 0 0 0 0 0 1
3   18    9         5.392000
3    1   31   li210002         0.000000  8.00000E+00  1.12400E+00  5.39200E+00  0.00000E+00    1   2  2 1 0 0 0 0 0 0 0 0
3    2   32   li201003         3.782021  1.80000E+01  1.03200E+00  1.60998E+00  1.65970E+08    1   3  2 0 1 0 0 0 0 0 0 0
3    3   33   li200104         4.525962  3.20000E+01  1.00920E+00  8.66038E-01  3.59027E+07    1   4  2 0 0 1 0 0 0 0 0 0
3    4   34   li200005         4.841245  5.00000E+01  1.00600E+00  5.50755E-01  1.22102E+07    1   5  2 0 0 0 1 0 0 0 0 0
3    5   35   li200006         5.009532  7.20000E+01  1.00600E+00  3.82468E-01  4.22453E+06    1   6  2 0 0 0 0 1 0 0 0 0
3    6   36   li200007         5.113233  9.80000E+01  1.00200E+00  2.78767E-01  2.18629E+06    1   7  2 0 0 0 0 0 1 0 0 0
3    7   37   li200008         5.179335  1.28000E+02  1.00020E+00  2.12665E-01  1.55207E+06    1   8  2 0 0 0 0 0 0 1 0 0
3    8   38   li200009         5.223969  1.62000E+02  1.00020E+00  1.68031E-01  7.09792E+05    1   9  2 0 0 0 0 0 0 0 1 0
3    9   39   li200010         5.255895  2.00000E+02  1.00020E+00  1.36105E-01  4.30230E+05    1  10  2 0 0 0 0 0 0 0 0 1
3   10   40   li120002        54.161159  5.60000E+01  1.76010E+00  6.66207E+00  7.82521E+12    2   2  1 2 0 0 0 0 0 0 0 0
3   11   41   li111003        58.953962  2.88000E+02  1.11200E+00  1.86926E+00  5.08719E+11    2   3  1 1 1 0 0 0 0 0 0 0
3   12   42   li110104        59.916913  5.12000E+02  1.03240E+00  9.06314E-01  1.03135E+11    2   4  1 1 0 1 0 0 0 0 0 0
3   13   43   li110005        60.273458  8.00000E+02  1.00510E+00  5.49770E-01  3.17865E+10    2   5  1 1 0 0 1 0 0 0 0 0
3   14   44   li110006        60.433885  1.15200E+03  1.01500E+00  3.89342E-01  1.26479E+10    2   6  1 1 0 0 0 1 0 0 0 0
3   15   45   li110007        60.539430  1.56800E+03  1.01100E+00  2.83797E-01  6.24727E+09    2   7  1 1 0 0 0 0 1 0 0 0
3   16   46   li110008        60.610180  2.04800E+03  1.00110E+00  2.13048E-01  3.56357E+09    2   8  1 1 0 0 0 0 0 1 0 0
3   17   47   li110009        60.654893  2.59200E+03  1.00110E+00  1.68334E-01  2.30507E+09    2   9  1 1 0 0 0 0 0 0 1 0
3   18   48   li110010        60.687122  3.20000E+03  1.00020E+00  1.36105E-01  1.66268E+09    2  10  1 1 0 0 0 0 0 0 0 1
439
b   1    1  1    2  99  1.10536E-01  1.05522E+00 -2.25228E+01  1.93312E+02  2.00000E+01  4.15600E-01  4.15600E-01
b   1    1  1    3  99  1.15222E-01  1.20545E+00 -2.22062E+01  1.68657E+02  2.00000E+01  7.90000E-02  7.90000E-02
b   1    2  1    3  99  2.80137E-01  1.09775E-01  2.14255E+00 -1.02429E+00  2.74229E+00  6.40000E-01  6.40000E-01
b   1    1  1    4  99  1.22018E-01  1.27011E+00 -2.47969E+01  2.12692E+02  2.00000E+01  2.89600E-02  2.89600E-02
b   1    2  1    4  99  3.02785E-01  3.60778E-01  2.25947E+00 -1.08062E+00  2.81919E+00  1.19200E-01  1.19200E-01
b   1    3  1    4  99  2.56795E-01  2.25219E-01  2.50057E+00 -6.12725E-01  3.99993E+00  8.41100E-01  8.41100E-01
b   1    1  1    5  99  1.22764E-01  1.29195E+00 -2.44730E+01  2.04689E+02  2.00000E+01  1.39200E-02  1.39200E-02
b   1    2  1    5  99  3.09558E-01  5.05409E-01  2.17778E+00 -9.37137E-01  2.76716E+00  4.46300E-02  4.46300E-02
b   1    3  1    5  99  2.79767E-01  5.97550E-01  2.49578E+00 -1.36432E+00  3.49424E+00  1.50400E-01  1.50400E-01
b   1    4  1    5  99  2.29126E-01  3.62808E-01  2.06261E+00 -2.64999E-01  4.08477E+00  1.03700E+00  1.03700E+00
b   1    1  1    6  99  1.22488E-01  1.30614E+00 -2.42571E+01  1.98584E+02  2.00000E+01  7.79100E-03  7.79100E-03
b   1    2  1    6  99  3.13456E-01  5.85306E-01  2.15938E+00 -8.68210E-01  2.78146E+00  2.20800E-02  2.20800E-02
b   1    3  1    6  99  2.91100E-01  8.22484E-01  2.60172E+00 -1.49794E+00  3.56670E+00  5.58000E-02  5.58000E-02
b   1    4  1    6  99  2.56401E-01  7.89613E-01  2.30093E+00 -3.38068E-01  4.22730E+00  1.79100E-01  1.79100E-01
b   1    5  1    6  99  2.12590E-01  4.45914E-01  1.81290E+00 -2.31403E-01  4.04937E+00  1.23000E+00  1.23000E+00
b   1    1  1    7  99  1.22347E-01  1.31547E+00 -2.42029E+01  1.96150E+02  2.00000E+01  4.80900E-03  4.80900E-03
b   1    2  1    7  99  2.96305E-01  7.20631E-01  1.55558E+00 -5.87713E-01  2.20315E+00  1.27000E-02  1.27000E-02
b   1    3  1    7  99  2.96429E-01  9.75002E-01  2.56549E+00 -1.41388E+00  3.53472E+00  2.76800E-02  2.76800E-02
b   1    4  1    7  99  2.70014E-01  1.09266E+00  2.39252E+00 -3.73743E-01  4.26855E+00  6.54500E-02  6.54500E-02
b   1    5  1    7  99  2.38668E-01  9.30712E-01  1.99210E+00 -1.12164E-01  4.24150E+00  2.06700E-01  2.06700E-01
b   1    6  1    7  99  2.01461E-01  5.01833E-01  1.65709E+00 -2.14193E-01  4.03565E+00  1.42200E+00  1.42200E+00
b   1    1  1    8  99  1.22227E-01  1.32048E+00 -2.40593E+01  1.92821E+02  2.00000E+01  3.17800E-03  3.17800E-03
b   1    2  1    8  99  2.96807E-01  7.57890E-01  1.51528E+00 -5.75892E-01  2.14074E+00  8.03400E-03  8.03400E-03
b   1    3  1    8  99  2.99704E-01  1.07882E+00  2.54863E+00 -1.36706E+00  3.53586E+00  1.60400E-02  1.60400E-02
b   1    4  1    8  99  2.77350E-01  1.31002E+00  2.41148E+00 -3.98008E-01  4.26176E+00  3.23100E-02  3.23100E-02
b   1    5  1    8  99  2.53638E-01  1.29347E+00  2.11882E+00 -2.16092E-01  4.29774E+00  7.44800E-02  7.44800E-02
b   1    6  1    8  99  2.27564E-01  1.02175E+00  1.84736E+00 -1.61701E-01  4.23063E+00  2.33700E-01  2.33700E-01
b   1    7  1    8  99  2.04473E-01  4.82760E-01  2.19221E+00  2.66675E+00  6.26107E+00  1.61400E+00  1.61400E+00
b   1    1  1    9  99  1.22261E-01  1.32323E+00 -2.39537E+01  1.90610E+02  2.00000E+01  2.21000E-03  2.21000E-03
b   1    2  1    9  99  2.98771E-01  7.76668E-01  1.54137E+00 -5.88530E-01  2.17456E+00  5.42500E-03  5.42500E-03
b   1    3  1    9  99  3.01916E-01  1.15271E+00  2.53044E+00 -1.32710E+00  3.52765E+00  1.02400E-02  1.02400E-02
b   1    4  1    9  99  2.81961E-01  1.46848E+00  2.41677E+00 -3.27861E-01  4.29466E+00  1.87300E-02  1.87300E-02
b   1    5  1    9  99  2.62416E-01  1.56803E+00  2.16784E+00 -2.46476E-01  4.32419E+00  3.65200E-02  3.65200E-02
b   1    6  1    9  99  2.41173E-01  1.44270E+00  1.87155E+00 -5.74245E-02  4.25345E+00  8.32000E-02  8.32000E-02
b   1    7  1    9  99  2.18546E-01  1.09164E+00  1.68382E+00 -1.60022E-01  4.15534E+00  2.60500E-01  2.60500E-01
b   1    8  1    9  99  1.59878E-01  9.11013E-01  1.53641E+00  3.04307E+00  7.50370E+00  1.80500E+00  1.80500E+00
b   1    1  1   10  99  1.23590E-01  1.32216E+00 -2.40997E+01  1.94969E+02  2.00000E+01  1.59800E-03  1.59800E-03
b   1    2  1   10  99  2.99339E-01  7.94489E-01  1.53307E+00 -5.41526E-01  2.19720E+00  3.84200E-03  3.84200E-03
b   1    3  1   10  99  3.03389E-01  1.20817E+00  2.51500E+00 -1.32512E+00  3.50187E+00  6.98100E-03  6.98100E-03
b   1    4  1   10  99  2.85671E-01  1.58557E+00  2.43723E+00 -3.43002E-01  4.29102E+00  1.19900E-02  1.19900E-02
b   1    5  1   10  99  2.68312E-01  1.77839E+00  2.20838E+00 -2.53363E-01  4.37475E+00  2.11100E-02  2.11100E-02
b   1    6  1   10  99  2.50816E-01  1.76657E+00  1.93651E+00 -7.57178E-02  4.31332E+00  4.05200E-02  4.05200E-02
b   1    7  1   10  99  2.34011E-01  1.54087E+00  1.80354E+00 -1.16033E-01  4.31746E+00  9.17800E-02  9.17800E-02
b   1    8  1   10  99  2.27574E-01  1.05458E+00  2.44868E+00  3.50603E+00  6.80219E+00  2.87000E-01  2.87000E-01
b   1    9  1   10  99  1.76070E-01  3.57907E+00  3.31472E+00  2.99331E+01  2.00000E+01  9.25200E-01  9.25200E-01
f   1    1  0    1  99  1.00000E+00  3.00000E+00
p   1    1  0    1  99  1.00000E+00  3.00000E+00
f   1    2  0    1  99  1.00000E+00  3.00000E+00
p   1    2  0    1  99  1.00000E+00  3.00000E+00
f   1    3  0    1  99  1.00000E+00  3.00000E+00
p   1    3  0    1  99  1.00000E+00  3.00000E+00
f   1    4  0    1  99  1.00000E+00  3.00000E+00
p   1    4  0    1  99  1.00000E+00  3.00000E+00
f   1    5  0    1  99  1.00000E+00  3.00000E+00
p   1    5  0    1  99  1.00000E+00  3.00000E+00
f   1    6  0    1  99  1.00000E+00  3.00000E+00
p   1    6  0    1  99  1.00000E+00  3.00000E+00
f   1    7  0    1  99  1.00000E+00  3.00000E+00
p   1    7  0    1  99  1.00000E+00  3.00000E+00
f   1    8  0    1  99  1.00000E+00  3.00000E+00
p   1    8  0    1  99  1.00000E+00  3.00000E+00
f   1    9  0    1  99  1.00000E+00  3.00000E+00
p   1    9  0    1  99  1.00000E+00  3.00000E+00
f   1   10  0    1  99  1.00000E+00  3.00000E+00
p   1   10  0    1  99  1.00000E+00  3.00000E+00
b   2    1  2    2  99  2.45583E-01 -2.01614E-02  1.25697E+00 -2.40706E-01  1.95339E+00  4.97800E-01  4.97800E-01
b   2    1  2    3  99  2.63625E-01  2.35787E-02  1.23626E+00 -1.61850E-01  1.87979E+00  1.14840E-01  1.14840E-01
b   2    2  2    3  99  2.10596E-01  1.72468E-01  1.91482E+00 -1.07044E+00  3.35816E+00  5.82900E-01  5.82900E-01
b   2    1  2    4  99  1.07635E-01  8.76694E-01 -1.65739E+01  1.59026E+02  2.00000E+01  4.45800E-02  4.45800E-02
b   2    2  2    4  99  2.53815E-01  3.19340E-01  2.28545E+00 -1.30097E+00  3.39125E+00  1.16400E-01  1.16400E-01
b   2    3  2    4  99  2.06122E-01  3.54928E-01  1.78172E+00 -2.02658E-01  4.04909E+00  8.17100E-01  8.17100E-01
b   2    1  2    5  99  1.06608E-01  8.69651E-01 -1.63270E+01  1.56969E+02  2.00000E+01  2.19800E-02  2.19800E-02
b   2    2  2    5  99  2.69897E-01  4.04139E-01  2.35599E+00 -1.30113E+00  3.34855E+00  4.47500E-02  4.47500E-02
b   2    3  2    5  99  2.33342E-01  6.73168E-01  2.04495E+00 -3.07886E-01  4.18241E+00  1.49600E-01  1.49600E-01
b   2    4  2    5  99  2.00297E-01  4.71606E-01  1.63445E+00 -2.70573E-01  3.97904E+00  1.02000E+00  1.02000E+00
b   2    1  2    6  99  1.77846E-01  1.71695E+00 -3.30098E+01  2.75518E+02  2.00000E+01  7.57800E-03  7.57800E-03
b   2    2  2    6  99  4.00023E-01  6.57680E-01  2.85850E+00 -1.36086E+00  2.82047E+00  1.68900E-02  1.68900E-02
b   2    3  2    6  99  2.81619E-01  9.68796E-01  2.47076E+00 -4.06203E-01  4.19091E+00  5.11300E-02  5.11300E-02
b   2    4  2    6  99  2.36251E-01  9.44546E-01  1.91148E+00 -1.22755E-01  4.20433E+00  1.69900E-01  1.69900E-01
b   2    5  2    6  99  2.09294E-01  5.02826E-01  2.19785E+00  2.65010E+00  6.20714E+00  1.19300E+00  1.19300E+00
b   2    1  2    7  99  1.75780E-01  1.70599E+00 -3.26630E+01  2.71187E+02  2.00000E+01  4.72200E-03  4.72200E-03
b   2    2  2    7  99  4.04158E-01  6.97009E-01  2.88376E+00 -1.39553E+00  2.82450E+00  9.86000E-03  9.86000E-03
b   2    3  2    7  99  2.89790E-01  1.10535E+00  2.54946E+00 -4.52993E-01  4.23431E+00  2.56300E-02  2.56300E-02
b   2    4  2    7  99  2.49507E-01  1.25076E+00  1.99685E+00 -1.14752E-01  4.26883E+00  6.25500E-02  6.25500E-02
b   2    5  2    7  99  2.21848E-01  1.06274E+00  1.69840E+00 -2.07792E-01  4.11733E+00  2.00400E-01  2.00400E-01
b   2    6  2    7  99  1.63056E-01  9.41090E-01  1.58493E+00  3.07758E+00  7.57248E+00  1.40500E+00  1.40500E+00
b   2    1  2    8  99  1.75733E-01  1.68998E+00 -3.23612E+01  2.70313E+02  2.00000E+01  3.14200E-03  3.14200E-03
b   2    2  2    8  99  4.07214E-01  7.20230E-01  2.90502E+00 -1.41504E+00  2.82163E+00  6.29500E-03  6.29500E-03
b   2    3  2    8  99  2.94473E-01  1.19882E+00  2.55736E+00 -4.17052E-01  4.20969E+00  1.49600E-02  1.49600E-02
b   2    4  2    8  99  2.58219E-01  1.45898E+00  2.07395E+00 -1.48978E-01  4.30726E+00  3.10300E-02  3.10300E-02
b   2    5  2    8  99  2.35032E-01  1.43440E+00  1.77907E+00 -1.21136E-01  4.23154E+00  7.23900E-02  7.23900E-02
b   2    6  2    8  99  2.25913E-01  1.07024E+00  2.38013E+00  3.42932E+00  6.75610E+00  2.30500E-01  2.30500E-01
b   2    7  2    8  99  5.23456E-02  1.98984E+00  1.94661E+00 -2.42242E-01  2.00000E+01  1.60100E+00  1.60100E+00
b   2    1  2    9  99  1.74488E-01  1.68478E+00 -3.22579E+01  2.69336E+02  2.00000E+01  2.19400E-03  2.19400E-03
b   2    2  2    9  99  4.08575E-01  7.39954E-01  2.89700E+00 -1.38493E+00  2.82751E+00  4.27700E-03  4.27700E-03
b   2    3  2    9  99  2.98147E-01  1.26170E+00  2.61437E+00 -4.42427E-01  4.26027E+00  9.59400E-03  9.59400E-03
b   2    4  2    9  99  2.63246E-01  1.61234E+00  2.08678E+00 -1.77437E-01  4.27106E+00  1.80600E-02  1.80600E-02
b   2    5  2    9  99  2.43169E-01  1.71074E+00  1.81166E+00 -7.74851E-02  4.28070E+00  3.55800E-02  3.55800E-02
b   2    6  2    9  99  2.25586E-01  1.56084E+00  1.63324E+00 -9.67984E-02  4.23387E+00  8.20900E-02  8.20900E-02
b   2    7  2    9  99  2.19063E-01  1.13067E+00  2.22923E+00  3.29286E+00  6.74411E+00  2.57900E-01  2.57900E-01
b   2    8  2    9  99 -1.15196E-02  2.55594E+00  2.21724E+00  1.04865E+01  2.00000E+01  1.79600E+00  1.79600E+00
b   2    1  2   10  99  1.72495E-01  1.68611E+00 -3.21843E+01  2.66356E+02  2.00000E+01  1.59040E-03  1.59040E-03
b   2    2  2   10  99  4.10375E-01  7.49486E-01  2.92731E+00 -1.40709E+00  2.83959E+00  3.04200E-03  3.04200E-03
b   2    3  2   10  99  2.99745E-01  1.31391E+00  2.58574E+00 -3.81072E-01  4.23885E+00  6.56200E-03  6.56200E-03
b   2    4  2   10  99  2.67289E-01  1.72421E+00  2.15097E+00 -2.08660E-01  4.36253E+00  1.15900E-02  1.15900E-02
b   2    5  2   10  99  2.49370E-01  1.91712E+00  1.86522E+00 -1.10658E-01  4.31854E+00  2.06100E-02  2.06100E-02
b   2    6  2   10  99  2.33838E-01  1.88794E+00  1.64249E+00 -6.22328E-02  4.21496E+00  4.00200E-02  4.00200E-02
b   2    7  2   10  99  2.35805E-01  1.55345E+00  2.40016E+00  3.72896E+00  7.01158E+00  9.08300E-02  9.08300E-02
b   2    8  2   10  99  3.02015E-01  7.00724E-01  6.19241E+00  1.41010E+01  9.95022E+00  2.84800E-01  2.84800E-01
b   2    9  2   10  99 -2.90155E+01  2.89220E+02  1.67645E+05 -2.84011E+02  3.60725E-01  8.78900E-01  8.78900E-01
b   2    1  2   11  98  0.00000E+00  0.00000E+00  0.00000E+00  0.00000E+00  0.00000E+00  6.58105E-03  1.31621E-04
b   2    2  2   11  99  2.45583E-01 -2.01614E-02  1.25697E+00 -2.40706E-01  1.95339E+00  2.17788E-01  2.17788E-01
b   2    1  2   12  98  0.00000E+00  0.00000E+00  0.00000E+00  0.00000E+00  0.00000E+00  1.44502E-02  2.89004E-04
b   2    2  2   12  99  2.63625E-01  2.35787E-02  1.23626E+00 -1.61850E-01  1.87979E+00  5.74200E-02  5.74200E-02
b   2    3  2   12  99  2.45583E-01 -2.01614E-02  1.25697E+00 -2.40706E-01  1.95339E+00  2.48900E-01  2.48900E-01
b   2   11  2   12  99  2.10596E-01  1.72468E-01  1.91482E+00 -1.07044E+00  3.35816E+00  1.16580E+00  1.16580E+00
b   2    1  2   13  98  0.00000E+00  0.00000E+00  0.00000E+00  0.00000E+00  0.00000E+00  2.49399E-02  4.98799E-04
b   2    2  2   13  99  1.07635E-01  8.76694E-01 -1.65739E+01  1.59026E+02  2.00000E+01  2.22900E-02  2.22900E-02
b   2    4  2   13  99  2.45583E-01 -2.01614E-02  1.25697E+00 -2.40706E-01  1.95339E+00  2.48900E-01  2.48900E-01
b   2   11  2   13  99  2.53815E-01  3.19340E-01  2.28545E+00 -1.30097E+00  3.39125E+00  2.32800E-01  2.32800E-01
b   2   12  2   13  99  2.06122E-01  3.54928E-01  1.78172E+00 -2.02658E-01  4.04909E+00  8.17100E-01  8.17100E-01
b   2    1  2   14  98  0.00000E+00  0.00000E+00  0.00000E+00  0.00000E+00  0.00000E+00  3.84192E-02  7.68384E-04
b   2    2  2   14  99  1.06608E-01  8.69651E-01 -1.63270E+01  1.56969E+02  2.00000E+01  1.09900E-02  1.09900E-02
b   2    5  2   14  99  2.45583E-01 -2.01614E-02  1.25697E+00 -2.40706E-01  1.95339E+00  2.48900E-01  2.48900E-01
b   2   11  2   14  99  2.69897E-01  4.04139E-01  2.35599E+00 -1.30113E+00  3.34855E+00  8.95000E-02  8.95000E-02
b   2   12  2   14  99  2.33342E-01  6.73168E-01  2.04495E+00 -3.07886E-01  4.18241E+00  1.49600E-01  1.49600E-01
b   2   13  2   14  99  2.00297E-01  4.71606E-01  1.63445E+00 -2.70573E-01  3.97904E+00  1.02000E+00  1.02000E+00
b   2    1  2   15  98  0.00000E+00  0.00000E+00  0.00000E+00  0.00000E+00  0.00000E+00  5.48714E-02  1.09743E-03
b   2    2  2   15  99  1.77846E-01  1.71695E+00 -3.30098E+01  2.75518E+02  2.00000E+01  3.78900E-03  3.78900E-03
b   2    6  2   15  99  2.45583E-01 -2.01614E-02  1.25697E+00 -2.40706E-01  1.95339E+00  2.48900E-01  2.48900E-01
b   2   11  2   15  99  4.00023E-01  6.57680E-01  2.85850E+00 -1.36086E+00  2.82047E+00  3.37800E-02  3.37800E-02
b   2   12  2   15  99  2.81619E-01  9.68796E-01  2.47076E+00 -4.06203E-01  4.19091E+00  5.11300E-02  5.11300E-02
b   2   13  2   15  99  2.36251E-01  9.44546E-01  1.91148E+00 -1.22755E-01  4.20433E+00  1.69900E-01  1.69900E-01
b   2   14  2   15  99  2.09294E-01  5.02826E-01  2.19785E+00  2.65010E+00  6.20714E+00  1.19300E+00  1.19300E+00
b   2    1  2   16  98  0.00000E+00  0.00000E+00  0.00000E+00  0.00000E+00  0.00000E+00  7.43260E-02  1.48652E-03
b   2    2  2   16  99  1.75780E-01  1.70599E+00 -3.26630E+01  2.71187E+02  2.00000E+01  2.36100E-03  2.36100E-03
b   2    7  2   16  99  2.45583E-01 -2.01614E-02  1.25697E+00 -2.40706E-01  1.95339E+00  2.48900E-01  2.48900E-01
b   2   11  2   16  99  4.04158E-01  6.97009E-01  2.88376E+00 -1.39553E+00  2.82450E+00  1.97200E-02  1.97200E-02
b   2   12  2   16  99  2.89790E-01  1.10535E+00  2.54946E+00 -4.52993E-01  4.23431E+00  2.56300E-02  2.56300E-02
b   2   13  2   16  99  2.49507E-01  1.25076E+00  1.99685E+00 -1.14752E-01  4.26883E+00  6.25500E-02  6.25500E-02
b   2   14  2   16  99  2.21848E-01  1.06274E+00  1.69840E+00 -2.07792E-01  4.11733E+00  2.00400E-01  2.00400E-01
b   2   15  2   16  99  1.63056E-01  9.41090E-01  1.58493E+00  3.07758E+00  7.57248E+00  1.40500E+00  1.40500E+00
b   2    1  2   17  98  0.00000E+00  0.00000E+00  0.00000E+00  0.00000E+00  0.00000E+00  9.67833E-02  1.93567E-03
b   2    2  2   17  99  1.75733E-01  1.68998E+00 -3.23612E+01  2.70313E+02  2.00000E+01  1.57100E-03  1.57100E-03
b   2    8  2   17  99  2.45583E-01 -2.01614E-02  1.25697E+00 -2.40706E-01  1.95339E+00  2.48900E-01  2.48900E-01
b   2   11  2   17  99  4.07214E-01  7.20230E-01  2.90502E+00 -1.41504E+00  2.82163E+00  1.25900E-02  1.25900E-02
b   2   12  2   17  99  2.94473E-01  1.19882E+00  2.55736E+00 -4.17052E-01  4.20969E+00  1.49600E-02  1.49600E-02
b   2   13  2   17  99  2.58219E-01  1.45898E+00  2.07395E+00 -1.48978E-01  4.30726E+00  3.10300E-02  3.10300E-02
b   2   14  2   17  99  2.35032E-01  1.43440E+00  1.77907E+00 -1.21136E-01  4.23154E+00  7.23900E-02  7.23900E-02
b   2   15  2   17  99  2.25913E-01  1.07024E+00  2.38013E+00  3.42932E+00  6.75610E+00  2.30500E-01  2.30500E-01
b   2   16  2   17  99  5.23456E-02  1.98984E+00  1.94661E+00 -2.42242E-01  2.00000E+01  1.60100E+00  1.60100E+00
b   2    1  2   18  98  0.00000E+00  0.00000E+00  0.00000E+00  0.00000E+00  0.00000E+00  1.22230E-01  2.44459E-03
b   2    2  2   18  99  1.74488E-01  1.68478E+00 -3.22579E+01  2.69336E+02  2.00000E+01  1.09700E-03  1.09700E-03
b   2    9  2   18  99  2.45583E-01 -2.01614E-02  1.25697E+00 -2.40706E-01  1.95339E+00  2.48900E-01  2.48900E-01
b   2   11  2   18  99  4.08575E-01  7.39954E-01  2.89700E+00 -1.38493E+00  2.82751E+00  8.55400E-03  8.55400E-03
b   2   12  2   18  99  2.98147E-01  1.26170E+00  2.61437E+00 -4.42427E-01  4.26027E+00  9.59400E-03  9.59400E-03
b   2   13  2   18  99  2.63246E-01  1.61234E+00  2.08678E+00 -1.77437E-01  4.27106E+00  1.80600E-02  1.80600E-02
b   2   14  2   18  99  2.43169E-01  1.71074E+00  1.81166E+00 -7.74851E-02  4.28070E+00  3.55800E-02  3.55800E-02
b   2   15  2   18  99  2.25586E-01  1.56084E+00  1.63324E+00 -9.67984E-02  4.23387E+00  8.20900E-02  8.20900E-02
b   2   16  2   18  99  2.19063E-01  1.13067E+00  2.22923E+00  3.29286E+00  6.74411E+00  2.57900E-01  2.57900E-01
b   2   17  2   18  99 -1.15196E-02  2.55594E+00  2.21724E+00  1.04865E+01  2.00000E+01  1.79600E+00  1.79600E+00
b   2    1  2   19  98  0.00000E+00  0.00000E+00  0.00000E+00  0.00000E+00  0.00000E+00  1.50671E-01  3.01342E-03
b   2    2  2   19  99  1.72495E-01  1.68611E+00 -3.21843E+01  2.66356E+02  2.00000E+01  7.95200E-04  7.95200E-04
b   2   10  2   19  99  2.45583E-01 -2.01614E-02  1.25697E+00 -2.40706E-01  1.95339E+00  2.48900E-01  2.48900E-01
b   2   11  2   19  99  4.10375E-01  7.49486E-01  2.92731E+00 -1.40709E+00  2.83959E+00  6.08400E-03  6.08400E-03
b   2   12  2   19  99  2.99745E-01  1.31391E+00  2.58574E+00 -3.81072E-01  4.23885E+00  6.56200E-03  6.56200E-03
b   2   13  2   19  99  2.67289E-01  1.72421E+00  2.15097E+00 -2.08660E-01  4.36253E+00  1.15900E-02  1.15900E-02
b   2   14  2   19  99  2.49370E-01  1.91712E+00  1.86522E+00 -1.10658E-01  4.31854E+00  2.06100E-02  2.06100E-02
b   2   15  2   19  99  2.33838E-01  1.88794E+00  1.64249E+00 -6.22328E-02  4.21496E+00  4.00200E-02  4.00200E-02
b   2   16  2   19  99  2.35805E-01  1.55345E+00  2.40016E+00  3.72896E+00  7.01158E+00  9.08300E-02  9.08300E-02
b   2   17  2   19  99  3.02015E-01  7.00724E-01  6.19241E+00  1.41010E+01  9.95022E+00  2.84800E-01  2.84800E-01
b   2   18  2   19  99 -2.90155E+01  2.89220E+02  1.67645E+05 -2.84011E+02  3.60725E-01  8.78900E-01  8.78900E-01
f   2    1  1    1  99  2.00000E+00  2.84375E+00
p   2    1  1    1  98  1.97600E+00 -2.25910E+00 -1.48300E-01 -1.47220E-04  2.00000E+00  7.19200E+01  7.48000E+01  1.43800E+03
f   2    2  1    1  99  1.00000E+00  2.06200E+00
p   2    2  1    1  99  1.00000E+00  2.06200E+00
f   2    3  1    1  99  1.00000E+00  2.01600E+00
p   2    3  1    1  99  1.00000E+00  2.01600E+00
f   2    4  1    1  99  1.00000E+00  2.00460E+00
p   2    4  1    1  99  1.00000E+00  2.00460E+00
f   2    5  1    1  99  1.00000E+00  2.00300E+00
p   2    5  1    1  99  1.00000E+00  2.00300E+00
f   2    6  1    1  99  1.00000E+00  2.00300E+00
p   2    6  1    1  99  1.00000E+00  2.00300E+00
f   2    7  1    1  99  1.00000E+00  2.00100E+00
p   2    7  1    1  99  1.00000E+00  2.00100E+00
f   2    8  1    1  99  1.00000E+00  2.00010E+00
p   2    8  1    1  99  1.00000E+00  2.00010E+00
f   2    9  1    1  99  1.00000E+00  2.00010E+00
p   2    9  1    1  99  1.00000E+00  2.00010E+00
f   2   10  1    1  99  1.00000E+00  2.00010E+00
p   2   10  1    1  99  1.00000E+00  2.00010E+00
f   2    2  1    2  99  1.00000E+00  2.06200E+00
p   2    2  1    2  98  1.97600E+00 -2.25910E+00 -1.48300E-01 -1.47220E-04  2.00000E+00  7.19200E+01  7.48000E+01  1.43800E+03
f   2   11  1    2  99  2.00000E+00  2.69810E+00
p   2   11  1    2  99  2.00000E+00  2.69810E+00
f   2   12  1    2  99  1.00000E+00  2.09600E+00
p   2   12  1    2  99  1.00000E+00  2.09600E+00
f   2   13  1    2  99  1.00000E+00  2.02780E+00
p   2   13  1    2  99  1.00000E+00  2.02780E+00
f   2   14  1    2  99  1.00000E+00  2.00210E+00
p   2   14  1    2  99  1.00000E+00  2.00210E+00
f   2   15  1    2  99  1.00000E+00  2.01200E+00
p   2   15  1    2  99  1.00000E+00  2.01200E+00
f   2   16  1    2  99  1.00000E+00  2.01000E+00
p   2   16  1    2  99  1.00000E+00  2.01000E+00
f   2   17  1    2  99  1.00000E+00  2.00100E+00
p   2   17  1    2  99  1.00000E+00  2.00100E+00
f   2   18  1    2  99  1.00000E+00  2.00100E+00
p   2   18  1    2  99  1.00000E+00  2.00100E+00
f   2   19  1    2  99  1.00000E+00  2.00010E+00
p   2   19  1    2  99  1.00000E+00  2.00010E+00
f   2    3  1    3  99  1.00000E+00  2.01600E+00
p   2    3  1    3  98  1.97600E+00 -2.25910E+00 -1.48300E-01 -1.47220E-04  2.00000E+00  7.19200E+01  7.48000E+01  1.43800E+03
f   2   12  1    3  99  1.00000E+00  2.09600E+00
p   2   12  1    3  99  1.00000E+00  2.09600E+00
f   2    4  1    4  99  1.00000E+00  2.00460E+00
p   2    4  1    4  98  1.97600E+00 -2.25910E+00 -1.48300E-01 -1.47220E-04  2.00000E+00  7.19200E+01  7.48000E+01  1.43800E+03
f   2   13  1    4  99  1.00000E+00  2.02780E+00
p   2   13  1    4  99  1.00000E+00  2.02780E+00
f   2    5  1    5  99  1.00000E+00  2.00300E+00
p   2    5  1    5  98  1.97600E+00 -2.25910E+00 -1.48300E-01 -1.47220E-04  2.00000E+00  7.19200E+01  7.48000E+01  1.43800E+03
f   2   14  1    5  99  1.00000E+00  2.00210E+00
p   2   14  1    5  99  1.00000E+00  2.00210E+00
f   2    6  1    6  99  1.00000E+00  2.00300E+00
p   2    6  1    6  98  1.97600E+00 -2.25910E+00 -1.48300E-01 -1.47220E-04  2.00000E+00  7.19200E+01  7.48000E+01  1.43800E+03
f   2   15  1    6  99  1.00000E+00  2.01200E+00
p   2   15  1    6  99  1.00000E+00  2.01200E+00
f   2    7  1    7  99  1.00000E+00  2.00100E+00
p   2    7  1    7  98  1.97600E+00 -2.25910E+00 -1.48300E-01 -1.47220E-04  2.00000E+00  7.19200E+01  7.48000E+01  1.43800E+03
f   2   16  1    7  99  1.00000E+00  2.01000E+00
p   2   16  1    7  99  1.00000E+00  2.01000E+00
f   2    8  1    8  99  1.00000E+00  2.00010E+00
p   2    8  1    8  98  1.97600E+00 -2.25910E+00 -1.48300E-01 -1.47220E-04  2.00000E+00  7.19200E+01  7.48000E+01  1.43800E+03
f   2   17  1    8  99  1.00000E+00  2.00100E+00
p   2   17  1    8  99  1.00000E+00  2.00100E+00
f   2    9  1    9  99  1.00000E+00  2.00010E+00
p   2    9  1    9  98  1.97600E+00 -2.25910E+00 -1.48300E-01 -1.47220E-04  2.00000E+00  7.19200E+01  7.48000E+01  1.43800E+03
f   2   18  1    9  99  1.00000E+00  2.00100E+00
p   2   18  1    9  99  1.00000E+00  2.00100E+00
f   2   10  1   10  99  1.00000E+00  2.00010E+00
p   2   10  1   10  98  1.97600E+00 -2.25910E+00 -1.48300E-01 -1.47220E-04  2.00000E+00  7.19200E+01  7.48000E+01  1.43800E+03
f   2   19  1   10  99  1.00000E+00  2.00010E+00
p   2   19  1   10  99  1.00000E+00  2.00010E+00
a   2   11  1    1   5.98740E+13
a   2   12  1    1   4.70050E+12
a   2   13  1    1   1.03040E+12
a   2   14  1    1   3.31070E+11
a   2   15  1    1   1.31230E+11
a   2   16  1    1   6.07130E+10
a   2   17  1    1   3.11400E+10
a   2   18  1    1   1.72810E+10
a   2   19  1    1   1.02040E+10
b   3    1  3    2  99  1.86736E-01  1.22183E-01 -7.54999E-01  1.36393E+00  3.14865E+00  6.01100E-01  6.01100E-01
b   3    1  3    3  99  2.33724E-01  2.70048E-01 -5.33485E-01  5.00158E-02  1.22061E+00  1.10000E-01  1.10000E-01
b   3    2  3    3  99  2.42126E-01  7.75101E-02 -6.19123E-01  1.25526E+00  1.75488E+00  8.45800E-01  8.45800E-01
b   3    1  3    4  99  2.51999E-01  3.56505E-01 -5.87089E-01  4.42992E-02  8.42754E-01  4.13800E-02  4.13800E-02
b   3    2  3    4  99  2.54359E-01  4.98660E-01 -9.94029E-01  4.70520E-02  1.15282E+00  1.46300E-01  1.46300E-01
b   3    3  3    4  99  2.60783E-01  5.18373E-02 -6.69361E-01  1.51830E+00  1.66108E+00  1.05100E+00  1.05100E+00
b   3    1  3    5  99  4.56239E-01  5.78853E-01 -1.21831E+00  1.01010E-01  1.31895E+00  1.36500E-02  1.36500E-02
b   3    2  3    5  99  3.05273E-01  8.37937E-01 -1.31346E+00  5.09453E-02  6.86476E-01  4.78200E-02  4.78200E-02
b   3    3  3    5  99  2.86821E-01  6.36232E-01 -1.38805E+00  4.94119E-02  1.31231E+00  1.66800E-01  1.66800E-01
b   3    4  3    5  99  2.78674E-01  2.01613E-02 -6.54883E-01  1.59956E+00  1.52140E+00  1.21300E+00  1.21300E+00
b   3    1  3    6  99  4.73723E+01  2.40499E+03 -1.19002E+05  1.43827E+06  2.00000E+01  7.95900E-03  7.95900E-03
b   3    2  3    6  99  2.07699E+01  2.27699E+02 -7.78749E+03  5.99587E+04  1.07091E+01  2.37900E-02  2.37900E-02
b   3    3  3    6  99 -4.44138E-01  1.54788E+01 -1.10672E+02  1.99221E+02  2.77063E+00  6.06400E-02  6.06400E-02
b   3    4  3    6  99  3.28641E-01  5.19951E-01 -8.72034E-01  3.64310E-01 -4.08152E-01  1.98800E-01  1.98800E-01
b   3    5  3    6  99  3.33829E-01 -2.88860E-01  4.45537E-01  1.14266E-01  7.29893E-01  1.42700E+00  1.42700E+00
b   3    1  3    7  99  5.02965E-01  8.74074E-01 -1.63086E+00  9.78687E-02  1.02539E+00  5.14600E-03  5.14600E-03
b   3    2  3    7  99  5.98770E-01  2.32476E+00 -3.18706E+00  9.97395E-02  4.72007E-01  1.28000E-02  1.28000E-02
b   3    3  3    7  99  6.12620E-01  2.33938E+00 -3.63571E+00  8.74087E-02  6.48005E-01  3.26900E-02  3.26900E-02
b   3    4  3    7  99  4.25669E-01  1.29616E+00 -2.76009E+00  5.87962E-02  1.22679E+00  1.36400E-01  1.36400E-01
b   3    5  3    7  99  4.47159E-01 -3.24609E-01  7.69312E-01  5.41843E-01  1.85799E+00  6.38800E-01  6.38800E-01
b   3    6  3    7  99  1.27753E+00  3.06263E+01 -1.61329E+03  2.03666E+04  2.00000E+01  1.09200E+00  1.09200E+00
b   3    1  3    8  99  5.00622E-01  7.48460E-01 -1.16732E+00  8.76216E-02  7.40632E-01  3.44800E-03  3.44800E-03
b   3    2  3    8  99  2.97541E-01  1.10533E+00 -1.37317E+00  4.61363E-02  3.48097E-01  8.89000E-03  8.89000E-03
b   3    3  3    8  99  2.71777E-01  1.41418E+00 -1.79324E+00  4.46839E-02  3.52058E-01  1.75600E-02  1.75600E-02
b   3    4  3    8  99  2.70205E-01  1.47906E+00 -2.14203E+00  2.74192E-01  3.97209E-01  3.54800E-02  3.54800E-02
b   3    5  3    8  99  1.08981E+00 -2.26513E+00  4.11388E+01  1.52769E+02  2.00000E+01  7.82600E-02  7.82600E-02
b   3    6  3    8  99  1.81642E+00 -3.98246E+00  1.27580E+01 -1.58791E+00  2.08072E+00  2.56700E-01  2.56700E-01
b   3    7  3    8  99  2.05552E-01  5.52584E+00 -2.85738E+02  3.56225E+03  2.00000E+01  1.80700E+00  1.80700E+00
b   3    1  3    9  99  4.72121E-01  6.85892E-01 -1.26996E+00  9.47553E-02  1.03149E+00  2.45100E-03  2.45100E-03
b   3    2  3    9  99  3.18059E-01  1.24542E+00 -1.55596E+00  5.01610E-02  3.51255E-01  6.03600E-03  6.03600E-03
b   3    3  3    9  99  3.03184E-01  1.54977E+00 -1.95688E+00  5.00922E-02  3.44314E-01  1.10900E-02  1.10900E-02
b   3    4  3    9  99  2.97769E-01  1.65301E+00 -2.25857E+00  5.48674E-02  4.31095E-01  2.00900E-02  2.00900E-02
b   3    5  3    9  99  9.81041E-01 -2.63352E+00  1.10931E+02 -1.12919E+03  2.00000E+01  4.02200E-02  4.02200E-02
b   3    6  3    9  99  3.22786E+00 -7.61476E+00  2.71575E+01 -5.32081E+00  2.36854E+00  9.08700E-02  9.08700E-02
b   3    7  3    9  99  5.14167E-01  1.06032E+01 -5.53677E+02  6.94709E+03  2.00000E+01  2.91000E-01  2.91000E-01
b   3    8  3    9  99  1.31305E-01  4.31784E+00 -2.19281E+02  2.70004E+03  2.00000E+01  1.61300E+00  1.61300E+00
b   3    1  3   10  99  8.30272E-01  2.63683E-01 -2.44151E+00  6.46142E+00  2.70984E+00  7.72450E-02  7.72450E-02
b   3    1  3   11  99  4.06528E-01  1.88616E-01 -1.33052E+00  3.04440E+00  3.79852E+00  2.54200E-02  2.54200E-02
b   3    2  3   11  99  8.30272E-01  2.63683E-01 -2.44151E+00  6.46142E+00  2.70984E+00  8.82800E-02  8.82800E-02
b   3   10  3   11  99  1.86736E-01  1.22183E-01 -7.54999E-01  1.36393E+00  3.14865E+00  1.20220E+00  1.20220E+00
b   3    1  3   12  99  3.75572E-01  1.77739E-01 -1.20265E+00  2.59493E+00  3.98646E+00  1.06380E-02  1.06380E-02
b   3    3  3   12  99  8.30272E-01  2.63683E-01 -2.44151E+00  6.46142E+00  2.70984E+00  8.82800E-02  8.82800E-02
b   3   10  3   12  99  2.33724E-01  2.70048E-01 -5.33485E-01  5.00158E-02  1.22061E+00  2.20000E-01  2.20000E-01
b   3   11  3   12  99  2.42126E-01  7.75101E-02 -6.19123E-01  1.25526E+00  1.75488E+00  8.45800E-01  8.45800E-01
b   3    1  3   13  99  3.60915E-01  1.75090E-01 -1.15579E+00  2.36375E+00  4.14212E+00  5.41200E-03  5.41200E-03
b   3    4  3   13  99  8.30272E-01  2.63683E-01 -2.44151E+00  6.46142E+00  2.70984E+00  8.82800E-02  8.82800E-02
b   3   10  3   13  99  2.51999E-01  3.56505E-01 -5.87089E-01  4.42992E-02  8.42754E-01  8.27600E-02  8.27600E-02
b   3   11  3   13  99  2.54359E-01  4.98660E-01 -9.94029E-01  4.70520E-02  1.15282E+00  1.46300E-01  1.46300E-01
b   3   12  3   13  99  2.60783E-01  5.18373E-02 -6.69361E-01  1.51830E+00  1.66108E+00  1.05100E+00  1.05100E+00
b   3    1  3   14  99  7.29614E-01  3.04704E-01 -2.54487E+00  5.84762E+00  2.43211E+00  1.85720E-03  1.85720E-03
b   3    5  3   14  99  8.30272E-01  2.63683E-01 -2.44151E+00  6.46142E+00  2.70984E+00  8.82800E-02  8.82800E-02
b   3   10  3   14  99  4.56239E-01  5.78853E-01 -1.21831E+00  1.01010E-01  1.31895E+00  2.73000E-02  2.73000E-02
b   3   11  3   14  99  3.05273E-01  8.37937E-01 -1.31346E+00  5.09453E-02  6.86476E-01  4.78200E-02  4.78200E-02
b   3   12  3   14  99  2.86821E-01  6.36232E-01 -1.38805E+00  4.94119E-02  1.31231E+00  1.66800E-01  1.66800E-01
b   3   13  3   14  99  2.78674E-01  2.01613E-02 -6.54883E-01  1.59956E+00  1.52140E+00  1.21300E+00  1.21300E+00
b   3    1  3   15  99  5.82370E+01  4.14033E+03 -1.97205E+05  2.31529E+06  2.00000E+01  1.16580E-03  1.16580E-03
b   3    6  3   15  99  8.30272E-01  2.63683E-01 -2.44151E+00  6.46142E+00  2.70984E+00  8.82800E-02  8.82800E-02
b   3   10  3   15  99  4.73723E+01  2.40499E+03 -1.19002E+05  1.43827E+06  2.00000E+01  1.59180E-02  1.59180E-02
b   3   11  3   15  99  2.07699E+01  2.27699E+02 -7.78749E+03  5.99587E+04  1.07091E+01  2.37900E-02  2.37900E-02
b   3   12  3   15  99 -4.44138E-01  1.54788E+01 -1.10672E+02  1.99221E+02  2.77063E+00  6.06400E-02  6.06400E-02
b   3   13  3   15  99  3.28641E-01  5.19951E-01 -8.72034E-01  3.64310E-01 -4.08152E-01  1.98800E-01  1.98800E-01
b   3   14  3   15  99  3.33829E-01 -2.88860E-01  4.45537E-01  1.14266E-01  7.29893E-01  1.42700E+00  1.42700E+00
b   3    1  3   16  99  6.70845E-01  2.69733E-01 -2.25536E+00  5.17094E+00  2.39028E+00  7.78800E-04  7.78800E-04
b   3    7  3   16  99  8.30272E-01  2.63683E-01 -2.44151E+00  6.46142E+00  2.70984E+00  8.82800E-02  8.82800E-02
b   3   10  3   16  99  5.02965E-01  8.74074E-01 -1.63086E+00  9.78687E-02  1.02539E+00  1.02920E-02  1.02920E-02
b   3   11  3   16  99  5.98770E-01  2.32476E+00 -3.18706E+00  9.97395E-02  4.72007E-01  1.28000E-02  1.28000E-02
b   3   12  3   16  99  6.12620E-01  2.33938E+00 -3.63571E+00  8.74087E-02  6.48005E-01  3.26900E-02  3.26900E-02
b   3   13  3   16  99  4.25669E-01  1.29616E+00 -2.76009E+00  5.87962E-02  1.22679E+00  1.36400E-01  1.36400E-01
b   3   14  3   16  99  4.47159E-01 -3.24609E-01  7.69312E-01  5.41843E-01  1.85799E+00  6.38800E-01  6.38800E-01
b   3   15  3   16  99  1.27753E+00  3.06263E+01 -1.61329E+03  2.03666E+04  2.00000E+01  1.09200E+00  1.09200E+00
b   3    1  3   17  99  6.53109E-01  2.72564E-01 -2.21855E+00  5.00559E+00  2.39623E+00  5.45200E-04  5.45200E-04
b   3    8  3   17  99  8.30272E-01  2.63683E-01 -2.44151E+00  6.46142E+00  2.70984E+00  8.82800E-02  8.82800E-02
b   3   10  3   17  99  5.00622E-01  7.48460E-01 -1.16732E+00  8.76216E-02  7.40632E-01  6.89600E-03  6.89600E-03
b   3   11  3   17  99  2.97541E-01  1.10533E+00 -1.37317E+00  4.61363E-02  3.48097E-01  8.89000E-03  8.89000E-03
b   3   12  3   17  99  2.71777E-01  1.41418E+00 -1.79324E+00  4.46839E-02  3.52058E-01  1.75600E-02  1.75600E-02
b   3   13  3   17  99  2.70205E-01  1.47906E+00 -2.14203E+00  2.74192E-01  3.97209E-01  3.54800E-02  3.54800E-02
b   3   14  3   17  99  1.08981E+00 -2.26513E+00  4.11388E+01  1.52769E+02  2.00000E+01  7.82600E-02  7.82600E-02
b   3   15  3   17  99  1.81642E+00 -3.98246E+00  1.27580E+01 -1.58791E+00  2.08072E+00  2.56700E-01  2.56700E-01
b   3   16  3   17  99  2.05552E-01  5.52584E+00 -2.85738E+02  3.56225E+03  2.00000E+01  1.80700E+00  1.80700E+00
b   3    1  3   18  99  6.41169E-01  2.53560E-01 -2.12049E+00  4.84860E+00  2.36113E+00  3.96000E-04  3.96000E-04
b   3    9  3   18  99  8.30272E-01  2.63683E-01 -2.44151E+00  6.46142E+00  2.70984E+00  8.82800E-02  8.82800E-02
b   3   10  3   18  99  4.72121E-01  6.85892E-01 -1.26996E+00  9.47553E-02  1.03149E+00  4.90200E-03  4.90200E-03
b   3   11  3   18  99  3.18059E-01  1.24542E+00 -1.55596E+00  5.01610E-02  3.51255E-01  6.03600E-03  6.03600E-03
b   3   12  3   18  99  3.03184E-01  1.54977E+00 -1.95688E+00  5.00922E-02  3.44314E-01  1.10900E-02  1.10900E-02
b   3   13  3   18  99  2.97769E-01  1.65301E+00 -2.25857E+00  5.48674E-02  4.31095E-01  2.00900E-02  2.00900E-02
b   3   14  3   18  99  9.81041E-01 -2.63352E+00  1.10931E+02 -1.12919E+03  2.00000E+01  4.02200E-02  4.02200E-02
b   3   15  3   18  99  3.22786E+00 -7.61476E+00  2.71575E+01 -5.32081E+00  2.36854E+00  9.08700E-02  9.08700E-02
b   3   16  3   18  99  5.14167E-01  1.06032E+01 -5.53677E+02  6.94709E+03  2.00000E+01  2.91000E-01  2.91000E-01
b   3   17  3   18  99  1.31305E-01  4.31784E+00 -2.19281E+02  2.70004E+03  2.00000E+01  1.61300E+00  1.61300E+00
f   3    1  2    1  99  1.00000E+00  1.12400E+00
p   3    1  2    1  98  3.48710E-01 -2.45740E+00  2.54250E-01 -6.17120E-02  1.00000E+00  5.49500E+00  5.70000E+00  1.10000E+02
f   3    2  2    1  99  1.00000E+00  1.03200E+00
p   3    2  2    1  99  1.00000E+00  1.03200E+00
f   3    3  2    1  99  1.00000E+00  1.00920E+00
p   3    3  2    1  99  1.00000E+00  1.00920E+00
f   3    4  2    1  99  1.00000E+00  1.00600E+00
p   3    4  2    1  99  1.00000E+00  1.00600E+00
f   3    5  2    1  99  1.00000E+00  1.00600E+00
p   3    5  2    1  99  1.00000E+00  1.00600E+00
f   3    6  2    1  99  1.00000E+00  1.00200E+00
p   3    6  2    1  99  1.00000E+00  1.00200E+00
f   3    7  2    1  99  1.00000E+00  1.00020E+00
p   3    7  2    1  99  1.00000E+00  1.00020E+00
f   3    8  2    1  99  1.00000E+00  1.00020E+00
p   3    8  2    1  99  1.00000E+00  1.00020E+00
f   3    9  2    1  99  1.00000E+00  1.00020E+00
p   3    9  2    1  99  1.00000E+00  1.00020E+00
f   3    1  2    2  99  2.00000E+00  1.12400E+00
p   3    1  2    2  98  2.10290E+00 -1.36220E+00 -7.56160E-01  1.14550E-01  2.00000E+00  5.99000E+01  6.23000E+01  1.19800E+03
f   3   10  2    2  99  2.00000E+00  1.76010E+00
p   3   10  2    2  98  3.48710E-01 -2.45740E+00  2.54250E-01 -6.17120E-02  1.00000E+00  5.49500E+00  5.70000E+00  1.10000E+02
f   3   11  2    2  99  1.00000E+00  1.11200E+00
p   3   11  2    2  99  1.00000E+00  1.11200E+00
f   3   12  2    2  99  1.00000E+00  1.03240E+00
p   3   12  2    2  99  1.00000E+00  1.03240E+00
f   3   13  2    2  99  1.00000E+00  1.00510E+00
p   3   13  2    2  99  1.00000E+00  1.00510E+00
f   3   14  2    2  99  1.00000E+00  1.01500E+00
p   3   14  2    2  99  1.00000E+00  1.01500E+00
f   3   15  2    2  99  1.00000E+00  1.01100E+00
p   3   15  2    2  99  1.00000E+00  1.01100E+00
f   3   16  2    2  99  1.00000E+00  1.00110E+00
p   3   16  2    2  99  1.00000E+00  1.00110E+00
f   3   17  2    2  99  1.00000E+00  1.00110E+00
p   3   17  2    2  99  1.00000E+00  1.00110E+00
f   3   18  2    2  99  1.00000E+00  1.00020E+00
p   3   18  2    2  99  1.00000E+00  1.00020E+00
f   3    2  2    3  99  2.00000E+00  1.03200E+00
p   3    2  2    3  98  2.10290E+00 -1.36220E+00 -7.56160E-01  1.14550E-01  2.00000E+00  5.99000E+01  6.23000E+01  1.19800E+03
f   3   11  2    3  99  1.00000E+00  1.11200E+00
p   3   11  2    3  98  3.48710E-01 -2.45740E+00  2.54250E-01 -6.17120E-02  1.00000E+00  5.49500E+00  5.70000E+00  1.10000E+02
f   3    3  2    4  99  2.00000E+00  1.00920E+00
p   3    3  2    4  98  2.10290E+00 -1.36220E+00 -7.56160E-01  1.14550E-01  2.00000E+00  5.99000E+01  6.23000E+01  1.19800E+03
f   3   12  2    4  99  1.00000E+00  1.03240E+00
p   3   12  2    4  98  3.48710E-01 -2.45740E+00  2.54250E-01 -6.17120E-02  1.00000E+00  5.49500E+00  5.70000E+00  1.10000E+02
f   3    4  2    5  99  2.00000E+00  1.00600E+00
p   3    4  2    5  98  2.10290E+00 -1.36220E+00 -7.56160E-01  1.14550E-01  2.00000E+00  5.99000E+01  6.23000E+01  1.19800E+03
f   3   13  2    5  99  1.00000E+00  1.00510E+00
p   3   13  2    5  98  3.48710E-01 -2.45740E+00  2.54250E-01 -6.17120E-02  1.00000E+00  5.49500E+00  5.70000E+00  1.10000E+02
f   3    5  2    6  99  2.00000E+00  1.00600E+00
p   3    5  2    6  98  2.10290E+00 -1.36220E+00 -7.56160E-01  1.14550E-01  2.00000E+00  5.99000E+01  6.23000E+01  1.19800E+03
f   3   14  2    6  99  1.00000E+00  1.01500E+00
p   3   14  2    6  98  3.48710E-01 -2.45740E+00  2.54250E-01 -6.17120E-02  1.00000E+00  5.49500E+00  5.70000E+00  1.10000E+02
f   3    6  2    7  99  2.00000E+00  1.00200E+00
p   3    6  2    7  98  2.10290E+00 -1.36220E+00 -7.56160E-01  1.14550E-01  2.00000E+00  5.99000E+01  6.23000E+01  1.19800E+03
f   3   15  2    7  99  1.00000E+00  1.01100E+00
p   3   15  2    7  98  3.48710E-01 -2.45740E+00  2.54250E-01 -6.17120E-02  1.00000E+00  5.49500E+00  5.70000E+00  1.10000E+02
f   3    7  2    8  99  2.00000E+00  1.00020E+00
p   3    7  2    8  98  2.10290E+00 -1.36220E+00 -7.56160E-01  1.14550E-01  2.00000E+00  5.99000E+01  6.23000E+01  1.19800E+03
f   3   16  2    8  99  1.00000E+00  1.00110E+00
p   3   16  2    8  98  3.48710E-01 -2.45740E+00  2.54250E-01 -6.17120E-02  1.00000E+00  5.49500E+00  5.70000E+00  1.10000E+02
f   3    8  2    9  99  2.00000E+00  1.00020E+00
p   3    8  2    9  98  2.10290E+00 -1.36220E+00 -7.56160E-01  1.14550E-01  2.00000E+00  5.99000E+01  6.23000E+01  1.19800E+03
f   3   17  2    9  99  1.00000E+00  1.00110E+00
p   3   17  2    9  98  3.48710E-01 -2.45740E+00  2.54250E-01 -6.17120E-02  1.00000E+00  5.49500E+00  5.70000E+00  1.10000E+02
f   3    9  2   10  99  2.00000E+00  1.00020E+00
p   3    9  2   10  98  2.10290E+00 -1.36220E+00 -7.56160E-01  1.14550E-01  2.00000E+00  5.99000E+01  6.23000E+01  1.19800E+03
f   3   18  2   10  99  1.00000E+00  1.00020E+00
p   3   18  2   10  98  3.48710E-01 -2.45740E+00  2.54250E-01 -6.17120E-02  1.00000E+00  5.49500E+00  5.70000E+00  1.10000E+02
f   3   10  2   11  99  1.00000E+00  1.76010E+00
p   3   10  2   11  98  2.10290E+00 -1.36220E+00 -7.56160E-01  1.14550E-01  2.00000E+00  5.99000E+01  6.23000E+01  1.19800E+03
f   3   11  2   12  99  1.00000E+00  1.11200E+00
p   3   11  2   12  98  2.10290E+00 -1.36220E+00 -7.56160E-01  1.14550E-01  2.00000E+00  5.99000E+01  6.23000E+01  1.19800E+03
f   3   12  2   13  99  1.00000E+00  1.03240E+00
p   3   12  2   13  98  2.10290E+00 -1.36220E+00 -7.56160E-01  1.14550E-01  2.00000E+00  5.99000E+01  6.23000E+01  1.19800E+03
f   3   13  2   14  99  1.00000E+00  1.00510E+00
p   3   13  2   14  98  2.10290E+00 -1.36220E+00 -7.56160E-01  1.14550E-01  2.00000E+00  5.99000E+01  6.23000E+01  1.19800E+03
f   3   14  2   15  99  1.00000E+00  1.01500E+00
p   3   14  2   15  98  2.10290E+00 -1.36220E+00 -7.56160E-01  1.14550E-01  2.00000E+00  5.99000E+01  6.23000E+01  1.19800E+03
f   3   15  2   16  99  1.00000E+00  1.01100E+00
p   3   15  2   16  98  2.10290E+00 -1.36220E+00 -7.56160E-01  1.14550E-01  2.00000E+00  5.99000E+01  6.23000E+01  1.19800E+03
f   3   16  2   17  99  1.00000E+00  1.00110E+00
p   3   16  2   17  98  2.10290E+00 -1.36220E+00 -7.56160E-01  1.14550E-01  2.00000E+00  5.99000E+01  6.23000E+01  1.19800E+03
f   3   17  2   18  99  1.00000E+00  1.00110E+00
p   3   17  2   18  98  2.10290E+00 -1.36220E+00 -7.56160E-01  1.14550E-01  2.00000E+00  5.99000E+01  6.23000E+01  1.19800E+03
f   3   18  2   19  99  1.00000E+00  1.00020E+00
p   3   18  2   19  98  2.10290E+00 -1.36220E+00 -7.56160E-01  1.14550E-01  2.00000E+00  5.99000E+01  6.23000E+01  1.19800E+03
a   3   10  2    1   7.82380E+12
a   3   11  2    1   5.07650E+11
a   3   12  2    1   1.02320E+11
a   3   13  2    1   3.10245E+10
a   3   14  2    1   1.19045E+10
a   3   15  2    1   5.50750E+09
a   3   16  2    1   2.82495E+09
a   3   17  2    1   1.56765E+09
a   3   18  2    1   9.25700E+08
