1	2	2	0.000000
2    	1   	4   	h2p_v0		0.000000	2.645
2    	2   	5   	h2p_v1		0.271692	2.374
2    	1     	1	0.754195
3    	1    	6  	h_200001	0.000000   	0.00000
2 	2	2	15.42593
4    	1    	7   	h2_v0 		0.269621 	0.00000
4    	2    	8   	h2_v1 		0.785643    	0.00000
27
ra  	99	1   	1   	3   	1    					1.971     
da  	99	4  	1   	3   	1   	1  	1  			3.72	   		3.22e-5
da  	99	4  	2   	3   	1   	1  	1    			3.21     		5.18e-4
ed	99	3	1	1	1 					2.06			2.335e-4		13.75	   		0.868	
ed	98	0	1	3	1	1	1	1	2 	-3.49880888e+1	2.15245051e-1	-2.35628664e-2	5.49471553e-2	5.37932888e-3	-6.05507021e-3	9.99168329e-4	-6.63625564e-5	 1.61228385e-6
ed	98	0	1	3	1	1	1	1	2	-3.11479336e+1	-7.73020527e-1	5.49204378e-2	-2.73324984e-3	-1.22831288e-3	4.35049828e-4	-6.21659501e-5	4.12046807e-6	 -1.039784996e-7					
ed 	97 	0	1	3	1	2	1			1.38	0.85	0.065	2.70	
ed	96	1	1	3	1	4	1			-3.44152907e+1	-3.39348209e-1	5.66591705e-2	-9.05150459e-3	7.66060418e-4	-4.27126462e-5	-1.57273749e-7	2.57607677e-7	 -1.20071919e-8		
ed	95	1	1	3	1	1	1	1	1	-3.61799082e+1	1.16615172e0	-1.41928602e-1	-1.11195959e-2	-1.72505995e-3	1.59040356e-3	-2.53196144e-4	1.66978235e-5	 -4.09725797e-7
ev	99  	4 	1	4	2					1.11829E+01		9.61700E-01   	8.15360E-01  	-6.44910E+00   	1.54160E+01  	-1.42620E+01   	4.37790E+00
ev	99  	4 	2	4	1					1.06666E+01		9.81640E-01   	1.44350E+00  	-1.04550E+01   	2.62060E+01  	-2.72110E+01   	9.96790E+00
de	99	4	1	1	1	1	1			-1.1565E+01	-7.6012E-02	-7.8433E+01	7.4960E-01	-2.2126E+00	2.2006E-01
de	99	4	2	1	1	1	1			-1.2035E+01	-6.6082E-02	-6.7806E+01	7.2403E-01	-1.5419E+00	1.5195E+00
mi 	99	4	1	2	1					16.2223		-2.70872962e-01  1.08831593e+00  -5.66387601e-01  7.61980822e-02  2.86910004e-03 	-1.78411304e-03  1.30871214e-04  1.07737331e+00
mi 	99	4	2	2	1					15.3279		-2.84672500e-02 1.48151424e+00	-8.75480520e-01  2.58314930e-01	-4.84709800e-02 	5.13461000e-03 	-2.22520000e-04  9.99313700e-02
di 	99	4	1	1	1	0	1			19.7601		-6.00362544e-04  1.60497175e-02 -8.58591490e-03  1.71441387e-03 -1.59311910e-04  	3.67602929e-06   3.74384534e-07  2.03117702e-03
di 	99	4	2	1	1	0	1			18.2913		-4.748430e-03	 7.528824e-02 		-4.033643e-02    7.939950e-03	       -7.445600e-04  	 2.247000e-05  	1.070000e-06  	  1.591846e-02
di 	99	4	1	1	1	0	1			41.0875		-0.0023391  	0.04701318  	0.13087933 	-0.22496408  	0.14200395	-0.04640116  	0.00637737  	 0.00662279
di 	99	4	2	1	1	0	1			38.0805		0.00610536  	0.14922666 	-0.05522717 	0.00200657 	-0.0138304	0.00775358 	-0.00101049 	 -0.02037898
mcx	99	4	1	0	1	2	1	1	1	2.67		18.60		-1.66		2.53		1.93		0.00		0.00	
mcx	98	4	1	0	1	2	1	1	1	2.67 		17.3		105.0		2.0		1.0e4		-1.12		3.64e-4		0.90		5.03e-19	4.00		5.87e-28	5.50
mcx	99	4	2	0	1	2	1	1	1	1.74		2.51		-0.56		4.21		4.07		1.0e-5		1.00
mcx	98	4	2	0	1	2	1	1	1	1.74		58.0		11.28		0.246		1.00		0.00		3.92e-5		1.11		4.95e-17	3.65		3.88e-26	5.20
dr	99	2	1	1	1	1	1			3.758		0.69		1.37		0.350 		0.12 		9.0
dr	99	2	2	1	1	1	1			5.037 		0.56 		1.54 		0.422 		0.18 		7.0	
mide	99	2	1	0	1	1	1			6.20		2.56		9.72
mide	99	2	2	0	1	1	1			7.60		2.30		4.82		