0    1    1         0.000000
0    1    1   barenucl         0.000000  1.00000E+00  1.00000E+00  0.00000E+00  0.00000E+00    1   0  0 0 0 0 0 0 0 0 0 0
1   10   10        54.416000
1    1    2   h_100001         0.000000  2.00000E+00  2.00000E+00  5.44160E+01  0.00000E+00    1   1  1 0 0 0 0 0 0 0 0 0
1    2    3   h_010002        40.812302  8.00000E+00  2.00000E+00  1.36037E+01  7.51829E+09    1   2  0 1 0 0 0 0 0 0 0 0
1    3    4   h_001003        48.369187  1.80000E+01  2.00000E+00  6.04681E+00  1.59756E+09    1   3  0 0 1 0 0 0 0 0 0 0
1    4    5   h_000104        51.014690  3.20000E+01  2.00000E+00  3.40131E+00  4.83144E+08    1   4  0 0 0 1 0 0 0 0 0 0
1    5    6   h_000005        52.239169  5.00000E+01  2.00000E+00  2.17683E+00  1.84978E+08    1   5  0 0 0 0 1 0 0 0 0 0
1    6    7   h_000006        52.904315  7.20000E+01  2.00000E+00  1.51169E+00  8.31144E+07    1   6  0 0 0 0 0 1 0 0 0 0
1    7    8   h_000007        53.305376  9.80000E+01  2.00000E+00  1.11062E+00  4.18965E+07    1   7  0 0 0 0 0 0 1 0 0 0
1    8    9   h_000008        53.565679  1.28000E+02  2.00000E+00  8.50321E-01  2.30236E+07    1   8  0 0 0 0 0 0 0 1 0 0
1    9   10   h_000009        53.744142  1.62000E+02  2.00000E+00  6.71858E-01  1.35255E+07    1   9  0 0 0 0 0 0 0 0 1 0
1   10   11   h_000010        53.871796  2.00000E+02  2.00000E+00  5.44205E-01  7.76763E+06    1  10  0 0 0 0 0 0 0 0 0 1
2   19   10        24.587601
2    1   12   he200001         0.000000  1.00000E+00  1.84375E+00  2.45876E+01  0.00000E+00    1   1  2 0 0 0 0 0 0 0 0 0
2    2   13   he110002        14.110646  1.60000E+01  1.06200E+00  1.04770E+01  1.75228E+08    1   2  1 1 0 0 0 0 0 0 0 0
2    3   14   he101003        23.027157  3.60000E+01  1.01600E+00  1.56044E+00  9.68061E+08    1   3  1 0 1 0 0 0 0 0 0 0
2    4   15   he100104        23.729439  6.40000E+01  1.00460E+00  8.58161E-01  1.40158E+08    1   4  1 0 0 1 0 0 0 0 0 0
2    5   16   he100005        24.040126  1.00000E+02  1.00300E+00  5.47475E-01  4.00563E+07    1   5  1 0 0 0 1 0 0 0 0 0
2    6   17   he100006        24.207410  1.44000E+02  1.00300E+00  3.80191E-01  9.81167E+06    1   6  1 0 0 0 0 1 0 0 0 0
2    7   18   he100007        24.309390  1.96000E+02  1.00100E+00  2.78211E-01  4.64222E+06    1   7  1 0 0 0 0 0 1 0 0 0
2    8   19   he100008        24.374978  2.56000E+02  1.00010E+00  2.12622E-01  2.43516E+06    1   8  1 0 0 0 0 0 0 1 0 0
2    9   20   he100009        24.419603  3.24000E+02  1.00010E+00  1.67998E-01  1.37400E+06    1   9  1 0 0 0 0 0 0 0 1 0
2   10   21   he100010        24.451523  4.00000E+02  1.00010E+00  1.36078E-01  7.97207E+05    1  10  1 0 0 0 0 0 0 0 0 1
2   11   22   he020002        53.519075  2.80000E+01  1.69810E+00  1.18808E+01  4.25775E+13    2   2  0 2 0 0 0 0 0 0 0 0
2   12   23   he011003        63.584043  1.44000E+02  1.09600E+00  1.81586E+00  2.57331E+12    2   3  0 1 1 0 0 0 0 0 0 0
2   13   24   he010104        64.501647  2.56000E+02  1.02780E+00  8.98256E-01  5.30713E+11    2   4  0 1 0 1 0 0 0 0 0 0
2   14   25   he010005        64.853410  4.00000E+02  1.00210E+00  5.46493E-01  1.65942E+11    2   5  0 1 0 0 1 0 0 0 0 0
2   15   26   he010006        65.012859  5.76000E+02  1.01200E+00  3.87044E-01  6.61865E+10    2   6  0 1 0 0 0 1 0 0 0 0
2   16   27   he010007        65.116667  7.84000E+02  1.01000E+00  2.83236E-01  3.21970E+10    2   7  0 1 0 0 0 0 1 0 0 0
2   17   28   he010008        65.186898  1.02400E+03  1.00100E+00  2.13005E-01  1.79430E+10    2   8  0 1 0 0 0 0 0 1 0 0
2   18   29   he010009        65.231603  1.29600E+03  1.00100E+00  1.68300E-01  1.12620E+10    2   9  0 1 0 0 0 0 0 0 1 0
2   19   30   he010010        65.263825  1.60000E+03  1.00010E+00  1.36078E-01  7.85081E+09    2  10  0 1 0 0 0 0 0 0 0 1
253
b   1    1  1    2  99  2.97454E-01  5.19366E-03  1.64134E+00 -4.83194E-01  2.04441E+00  4.15700E-01  4.15700E-01
b   1    1  1    3  99  3.13994E-01  9.81975E-02  1.74983E+00 -5.60746E-01  2.09765E+00  7.90100E-02  7.90100E-02
b   1    2  1    3  99  2.64783E-01  2.01219E-01  2.40581E+00 -1.35741E+00  3.35237E+00  6.40000E-01  6.40000E-01
b   1    1  1    4  99  3.16035E-01  1.50233E-01  1.67857E+00 -4.88890E-01  2.05638E+00  2.89600E-02  2.89600E-02
b   1    2  1    4  99  2.84673E-01  4.51850E-01  2.58392E+00 -1.51571E+00  3.47983E+00  1.19200E-01  1.19200E-01
b   1    3  1    4  99  2.29725E-01  3.92615E-01  1.98432E+00 -2.30369E-01  4.03705E+00  8.41200E-01  8.41200E-01
b   1    1  1    5  99  3.17493E-01  1.72132E-01  1.65726E+00 -4.30437E-01  2.06377E+00  1.39300E-02  1.39300E-02
b   1    2  1    5  99  2.91052E-01  5.93802E-01  2.51970E+00 -1.38492E+00  3.42655E+00  4.46300E-02  4.46300E-02
b   1    3  1    5  99  2.53598E-01  7.46778E-01  2.20193E+00 -3.72620E-01  4.14304E+00  1.50400E-01  1.50400E-01
b   1    4  1    5  99  2.10771E-01  4.97956E-01  1.71229E+00 -2.29495E-01  3.98003E+00  1.03700E+00  1.03700E+00
b   1    1  1    6  99  3.18234E-01  1.84054E-01  1.64928E+00 -4.20066E-01  2.06004E+00  7.79300E-03  7.79300E-03
b   1    2  1    6  99  2.94657E-01  6.72116E-01  2.51566E+00 -1.34332E+00  3.44034E+00  2.20800E-02  2.20800E-02
b   1    3  1    6  99  2.63562E-01  9.74134E-01  2.25990E+00 -3.18759E-01  4.22574E+00  5.58000E-02  5.58000E-02
b   1    4  1    6  99  2.33814E-01  9.34332E-01  1.88485E+00 -1.54861E-01  4.20855E+00  1.79100E-01  1.79100E-01
b   1    5  1    6  99  2.09949E-01  5.03450E-01  2.23789E+00  2.70412E+00  6.28066E+00  1.23000E+00  1.23000E+00
b   1    1  1    7  99  3.18182E-01  1.93589E-01  1.63155E+00 -4.03884E-01  2.05162E+00  4.80900E-03  4.80900E-03
b   1    2  1    7  99  2.96369E-01  7.22828E-01  2.49465E+00 -1.36021E+00  3.40453E+00  1.27000E-02  1.27000E-02
b   1    3  1    7  99  2.68814E-01  1.12379E+00  2.25350E+00 -3.33294E-01  4.18276E+00  2.76800E-02  2.76800E-02
b   1    4  1    7  99  2.44792E-01  1.24273E+00  1.91970E+00 -8.74786E-02  4.24841E+00  6.54500E-02  6.54500E-02
b   1    5  1    7  99  2.21035E-01  1.05603E+00  1.67680E+00 -1.83648E-01  4.10468E+00  2.06700E-01  2.06700E-01
b   1    6  1    7  99  1.63143E-01  9.40731E-01  1.56618E+00  3.03099E+00  7.51283E+00  1.42200E+00  1.42200E+00
b   1    1  1    8  99  3.17280E-01  2.03456E-01  1.60226E+00 -4.19553E-01  2.01141E+00  3.17900E-03  3.17900E-03
b   1    2  1    8  99  2.98233E-01  7.52508E-01  2.50878E+00 -1.35162E+00  3.41195E+00  8.03300E-03  8.03300E-03
b   1    3  1    8  99  2.72883E-01  1.22080E+00  2.29251E+00 -3.66172E-01  4.20542E+00  1.60400E-02  1.60400E-02
b   1    4  1    8  99  2.52451E-01  1.45415E+00  1.97948E+00 -1.68996E-01  4.25075E+00  3.23100E-02  3.23100E-02
b   1    5  1    8  99  2.34008E-01  1.42137E+00  1.77905E+00 -1.33674E-01  4.26639E+00  7.44700E-02  7.44700E-02
b   1    6  1    8  99  2.25869E-01  1.06548E+00  2.37682E+00  3.39721E+00  6.73669E+00  2.33800E-01  2.33800E-01
b   1    7  1    8  99  5.18501E-02  1.99505E+00  1.99577E+00 -1.23196E+00  2.00000E+01  1.61400E+00  1.61400E+00
b   1    1  1    9  99  3.18811E-01  2.01589E-01  1.62511E+00 -4.02960E-01  2.04220E+00  2.21000E-03  2.21000E-03
b   1    2  1    9  99  2.98559E-01  7.78852E-01  2.47427E+00 -1.31113E+00  3.38822E+00  5.42500E-03  5.42500E-03
b   1    3  1    9  99  2.75490E-01  1.29038E+00  2.32243E+00 -3.51637E-01  4.25592E+00  1.02400E-02  1.02400E-02
b   1    4  1    9  99  2.56681E-01  1.61186E+00  1.97637E+00 -1.35694E-01  4.24845E+00  1.87300E-02  1.87300E-02
b   1    5  1    9  99  2.41709E-01  1.69670E+00  1.80358E+00 -1.34459E-01  4.26826E+00  3.65200E-02  3.65200E-02
b   1    6  1    9  99  2.25754E-01  1.55286E+00  1.63460E+00 -1.30753E-01  4.19819E+00  8.32000E-02  8.32000E-02
b   1    7  1    9  99  2.19260E-01  1.12470E+00  2.26512E+00  3.32149E+00  6.81644E+00  2.60500E-01  2.60500E-01
b   1    8  1    9  99 -2.15609E-02  2.64405E+00  1.79897E+00  8.77129E+00  1.28265E+01  1.80500E+00  1.80500E+00
b   1    1  1   10  99  3.18427E-01  2.06463E-01  1.60819E+00 -4.04523E-01  2.02070E+00  1.59800E-03  1.59800E-03
b   1    2  1   10  99  2.99834E-01  7.92449E-01  2.50301E+00 -1.31655E+00  3.41860E+00  3.84200E-03  3.84200E-03
b   1    3  1   10  99  2.77292E-01  1.34324E+00  2.32391E+00 -3.40190E-01  4.24193E+00  6.98100E-03  6.98100E-03
b   1    4  1   10  99  2.60399E-01  1.72697E+00  2.01054E+00 -1.73260E-01  4.25643E+00  1.19900E-02  1.19900E-02
b   1    5  1   10  99  2.47226E-01  1.90550E+00  1.82780E+00 -9.96577E-02  4.30266E+00  2.11100E-02  2.11100E-02
b   1    6  1   10  99  2.33979E-01  1.87903E+00  1.64794E+00 -1.07866E-01  4.19477E+00  4.05200E-02  4.05200E-02
b   1    7  1   10  99  2.36125E-01  1.54250E+00  2.38304E+00  3.70472E+00  6.95049E+00  9.17800E-02  9.17800E-02
b   1    8  1   10  99  3.14111E-01  6.46530E-01  6.81874E+00  1.57046E+01  1.01786E+01  2.87000E-01  2.87000E-01
b   1    9  1   10  99 -2.88904E+01  2.87993E+02  1.96856E+05 -1.72430E+02  3.10211E-01  9.25100E-01  9.25100E-01
f   1    1  0    1  99  1.00000E+00  2.00000E+00
p   1    1  0    1  99  1.00000E+00  2.00000E+00
f   1    2  0    1  99  1.00000E+00  2.00000E+00
p   1    2  0    1  99  1.00000E+00  2.00000E+00
f   1    3  0    1  99  1.00000E+00  2.00000E+00
p   1    3  0    1  99  1.00000E+00  2.00000E+00
f   1    4  0    1  99  1.00000E+00  2.00000E+00
p   1    4  0    1  99  1.00000E+00  2.00000E+00
f   1    5  0    1  99  1.00000E+00  2.00000E+00
p   1    5  0    1  99  1.00000E+00  2.00000E+00
f   1    6  0    1  99  1.00000E+00  2.00000E+00
p   1    6  0    1  99  1.00000E+00  2.00000E+00
f   1    7  0    1  99  1.00000E+00  2.00000E+00
p   1    7  0    1  99  1.00000E+00  2.00000E+00
f   1    8  0    1  99  1.00000E+00  2.00000E+00
p   1    8  0    1  99  1.00000E+00  2.00000E+00
f   1    9  0    1  99  1.00000E+00  2.00000E+00
p   1    9  0    1  99  1.00000E+00  2.00000E+00
f   1   10  0    1  99  1.00000E+00  2.00000E+00
p   1   10  0    1  99  1.00000E+00  2.00000E+00
b   2    1  2    2  99  1.68773E-01  8.08067E-02 -5.50578E-01  1.19688E+00  3.98146E+00  3.24200E-01  3.24200E-01
b   2    1  2    3  99  1.96791E-01  6.03506E-02  8.03942E-01 -3.36351E+01  2.00000E+01  8.34400E-02  8.34400E-02
b   2    2  2    3  99  1.75112E-01  9.05643E-02  6.24450E-01 -4.47145E+01  2.00000E+01  5.96000E-01  5.96000E-01
b   2    1  2    4  99  2.07198E-01  3.66402E-02  1.57125E+00 -3.84980E+01  2.00000E+01  3.35200E-02  3.35200E-02
b   2    2  2    4  99  2.23616E-01  2.23680E-01 -4.52101E-01  5.28550E-02  1.30656E+00  1.16800E-01  1.16800E-01
b   2    3  2    4  99  2.34629E-01  7.56224E-02 -6.11480E-01  1.27094E+00  1.82671E+00  8.30800E-01  8.30800E-01
b   2    1  2    5  99  2.09853E-01  2.04161E-02  1.99209E+00 -3.98594E+01  2.00000E+01  1.67720E-02  1.67720E-02
b   2    2  2    5  99  2.43086E-01  2.93208E-01 -4.93551E-01  4.60316E-02  9.09284E-01  4.47600E-02  4.47600E-02
b   2    3  2    5  99  2.47634E-01  4.59414E-01 -9.22889E-01  4.78593E-02  1.18003E+00  1.50200E-01  1.50200E-01
b   2    4  2    5  99  2.58248E-01  4.96546E-02 -6.64785E-01  1.54120E+00  1.69658E+00  1.03200E+00  1.03200E+00
b   2    1  2    6  99  5.30895E-01  7.46206E-01 -8.17306E+00  2.61510E+00  1.04694E+01  3.91600E-03  3.91600E-03
b   2    2  2    6  99  5.01976E-01  5.39162E-01 -1.27476E+00  1.29118E-01  1.63696E+00  1.35200E-02  1.35200E-02
b   2    3  2    6  99  3.13344E-01  8.03757E-01 -1.27839E+00  5.26521E-02  7.16102E-01  4.82300E-02  4.82300E-02
b   2    4  2    6  99  2.89468E-01  6.23436E-01 -1.36704E+00  5.53088E-02  1.32548E+00  1.66100E-01  1.66100E-01
b   2    5  2    6  99  2.79441E-01  1.82597E-02 -6.44293E-01  1.58794E+00  1.52358E+00  1.19200E+00  1.19200E+00
b   2    1  2    7  99  5.14481E-01  7.58738E-01 -8.46061E+00  3.00218E+00  1.05916E+01  2.45400E-03  2.45400E-03
b   2    2  2    7  99  5.07837E-01  5.75006E-01 -1.26440E+00  1.22734E-01  1.44485E+00  7.93700E-03  7.93700E-03
b   2    3  2    7  99  3.18452E-01  9.59219E-01 -1.37041E+00  5.06286E-02  5.43945E-01  2.41700E-02  2.41700E-02
b   2    4  2    7  99  2.96686E-01  9.74786E-01 -1.58539E+00  4.12642E-02  7.29901E-01  6.08900E-02  6.08900E-02
b   2    5  2    7  99  2.90252E-01  6.51868E-01 -1.60055E+00  1.74772E-01  1.48686E+00  1.98200E-01  1.98200E-01
b   2    6  2    7  99  3.34598E-01 -2.54802E-01  4.02147E-01  1.36439E-01  8.13891E-01  1.41000E+00  1.41000E+00
b   2    1  2    8  99  5.09302E-01  7.43831E-01 -8.25595E+00  2.88108E+00  1.05492E+01  1.63760E-03  1.63760E-03
b   2    2  2    8  99  5.12544E-01  5.99897E-01 -1.26240E+00  1.17654E-01  1.33796E+00  5.08500E-03  5.08500E-03
b   2    3  2    8  99  3.22316E-01  1.06359E+00 -1.43357E+00  5.09903E-02  4.58168E-01  1.41000E-02  1.41000E-02
b   2    4  2    8  99  3.01753E-01  1.21329E+00 -1.73558E+00  4.22796E-02  5.24144E-01  3.01600E-02  3.01600E-02
b   2    5  2    8  99  2.82868E-01  1.10856E+00 -1.91334E+00  2.64696E-01  6.76799E-01  7.13000E-02  7.13000E-02
b   2    6  2    8  99  1.00484E+00 -1.67939E+00  8.28905E+00 -1.22729E+00  3.75438E+00  2.29400E-01  2.29400E-01
b   2    7  2    8  99  1.94449E+00 -5.28206E+00  1.68255E+01 -3.39544E+00  1.97680E+00  1.60700E+00  1.60700E+00
b   2    1  2    9  99  5.04604E-01  7.36761E-01 -8.12369E+00  2.72518E+00  1.04860E+01  1.14620E-03  1.14620E-03
b   2    2  2    9  99  5.15408E-01  6.18499E-01 -1.26804E+00  1.15842E-01  1.27501E+00  3.46300E-03  3.46300E-03
b   2    3  2    9  99  3.25222E-01  1.13474E+00 -1.47157E+00  5.06087E-02  4.04741E-01  9.04600E-03  9.04600E-03
b   2    4  2    9  99  3.05406E-01  1.38089E+00 -1.83493E+00  4.93539E-02  4.14949E-01  1.75300E-02  1.75300E-02
b   2    5  2    9  99  2.91144E-01  1.39653E+00 -2.09048E+00  1.72839E-01  5.02628E-01  3.49700E-02  3.49700E-02
b   2    6  2    9  99  1.03913E+00 -2.10368E+00  3.86624E+01  1.33308E+02  2.00000E+01  8.14600E-02  8.14600E-02
b   2    7  2    9  99  1.75494E+00 -3.83497E+00  1.24845E+01 -1.55792E+00  2.13135E+00  2.57100E-01  2.57100E-01
b   2    8  2    9  99  2.29331E-01  5.90821E+00 -3.07673E+02  3.85429E+03  2.00000E+01  1.70300E+00  1.70300E+00
b   2    1  2   10  99  9.83794E+01  8.29374E+03 -3.88617E+05  4.50322E+06  2.00000E+01  8.32400E-04  8.32400E-04
b   2    2  2   10  99  8.71001E+01  6.11002E+03 -2.91174E+05  3.41990E+06  2.00000E+01  2.47100E-03  2.47100E-03
b   2    3  2   10  99  2.23918E+01 -2.53012E+01  1.52606E+01 -2.47448E+00 -8.00000E-01  6.19900E-03  6.19900E-03
b   2    4  2   10  99  1.82765E-01  6.73327E+00 -1.91758E+01  1.40992E+01  3.67032E-01  1.13200E-02  1.13200E-02
b   2    5  2   10  99  1.51086E+00 -4.81961E+00  1.29052E+02 -5.49541E+02  2.00000E+01  2.04200E-02  2.04200E-02
b   2    6  2   10  99  1.06806E+00 -2.96323E+00  1.06771E+02 -9.02590E+02  2.00000E+01  3.81200E-02  3.81200E-02
b   2    7  2   10  99  3.08753E+00 -7.15820E+00  2.42652E+01 -4.34524E+00  2.21163E+00  8.73400E-02  8.73400E-02
b   2    8  2   10  99  4.35116E-01  1.07759E+01 -5.47570E+02  6.74324E+03  2.00000E+01  2.82400E-01  2.82400E-01
b   2    9  2   10  99  1.98016E-01  6.62431E+00 -3.36168E+02  4.13724E+03  2.00000E+01  1.04200E+00  1.04200E+00
b   2    1  2   11  98  0.00000E+00  0.00000E+00  0.00000E+00  0.00000E+00  0.00000E+00  6.15236E-03  1.23047E-04
b   2    2  2   11  99  1.68773E-01  8.08067E-02 -5.50578E-01  1.19688E+00  3.98146E+00  1.41838E-01  1.41838E-01
b   2    1  2   12  98  0.00000E+00  0.00000E+00  0.00000E+00  0.00000E+00  0.00000E+00  1.18710E-02  2.37421E-04
b   2    2  2   12  99  1.96791E-01  6.03506E-02  8.03942E-01 -3.36351E+01  2.00000E+01  4.17200E-02  4.17200E-02
b   2    3  2   12  99  1.68773E-01  8.08067E-02 -5.50578E-01  1.19688E+00  3.98146E+00  1.62100E-01  1.62100E-01
b   2   11  2   12  99  1.75112E-01  9.05643E-02  6.24450E-01 -4.47145E+01  2.00000E+01  1.19200E+00  1.19200E+00
b   2    1  2   13  98  0.00000E+00  0.00000E+00  0.00000E+00  0.00000E+00  0.00000E+00  2.07262E-02  4.14524E-04
b   2    2  2   13  99  2.07198E-01  3.66402E-02  1.57125E+00 -3.84980E+01  2.00000E+01  1.67600E-02  1.67600E-02
b   2    4  2   13  99  1.68773E-01  8.08067E-02 -5.50578E-01  1.19688E+00  3.98146E+00  1.62100E-01  1.62100E-01
b   2   11  2   13  99  2.23616E-01  2.23680E-01 -4.52101E-01  5.28550E-02  1.30656E+00  2.33600E-01  2.33600E-01
b   2   12  2   13  99  2.34629E-01  7.56224E-02 -6.11480E-01  1.27094E+00  1.82671E+00  8.30800E-01  8.30800E-01
b   2    1  2   14  98  0.00000E+00  0.00000E+00  0.00000E+00  0.00000E+00  0.00000E+00  3.20989E-02  6.41978E-04
b   2    2  2   14  99  2.09853E-01  2.04161E-02  1.99209E+00 -3.98594E+01  2.00000E+01  8.38600E-03  8.38600E-03
b   2    5  2   14  99  1.68773E-01  8.08067E-02 -5.50578E-01  1.19688E+00  3.98146E+00  1.62100E-01  1.62100E-01
b   2   11  2   14  99  2.43086E-01  2.93208E-01 -4.93551E-01  4.60316E-02  9.09284E-01  8.95200E-02  8.95200E-02
b   2   12  2   14  99  2.47634E-01  4.59414E-01 -9.22889E-01  4.78593E-02  1.18003E+00  1.50200E-01  1.50200E-01
b   2   13  2   14  99  2.58248E-01  4.96546E-02 -6.64785E-01  1.54120E+00  1.69658E+00  1.03200E+00  1.03200E+00
b   2    1  2   15  98  0.00000E+00  0.00000E+00  0.00000E+00  0.00000E+00  0.00000E+00  4.59783E-02  9.19567E-04
b   2    2  2   15  99  5.30895E-01  7.46206E-01 -8.17306E+00  2.61510E+00  1.04694E+01  1.95800E-03  1.95800E-03
b   2    6  2   15  99  1.68773E-01  8.08067E-02 -5.50578E-01  1.19688E+00  3.98146E+00  1.62100E-01  1.62100E-01
b   2   11  2   15  99  5.01976E-01  5.39162E-01 -1.27476E+00  1.29118E-01  1.63696E+00  2.70400E-02  2.70400E-02
b   2   12  2   15  99  3.13344E-01  8.03757E-01 -1.27839E+00  5.26521E-02  7.16102E-01  4.82300E-02  4.82300E-02
b   2   13  2   15  99  2.89468E-01  6.23436E-01 -1.36704E+00  5.53088E-02  1.32548E+00  1.66100E-01  1.66100E-01
b   2   14  2   15  99  2.79441E-01  1.82597E-02 -6.44293E-01  1.58794E+00  1.52358E+00  1.19200E+00  1.19200E+00
b   2    1  2   16  98  0.00000E+00  0.00000E+00  0.00000E+00  0.00000E+00  0.00000E+00  6.23878E-02  1.24776E-03
b   2    2  2   16  99  5.14481E-01  7.58738E-01 -8.46061E+00  3.00218E+00  1.05916E+01  1.22700E-03  1.22700E-03
b   2    7  2   16  99  1.68773E-01  8.08067E-02 -5.50578E-01  1.19688E+00  3.98146E+00  1.62100E-01  1.62100E-01
b   2   11  2   16  99  5.07837E-01  5.75006E-01 -1.26440E+00  1.22734E-01  1.44485E+00  1.58740E-02  1.58740E-02
b   2   12  2   16  99  3.18452E-01  9.59219E-01 -1.37041E+00  5.06286E-02  5.43945E-01  2.41700E-02  2.41700E-02
b   2   13  2   16  99  2.96686E-01  9.74786E-01 -1.58539E+00  4.12642E-02  7.29901E-01  6.08900E-02  6.08900E-02
b   2   14  2   16  99  2.90252E-01  6.51868E-01 -1.60055E+00  1.74772E-01  1.48686E+00  1.98200E-01  1.98200E-01
b   2   15  2   16  99  3.34598E-01 -2.54802E-01  4.02147E-01  1.36439E-01  8.13891E-01  1.41000E+00  1.41000E+00
b   2    1  2   17  98  0.00000E+00  0.00000E+00  0.00000E+00  0.00000E+00  0.00000E+00  8.13292E-02  1.62658E-03
b   2    2  2   17  99  5.09302E-01  7.43831E-01 -8.25595E+00  2.88108E+00  1.05492E+01  8.18800E-04  8.18800E-04
b   2    8  2   17  99  1.68773E-01  8.08067E-02 -5.50578E-01  1.19688E+00  3.98146E+00  1.62100E-01  1.62100E-01
b   2   11  2   17  99  5.12544E-01  5.99897E-01 -1.26240E+00  1.17654E-01  1.33796E+00  1.01700E-02  1.01700E-02
b   2   12  2   17  99  3.22316E-01  1.06359E+00 -1.43357E+00  5.09903E-02  4.58168E-01  1.41000E-02  1.41000E-02
b   2   13  2   17  99  3.01753E-01  1.21329E+00 -1.73558E+00  4.22796E-02  5.24144E-01  3.01600E-02  3.01600E-02
b   2   14  2   17  99  2.82868E-01  1.10856E+00 -1.91334E+00  2.64696E-01  6.76799E-01  7.13000E-02  7.13000E-02
b   2   15  2   17  99  1.00484E+00 -1.67939E+00  8.28905E+00 -1.22729E+00  3.75438E+00  2.29400E-01  2.29400E-01
b   2   16  2   17  99  1.94449E+00 -5.28206E+00  1.68255E+01 -3.39544E+00  1.97680E+00  1.60700E+00  1.60700E+00
b   2    1  2   18  98  0.00000E+00  0.00000E+00  0.00000E+00  0.00000E+00  0.00000E+00  1.02792E-01  2.05583E-03
b   2    2  2   18  99  5.04604E-01  7.36761E-01 -8.12369E+00  2.72518E+00  1.04860E+01  5.73100E-04  5.73100E-04
b   2    9  2   18  99  1.68773E-01  8.08067E-02 -5.50578E-01  1.19688E+00  3.98146E+00  1.62100E-01  1.62100E-01
b   2   11  2   18  99  5.15408E-01  6.18499E-01 -1.26804E+00  1.15842E-01  1.27501E+00  6.92600E-03  6.92600E-03
b   2   12  2   18  99  3.25222E-01  1.13474E+00 -1.47157E+00  5.06087E-02  4.04741E-01  9.04600E-03  9.04600E-03
b   2   13  2   18  99  3.05406E-01  1.38089E+00 -1.83493E+00  4.93539E-02  4.14949E-01  1.75300E-02  1.75300E-02
b   2   14  2   18  99  2.91144E-01  1.39653E+00 -2.09048E+00  1.72839E-01  5.02628E-01  3.49700E-02  3.49700E-02
b   2   15  2   18  99  1.03913E+00 -2.10368E+00  3.86624E+01  1.33308E+02  2.00000E+01  8.14600E-02  8.14600E-02
b   2   16  2   18  99  1.75494E+00 -3.83497E+00  1.24845E+01 -1.55792E+00  2.13135E+00  2.57100E-01  2.57100E-01
b   2   17  2   18  99  2.29331E-01  5.90821E+00 -3.07673E+02  3.85429E+03  2.00000E+01  1.70300E+00  1.70300E+00
b   2    1  2   19  98  0.00000E+00  0.00000E+00  0.00000E+00  0.00000E+00  0.00000E+00  1.26780E-01  2.53560E-03
b   2    2  2   19  99  9.83794E+01  8.29374E+03 -3.88617E+05  4.50322E+06  2.00000E+01  4.16200E-04  4.16200E-04
b   2   10  2   19  99  1.68773E-01  8.08067E-02 -5.50578E-01  1.19688E+00  3.98146E+00  1.62100E-01  1.62100E-01
b   2   11  2   19  99  8.71001E+01  6.11002E+03 -2.91174E+05  3.41990E+06  2.00000E+01  4.94200E-03  4.94200E-03
b   2   12  2   19  99  2.23918E+01 -2.53012E+01  1.52606E+01 -2.47448E+00 -8.00000E-01  6.19900E-03  6.19900E-03
b   2   13  2   19  99  1.82765E-01  6.73327E+00 -1.91758E+01  1.40992E+01  3.67032E-01  1.13200E-02  1.13200E-02
b   2   14  2   19  99  1.51086E+00 -4.81961E+00  1.29052E+02 -5.49541E+02  2.00000E+01  2.04200E-02  2.04200E-02
b   2   15  2   19  99  1.06806E+00 -2.96323E+00  1.06771E+02 -9.02590E+02  2.00000E+01  3.81200E-02  3.81200E-02
b   2   16  2   19  99  3.08753E+00 -7.15820E+00  2.42652E+01 -4.34524E+00  2.21163E+00  8.73400E-02  8.73400E-02
b   2   17  2   19  99  4.35116E-01  1.07759E+01 -5.47570E+02  6.74324E+03  2.00000E+01  2.82400E-01  2.82400E-01
b   2   18  2   19  99  1.98016E-01  6.62431E+00 -3.36168E+02  4.13724E+03  2.00000E+01  1.04200E+00  1.04200E+00
f   2    1  1    1  99  2.00000E+00  1.84375E+00
p   2    1  1    1  99  2.00000E+00  1.84375E+00
f   2    2  1    1  99  1.00000E+00  1.06200E+00
p   2    2  1    1  99  1.00000E+00  1.06200E+00
f   2    3  1    1  99  1.00000E+00  1.01600E+00
p   2    3  1    1  99  1.00000E+00  1.01600E+00
f   2    4  1    1  99  1.00000E+00  1.00460E+00
p   2    4  1    1  99  1.00000E+00  1.00460E+00
f   2    5  1    1  99  1.00000E+00  1.00300E+00
p   2    5  1    1  99  1.00000E+00  1.00300E+00
f   2    6  1    1  99  1.00000E+00  1.00300E+00
p   2    6  1    1  99  1.00000E+00  1.00300E+00
f   2    7  1    1  99  1.00000E+00  1.00100E+00
p   2    7  1    1  99  1.00000E+00  1.00100E+00
f   2    8  1    1  99  1.00000E+00  1.00010E+00
p   2    8  1    1  99  1.00000E+00  1.00010E+00
f   2    9  1    1  99  1.00000E+00  1.00010E+00
p   2    9  1    1  99  1.00000E+00  1.00010E+00
f   2   10  1    1  99  1.00000E+00  1.00010E+00
p   2   10  1    1  99  1.00000E+00  1.00010E+00
f   2    2  1    2  99  1.00000E+00  1.06200E+00
p   2    2  1    2  99  1.00000E+00  1.06200E+00
f   2   11  1    2  99  2.00000E+00  1.69810E+00
p   2   11  1    2  99  2.00000E+00  1.69810E+00
f   2   12  1    2  99  1.00000E+00  1.09600E+00
p   2   12  1    2  99  1.00000E+00  1.09600E+00
f   2   13  1    2  99  1.00000E+00  1.02780E+00
p   2   13  1    2  99  1.00000E+00  1.02780E+00
f   2   14  1    2  99  1.00000E+00  1.00210E+00
p   2   14  1    2  99  1.00000E+00  1.00210E+00
f   2   15  1    2  99  1.00000E+00  1.01200E+00
p   2   15  1    2  99  1.00000E+00  1.01200E+00
f   2   16  1    2  99  1.00000E+00  1.01000E+00
p   2   16  1    2  99  1.00000E+00  1.01000E+00
f   2   17  1    2  99  1.00000E+00  1.00100E+00
p   2   17  1    2  99  1.00000E+00  1.00100E+00
f   2   18  1    2  99  1.00000E+00  1.00100E+00
p   2   18  1    2  99  1.00000E+00  1.00100E+00
f   2   19  1    2  99  1.00000E+00  1.00010E+00
p   2   19  1    2  99  1.00000E+00  1.00010E+00
f   2    3  1    3  99  1.00000E+00  1.01600E+00
p   2    3  1    3  99  1.00000E+00  1.01600E+00
f   2   12  1    3  99  1.00000E+00  1.09600E+00
p   2   12  1    3  99  1.00000E+00  1.09600E+00
f   2    4  1    4  99  1.00000E+00  1.00460E+00
p   2    4  1    4  99  1.00000E+00  1.00460E+00
f   2   13  1    4  99  1.00000E+00  1.02780E+00
p   2   13  1    4  99  1.00000E+00  1.02780E+00
f   2    5  1    5  99  1.00000E+00  1.00300E+00
p   2    5  1    5  99  1.00000E+00  1.00300E+00
f   2   14  1    5  99  1.00000E+00  1.00210E+00
p   2   14  1    5  99  1.00000E+00  1.00210E+00
f   2    6  1    6  99  1.00000E+00  1.00300E+00
p   2    6  1    6  99  1.00000E+00  1.00300E+00
f   2   15  1    6  99  1.00000E+00  1.01200E+00
p   2   15  1    6  99  1.00000E+00  1.01200E+00
f   2    7  1    7  99  1.00000E+00  1.00100E+00
p   2    7  1    7  99  1.00000E+00  1.00100E+00
f   2   16  1    7  99  1.00000E+00  1.01000E+00
p   2   16  1    7  99  1.00000E+00  1.01000E+00
f   2    8  1    8  99  1.00000E+00  1.00010E+00
p   2    8  1    8  99  1.00000E+00  1.00010E+00
f   2   17  1    8  99  1.00000E+00  1.00100E+00
p   2   17  1    8  99  1.00000E+00  1.00100E+00
f   2    9  1    9  99  1.00000E+00  1.00010E+00
p   2    9  1    9  99  1.00000E+00  1.00010E+00
f   2   18  1    9  99  1.00000E+00  1.00100E+00
p   2   18  1    9  99  1.00000E+00  1.00100E+00
f   2   10  1   10  99  1.00000E+00  1.00010E+00
p   2   10  1   10  99  1.00000E+00  1.00010E+00
f   2   19  1   10  99  1.00000E+00  1.00010E+00
p   2   19  1   10  99  1.00000E+00  1.00010E+00
a   2   11  1    1   4.25720E+13
a   2   12  1    1   2.56890E+12
a   2   13  1    1   5.27520E+11
a   2   14  1    1   1.62930E+11
a   2   15  1    1   6.32390E+10
a   2   16  1    1   2.92580E+10
a   2   17  1    1   1.50070E+10
a   2   18  1    1   8.32780E+09
a   2   19  1    1   4.91750E+09
