0    1    1         0.000000
0    1    1   barenucl         0.000000  1.00000E+00  1.00000E+00  0.00000E+00  0.00000E+00    1   0  0 0 0 0 0 0 0 0 0 0
1   10   10       217.712997
1    1    2   h_100001         0.000000  2.00000E+00  4.00000E+00  2.17713E+02  0.00000E+00    1   1  1 0 0 0 0 0 0 0 0 0
1    2    3   h_010002       163.289584  8.00000E+00  4.00000E+00  5.44234E+01  1.20294E+11    1   2  0 1 0 0 0 0 0 0 0 0
1    3    4   h_001003       193.524456  1.80000E+01  4.00000E+00  2.41885E+01  2.55682E+10    1   3  0 0 1 0 0 0 0 0 0 0
1    4    5   h_000104       204.107293  3.20000E+01  4.00000E+00  1.36057E+01  7.73140E+09    1   4  0 0 0 1 0 0 0 0 0 0
1    5    6   h_000005       209.005469  5.00000E+01  4.00000E+00  8.70753E+00  2.95977E+09    1   5  0 0 0 0 1 0 0 0 0 0
1    6    7   h_000006       211.666153  7.20000E+01  4.00000E+00  6.04684E+00  1.33007E+09    1   6  0 0 0 0 0 1 0 0 0 0
1    7    8   h_000007       213.270442  9.80000E+01  4.00000E+00  4.44256E+00  6.70473E+08    1   7  0 0 0 0 0 0 1 0 0 0
1    8    9   h_000008       214.311679  1.28000E+02  4.00000E+00  3.40132E+00  3.68437E+08    1   8  0 0 0 0 0 0 0 1 0 0
1    9   10   h_000009       215.025543  1.62000E+02  4.00000E+00  2.68745E+00  2.16452E+08    1   9  0 0 0 0 0 0 0 0 1 0
1   10   11   h_000010       215.536163  2.00000E+02  4.00000E+00  2.17683E+00  1.24291E+08    1  10  0 0 0 0 0 0 0 0 0 1
2   19   10       153.893005
2    1   12   he200001         0.000000  1.00000E+00  3.84375E+00  1.53893E+02  0.00000E+00    1   1  2 0 0 0 0 0 0 0 0 0
2    2   13   he110002       117.272146  1.60000E+01  3.06200E+00  3.66209E+01  2.18470E+10    1   2  1 1 0 0 0 0 0 0 0 0
2    3   14   he101003       140.141854  3.60000E+01  3.01600E+00  1.37512E+01  9.00703E+09    1   3  1 0 1 0 0 0 0 0 0 0
2    4   15   he100104       146.216460  6.40000E+01  3.00460E+00  7.67655E+00  2.51550E+09    1   4  1 0 0 1 0 0 0 0 0 0
2    5   16   he100005       148.985286  1.00000E+02  3.00300E+00  4.90772E+00  9.45726E+08    1   5  1 0 0 0 1 0 0 0 0 0
2    6   17   he100006       150.484883  1.44000E+02  3.00300E+00  3.40812E+00  3.66634E+08    1   6  1 0 0 0 0 1 0 0 0 0
2    7   18   he100007       151.392421  1.96000E+02  3.00100E+00  2.50058E+00  1.88113E+08    1   7  1 0 0 0 0 0 1 0 0 0
2    8   19   he100008       151.979648  2.56000E+02  3.00010E+00  1.91336E+00  1.04417E+08    1   8  1 0 0 0 0 0 0 1 0 0
2    9   20   he100009       152.381219  3.24000E+02  3.00010E+00  1.51179E+00  6.17723E+07    1   9  1 0 0 0 0 0 0 0 1 0
2   10   21   he100010       152.668459  4.00000E+02  3.00010E+00  1.22455E+00  3.52611E+07    1  10  1 0 0 0 0 0 0 0 0 1
2   11   22   he020002       274.950888  2.80000E+01  3.69810E+00  4.22317E+01  7.00680E+13    2   2  0 2 0 0 0 0 0 0 0 0
2   12   23   he011003       302.692227  1.44000E+02  3.09600E+00  1.44904E+01  6.23718E+12    2   3  0 1 1 0 0 0 0 0 0 0
2   13   24   he010104       309.387034  2.56000E+02  3.02780E+00  7.79555E+00  1.47317E+12    2   4  0 1 0 1 0 0 0 0 0 0
2   14   25   he010005       312.277811  4.00000E+02  3.00210E+00  4.90478E+00  5.34819E+11    2   5  0 1 0 0 1 0 0 0 0 0
2   15   26   he010006       313.754008  5.76000E+02  3.01200E+00  3.42858E+00  2.63853E+11    2   6  0 1 0 0 0 1 0 0 0 0
2   16   27   he010007       314.666983  7.84000E+02  3.01000E+00  2.51561E+00  1.67609E+11    2   7  0 1 0 0 0 0 1 0 0 0
2   17   28   he010008       315.268083  1.02400E+03  3.00100E+00  1.91451E+00  1.27251E+11    2   8  0 1 0 0 0 0 0 1 0 0
2   18   29   he010009       315.669895  1.29600E+03  3.00100E+00  1.51269E+00  1.08325E+11    2   9  0 1 0 0 0 0 0 0 1 0
2   19   30   he010010       315.958043  1.60000E+03  3.00010E+00  1.22455E+00  9.86585E+10    2  10  0 1 0 0 0 0 0 0 0 1
3   18    9        18.211000
3    1   31   li210002         0.000000  8.00000E+00  2.12400E+00  1.82110E+01  0.00000E+00    1   2  2 1 0 0 0 0 0 0 0 0
3    2   32   li201003        11.969138  1.80000E+01  2.03200E+00  6.24186E+00  1.54670E+09    1   3  2 0 1 0 0 0 0 0 0 0
3    3   33   li200104        14.778326  3.20000E+01  2.00920E+00  3.43267E+00  4.19117E+08    1   4  2 0 0 1 0 0 0 0 0 0
3    4   34   li200005        16.021089  5.00000E+01  2.00600E+00  2.18991E+00  1.57332E+08    1   5  2 0 0 0 1 0 0 0 0 0
3    5   35   li200006        16.690231  7.20000E+01  2.00600E+00  1.52077E+00  6.19873E+07    1   6  2 0 0 0 0 1 0 0 0 0
3    6   36   li200007        17.098154  9.80000E+01  2.00200E+00  1.11285E+00  3.24089E+07    1   7  2 0 0 0 0 0 1 0 0 0
3    7   37   li200008        17.360509  1.28000E+02  2.00020E+00  8.50491E-01  1.81465E+07    1   8  2 0 0 0 0 0 0 1 0 0
3    8   38   li200009        17.539008  1.62000E+02  2.00020E+00  6.71992E-01  1.07877E+07    1   9  2 0 0 0 0 0 0 0 1 0
3    9   39   li200010        17.666687  2.00000E+02  2.00020E+00  5.44314E-01  6.25052E+06    1  10  2 0 0 0 0 0 0 0 0 1
3   10   40   li120002       113.461265  5.60000E+01  2.76010E+00  2.20219E+01  1.49179E+13    2   2  1 2 0 0 0 0 0 0 0 0
3   11   41   li111003       128.740114  2.88000E+02  2.11200E+00  6.74303E+00  1.23736E+12    2   3  1 1 1 0 0 0 0 0 0 0
3   12   42   li110104       131.970740  5.12000E+02  2.03240E+00  3.51241E+00  2.73818E+11    2   4  1 1 0 1 0 0 0 0 0 0
3   13   43   li110005       133.295200  8.00000E+02  2.00510E+00  2.18795E+00  9.24281E+10    2   5  1 1 0 0 1 0 0 0 0 0
3   14   44   li110006       133.948701  1.15200E+03  2.01500E+00  1.53445E+00  4.19589E+10    2   6  1 1 0 0 0 1 0 0 0 0
3   15   45   li110007       134.360272  1.56800E+03  2.01100E+00  1.12287E+00  2.45471E+10    2   7  1 1 0 0 0 0 1 0 0 0
3   16   46   li110008       134.631890  2.04800E+03  2.00110E+00  8.51257E-01  1.72447E+10    2   8  1 1 0 0 0 0 0 1 0 0
3   17   47   li110009       134.810550  2.59200E+03  2.00110E+00  6.72597E-01  1.38203E+10    2   9  1 1 0 0 0 0 0 0 1 0
3   18   48   li110010       134.938833  3.20000E+03  2.00020E+00  5.44314E-01  1.20713E+10    2  10  1 1 0 0 0 0 0 0 0 1
4   26    9         9.322000
4    1   49   be220002         0.000000  2.80000E+01  1.82210E+00  9.32200E+00  0.00000E+00    1   2  2 2 0 0 0 0 0 0 0 0
4    2   50   be211003         7.398556  1.44000E+02  1.12800E+00  1.92344E+00  1.96839E+08    1   3  2 1 1 0 0 0 0 0 0 0
4    3   51   be210104         8.407591  2.56000E+02  1.03700E+00  9.14408E-01  6.05950E+07    1   4  2 1 0 1 0 0 0 0 0 0
4    4   52   be210005         8.768943  4.00000E+02  1.00810E+00  5.53056E-01  2.06611E+07    1   5  2 1 0 0 1 0 0 0 0 0
4    5   53   be210006         8.930352  5.76000E+02  1.01800E+00  3.91647E-01  4.26811E+06    1   6  2 1 0 0 0 1 0 0 0 0
4    6   54   be210007         9.037641  7.84000E+02  1.01200E+00  2.84359E-01  2.29572E+06    1   7  2 1 0 0 0 0 1 0 0 0
4    7   55   be210008         9.108909  1.02400E+03  1.00120E+00  2.13090E-01  1.31922E+06    1   8  2 1 0 0 0 0 0 1 0 0
4    8   56   be210009         9.153632  1.29600E+03  1.00120E+00  1.68368E-01  7.55467E+05    1   9  2 1 0 0 0 0 0 0 1 0
4    9   57   be210010         9.185867  1.60000E+03  1.00030E+00  1.36133E-01  8.40004E+05    1  10  2 1 0 0 0 0 0 0 0 1
4   10   58   be202003        18.877442  1.53000E+02  1.69200E+00  2.41370E+00  1.01083E+14    2   3  2 0 2 0 0 0 0 0 0 0
4   11   59   be201104        20.274001  5.76000E+02  1.09370E+00  1.01714E+00  1.85431E+13    2   4  2 0 1 1 0 0 0 0 0 0
4   12   60   be201005        20.717819  9.00000E+02  1.02640E+00  5.73318E-01  5.80833E+12    2   5  2 0 1 0 1 0 0 0 0 0
4   13   61   be201006        20.894860  1.29600E+03  1.02400E+00  3.96278E-01  2.30118E+12    2   6  2 0 1 0 0 1 0 0 0 0
4   14   62   be201007        21.004526  1.76400E+03  1.01600E+00  2.86611E-01  1.06499E+12    2   7  2 0 1 0 0 0 1 0 0 0
4   15   63   be201008        21.074199  2.30400E+03  1.01020E+00  2.16938E-01  5.46531E+11    2   8  2 0 1 0 0 0 0 1 0 0
4   16   64   be201009        21.120407  2.91600E+03  1.00820E+00  1.70730E-01  3.03560E+11    2   9  2 0 1 0 0 0 0 0 1 0
4   17   65   be201010        21.155005  3.60000E+03  1.00030E+00  1.36133E-01  1.79483E+11    2  10  2 0 1 0 0 0 0 0 0 1
4   18   66   be130002       112.299320  1.12000E+02  2.45820E+00  1.04839E+01  2.65461E+13   10   2  1 3 0 0 0 0 0 0 0 0
4   19   67   be121003       120.577316  1.00800E+03  1.20800E+00  2.20595E+00  9.57471E+12   10   3  1 2 1 0 0 0 0 0 0 0
4   20   68   be120104       121.827484  1.79200E+03  1.06020E+00  9.55781E-01  8.98967E+12   10   4  1 2 0 1 0 0 0 0 0 0
4   21   69   be120005       122.231196  2.80000E+03  1.00720E+00  5.52069E-01  8.89330E+12   10   5  1 2 0 0 1 0 0 0 0 0
4   22   70   be120006       122.384662  4.03200E+03  1.02700E+00  3.98603E-01  8.86832E+12   10   6  1 2 0 0 0 1 0 0 0 0
4   23   71   be120007       122.493826  5.48800E+03  1.02100E+00  2.89439E-01  8.86024E+12   10   7  1 2 0 0 0 0 1 0 0 0
4   24   72   be120008       122.569792  7.16800E+03  1.00210E+00  2.13473E-01  8.85685E+12   10   8  1 2 0 0 0 0 0 1 0 0
4   25   73   be120009       122.614595  9.07200E+03  1.00210E+00  1.68670E-01  8.85527E+12   10   9  1 2 0 0 0 0 0 0 1 0
4   26   74   be120010       122.647132  1.12000E+04  1.00030E+00  1.36133E-01  8.85446E+12   10  10  1 2 0 0 0 0 0 0 0 1
720
b   1    1  1    2  99  9.75436E-02  1.17502E+00 -2.55773E+01  1.80790E+02  2.00000E+01  4.15500E-01  4.15500E-01
b   1    1  1    3  99  1.44861E-01  9.70352E-01 -1.03849E+01  5.34637E+01  8.52125E+00  7.89900E-02  7.89900E-02
b   1    2  1    3  99  2.82357E-01  9.13519E-02  1.63996E+00 -5.84599E-01  2.10257E+00  6.39900E-01  6.39900E-01
b   1    1  1    4  99  1.50836E-01  9.89397E-01 -9.32153E+00  4.47428E+01  7.81391E+00  2.89500E-02  2.89500E-02
b   1    2  1    4  99  3.08569E-01  3.41716E-01  1.67172E+00 -4.78100E-01  2.13633E+00  1.19200E-01  1.19200E-01
b   1    3  1    4  99  2.77425E-01  1.06447E-01  2.76186E+00 -1.66345E+00  3.42287E+00  8.41000E-01  8.41000E-01
b   1    1  1    5  99  1.54083E-01  9.96633E-01 -8.84428E+00  4.11582E+01  7.49172E+00  1.39200E-02  1.39200E-02
b   1    2  1    5  99  1.85990E-01  1.24163E+00 -1.91178E+01  2.77952E+02  2.00000E+01  4.46300E-02  4.46300E-02
b   1    3  1    5  99  2.87614E-01  5.50596E-01  2.15862E+00 -1.03772E+00  2.92347E+00  1.50400E-01  1.50400E-01
b   1    4  1    5  99  2.48000E-01  2.43109E-01  2.44572E+00 -5.20300E-01  4.08668E+00  1.03700E+00  1.03700E+00
b   1    1  1    6  99  1.56348E-01  1.00009E+00 -8.63507E+00  3.97287E+01  7.34872E+00  7.79100E-03  7.79100E-03
b   1    2  1    6  99  1.85712E-01  1.34197E+00 -1.91376E+01  2.68570E+02  2.00000E+01  2.20800E-02  2.20800E-02
b   1    3  1    6  99  2.98400E-01  7.86391E-01  2.12563E+00 -9.70829E-01  2.88227E+00  5.58000E-02  5.58000E-02
b   1    4  1    6  99  2.75337E-01  6.82426E-01  2.50706E+00 -1.39199E+00  3.57836E+00  1.79100E-01  1.79100E-01
b   1    5  1    6  99  2.25930E-01  3.47955E-01  2.06846E+00 -2.48786E-01  4.11378E+00  1.23000E+00  1.23000E+00
b   1    1  1    7  99  1.56764E-01  1.00520E+00 -8.49522E+00  3.85469E+01  7.23910E+00  4.80800E-03  4.80800E-03
b   1    2  1    7  99  3.26557E-01  5.96611E-01  1.70512E+00 -5.21737E-01  2.12854E+00  1.27000E-02  1.27000E-02
b   1    3  1    7  99  3.05156E-01  9.33937E-01  2.14358E+00 -9.36653E-01  2.91337E+00  2.76800E-02  2.76800E-02
b   1    4  1    7  99  2.88419E-01  9.92531E-01  2.52806E+00 -1.36142E+00  3.56482E+00  6.54600E-02  6.54600E-02
b   1    5  1    7  99  2.56363E-01  8.20259E-01  2.36016E+00 -3.32980E-01  4.30440E+00  2.06700E-01  2.06700E-01
b   1    6  1    7  99  2.12461E-01  4.12385E-01  1.86948E+00 -2.41742E-01  4.08433E+00  1.42200E+00  1.42200E+00
b   1    1  1    8  99  1.54717E-01  1.02431E+00 -8.79256E+00  4.01228E+01  7.43177E+00  3.17800E-03  3.17800E-03
b   1    2  1    8  99  3.27902E-01  6.30613E-01  1.69154E+00 -5.10930E-01  2.11923E+00  8.03400E-03  8.03400E-03
b   1    3  1    8  99  3.11643E-01  1.02053E+00  2.29164E+00 -1.13029E+00  3.01525E+00  1.60400E-02  1.60400E-02
b   1    4  1    8  99  2.96710E-01  1.20636E+00  2.60305E+00 -1.46911E+00  3.61418E+00  3.23100E-02  3.23100E-02
b   1    5  1    8  99  2.72221E-01  1.18457E+00  2.46954E+00 -3.95979E-01  4.33367E+00  7.44800E-02  7.44800E-02
b   1    6  1    8  99  2.41291E-01  9.27459E-01  2.08966E+00 -1.31388E-01  4.28936E+00  2.33800E-01  2.33800E-01
b   1    7  1    8  99  2.01846E-01  4.63645E-01  1.68169E+00 -2.88333E-01  3.95147E+00  1.61400E+00  1.61400E+00
b   1    1  1    9  99  1.57680E-01  1.01234E+00 -8.50027E+00  3.85571E+01  7.24646E+00  2.21000E-03  2.21000E-03
b   1    2  1    9  99  3.28552E-01  6.55887E-01  1.67676E+00 -4.64865E-01  2.13944E+00  5.42500E-03  5.42500E-03
b   1    3  1    9  99  3.13450E-01  1.09778E+00  2.24544E+00 -1.10934E+00  2.95414E+00  1.02400E-02  1.02400E-02
b   1    4  1    9  99  3.01958E-01  1.36411E+00  2.62131E+00 -1.45238E+00  3.63673E+00  1.87300E-02  1.87300E-02
b   1    5  1    9  99  2.81060E-01  1.46297E+00  2.49074E+00 -3.84128E-01  4.34076E+00  3.65200E-02  3.65200E-02
b   1    6  1    9  99  2.57257E-01  1.34258E+00  2.18455E+00 -1.99473E-01  4.30360E+00  8.32000E-02  8.32000E-02
b   1    7  1    9  99  2.30612E-01  1.00321E+00  1.92769E+00 -1.50884E-01  4.27095E+00  2.60500E-01  2.60500E-01
b   1    8  1    9  99  1.94812E-01  4.96201E-01  1.56680E+00 -1.86132E-01  3.97134E+00  1.80500E+00  1.80500E+00
b   1    1  1   10  99  1.58331E-01  1.01096E+00 -8.38678E+00  3.77827E+01  7.16333E+00  1.59700E-03  1.59700E-03
b   1    2  1   10  99  3.29503E-01  6.71768E-01  1.67815E+00 -4.45616E-01  2.14920E+00  3.84200E-03  3.84200E-03
b   1    3  1   10  99  3.15071E-01  1.15384E+00  2.22510E+00 -1.02053E+00  2.97362E+00  6.98200E-03  6.98200E-03
b   1    4  1   10  99  3.04852E-01  1.48751E+00  2.57879E+00 -1.41489E+00  3.58449E+00  1.19900E-02  1.19900E-02
b   1    5  1   10  99  2.86725E-01  1.67734E+00  2.47699E+00 -3.30499E-01  4.31576E+00  2.11100E-02  2.11100E-02
b   1    6  1   10  99  2.67797E-01  1.66568E+00  2.27772E+00 -2.79450E-01  4.37203E+00  4.05200E-02  4.05200E-02
b   1    7  1   10  99  2.45984E-01  1.45913E+00  1.99162E+00 -4.14025E-02  4.34918E+00  9.17800E-02  9.17800E-02
b   1    8  1   10  99  2.22954E-01  1.05663E+00  1.76723E+00 -1.36286E-01  4.17757E+00  2.87000E-01  2.87000E-01
b   1    9  1   10  99  4.36478E-01  9.64096E-01  4.67818E+00  5.66646E+00  6.22957E+00  9.25300E-01  9.25300E-01
f   1    1  0    1  99  1.00000E+00  4.00000E+00
p   1    1  0    1  99  1.00000E+00  4.00000E+00
f   1    2  0    1  99  1.00000E+00  4.00000E+00
p   1    2  0    1  99  1.00000E+00  4.00000E+00
f   1    3  0    1  99  1.00000E+00  4.00000E+00
p   1    3  0    1  99  1.00000E+00  4.00000E+00
f   1    4  0    1  99  1.00000E+00  4.00000E+00
p   1    4  0    1  99  1.00000E+00  4.00000E+00
f   1    5  0    1  99  1.00000E+00  4.00000E+00
p   1    5  0    1  99  1.00000E+00  4.00000E+00
f   1    6  0    1  99  1.00000E+00  4.00000E+00
p   1    6  0    1  99  1.00000E+00  4.00000E+00
f   1    7  0    1  99  1.00000E+00  4.00000E+00
p   1    7  0    1  99  1.00000E+00  4.00000E+00
f   1    8  0    1  99  1.00000E+00  4.00000E+00
p   1    8  0    1  99  1.00000E+00  4.00000E+00
f   1    9  0    1  99  1.00000E+00  4.00000E+00
p   1    9  0    1  99  1.00000E+00  4.00000E+00
f   1   10  0    1  99  1.00000E+00  4.00000E+00
p   1   10  0    1  99  1.00000E+00  4.00000E+00
b   2    1  2    2  99  9.07886E-02  9.78093E-01 -2.19055E+01  1.84637E+02  2.00000E+01  5.85200E-01  5.85200E-01
b   2    1  2    3  99  9.50315E-02  1.07749E+00 -2.12510E+01  1.53348E+02  2.00000E+01  1.28180E-01  1.28180E-01
b   2    2  2    3  99  2.43046E-01  9.83883E-02  1.87655E+00 -8.97532E-01  2.75969E+00  5.91300E-01  5.91300E-01
b   2    1  2    4  99  1.08132E-01  1.07589E+00 -2.29459E+01  1.95854E+02  2.00000E+01  4.90000E-02  4.90000E-02
b   2    2  2    4  99  2.83344E-01  2.61905E-01  2.12087E+00 -9.75013E-01  2.78890E+00  1.17200E-01  1.17200E-01
b   2    3  2    4  99  2.38121E-01  2.08984E-01  2.33023E+00 -5.95636E-01  4.00484E+00  8.19100E-01  8.19100E-01
b   2    1  2    5  99  1.05429E-01  1.06631E+00 -2.18925E+01  1.79486E+02  2.00000E+01  2.40000E-02  2.40000E-02
b   2    2  2    5  99  2.96568E-01  3.63212E-01  2.09772E+00 -8.67012E-01  2.73341E+00  4.48700E-02  4.48700E-02
b   2    3  2    5  99  2.64344E-01  5.50477E-01  2.35788E+00 -1.32706E+00  3.45909E+00  1.49800E-01  1.49800E-01
b   2    4  2    5  99  2.20787E-01  3.47538E-01  1.98845E+00 -2.28097E-01  4.09395E+00  1.02100E+00  1.02100E+00
b   2    1  2    6  99  1.93178E-01  1.28226E+00 -1.51087E+01  8.56968E+01  9.31867E+00  9.59400E-03  9.59400E-03
b   2    2  2    6  99  3.79845E-01  5.89261E-01  2.04147E+00 -7.10737E-01  2.14633E+00  1.84600E-02  1.84600E-02
b   2    3  2    6  99  3.08386E-01  8.02421E-01  2.80435E+00 -1.63131E+00  3.55579E+00  5.24700E-02  5.24700E-02
b   2    4  2    6  99  2.60056E-01  7.90906E-01  2.37760E+00 -4.02450E-01  4.25465E+00  1.72200E-01  1.72200E-01
b   2    5  2    6  99  2.12682E-01  4.42758E-01  1.82588E+00 -2.32659E-01  4.06816E+00  1.19900E+00  1.19900E+00
b   2    1  2    7  99  1.91547E-01  1.27474E+00 -1.47000E+01  8.20903E+01  9.19006E+00  5.96200E-03  5.96200E-03
b   2    2  2    7  99  3.83717E-01  6.28811E-01  2.05851E+00 -7.22244E-01  2.15354E+00  1.07400E-02  1.07400E-02
b   2    3  2    7  99  3.15092E-01  9.47960E-01  2.76972E+00 -1.51942E+00  3.52177E+00  2.62700E-02  2.62700E-02
b   2    4  2    7  99  2.74525E-01  1.09449E+00  2.45651E+00 -3.85415E-01  4.27720E+00  6.33600E-02  6.33600E-02
b   2    5  2    7  99  2.39730E-01  9.34173E-01  2.02045E+00 -1.62331E-01  4.24161E+00  2.01900E-01  2.01900E-01
b   2    6  2    7  99  2.01568E-01  5.00755E-01  1.65412E+00 -1.97412E-01  4.03015E+00  1.40700E+00  1.40700E+00
b   2    1  2    8  99  1.90193E-01  1.27836E+00 -1.49070E+01  8.39542E+01  9.32865E+00  3.96000E-03  3.96000E-03
b   2    2  2    8  99  3.85301E-01  6.58912E-01  2.02845E+00 -7.05274E-01  2.11166E+00  6.84100E-03  6.84100E-03
b   2    3  2    8  99  3.20381E-01  1.03876E+00  2.81584E+00 -1.51697E+00  3.55533E+00  1.53100E-02  1.53100E-02
b   2    4  2    8  99  2.82740E-01  1.30756E+00  2.48309E+00 -3.96876E-01  4.26273E+00  3.14300E-02  3.14300E-02
b   2    5  2    8  99  2.55356E-01  1.29787E+00  2.16213E+00 -1.99516E-01  4.34573E+00  7.29700E-02  7.29700E-02
b   2    6  2    8  99  2.27571E-01  1.02471E+00  1.84784E+00 -1.61338E-01  4.23173E+00  2.31200E-01  2.31200E-01
b   2    7  2    8  99  2.04639E-01  4.81520E-01  2.19077E+00  2.66844E+00  6.24689E+00  1.60200E+00  1.60200E+00
b   2    1  2    9  99  1.90911E-01  1.26885E+00 -1.46994E+01  8.26366E+01  9.24313E+00  2.76200E-03  2.76200E-03
b   2    2  2    9  99  3.87084E-01  6.75535E-01  2.04844E+00 -7.15498E-01  2.13308E+00  4.64100E-03  4.64100E-03
b   2    3  2    9  99  3.22887E-01  1.10837E+00  2.80543E+00 -1.51008E+00  3.54534E+00  9.81500E-03  9.81500E-03
b   2    4  2    9  99  2.88206E-01  1.46040E+00  2.50631E+00 -3.79857E-01  4.27601E+00  1.82800E-02  1.82800E-02
b   2    5  2    9  99  2.64386E-01  1.57233E+00  2.19949E+00 -2.35019E-01  4.32183E+00  3.58600E-02  3.58600E-02
b   2    6  2    9  99  2.41573E-01  1.44418E+00  1.89289E+00 -8.49424E-02  4.25523E+00  8.24100E-02  8.24100E-02
b   2    7  2    9  99  2.19271E-01  1.09032E+00  1.72602E+00 -1.85865E-01  4.20594E+00  2.58500E-01  2.58500E-01
b   2    8  2    9  99  1.60103E-01  9.09485E-01  1.59054E+00  3.12860E+00  7.68886E+00  1.79700E+00  1.79700E+00
b   2    1  2   10  99  1.91177E-01  1.26053E+00 -1.44030E+01  8.02376E+01  9.10672E+00  2.00000E-03  2.00000E-03
b   2    2  2   10  99  3.88127E-01  6.88966E-01  2.05466E+00 -7.01477E-01  2.15051E+00  3.29800E-03  3.29800E-03
b   2    3  2   10  99  3.24527E-01  1.16157E+00  2.76764E+00 -1.44888E+00  3.50497E+00  6.70900E-03  6.70900E-03
b   2    4  2   10  99  2.92340E-01  1.57353E+00  2.53558E+00 -3.54869E-01  4.29861E+00  1.17300E-02  1.17300E-02
b   2    5  2   10  99  2.70686E-01  1.78034E+00  2.24351E+00 -2.44857E-01  4.36053E+00  2.07700E-02  2.07700E-02
b   2    6  2   10  99  2.51129E-01  1.76764E+00  1.97493E+00 -9.60366E-02  4.36952E+00  4.01900E-02  4.01900E-02
b   2    7  2   10  99  2.33478E-01  1.54811E+00  1.76237E+00 -1.02119E-01  4.23327E+00  9.11000E-02  9.11000E-02
b   2    8  2   10  99  2.27410E-01  1.05807E+00  2.42325E+00  3.49847E+00  6.75511E+00  2.85300E-01  2.85300E-01
b   2    9  2   10  99  1.85217E-01  3.77882E+00  3.53800E+00  3.13487E+01  2.00000E+01  8.74100E-01  8.74100E-01
b   2    1  2   11  98  0.00000E+00  0.00000E+00  0.00000E+00  0.00000E+00  0.00000E+00  6.73610E-03  1.34722E-04
b   2    2  2   11  99  9.07886E-02  9.78093E-01 -2.19055E+01  1.84637E+02  2.00000E+01  2.56025E-01  2.56025E-01
b   2    1  2   12  98  0.00000E+00  0.00000E+00  0.00000E+00  0.00000E+00  0.00000E+00  1.51887E-02  3.03774E-04
b   2    2  2   12  99  9.50315E-02  1.07749E+00 -2.12510E+01  1.53348E+02  2.00000E+01  6.40900E-02  6.40900E-02
b   2    3  2   12  99  9.07886E-02  9.78093E-01 -2.19055E+01  1.84637E+02  2.00000E+01  2.92600E-01  2.92600E-01
b   2   11  2   12  99  2.43046E-01  9.83883E-02  1.87655E+00 -8.97532E-01  2.75969E+00  1.18260E+00  1.18260E+00
b   2    1  2   13  98  0.00000E+00  0.00000E+00  0.00000E+00  0.00000E+00  0.00000E+00  2.60438E-02  5.20875E-04
b   2    2  2   13  99  1.08132E-01  1.07589E+00 -2.29459E+01  1.95854E+02  2.00000E+01  2.45000E-02  2.45000E-02
b   2    4  2   13  99  9.07886E-02  9.78093E-01 -2.19055E+01  1.84637E+02  2.00000E+01  2.92600E-01  2.92600E-01
b   2   11  2   13  99  2.83344E-01  2.61905E-01  2.12087E+00 -9.75013E-01  2.78890E+00  2.34400E-01  2.34400E-01
b   2   12  2   13  99  2.38121E-01  2.08984E-01  2.33023E+00 -5.95636E-01  4.00484E+00  8.19100E-01  8.19100E-01
b   2    1  2   14  98  0.00000E+00  0.00000E+00  0.00000E+00  0.00000E+00  0.00000E+00  4.00032E-02  8.00064E-04
b   2    2  2   14  99  1.05429E-01  1.06631E+00 -2.18925E+01  1.79486E+02  2.00000E+01  1.20000E-02  1.20000E-02
b   2    5  2   14  99  9.07886E-02  9.78093E-01 -2.19055E+01  1.84637E+02  2.00000E+01  2.92600E-01  2.92600E-01
b   2   11  2   14  99  2.96568E-01  3.63212E-01  2.09772E+00 -8.67012E-01  2.73341E+00  8.97400E-02  8.97400E-02
b   2   12  2   14  99  2.64344E-01  5.50477E-01  2.35788E+00 -1.32706E+00  3.45909E+00  1.49800E-01  1.49800E-01
b   2   13  2   14  99  2.20787E-01  3.47538E-01  1.98845E+00 -2.28097E-01  4.09395E+00  1.02100E+00  1.02100E+00
b   2    1  2   15  98  0.00000E+00  0.00000E+00  0.00000E+00  0.00000E+00  0.00000E+00  5.70475E-02  1.14095E-03
b   2    2  2   15  99  1.93178E-01  1.28226E+00 -1.51087E+01  8.56968E+01  9.31867E+00  4.79700E-03  4.79700E-03
b   2    6  2   15  99  9.07886E-02  9.78093E-01 -2.19055E+01  1.84637E+02  2.00000E+01  2.92600E-01  2.92600E-01
b   2   11  2   15  99  3.79845E-01  5.89261E-01  2.04147E+00 -7.10737E-01  2.14633E+00  3.69200E-02  3.69200E-02
b   2   12  2   15  99  3.08386E-01  8.02421E-01  2.80435E+00 -1.63131E+00  3.55579E+00  5.24700E-02  5.24700E-02
b   2   13  2   15  99  2.60056E-01  7.90906E-01  2.37760E+00 -4.02450E-01  4.25465E+00  1.72200E-01  1.72200E-01
b   2   14  2   15  99  2.12682E-01  4.42758E-01  1.82588E+00 -2.32659E-01  4.06816E+00  1.19900E+00  1.19900E+00
b   2    1  2   16  98  0.00000E+00  0.00000E+00  0.00000E+00  0.00000E+00  0.00000E+00  7.72032E-02  1.54406E-03
b   2    2  2   16  99  1.91547E-01  1.27474E+00 -1.47000E+01  8.20903E+01  9.19006E+00  2.98100E-03  2.98100E-03
b   2    7  2   16  99  9.07886E-02  9.78093E-01 -2.19055E+01  1.84637E+02  2.00000E+01  2.92600E-01  2.92600E-01
b   2   11  2   16  99  3.83717E-01  6.28811E-01  2.05851E+00 -7.22244E-01  2.15354E+00  2.14800E-02  2.14800E-02
b   2   12  2   16  99  3.15092E-01  9.47960E-01  2.76972E+00 -1.51942E+00  3.52177E+00  2.62700E-02  2.62700E-02
b   2   13  2   16  99  2.74525E-01  1.09449E+00  2.45651E+00 -3.85415E-01  4.27720E+00  6.33600E-02  6.33600E-02
b   2   14  2   16  99  2.39730E-01  9.34173E-01  2.02045E+00 -1.62331E-01  4.24161E+00  2.01900E-01  2.01900E-01
b   2   15  2   16  99  2.01568E-01  5.00755E-01  1.65412E+00 -1.97412E-01  4.03015E+00  1.40700E+00  1.40700E+00
b   2    1  2   17  98  0.00000E+00  0.00000E+00  0.00000E+00  0.00000E+00  0.00000E+00  1.00470E-01  2.00939E-03
b   2    2  2   17  99  1.90193E-01  1.27836E+00 -1.49070E+01  8.39542E+01  9.32865E+00  1.98000E-03  1.98000E-03
b   2    8  2   17  99  9.07886E-02  9.78093E-01 -2.19055E+01  1.84637E+02  2.00000E+01  2.92600E-01  2.92600E-01
b   2   11  2   17  99  3.85301E-01  6.58912E-01  2.02845E+00 -7.05274E-01  2.11166E+00  1.36820E-02  1.36820E-02
b   2   12  2   17  99  3.20381E-01  1.03876E+00  2.81584E+00 -1.51697E+00  3.55533E+00  1.53100E-02  1.53100E-02
b   2   13  2   17  99  2.82740E-01  1.30756E+00  2.48309E+00 -3.96876E-01  4.26273E+00  3.14300E-02  3.14300E-02
b   2   14  2   17  99  2.55356E-01  1.29787E+00  2.16213E+00 -1.99516E-01  4.34573E+00  7.29700E-02  7.29700E-02
b   2   15  2   17  99  2.27571E-01  1.02471E+00  1.84784E+00 -1.61338E-01  4.23173E+00  2.31200E-01  2.31200E-01
b   2   16  2   17  99  2.04639E-01  4.81520E-01  2.19077E+00  2.66844E+00  6.24689E+00  1.60200E+00  1.60200E+00
b   2    1  2   18  98  0.00000E+00  0.00000E+00  0.00000E+00  0.00000E+00  0.00000E+00  1.26834E-01  2.53668E-03
b   2    2  2   18  99  1.90911E-01  1.26885E+00 -1.46994E+01  8.26366E+01  9.24313E+00  1.38100E-03  1.38100E-03
b   2    9  2   18  99  9.07886E-02  9.78093E-01 -2.19055E+01  1.84637E+02  2.00000E+01  2.92600E-01  2.92600E-01
b   2   11  2   18  99  3.87084E-01  6.75535E-01  2.04844E+00 -7.15498E-01  2.13308E+00  9.28200E-03  9.28200E-03
b   2   12  2   18  99  3.22887E-01  1.10837E+00  2.80543E+00 -1.51008E+00  3.54534E+00  9.81500E-03  9.81500E-03
b   2   13  2   18  99  2.88206E-01  1.46040E+00  2.50631E+00 -3.79857E-01  4.27601E+00  1.82800E-02  1.82800E-02
b   2   14  2   18  99  2.64386E-01  1.57233E+00  2.19949E+00 -2.35019E-01  4.32183E+00  3.58600E-02  3.58600E-02
b   2   15  2   18  99  2.41573E-01  1.44418E+00  1.89289E+00 -8.49424E-02  4.25523E+00  8.24100E-02  8.24100E-02
b   2   16  2   18  99  2.19271E-01  1.09032E+00  1.72602E+00 -1.85865E-01  4.20594E+00  2.58500E-01  2.58500E-01
b   2   17  2   18  99  1.60103E-01  9.09485E-01  1.59054E+00  3.12860E+00  7.68886E+00  1.79700E+00  1.79700E+00
b   2    1  2   19  98  0.00000E+00  0.00000E+00  0.00000E+00  0.00000E+00  0.00000E+00  1.56301E-01  3.12602E-03
b   2    2  2   19  99  1.91177E-01  1.26053E+00 -1.44030E+01  8.02376E+01  9.10672E+00  1.00000E-03  1.00000E-03
b   2   10  2   19  99  9.07886E-02  9.78093E-01 -2.19055E+01  1.84637E+02  2.00000E+01  2.92600E-01  2.92600E-01
b   2   11  2   19  99  3.88127E-01  6.88966E-01  2.05466E+00 -7.01477E-01  2.15051E+00  6.59600E-03  6.59600E-03
b   2   12  2   19  99  3.24527E-01  1.16157E+00  2.76764E+00 -1.44888E+00  3.50497E+00  6.70900E-03  6.70900E-03
b   2   13  2   19  99  2.92340E-01  1.57353E+00  2.53558E+00 -3.54869E-01  4.29861E+00  1.17300E-02  1.17300E-02
b   2   14  2   19  99  2.70686E-01  1.78034E+00  2.24351E+00 -2.44857E-01  4.36053E+00  2.07700E-02  2.07700E-02
b   2   15  2   19  99  2.51129E-01  1.76764E+00  1.97493E+00 -9.60366E-02  4.36952E+00  4.01900E-02  4.01900E-02
b   2   16  2   19  99  2.33478E-01  1.54811E+00  1.76237E+00 -1.02119E-01  4.23327E+00  9.11000E-02  9.11000E-02
b   2   17  2   19  99  2.27410E-01  1.05807E+00  2.42325E+00  3.49847E+00  6.75511E+00  2.85300E-01  2.85300E-01
b   2   18  2   19  99  1.85217E-01  3.77882E+00  3.53800E+00  3.13487E+01  2.00000E+01  8.74100E-01  8.74100E-01
f   2    1  1    1  99  2.00000E+00  3.84375E+00
p   2    1  1    1  98  1.95170E+00 -2.39640E+00 -1.31870E-01  5.12280E-04  2.00000E+00  1.47600E+02  1.53600E+02  2.95300E+03
f   2    2  1    1  99  1.00000E+00  3.06200E+00
p   2    2  1    1  99  1.00000E+00  3.06200E+00
f   2    3  1    1  99  1.00000E+00  3.01600E+00
p   2    3  1    1  99  1.00000E+00  3.01600E+00
f   2    4  1    1  99  1.00000E+00  3.00460E+00
p   2    4  1    1  99  1.00000E+00  3.00460E+00
f   2    5  1    1  99  1.00000E+00  3.00300E+00
p   2    5  1    1  99  1.00000E+00  3.00300E+00
f   2    6  1    1  99  1.00000E+00  3.00300E+00
p   2    6  1    1  99  1.00000E+00  3.00300E+00
f   2    7  1    1  99  1.00000E+00  3.00100E+00
p   2    7  1    1  99  1.00000E+00  3.00100E+00
f   2    8  1    1  99  1.00000E+00  3.00010E+00
p   2    8  1    1  99  1.00000E+00  3.00010E+00
f   2    9  1    1  99  1.00000E+00  3.00010E+00
p   2    9  1    1  99  1.00000E+00  3.00010E+00
f   2   10  1    1  99  1.00000E+00  3.00010E+00
p   2   10  1    1  99  1.00000E+00  3.00010E+00
f   2    2  1    2  99  1.00000E+00  3.06200E+00
p   2    2  1    2  98  1.95170E+00 -2.39640E+00 -1.31870E-01  5.12280E-04  2.00000E+00  1.47600E+02  1.53600E+02  2.95300E+03
f   2   11  1    2  99  2.00000E+00  3.69810E+00
p   2   11  1    2  99  2.00000E+00  3.69810E+00
f   2   12  1    2  99  1.00000E+00  3.09600E+00
p   2   12  1    2  99  1.00000E+00  3.09600E+00
f   2   13  1    2  99  1.00000E+00  3.02780E+00
p   2   13  1    2  99  1.00000E+00  3.02780E+00
f   2   14  1    2  99  1.00000E+00  3.00210E+00
p   2   14  1    2  99  1.00000E+00  3.00210E+00
f   2   15  1    2  99  1.00000E+00  3.01200E+00
p   2   15  1    2  99  1.00000E+00  3.01200E+00
f   2   16  1    2  99  1.00000E+00  3.01000E+00
p   2   16  1    2  99  1.00000E+00  3.01000E+00
f   2   17  1    2  99  1.00000E+00  3.00100E+00
p   2   17  1    2  99  1.00000E+00  3.00100E+00
f   2   18  1    2  99  1.00000E+00  3.00100E+00
p   2   18  1    2  99  1.00000E+00  3.00100E+00
f   2   19  1    2  99  1.00000E+00  3.00010E+00
p   2   19  1    2  99  1.00000E+00  3.00010E+00
f   2    3  1    3  99  1.00000E+00  3.01600E+00
p   2    3  1    3  98  1.95170E+00 -2.39640E+00 -1.31870E-01  5.12280E-04  2.00000E+00  1.47600E+02  1.53600E+02  2.95300E+03
f   2   12  1    3  99  1.00000E+00  3.09600E+00
p   2   12  1    3  99  1.00000E+00  3.09600E+00
f   2    4  1    4  99  1.00000E+00  3.00460E+00
p   2    4  1    4  98  1.95170E+00 -2.39640E+00 -1.31870E-01  5.12280E-04  2.00000E+00  1.47600E+02  1.53600E+02  2.95300E+03
f   2   13  1    4  99  1.00000E+00  3.02780E+00
p   2   13  1    4  99  1.00000E+00  3.02780E+00
f   2    5  1    5  99  1.00000E+00  3.00300E+00
p   2    5  1    5  98  1.95170E+00 -2.39640E+00 -1.31870E-01  5.12280E-04  2.00000E+00  1.47600E+02  1.53600E+02  2.95300E+03
f   2   14  1    5  99  1.00000E+00  3.00210E+00
p   2   14  1    5  99  1.00000E+00  3.00210E+00
f   2    6  1    6  99  1.00000E+00  3.00300E+00
p   2    6  1    6  98  1.95170E+00 -2.39640E+00 -1.31870E-01  5.12280E-04  2.00000E+00  1.47600E+02  1.53600E+02  2.95300E+03
f   2   15  1    6  99  1.00000E+00  3.01200E+00
p   2   15  1    6  99  1.00000E+00  3.01200E+00
f   2    7  1    7  99  1.00000E+00  3.00100E+00
p   2    7  1    7  98  1.95170E+00 -2.39640E+00 -1.31870E-01  5.12280E-04  2.00000E+00  1.47600E+02  1.53600E+02  2.95300E+03
f   2   16  1    7  99  1.00000E+00  3.01000E+00
p   2   16  1    7  99  1.00000E+00  3.01000E+00
f   2    8  1    8  99  1.00000E+00  3.00010E+00
p   2    8  1    8  98  1.95170E+00 -2.39640E+00 -1.31870E-01  5.12280E-04  2.00000E+00  1.47600E+02  1.53600E+02  2.95300E+03
f   2   17  1    8  99  1.00000E+00  3.00100E+00
p   2   17  1    8  99  1.00000E+00  3.00100E+00
f   2    9  1    9  99  1.00000E+00  3.00010E+00
p   2    9  1    9  98  1.95170E+00 -2.39640E+00 -1.31870E-01  5.12280E-04  2.00000E+00  1.47600E+02  1.53600E+02  2.95300E+03
f   2   18  1    9  99  1.00000E+00  3.00100E+00
p   2   18  1    9  99  1.00000E+00  3.00100E+00
f   2   10  1   10  99  1.00000E+00  3.00010E+00
p   2   10  1   10  98  1.95170E+00 -2.39640E+00 -1.31870E-01  5.12280E-04  2.00000E+00  1.47600E+02  1.53600E+02  2.95300E+03
f   2   19  1   10  99  1.00000E+00  3.00010E+00
p   2   19  1   10  99  1.00000E+00  3.00010E+00
a   2   11  1    1   6.99100E+13
a   2   12  1    1   6.13490E+12
a   2   13  1    1   1.38390E+12
a   2   14  1    1   4.48470E+11
a   2   15  1    1   1.78600E+11
a   2   16  1    1   8.26300E+10
a   2   17  1    1   4.23820E+10
a   2   18  1    1   2.35190E+10
a   2   19  1    1   1.38880E+10
b   3    1  3    2  99  2.09767E-01  1.71792E-01  1.89767E+00 -1.06345E+00  3.34577E+00  5.59300E-01  5.59300E-01
b   3    1  3    3  99  2.54564E-01  3.18393E-01  2.30512E+00 -1.30654E+00  3.41376E+00  1.10900E-01  1.10900E-01
b   3    2  3    3  99  2.07428E-01  3.57213E-01  1.78217E+00 -1.96975E-01  4.03266E+00  8.09800E-01  8.09800E-01
b   3    1  3    4  99  2.71614E-01  4.02775E-01  2.39683E+00 -1.29646E+00  3.40184E+00  4.26000E-02  4.26000E-02
b   3    2  3    4  99  2.33081E-01  6.91103E-01  2.00526E+00 -2.86008E-01  4.14125E+00  1.46300E-01  1.46300E-01
b   3    3  3    4  99  2.00931E-01  4.73931E-01  1.62448E+00 -2.19278E-01  3.97347E+00  1.02000E+00  1.02000E+00
b   3    1  3    5  99  4.00562E-01  6.42653E-01  2.90240E+00 -1.38287E+00  2.85483E+00  1.61800E-02  1.61800E-02
b   3    2  3    5  99  2.78147E-01  9.78776E-01  2.45019E+00 -3.94145E-01  4.22402E+00  5.01900E-02  5.01900E-02
b   3    3  3    5  99  2.35337E-01  9.49919E-01  1.88978E+00 -1.66554E-01  4.16803E+00  1.68800E-01  1.68800E-01
b   3    4  3    5  99  2.09097E-01  5.02974E-01  2.19138E+00  2.68721E+00  6.21606E+00  1.19800E+00  1.19800E+00
b   3    1  3    6  99  4.05104E-01  6.85663E-01  2.88131E+00 -1.38043E+00  2.80243E+00  9.45000E-03  9.45000E-03
b   3    2  3    6  99  2.85864E-01  1.12057E+00  2.50667E+00 -4.11440E-01  4.25008E+00  2.51200E-02  2.51200E-02
b   3    3  3    6  99  2.48454E-01  1.26051E+00  1.97824E+00 -9.96269E-02  4.26146E+00  6.19000E-02  6.19000E-02
b   3    4  3    6  99  2.22029E-01  1.06368E+00  1.71351E+00 -1.86196E-01  4.15279E+00  1.99800E-01  1.99800E-01
b   3    5  3    6  99  1.62524E-01  9.46741E-01  1.55411E+00  3.00417E+00  7.45311E+00  1.40900E+00  1.40900E+00
b   3    1  3    7  99  4.07965E-01  7.12492E-01  2.88755E+00 -1.37148E+00  2.80409E+00  6.03500E-03  6.03500E-03
b   3    2  3    7  99  2.90544E-01  1.21598E+00  2.52435E+00 -4.43889E-01  4.21911E+00  1.46500E-02  1.46500E-02
b   3    3  3    7  99  2.56593E-01  1.47509E+00  2.03659E+00 -1.46929E-01  4.27642E+00  3.06500E-02  3.06500E-02
b   3    4  3    7  99  2.34444E-01  1.44387E+00  1.75012E+00 -9.62608E-02  4.21057E+00  7.19500E-02  7.19500E-02
b   3    5  3    7  99  2.25779E-01  1.07484E+00  2.35119E+00  3.41532E+00  6.70930E+00  2.29900E-01  2.29900E-01
b   3    6  3    7  99  5.25403E-02  1.98710E+00  1.95507E+00 -4.67542E-01  2.00000E+01  1.60600E+00  1.60600E+00
b   3    1  3    8  99  4.10979E-01  7.24781E-01  2.94759E+00 -1.40221E+00  2.84800E+00  4.10100E-03  4.10100E-03
b   3    2  3    8  99  2.93878E-01  1.28241E+00  2.54473E+00 -4.01554E-01  4.24450E+00  9.39100E-03  9.39100E-03
b   3    3  3    8  99  2.62278E-01  1.62764E+00  2.11152E+00 -1.95663E-01  4.35972E+00  1.78200E-02  1.78200E-02
b   3    4  3    8  99  2.42522E-01  1.72369E+00  1.78775E+00 -7.44672E-02  4.25506E+00  3.53000E-02  3.53000E-02
b   3    5  3    8  99  2.25976E-01  1.56735E+00  1.63805E+00 -1.63982E-01  4.20245E+00  8.17100E-02  8.17100E-02
b   3    6  3    8  99  2.19343E-01  1.13137E+00  2.24472E+00  3.29792E+00  6.76079E+00  2.57500E-01  2.57500E-01
b   3    7  3    8  99 -1.09062E-02  2.55058E+00  2.30662E+00  9.90807E+00  2.00000E+01  1.80100E+00  1.80100E+00
b   3    1  3    9  99  4.12268E-01  7.38925E-01  2.93149E+00 -1.36353E+00  2.83534E+00  2.91800E-03  2.91800E-03
b   3    2  3    9  99  2.96169E-01  1.33186E+00  2.56114E+00 -3.99127E-01  4.25024E+00  6.42100E-03  6.42100E-03
b   3    3  3    9  99  2.65727E-01  1.74525E+00  2.11017E+00 -2.28007E-01  4.30502E+00  1.14300E-02  1.14300E-02
b   3    4  3    9  99  2.48290E-01  1.93517E+00  1.82239E+00 -8.55172E-02  4.28989E+00  2.04300E-02  2.04300E-02
b   3    5  3    9  99  2.34709E-01  1.89521E+00  1.68150E+00 -1.61847E-01  4.23717E+00  3.97800E-02  3.97800E-02
b   3    6  3    9  99  2.35921E-01  1.55936E+00  2.37358E+00  3.72256E+00  6.94950E+00  9.05500E-02  9.05500E-02
b   3    7  3    9  99  3.00204E-01  7.11212E-01  6.05152E+00  1.40144E+01  9.88381E+00  2.84600E-01  2.84600E-01
b   3    8  3    9  99 -2.27246E+01  2.26598E+02  1.31897E+05 -1.97058E+02  3.57048E-01  1.10300E+00  1.10300E+00
b   3    1  3   10  99  1.65652E-01  1.75021E+00 -4.00394E+01  3.50855E+02  2.00000E+01  2.23825E-01  2.23825E-01
b   3    1  3   11  99  1.13930E-01  1.24841E+00 -2.56225E+01  1.99941E+02  2.00000E+01  6.42800E-02  6.42800E-02
b   3    2  3   11  99  1.65652E-01  1.75021E+00 -4.00394E+01  3.50855E+02  2.00000E+01  2.55800E-01  2.55800E-01
b   3   10  3   11  99  2.09767E-01  1.71792E-01  1.89767E+00 -1.06345E+00  3.34577E+00  1.11860E+00  1.11860E+00
b   3    1  3   12  99  1.09287E-01  1.20739E+00 -2.41320E+01  1.82847E+02  2.00000E+01  2.57400E-02  2.57400E-02
b   3    3  3   12  99  1.65652E-01  1.75021E+00 -4.00394E+01  3.50855E+02  2.00000E+01  2.55800E-01  2.55800E-01
b   3   10  3   12  99  2.54564E-01  3.18393E-01  2.30512E+00 -1.30654E+00  3.41376E+00  2.21800E-01  2.21800E-01
b   3   11  3   12  99  2.07428E-01  3.57213E-01  1.78217E+00 -1.96975E-01  4.03266E+00  8.09800E-01  8.09800E-01
b   3    1  3   13  99  1.06112E-01  1.18127E+00 -2.32555E+01  1.72776E+02  2.00000E+01  1.28400E-02  1.28400E-02
b   3    4  3   13  99  1.65652E-01  1.75021E+00 -4.00394E+01  3.50855E+02  2.00000E+01  2.55800E-01  2.55800E-01
b   3   10  3   13  99  2.71614E-01  4.02775E-01  2.39683E+00 -1.29646E+00  3.40184E+00  8.52000E-02  8.52000E-02
b   3   11  3   13  99  2.33081E-01  6.91103E-01  2.00526E+00 -2.86008E-01  4.14125E+00  1.46300E-01  1.46300E-01
b   3   12  3   13  99  2.00931E-01  4.73931E-01  1.62448E+00 -2.19278E-01  3.97347E+00  1.02000E+00  1.02000E+00
b   3    1  3   14  99  1.65786E-01  1.91438E+00 -3.93464E+01  2.79834E+02  2.00000E+01  5.13600E-03  5.13600E-03
b   3    5  3   14  99  1.65652E-01  1.75021E+00 -4.00394E+01  3.50855E+02  2.00000E+01  2.55800E-01  2.55800E-01
b   3   10  3   14  99  4.00562E-01  6.42653E-01  2.90240E+00 -1.38287E+00  2.85483E+00  3.23600E-02  3.23600E-02
b   3   11  3   14  99  2.78147E-01  9.78776E-01  2.45019E+00 -3.94145E-01  4.22402E+00  5.01900E-02  5.01900E-02
b   3   12  3   14  99  2.35337E-01  9.49919E-01  1.88978E+00 -1.66554E-01  4.16803E+00  1.68800E-01  1.68800E-01
b   3   13  3   14  99  2.09097E-01  5.02974E-01  2.19138E+00  2.68721E+00  6.21606E+00  1.19800E+00  1.19800E+00
b   3    1  3   15  99  1.59860E-01  1.85693E+00 -3.76651E+01  2.61912E+02  2.00000E+01  3.20600E-03  3.20600E-03
b   3    6  3   15  99  1.65652E-01  1.75021E+00 -4.00394E+01  3.50855E+02  2.00000E+01  2.55800E-01  2.55800E-01
b   3   10  3   15  99  4.05104E-01  6.85663E-01  2.88131E+00 -1.38043E+00  2.80243E+00  1.89000E-02  1.89000E-02
b   3   11  3   15  99  2.85864E-01  1.12057E+00  2.50667E+00 -4.11440E-01  4.25008E+00  2.51200E-02  2.51200E-02
b   3   12  3   15  99  2.48454E-01  1.26051E+00  1.97824E+00 -9.96269E-02  4.26146E+00  6.19000E-02  6.19000E-02
b   3   13  3   15  99  2.22029E-01  1.06368E+00  1.71351E+00 -1.86196E-01  4.15279E+00  1.99800E-01  1.99800E-01
b   3   14  3   15  99  1.62524E-01  9.46741E-01  1.55411E+00  3.00417E+00  7.45311E+00  1.40900E+00  1.40900E+00
b   3    1  3   16  99  1.58703E-01  1.82042E+00 -3.74093E+01  2.67059E+02  2.00000E+01  2.13200E-03  2.13200E-03
b   3    7  3   16  99  1.65652E-01  1.75021E+00 -4.00394E+01  3.50855E+02  2.00000E+01  2.55800E-01  2.55800E-01
b   3   10  3   16  99  4.07965E-01  7.12492E-01  2.88755E+00 -1.37148E+00  2.80409E+00  1.20700E-02  1.20700E-02
b   3   11  3   16  99  2.90544E-01  1.21598E+00  2.52435E+00 -4.43889E-01  4.21911E+00  1.46500E-02  1.46500E-02
b   3   12  3   16  99  2.56593E-01  1.47509E+00  2.03659E+00 -1.46929E-01  4.27642E+00  3.06500E-02  3.06500E-02
b   3   13  3   16  99  2.34444E-01  1.44387E+00  1.75012E+00 -9.62608E-02  4.21057E+00  7.19500E-02  7.19500E-02
b   3   14  3   16  99  2.25779E-01  1.07484E+00  2.35119E+00  3.41532E+00  6.70930E+00  2.29900E-01  2.29900E-01
b   3   15  3   16  99  5.25403E-02  1.98710E+00  1.95507E+00 -4.67542E-01  2.00000E+01  1.60600E+00  1.60600E+00
b   3    1  3   17  99  1.55538E-01  1.79593E+00 -3.67073E+01  2.59176E+02  2.00000E+01  1.48940E-03  1.48940E-03
b   3    8  3   17  99  1.65652E-01  1.75021E+00 -4.00394E+01  3.50855E+02  2.00000E+01  2.55800E-01  2.55800E-01
b   3   10  3   17  99  4.10979E-01  7.24781E-01  2.94759E+00 -1.40221E+00  2.84800E+00  8.20200E-03  8.20200E-03
b   3   11  3   17  99  2.93878E-01  1.28241E+00  2.54473E+00 -4.01554E-01  4.24450E+00  9.39100E-03  9.39100E-03
b   3   12  3   17  99  2.62278E-01  1.62764E+00  2.11152E+00 -1.95663E-01  4.35972E+00  1.78200E-02  1.78200E-02
b   3   13  3   17  99  2.42522E-01  1.72369E+00  1.78775E+00 -7.44672E-02  4.25506E+00  3.53000E-02  3.53000E-02
b   3   14  3   17  99  2.25976E-01  1.56735E+00  1.63805E+00 -1.63982E-01  4.20245E+00  8.17100E-02  8.17100E-02
b   3   15  3   17  99  2.19343E-01  1.13137E+00  2.24472E+00  3.29792E+00  6.76079E+00  2.57500E-01  2.57500E-01
b   3   16  3   17  99 -1.09062E-02  2.55058E+00  2.30662E+00  9.90807E+00  2.00000E+01  1.80100E+00  1.80100E+00
b   3    1  3   18  99  1.52457E-01  1.77644E+00 -3.59767E+01  2.49427E+02  2.00000E+01  1.07960E-03  1.07960E-03
b   3    9  3   18  99  1.65652E-01  1.75021E+00 -4.00394E+01  3.50855E+02  2.00000E+01  2.55800E-01  2.55800E-01
b   3   10  3   18  99  4.12268E-01  7.38925E-01  2.93149E+00 -1.36353E+00  2.83534E+00  5.83600E-03  5.83600E-03
b   3   11  3   18  99  2.96169E-01  1.33186E+00  2.56114E+00 -3.99127E-01  4.25024E+00  6.42100E-03  6.42100E-03
b   3   12  3   18  99  2.65727E-01  1.74525E+00  2.11017E+00 -2.28007E-01  4.30502E+00  1.14300E-02  1.14300E-02
b   3   13  3   18  99  2.48290E-01  1.93517E+00  1.82239E+00 -8.55172E-02  4.28989E+00  2.04300E-02  2.04300E-02
b   3   14  3   18  99  2.34709E-01  1.89521E+00  1.68150E+00 -1.61847E-01  4.23717E+00  3.97800E-02  3.97800E-02
b   3   15  3   18  99  2.35921E-01  1.55936E+00  2.37358E+00  3.72256E+00  6.94950E+00  9.05500E-02  9.05500E-02
b   3   16  3   18  99  3.00204E-01  7.11212E-01  6.05152E+00  1.40144E+01  9.88381E+00  2.84600E-01  2.84600E-01
b   3   17  3   18  99 -2.27246E+01  2.26598E+02  1.31897E+05 -1.97058E+02  3.57048E-01  1.10300E+00  1.10300E+00
f   3    1  2    1  99  1.00000E+00  2.12400E+00
p   3    1  2    1  98  8.40270E-01 -2.49160E+00  6.27490E-02 -2.26430E-02  1.00000E+00  1.83700E+01  1.91000E+01  3.67000E+02
f   3    2  2    1  99  1.00000E+00  2.03200E+00
p   3    2  2    1  99  1.00000E+00  2.03200E+00
f   3    3  2    1  99  1.00000E+00  2.00920E+00
p   3    3  2    1  99  1.00000E+00  2.00920E+00
f   3    4  2    1  99  1.00000E+00  2.00600E+00
p   3    4  2    1  99  1.00000E+00  2.00600E+00
f   3    5  2    1  99  1.00000E+00  2.00600E+00
p   3    5  2    1  99  1.00000E+00  2.00600E+00
f   3    6  2    1  99  1.00000E+00  2.00200E+00
p   3    6  2    1  99  1.00000E+00  2.00200E+00
f   3    7  2    1  99  1.00000E+00  2.00020E+00
p   3    7  2    1  99  1.00000E+00  2.00020E+00
f   3    8  2    1  99  1.00000E+00  2.00020E+00
p   3    8  2    1  99  1.00000E+00  2.00020E+00
f   3    9  2    1  99  1.00000E+00  2.00020E+00
p   3    9  2    1  99  1.00000E+00  2.00020E+00
f   3    1  2    2  99  2.00000E+00  2.12400E+00
p   3    1  2    2  98  2.16970E+00 -1.94370E+00 -4.48720E-01  6.08360E-02  2.00000E+00  1.27600E+02  1.32700E+02  2.55200E+03
f   3   10  2    2  99  2.00000E+00  2.76010E+00
p   3   10  2    2  98  8.40270E-01 -2.49160E+00  6.27490E-02 -2.26430E-02  1.00000E+00  1.83700E+01  1.91000E+01  3.67000E+02
f   3   11  2    2  99  1.00000E+00  2.11200E+00
p   3   11  2    2  99  1.00000E+00  2.11200E+00
f   3   12  2    2  99  1.00000E+00  2.03240E+00
p   3   12  2    2  99  1.00000E+00  2.03240E+00
f   3   13  2    2  99  1.00000E+00  2.00510E+00
p   3   13  2    2  99  1.00000E+00  2.00510E+00
f   3   14  2    2  99  1.00000E+00  2.01500E+00
p   3   14  2    2  99  1.00000E+00  2.01500E+00
f   3   15  2    2  99  1.00000E+00  2.01100E+00
p   3   15  2    2  99  1.00000E+00  2.01100E+00
f   3   16  2    2  99  1.00000E+00  2.00110E+00
p   3   16  2    2  99  1.00000E+00  2.00110E+00
f   3   17  2    2  99  1.00000E+00  2.00110E+00
p   3   17  2    2  99  1.00000E+00  2.00110E+00
f   3   18  2    2  99  1.00000E+00  2.00020E+00
p   3   18  2    2  99  1.00000E+00  2.00020E+00
f   3    2  2    3  99  2.00000E+00  2.03200E+00
p   3    2  2    3  98  2.16970E+00 -1.94370E+00 -4.48720E-01  6.08360E-02  2.00000E+00  1.27600E+02  1.32700E+02  2.55200E+03
f   3   11  2    3  99  1.00000E+00  2.11200E+00
p   3   11  2    3  98  8.40270E-01 -2.49160E+00  6.27490E-02 -2.26430E-02  1.00000E+00  1.83700E+01  1.91000E+01  3.67000E+02
f   3    3  2    4  99  2.00000E+00  2.00920E+00
p   3    3  2    4  98  2.16970E+00 -1.94370E+00 -4.48720E-01  6.08360E-02  2.00000E+00  1.27600E+02  1.32700E+02  2.55200E+03
f   3   12  2    4  99  1.00000E+00  2.03240E+00
p   3   12  2    4  98  8.40270E-01 -2.49160E+00  6.27490E-02 -2.26430E-02  1.00000E+00  1.83700E+01  1.91000E+01  3.67000E+02
f   3    4  2    5  99  2.00000E+00  2.00600E+00
p   3    4  2    5  98  2.16970E+00 -1.94370E+00 -4.48720E-01  6.08360E-02  2.00000E+00  1.27600E+02  1.32700E+02  2.55200E+03
f   3   13  2    5  99  1.00000E+00  2.00510E+00
p   3   13  2    5  98  8.40270E-01 -2.49160E+00  6.27490E-02 -2.26430E-02  1.00000E+00  1.83700E+01  1.91000E+01  3.67000E+02
f   3    5  2    6  99  2.00000E+00  2.00600E+00
p   3    5  2    6  98  2.16970E+00 -1.94370E+00 -4.48720E-01  6.08360E-02  2.00000E+00  1.27600E+02  1.32700E+02  2.55200E+03
f   3   14  2    6  99  1.00000E+00  2.01500E+00
p   3   14  2    6  98  8.40270E-01 -2.49160E+00  6.27490E-02 -2.26430E-02  1.00000E+00  1.83700E+01  1.91000E+01  3.67000E+02
f   3    6  2    7  99  2.00000E+00  2.00200E+00
p   3    6  2    7  98  2.16970E+00 -1.94370E+00 -4.48720E-01  6.08360E-02  2.00000E+00  1.27600E+02  1.32700E+02  2.55200E+03
f   3   15  2    7  99  1.00000E+00  2.01100E+00
p   3   15  2    7  98  8.40270E-01 -2.49160E+00  6.27490E-02 -2.26430E-02  1.00000E+00  1.83700E+01  1.91000E+01  3.67000E+02
f   3    7  2    8  99  2.00000E+00  2.00020E+00
p   3    7  2    8  98  2.16970E+00 -1.94370E+00 -4.48720E-01  6.08360E-02  2.00000E+00  1.27600E+02  1.32700E+02  2.55200E+03
f   3   16  2    8  99  1.00000E+00  2.00110E+00
p   3   16  2    8  98  8.40270E-01 -2.49160E+00  6.27490E-02 -2.26430E-02  1.00000E+00  1.83700E+01  1.91000E+01  3.67000E+02
f   3    8  2    9  99  2.00000E+00  2.00020E+00
p   3    8  2    9  98  2.16970E+00 -1.94370E+00 -4.48720E-01  6.08360E-02  2.00000E+00  1.27600E+02  1.32700E+02  2.55200E+03
f   3   17  2    9  99  1.00000E+00  2.00110E+00
p   3   17  2    9  98  8.40270E-01 -2.49160E+00  6.27490E-02 -2.26430E-02  1.00000E+00  1.83700E+01  1.91000E+01  3.67000E+02
f   3    9  2   10  99  2.00000E+00  2.00020E+00
p   3    9  2   10  98  2.16970E+00 -1.94370E+00 -4.48720E-01  6.08360E-02  2.00000E+00  1.27600E+02  1.32700E+02  2.55200E+03
f   3   18  2   10  99  1.00000E+00  2.00020E+00
p   3   18  2   10  98  8.40270E-01 -2.49160E+00  6.27490E-02 -2.26430E-02  1.00000E+00  1.83700E+01  1.91000E+01  3.67000E+02
f   3   10  2   11  99  1.00000E+00  2.76010E+00
p   3   10  2   11  98  2.16970E+00 -1.94370E+00 -4.48720E-01  6.08360E-02  2.00000E+00  1.27600E+02  1.32700E+02  2.55200E+03
f   3   11  2   12  99  1.00000E+00  2.11200E+00
p   3   11  2   12  98  2.16970E+00 -1.94370E+00 -4.48720E-01  6.08360E-02  2.00000E+00  1.27600E+02  1.32700E+02  2.55200E+03
f   3   12  2   13  99  1.00000E+00  2.03240E+00
p   3   12  2   13  98  2.16970E+00 -1.94370E+00 -4.48720E-01  6.08360E-02  2.00000E+00  1.27600E+02  1.32700E+02  2.55200E+03
f   3   13  2   14  99  1.00000E+00  2.00510E+00
p   3   13  2   14  98  2.16970E+00 -1.94370E+00 -4.48720E-01  6.08360E-02  2.00000E+00  1.27600E+02  1.32700E+02  2.55200E+03
f   3   14  2   15  99  1.00000E+00  2.01500E+00
p   3   14  2   15  98  2.16970E+00 -1.94370E+00 -4.48720E-01  6.08360E-02  2.00000E+00  1.27600E+02  1.32700E+02  2.55200E+03
f   3   15  2   16  99  1.00000E+00  2.01100E+00
p   3   15  2   16  98  2.16970E+00 -1.94370E+00 -4.48720E-01  6.08360E-02  2.00000E+00  1.27600E+02  1.32700E+02  2.55200E+03
f   3   16  2   17  99  1.00000E+00  2.00110E+00
p   3   16  2   17  98  2.16970E+00 -1.94370E+00 -4.48720E-01  6.08360E-02  2.00000E+00  1.27600E+02  1.32700E+02  2.55200E+03
f   3   17  2   18  99  1.00000E+00  2.00110E+00
p   3   17  2   18  98  2.16970E+00 -1.94370E+00 -4.48720E-01  6.08360E-02  2.00000E+00  1.27600E+02  1.32700E+02  2.55200E+03
f   3   18  2   19  99  1.00000E+00  2.00020E+00
p   3   18  2   19  98  2.16970E+00 -1.94370E+00 -4.48720E-01  6.08360E-02  2.00000E+00  1.27600E+02  1.32700E+02  2.55200E+03
a   3   10  2    1   1.49000E+13
a   3   11  2    1   1.22440E+12
a   3   12  2    1   2.63410E+11
a   3   13  2    1   8.25800E+10
a   3   14  2    1   3.23120E+10
a   3   15  2    1   1.49495E+10
a   3   16  2    1   7.66800E+09
a   3   17  2    1   4.25510E+09
a   3   18  2    1   2.51260E+09
b   4    1  4    2  99  1.86154E-01  6.05824E-02  1.44387E+00 -4.73016E+01  2.00000E+01  4.25800E-01  4.25800E-01
b   4    1  4    3  99  2.55902E-01  2.88205E-02  3.83497E+00 -7.92910E+01  2.00000E+01  1.23620E-01  1.23620E-01
b   4    2  4    3  99  1.61371E-01  6.16580E-02  1.43369E+00 -4.96677E+01  2.00000E+01  7.67200E-01  7.67200E-01
b   4    1  4    4  99  2.54576E-01  1.72802E-01 -4.71805E-01  9.89200E-02  2.23651E+00  5.54000E-02  5.54000E-02
b   4    2  4    4  99  2.22089E-01  2.90458E-01 -5.19309E-01  4.09124E-02  1.00824E+00  1.34500E-01  1.34500E-01
b   4    3  4    4  99  2.07944E-01  6.59709E-02 -6.02639E-01  1.30954E+00  1.89052E+00  1.03600E+00  1.03600E+00
b   4    1  4    5  99  8.72812E-01  3.76452E-01  4.04353E+00 -1.39849E+02  1.50982E+01  1.13360E-02  1.13360E-02
b   4    2  4    5  99  5.55127E-01  7.12853E-01 -1.73119E+00  1.21496E-01  1.65488E+00  3.01800E-02  3.01800E-02
b   4    3  4    5  99  3.00753E-01  6.82843E-01 -1.45846E+00  5.87017E-02  1.25822E+00  1.35700E-01  1.35700E-01
b   4    4  4    5  99  2.76303E-01  3.00225E-02 -6.66148E-01  1.58022E+00  1.54428E+00  1.11300E+00  1.11300E+00
b   4    1  4    6  99  8.73136E-01  1.75660E-01  1.20497E+01 -2.92255E+02  2.00000E+01  6.93800E-03  6.93800E-03
b   4    2  4    6  99  5.83979E-01  8.48593E-01 -1.77710E+00  1.14009E-01  1.27955E+00  1.57600E-02  1.57600E-02
b   4    3  4    6  99  3.20000E-01  1.03775E+00 -1.66378E+00  5.12871E-02  6.96499E-01  5.02500E-02  5.02500E-02
b   4    4  4    6  99  2.85683E-01  7.17706E-01 -1.71625E+00  5.59469E-02  1.49061E+00  1.78200E-01  1.78200E-01
b   4    5  4    6  99  3.11985E-01 -1.71757E-01  1.96907E-01  2.67665E-02  2.04793E-01  1.39100E+00  1.39100E+00
b   4    1  4    7  99  8.60194E-01  1.31222E-01  1.32790E+01 -2.98748E+02  2.00000E+01  4.56400E-03  4.56400E-03
b   4    2  4    7  99  6.00171E-01  9.40328E-01 -1.82656E+00  1.11425E-01  1.10970E+00  9.42800E-03  9.42800E-03
b   4    3  4    7  99  3.33052E-01  1.26883E+00 -1.78566E+00  4.99703E-02  4.92614E-01  2.51500E-02  2.51500E-02
b   4    4  4    7  99  2.84771E-01  1.18834E+00 -2.04089E+00  1.11380E-01  7.57726E-01  6.39400E-02  6.39400E-02
b   4    5  4    7  99  8.81877E-01 -1.27350E+00  7.27971E+00 -1.23389E+00  4.48548E+00  2.18800E-01  2.18800E-01
b   4    6  4    7  99  1.73806E+00 -4.70472E+00  1.51029E+01 -3.04839E+00  2.00163E+00  1.60400E+00  1.60400E+00
b   4    1  4    8  99  8.84786E-01  9.11621E-02  1.51216E+01 -3.18864E+02  2.00000E+01  3.16600E-03  3.16600E-03
b   4    2  4    8  99  6.23582E-01  1.02462E+00 -1.90692E+00  1.09965E-01  1.01941E+00  6.16000E-03  6.16000E-03
b   4    3  4    8  99  3.50591E-01  1.44218E+00 -1.89679E+00  5.19139E-02  3.97101E-01  1.47900E-02  1.47900E-02
b   4    4  4    8  99  3.02699E-01  1.49491E+00 -2.22817E+00  5.59876E-02  5.55583E-01  3.16000E-02  3.16000E-02
b   4    5  4    8  99  8.68313E-01 -1.79692E+00  6.00826E+01 -4.47651E+02  2.00000E+01  7.99900E-02  7.99900E-02
b   4    6  4    8  99  1.27121E+00 -2.32591E+00  6.89258E+00 -1.17219E-01  1.94376E+00  2.70500E-01  2.70500E-01
b   4    7  4    8  99  2.52300E-01  6.52992E+00 -3.40765E+02  4.27509E+03  2.00000E+01  1.58900E+00  1.58900E+00
b   4    1  4    9  99  6.81976E+02  4.66856E+04 -2.23296E+06  2.63019E+07  2.00000E+01  2.28200E-03  2.28200E-03
b   4    2  4    9  99  1.23752E+02  1.22304E+03 -3.07818E+04  1.76525E+05  7.84065E+00  4.25300E-03  4.25300E-03
b   4    3  4    9  99 -3.00369E+00  7.75768E+01 -5.30963E+02  9.13579E+02  2.47846E+00  9.54900E-03  9.54900E-03
b   4    4  4    9  99  9.72144E-01  3.39198E+00 -2.97029E+00  5.98663E-01 -8.00000E-01  1.76700E-02  1.76700E-02
b   4    5  4    9  99  5.93690E-01  2.46263E-01  1.18037E+01 -5.36923E+01  3.25510E+00  3.65800E-02  3.65800E-02
b   4    6  4    9  99  3.64158E+00 -8.78715E+00  3.08714E+01 -6.31774E+00  2.30414E+00  8.26500E-02  8.26500E-02
b   4    7  4    9  99  4.67941E-01  1.16880E+01 -5.94684E+02  7.33020E+03  2.00000E+01  2.71300E-01  2.71300E-01
b   4    8  4    9  99  1.78165E-02  5.77596E-01 -2.94239E+01  3.63099E+02  2.00000E+01  1.22100E+01  1.22100E+01
b   4    1  4   10  98  0.00000E+00  0.00000E+00  0.00000E+00  0.00000E+00  0.00000E+00  1.91179E-03  3.82358E-05
b   4    2  4   10  99  1.86154E-01  6.05824E-02  1.44387E+00 -4.73016E+01  2.00000E+01  2.01072E-01  2.01072E-01
b   4    1  4   11  98  0.00000E+00  0.00000E+00  0.00000E+00  0.00000E+00  0.00000E+00  3.33417E-03  6.66833E-05
b   4    2  4   11  99  2.55902E-01  2.88205E-02  3.83497E+00 -7.92910E+01  2.00000E+01  6.18100E-02  6.18100E-02
b   4    3  4   11  99  1.86154E-01  6.05824E-02  1.44387E+00 -4.73016E+01  2.00000E+01  2.12900E-01  2.12900E-01
b   4   10  4   11  99  1.61371E-01  6.16580E-02  1.43369E+00 -4.96677E+01  2.00000E+01  1.53440E+00  1.53440E+00
b   4    1  4   12  98  0.00000E+00  0.00000E+00  0.00000E+00  0.00000E+00  0.00000E+00  5.05841E-03  1.01168E-04
b   4    2  4   12  99  2.54576E-01  1.72802E-01 -4.71805E-01  9.89200E-02  2.23651E+00  2.77000E-02  2.77000E-02
b   4    4  4   12  99  1.86154E-01  6.05824E-02  1.44387E+00 -4.73016E+01  2.00000E+01  2.12900E-01  2.12900E-01
b   4   10  4   12  99  2.22089E-01  2.90458E-01 -5.19309E-01  4.09124E-02  1.00824E+00  2.69000E-01  2.69000E-01
b   4   11  4   12  99  2.07944E-01  6.59709E-02 -6.02639E-01  1.30954E+00  1.89052E+00  1.03600E+00  1.03600E+00
b   4    1  4   13  98  0.00000E+00  0.00000E+00  0.00000E+00  0.00000E+00  0.00000E+00  7.17994E-03  1.43599E-04
b   4    2  4   13  99  8.72812E-01  3.76452E-01  4.04353E+00 -1.39849E+02  1.50982E+01  5.66800E-03  5.66800E-03
b   4    5  4   13  99  1.86154E-01  6.05824E-02  1.44387E+00 -4.73016E+01  2.00000E+01  2.12900E-01  2.12900E-01
b   4   10  4   13  99  5.55127E-01  7.12853E-01 -1.73119E+00  1.21496E-01  1.65488E+00  6.03600E-02  6.03600E-02
b   4   11  4   13  99  3.00753E-01  6.82843E-01 -1.45846E+00  5.87017E-02  1.25822E+00  1.35700E-01  1.35700E-01
b   4   12  4   13  99  2.76303E-01  3.00225E-02 -6.66148E-01  1.58022E+00  1.54428E+00  1.11300E+00  1.11300E+00
b   4    1  4   14  98  0.00000E+00  0.00000E+00  0.00000E+00  0.00000E+00  0.00000E+00  9.67476E-03  1.93495E-04
b   4    2  4   14  99  8.73136E-01  1.75660E-01  1.20497E+01 -2.92255E+02  2.00000E+01  3.46900E-03  3.46900E-03
b   4    6  4   14  99  1.86154E-01  6.05824E-02  1.44387E+00 -4.73016E+01  2.00000E+01  2.12900E-01  2.12900E-01
b   4   10  4   14  99  5.83979E-01  8.48593E-01 -1.77710E+00  1.14009E-01  1.27955E+00  3.15200E-02  3.15200E-02
b   4   11  4   14  99  3.20000E-01  1.03775E+00 -1.66378E+00  5.12871E-02  6.96499E-01  5.02500E-02  5.02500E-02
b   4   12  4   14  99  2.85683E-01  7.17706E-01 -1.71625E+00  5.59469E-02  1.49061E+00  1.78200E-01  1.78200E-01
b   4   13  4   14  99  3.11985E-01 -1.71757E-01  1.96907E-01  2.67665E-02  2.04793E-01  1.39100E+00  1.39100E+00
b   4    1  4   15  98  0.00000E+00  0.00000E+00  0.00000E+00  0.00000E+00  0.00000E+00  1.25497E-02  2.50993E-04
b   4    2  4   15  99  8.60194E-01  1.31222E-01  1.32790E+01 -2.98748E+02  2.00000E+01  2.28200E-03  2.28200E-03
b   4    7  4   15  99  1.86154E-01  6.05824E-02  1.44387E+00 -4.73016E+01  2.00000E+01  2.12900E-01  2.12900E-01
b   4   10  4   15  99  6.00171E-01  9.40328E-01 -1.82656E+00  1.11425E-01  1.10970E+00  1.88560E-02  1.88560E-02
b   4   11  4   15  99  3.33052E-01  1.26883E+00 -1.78566E+00  4.99703E-02  4.92614E-01  2.51500E-02  2.51500E-02
b   4   12  4   15  99  2.84771E-01  1.18834E+00 -2.04089E+00  1.11380E-01  7.57726E-01  6.39400E-02  6.39400E-02
b   4   13  4   15  99  8.81877E-01 -1.27350E+00  7.27971E+00 -1.23389E+00  4.48548E+00  2.18800E-01  2.18800E-01
b   4   14  4   15  99  1.73806E+00 -4.70472E+00  1.51029E+01 -3.04839E+00  2.00163E+00  1.60400E+00  1.60400E+00
b   4    1  4   16  98  0.00000E+00  0.00000E+00  0.00000E+00  0.00000E+00  0.00000E+00  1.58177E-02  3.16353E-04
b   4    2  4   16  99  8.84786E-01  9.11621E-02  1.51216E+01 -3.18864E+02  2.00000E+01  1.58300E-03  1.58300E-03
b   4    8  4   16  99  1.86154E-01  6.05824E-02  1.44387E+00 -4.73016E+01  2.00000E+01  2.12900E-01  2.12900E-01
b   4   10  4   16  99  6.23582E-01  1.02462E+00 -1.90692E+00  1.09965E-01  1.01941E+00  1.23200E-02  1.23200E-02
b   4   11  4   16  99  3.50591E-01  1.44218E+00 -1.89679E+00  5.19139E-02  3.97101E-01  1.47900E-02  1.47900E-02
b   4   12  4   16  99  3.02699E-01  1.49491E+00 -2.22817E+00  5.59876E-02  5.55583E-01  3.16000E-02  3.16000E-02
b   4   13  4   16  99  8.68313E-01 -1.79692E+00  6.00826E+01 -4.47651E+02  2.00000E+01  7.99900E-02  7.99900E-02
b   4   14  4   16  99  1.27121E+00 -2.32591E+00  6.89258E+00 -1.17219E-01  1.94376E+00  2.70500E-01  2.70500E-01
b   4   15  4   16  99  2.52300E-01  6.52992E+00 -3.40765E+02  4.27509E+03  2.00000E+01  1.58900E+00  1.58900E+00
b   4    1  4   17  98  0.00000E+00  0.00000E+00  0.00000E+00  0.00000E+00  0.00000E+00  1.94718E-02  3.89437E-04
b   4    2  4   17  99  6.81976E+02  4.66856E+04 -2.23296E+06  2.63019E+07  2.00000E+01  1.14100E-03  1.14100E-03
b   4    9  4   17  99  1.86154E-01  6.05824E-02  1.44387E+00 -4.73016E+01  2.00000E+01  2.12900E-01  2.12900E-01
b   4   10  4   17  99  1.23752E+02  1.22304E+03 -3.07818E+04  1.76525E+05  7.84065E+00  8.50600E-03  8.50600E-03
b   4   11  4   17  99 -3.00369E+00  7.75768E+01 -5.30963E+02  9.13579E+02  2.47846E+00  9.54900E-03  9.54900E-03
b   4   12  4   17  99  9.72144E-01  3.39198E+00 -2.97029E+00  5.98663E-01 -8.00000E-01  1.76700E-02  1.76700E-02
b   4   13  4   17  99  5.93690E-01  2.46263E-01  1.18037E+01 -5.36923E+01  3.25510E+00  3.65800E-02  3.65800E-02
b   4   14  4   17  99  3.64158E+00 -8.78715E+00  3.08714E+01 -6.31774E+00  2.30414E+00  8.26500E-02  8.26500E-02
b   4   15  4   17  99  4.67941E-01  1.16880E+01 -5.94684E+02  7.33020E+03  2.00000E+01  2.71300E-01  2.71300E-01
b   4   16  4   17  99  1.78165E-02  5.77596E-01 -2.94239E+01  3.63099E+02  2.00000E+01  1.22100E+01  1.22100E+01
b   4    1  4   18  99  7.27716E-01 -1.36280E-01  1.11084E-01 -1.79417E-02 -8.00000E-01  9.64350E-02  9.64350E-02
b   4    1  4   19  99  3.33137E-01 -1.95474E-02  3.10885E-02 -5.25108E-03 -8.00000E-01  2.50200E-02  2.50200E-02
b   4    2  4   19  99  7.27716E-01 -1.36280E-01  1.11084E-01 -1.79417E-02 -8.00000E-01  1.12507E-01  1.12507E-01
b   4   18  4   19  99  1.86154E-01  6.05824E-02  1.44387E+00 -4.73016E+01  2.00000E+01  6.38700E-01  6.38700E-01
b   4    1  4   20  99  3.35145E-01 -2.01397E-02  3.09794E-02 -5.19216E-03 -8.00000E-01  9.32600E-03  9.32600E-03
b   4    3  4   20  99  7.27716E-01 -1.36280E-01  1.11084E-01 -1.79417E-02 -8.00000E-01  1.12507E-01  1.12507E-01
b   4   18  4   20  99  2.55902E-01  2.88205E-02  3.83497E+00 -7.92910E+01  2.00000E+01  1.85430E-01  1.85430E-01
b   4   19  4   20  99  1.61371E-01  6.16580E-02  1.43369E+00 -4.96677E+01  2.00000E+01  7.67200E-01  7.67200E-01
b   4    1  4   21  99  3.33792E-01 -2.03290E-02  3.05714E-02 -5.08523E-03 -8.00000E-01  4.48600E-03  4.48600E-03
b   4    4  4   21  99  7.27716E-01 -1.36280E-01  1.11084E-01 -1.79417E-02 -8.00000E-01  1.12507E-01  1.12507E-01
b   4   18  4   21  99  2.54576E-01  1.72802E-01 -4.71805E-01  9.89200E-02  2.23651E+00  8.31000E-02  8.31000E-02
b   4   19  4   21  99  2.22089E-01  2.90458E-01 -5.19309E-01  4.09124E-02  1.00824E+00  1.34500E-01  1.34500E-01
b   4   20  4   21  99  2.07944E-01  6.59709E-02 -6.02639E-01  1.30954E+00  1.89052E+00  1.03600E+00  1.03600E+00
b   4    1  4   22  99  5.62360E-01 -1.01583E-01  8.31074E-02 -1.34207E-02 -8.00000E-01  1.74640E-03  1.74640E-03
b   4    5  4   22  99  7.27716E-01 -1.36280E-01  1.11084E-01 -1.79417E-02 -8.00000E-01  1.12507E-01  1.12507E-01
b   4   18  4   22  99  8.72812E-01  3.76452E-01  4.04353E+00 -1.39849E+02  1.50982E+01  1.70040E-02  1.70040E-02
b   4   19  4   22  99  5.55127E-01  7.12853E-01 -1.73119E+00  1.21496E-01  1.65488E+00  3.01800E-02  3.01800E-02
b   4   20  4   22  99  3.00753E-01  6.82843E-01 -1.45846E+00  5.87017E-02  1.25822E+00  1.35700E-01  1.35700E-01
b   4   21  4   22  99  2.76303E-01  3.00225E-02 -6.66148E-01  1.58022E+00  1.54428E+00  1.11300E+00  1.11300E+00
b   4    1  4   23  99  4.05519E-01 -5.42506E-02  5.12572E-02 -8.38835E-03 -8.00000E-01  1.07200E-03  1.07200E-03
b   4    6  4   23  99  7.27716E-01 -1.36280E-01  1.11084E-01 -1.79417E-02 -8.00000E-01  1.12507E-01  1.12507E-01
b   4   18  4   23  99  8.73136E-01  1.75660E-01  1.20497E+01 -2.92255E+02  2.00000E+01  1.04070E-02  1.04070E-02
b   4   19  4   23  99  5.83979E-01  8.48593E-01 -1.77710E+00  1.14009E-01  1.27955E+00  1.57600E-02  1.57600E-02
b   4   20  4   23  99  3.20000E-01  1.03775E+00 -1.66378E+00  5.12871E-02  6.96499E-01  5.02500E-02  5.02500E-02
b   4   21  4   23  99  2.85683E-01  7.17706E-01 -1.71625E+00  5.59469E-02  1.49061E+00  1.78200E-01  1.78200E-01
b   4   22  4   23  99  3.11985E-01 -1.71757E-01  1.96907E-01  2.67665E-02  2.04793E-01  1.39100E+00  1.39100E+00
b   4    1  4   24  99  6.30292E-01 -1.17931E-01  9.44972E-02 -1.51857E-02 -8.00000E-01  7.04600E-04  7.04600E-04
b   4    7  4   24  99  7.27716E-01 -1.36280E-01  1.11084E-01 -1.79417E-02 -8.00000E-01  1.12507E-01  1.12507E-01
b   4   18  4   24  99  8.60194E-01  1.31222E-01  1.32790E+01 -2.98748E+02  2.00000E+01  6.84600E-03  6.84600E-03
b   4   19  4   24  99  6.00171E-01  9.40328E-01 -1.82656E+00  1.11425E-01  1.10970E+00  9.42800E-03  9.42800E-03
b   4   20  4   24  99  3.33052E-01  1.26883E+00 -1.78566E+00  4.99703E-02  4.92614E-01  2.51500E-02  2.51500E-02
b   4   21  4   24  99  2.84771E-01  1.18834E+00 -2.04089E+00  1.11380E-01  7.57726E-01  6.39400E-02  6.39400E-02
b   4   22  4   24  99  8.81877E-01 -1.27350E+00  7.27971E+00 -1.23389E+00  4.48548E+00  2.18800E-01  2.18800E-01
b   4   23  4   24  99  1.73806E+00 -4.70472E+00  1.51029E+01 -3.04839E+00  2.00163E+00  1.60400E+00  1.60400E+00
b   4    1  4   25  99  5.11142E-01 -1.06043E-01  8.08826E-02 -1.29061E-02 -8.00000E-01  4.87600E-04  4.87600E-04
b   4    8  4   25  99  7.27716E-01 -1.36280E-01  1.11084E-01 -1.79417E-02 -8.00000E-01  1.12507E-01  1.12507E-01
b   4   18  4   25  99  8.84786E-01  9.11621E-02  1.51216E+01 -3.18864E+02  2.00000E+01  4.74900E-03  4.74900E-03
b   4   19  4   25  99  6.23582E-01  1.02462E+00 -1.90692E+00  1.09965E-01  1.01941E+00  6.16000E-03  6.16000E-03
b   4   20  4   25  99  3.50591E-01  1.44218E+00 -1.89679E+00  5.19139E-02  3.97101E-01  1.47900E-02  1.47900E-02
b   4   21  4   25  99  3.02699E-01  1.49491E+00 -2.22817E+00  5.59876E-02  5.55583E-01  3.16000E-02  3.16000E-02
b   4   22  4   25  99  8.68313E-01 -1.79692E+00  6.00826E+01 -4.47651E+02  2.00000E+01  7.99900E-02  7.99900E-02
b   4   23  4   25  99  1.27121E+00 -2.32591E+00  6.89258E+00 -1.17219E-01  1.94376E+00  2.70500E-01  2.70500E-01
b   4   24  4   25  99  2.52300E-01  6.52992E+00 -3.40765E+02  4.27509E+03  2.00000E+01  1.58900E+00  1.58900E+00
b   4    1  4   26  99  7.42547E+01  5.47989E+03 -2.60209E+05  3.04758E+06  2.00000E+01  3.51000E-04  3.51000E-04
b   4    9  4   26  99  7.27716E-01 -1.36280E-01  1.11084E-01 -1.79417E-02 -8.00000E-01  1.12507E-01  1.12507E-01
b   4   18  4   26  99  6.81976E+02  4.66856E+04 -2.23296E+06  2.63019E+07  2.00000E+01  3.42300E-03  3.42300E-03
b   4   19  4   26  99  1.23752E+02  1.22304E+03 -3.07818E+04  1.76525E+05  7.84065E+00  4.25300E-03  4.25300E-03
b   4   20  4   26  99 -3.00369E+00  7.75768E+01 -5.30963E+02  9.13579E+02  2.47846E+00  9.54900E-03  9.54900E-03
b   4   21  4   26  99  9.72144E-01  3.39198E+00 -2.97029E+00  5.98663E-01 -8.00000E-01  1.76700E-02  1.76700E-02
b   4   22  4   26  99  5.93690E-01  2.46263E-01  1.18037E+01 -5.36923E+01  3.25510E+00  3.65800E-02  3.65800E-02
b   4   23  4   26  99  3.64158E+00 -8.78715E+00  3.08714E+01 -6.31774E+00  2.30414E+00  8.26500E-02  8.26500E-02
b   4   24  4   26  99  4.67941E-01  1.16880E+01 -5.94684E+02  7.33020E+03  2.00000E+01  2.71300E-01  2.71300E-01
b   4   25  4   26  99  1.78165E-02  5.77596E-01 -2.94239E+01  3.63099E+02  2.00000E+01  1.22100E+01  1.22100E+01
f   4    1  3    1  99  2.00000E+00  1.82210E+00
p   4    1  3    1  98  8.70350E-01 -1.88100E+00 -3.30560E-02 -2.13050E-02  2.00000E+00  8.11600E+00  8.40000E+00  1.62000E+02
f   4    2  3    1  99  1.00000E+00  1.12800E+00
p   4    2  3    1  99  1.00000E+00  1.12800E+00
f   4    3  3    1  99  1.00000E+00  1.03700E+00
p   4    3  3    1  99  1.00000E+00  1.03700E+00
f   4    4  3    1  99  1.00000E+00  1.00810E+00
p   4    4  3    1  99  1.00000E+00  1.00810E+00
f   4    5  3    1  99  1.00000E+00  1.01800E+00
p   4    5  3    1  99  1.00000E+00  1.01800E+00
f   4    6  3    1  99  1.00000E+00  1.01200E+00
p   4    6  3    1  99  1.00000E+00  1.01200E+00
f   4    7  3    1  99  1.00000E+00  1.00120E+00
p   4    7  3    1  99  1.00000E+00  1.00120E+00
f   4    8  3    1  99  1.00000E+00  1.00120E+00
p   4    8  3    1  99  1.00000E+00  1.00120E+00
f   4    9  3    1  99  1.00000E+00  1.00030E+00
p   4    9  3    1  99  1.00000E+00  1.00030E+00
f   4    2  3    2  99  1.00000E+00  1.12800E+00
p   4    2  3    2  98  8.70350E-01 -1.88100E+00 -3.30560E-02 -2.13050E-02  2.00000E+00  8.11600E+00  8.40000E+00  1.62000E+02
f   4   10  3    2  99  2.00000E+00  1.69200E+00
p   4   10  3    2  99  2.00000E+00  1.69200E+00
f   4   11  3    2  99  1.00000E+00  1.09370E+00
p   4   11  3    2  99  1.00000E+00  1.09370E+00
f   4   12  3    2  99  1.00000E+00  1.02640E+00
p   4   12  3    2  99  1.00000E+00  1.02640E+00
f   4   13  3    2  99  1.00000E+00  1.02400E+00
p   4   13  3    2  99  1.00000E+00  1.02400E+00
f   4   14  3    2  99  1.00000E+00  1.01600E+00
p   4   14  3    2  99  1.00000E+00  1.01600E+00
f   4   15  3    2  99  1.00000E+00  1.01020E+00
p   4   15  3    2  99  1.00000E+00  1.01020E+00
f   4   16  3    2  99  1.00000E+00  1.00820E+00
p   4   16  3    2  99  1.00000E+00  1.00820E+00
f   4   17  3    2  99  1.00000E+00  1.00030E+00
p   4   17  3    2  99  1.00000E+00  1.00030E+00
f   4    3  3    3  99  1.00000E+00  1.03700E+00
p   4    3  3    3  98  8.70350E-01 -1.88100E+00 -3.30560E-02 -2.13050E-02  2.00000E+00  8.11600E+00  8.40000E+00  1.62000E+02
f   4   11  3    3  99  1.00000E+00  1.09370E+00
p   4   11  3    3  99  1.00000E+00  1.09370E+00
f   4    4  3    4  99  1.00000E+00  1.00810E+00
p   4    4  3    4  98  8.70350E-01 -1.88100E+00 -3.30560E-02 -2.13050E-02  2.00000E+00  8.11600E+00  8.40000E+00  1.62000E+02
f   4   12  3    4  99  1.00000E+00  1.02640E+00
p   4   12  3    4  99  1.00000E+00  1.02640E+00
f   4    5  3    5  99  1.00000E+00  1.01800E+00
p   4    5  3    5  98  8.70350E-01 -1.88100E+00 -3.30560E-02 -2.13050E-02  2.00000E+00  8.11600E+00  8.40000E+00  1.62000E+02
f   4   13  3    5  99  1.00000E+00  1.02400E+00
p   4   13  3    5  99  1.00000E+00  1.02400E+00
f   4    6  3    6  99  1.00000E+00  1.01200E+00
p   4    6  3    6  98  8.70350E-01 -1.88100E+00 -3.30560E-02 -2.13050E-02  2.00000E+00  8.11600E+00  8.40000E+00  1.62000E+02
f   4   14  3    6  99  1.00000E+00  1.01600E+00
p   4   14  3    6  99  1.00000E+00  1.01600E+00
f   4    7  3    7  99  1.00000E+00  1.00120E+00
p   4    7  3    7  98  8.70350E-01 -1.88100E+00 -3.30560E-02 -2.13050E-02  2.00000E+00  8.11600E+00  8.40000E+00  1.62000E+02
f   4   15  3    7  99  1.00000E+00  1.01020E+00
p   4   15  3    7  99  1.00000E+00  1.01020E+00
f   4    8  3    8  99  1.00000E+00  1.00120E+00
p   4    8  3    8  98  8.70350E-01 -1.88100E+00 -3.30560E-02 -2.13050E-02  2.00000E+00  8.11600E+00  8.40000E+00  1.62000E+02
f   4   16  3    8  99  1.00000E+00  1.00820E+00
p   4   16  3    8  99  1.00000E+00  1.00820E+00
f   4    9  3    9  99  1.00000E+00  1.00030E+00
p   4    9  3    9  98  8.70350E-01 -1.88100E+00 -3.30560E-02 -2.13050E-02  2.00000E+00  8.11600E+00  8.40000E+00  1.62000E+02
f   4   17  3    9  99  1.00000E+00  1.00030E+00
p   4   17  3    9  99  1.00000E+00  1.00030E+00
f   4    1  3   10  99  2.00000E+00  1.82210E+00
p   4    1  3   10  98  2.35190E+00 -2.19040E+00 -2.70740E-01  2.69380E-02  2.00000E+00  1.19800E+02  1.24600E+02  2.39700E+03
f   4   18  3   10  99  3.00000E+00  2.45820E+00
p   4   18  3   10  98  8.70350E-01 -1.88100E+00 -3.30560E-02 -2.13050E-02  2.00000E+00  8.11600E+00  8.40000E+00  1.62000E+02
f   4   19  3   10  99  1.00000E+00  1.20800E+00
p   4   19  3   10  99  1.00000E+00  1.20800E+00
f   4   20  3   10  99  1.00000E+00  1.06020E+00
p   4   20  3   10  99  1.00000E+00  1.06020E+00
f   4   21  3   10  99  1.00000E+00  1.00720E+00
p   4   21  3   10  99  1.00000E+00  1.00720E+00
f   4   22  3   10  99  1.00000E+00  1.02700E+00
p   4   22  3   10  99  1.00000E+00  1.02700E+00
f   4   23  3   10  99  1.00000E+00  1.02100E+00
p   4   23  3   10  99  1.00000E+00  1.02100E+00
f   4   24  3   10  99  1.00000E+00  1.00210E+00
p   4   24  3   10  99  1.00000E+00  1.00210E+00
f   4   25  3   10  99  1.00000E+00  1.00210E+00
p   4   25  3   10  99  1.00000E+00  1.00210E+00
f   4   26  3   10  99  1.00000E+00  1.00030E+00
p   4   26  3   10  99  1.00000E+00  1.00030E+00
f   4    2  3   11  99  2.00000E+00  1.12800E+00
p   4    2  3   11  98  2.35190E+00 -2.19040E+00 -2.70740E-01  2.69380E-02  2.00000E+00  1.19800E+02  1.24600E+02  2.39700E+03
f   4   19  3   11  99  2.00000E+00  1.20800E+00
p   4   19  3   11  98  8.70350E-01 -1.88100E+00 -3.30560E-02 -2.13050E-02  2.00000E+00  8.11600E+00  8.40000E+00  1.62000E+02
f   4    3  3   12  99  2.00000E+00  1.03700E+00
p   4    3  3   12  98  2.35190E+00 -2.19040E+00 -2.70740E-01  2.69380E-02  2.00000E+00  1.19800E+02  1.24600E+02  2.39700E+03
f   4   20  3   12  99  2.00000E+00  1.06020E+00
p   4   20  3   12  98  8.70350E-01 -1.88100E+00 -3.30560E-02 -2.13050E-02  2.00000E+00  8.11600E+00  8.40000E+00  1.62000E+02
f   4    4  3   13  99  2.00000E+00  1.00810E+00
p   4    4  3   13  98  2.35190E+00 -2.19040E+00 -2.70740E-01  2.69380E-02  2.00000E+00  1.19800E+02  1.24600E+02  2.39700E+03
f   4   21  3   13  99  2.00000E+00  1.00720E+00
p   4   21  3   13  98  8.70350E-01 -1.88100E+00 -3.30560E-02 -2.13050E-02  2.00000E+00  8.11600E+00  8.40000E+00  1.62000E+02
f   4    5  3   14  99  2.00000E+00  1.01800E+00
p   4    5  3   14  98  2.35190E+00 -2.19040E+00 -2.70740E-01  2.69380E-02  2.00000E+00  1.19800E+02  1.24600E+02  2.39700E+03
f   4   22  3   14  99  2.00000E+00  1.02700E+00
p   4   22  3   14  98  8.70350E-01 -1.88100E+00 -3.30560E-02 -2.13050E-02  2.00000E+00  8.11600E+00  8.40000E+00  1.62000E+02
f   4    6  3   15  99  2.00000E+00  1.01200E+00
p   4    6  3   15  98  2.35190E+00 -2.19040E+00 -2.70740E-01  2.69380E-02  2.00000E+00  1.19800E+02  1.24600E+02  2.39700E+03
f   4   23  3   15  99  2.00000E+00  1.02100E+00
p   4   23  3   15  98  8.70350E-01 -1.88100E+00 -3.30560E-02 -2.13050E-02  2.00000E+00  8.11600E+00  8.40000E+00  1.62000E+02
f   4    7  3   16  99  2.00000E+00  1.00120E+00
p   4    7  3   16  98  2.35190E+00 -2.19040E+00 -2.70740E-01  2.69380E-02  2.00000E+00  1.19800E+02  1.24600E+02  2.39700E+03
f   4   24  3   16  99  2.00000E+00  1.00210E+00
p   4   24  3   16  98  8.70350E-01 -1.88100E+00 -3.30560E-02 -2.13050E-02  2.00000E+00  8.11600E+00  8.40000E+00  1.62000E+02
f   4    8  3   17  99  2.00000E+00  1.00120E+00
p   4    8  3   17  98  2.35190E+00 -2.19040E+00 -2.70740E-01  2.69380E-02  2.00000E+00  1.19800E+02  1.24600E+02  2.39700E+03
f   4   25  3   17  99  2.00000E+00  1.00210E+00
p   4   25  3   17  98  8.70350E-01 -1.88100E+00 -3.30560E-02 -2.13050E-02  2.00000E+00  8.11600E+00  8.40000E+00  1.62000E+02
f   4    9  3   18  99  2.00000E+00  1.00030E+00
p   4    9  3   18  98  2.35190E+00 -2.19040E+00 -2.70740E-01  2.69380E-02  2.00000E+00  1.19800E+02  1.24600E+02  2.39700E+03
f   4   26  3   18  99  2.00000E+00  1.00030E+00
p   4   26  3   18  98  8.70350E-01 -1.88100E+00 -3.30560E-02 -2.13050E-02  2.00000E+00  8.11600E+00  8.40000E+00  1.62000E+02
a   4   10  3    1   1.01082E+14
a   4   11  3    1   1.85424E+13
a   4   12  3    1   5.80770E+12
a   4   13  3    1   2.30058E+12
a   4   14  3    1   1.06440E+12
a   4   15  3    1   5.45940E+11
a   4   16  3    1   3.02970E+11
a   4   17  3    1   1.78893E+11
a   4   18  3    1   2.65329E+13
a   4   19  3    1   7.20820E+11
a   4   20  3    1   1.36220E+11
a   4   21  3    1   3.99570E+10
a   4   22  3    1   1.50180E+10
a   4   23  3    1   6.94840E+09
a   4   24  3    1   3.56390E+09
a   4   25  3    1   1.97770E+09
a   4   26  3    1   1.16780E+09
a   4   19  3    2   8.84430E+12
a   4   20  3    3   8.84430E+12
a   4   21  3    4   8.84430E+12
a   4   22  3    5   8.84430E+12
a   4   23  3    6   8.84430E+12
a   4   24  3    7   8.84430E+12
a   4   25  3    8   8.84430E+12
a   4   26  3    9   8.84430E+12
