0    1    1         0.000000
    0    1    1   barenucl         0.000000  1.00000E+00  1.00000E+00  0.00000E+00  0.00000E+00    1   0  0 0 0 0 0 0 0 0 0 0
1   10   10        13.598000
1    1    2   h_100001         0.000000  2.00000E+00  1.00000E+00  1.35980E+01  0.00000E+00    1   1  1 0 0 0 0 0 0 0 0 0
1    2    3   h_010002        10.198519  8.00000E+00  1.00000E+00  3.39948E+00  4.70038E+08    1   2  0 1 0 0 0 0 0 0 0 0
1    3    4   h_001003        12.086316  1.80000E+01  1.00000E+00  1.51168E+00  9.98378E+07    1   3  0 0 1 0 0 0 0 0 0 0
1    4    5   h_000104        12.747679  3.20000E+01  1.00000E+00  8.50320E-01  3.02046E+07    1   4  0 0 0 1 0 0 0 0 0 0
1    5    6   h_000005        13.053795  5.00000E+01  1.00000E+00  5.44205E-01  1.15654E+07    1   5  0 0 0 0 1 0 0 0 0 0
1    6    7   h_000006        13.220080  7.20000E+01  1.00000E+00  3.77920E-01  5.19634E+06    1   6  0 0 0 0 0 1 0 0 0 0
1    7    8   h_000007        13.320344  9.80000E+01  1.00000E+00  2.77655E-01  2.61871E+06    1   7  0 0 0 0 0 0 1 0 0 0
1    8    9   h_000008        13.385420  1.28000E+02  1.00000E+00  2.12580E-01  1.43912E+06    1   8  0 0 0 0 0 0 0 1 0 0
1    9   10   h_000009        13.430035  1.62000E+02  1.00000E+00  1.67964E-01  8.45998E+05    1   9  0 0 0 0 0 0 0 0 1 0
1   10   11   h_000010        13.461949  2.00000E+02  1.00000E+00  1.36051E-01  5.23745E+05    1  10  0 0 0 0 0 0 0 0 0 1
65
b   1    1  1    2  98  0.00000E+00  0.00000E+00  0.00000E+00  0.00000E+00  0.00000E+00  4.16200E-01  4.16200E-01
b   1    1  1    3  98  0.00000E+00  0.00000E+00  0.00000E+00  0.00000E+00  0.00000E+00  7.91000E-02  7.91000E-02
b   1    2  1    3  98  0.00000E+00  0.00000E+00  0.00000E+00  0.00000E+00  0.00000E+00  6.40700E-01  6.40700E-01
b   1    1  1    4  98  0.00000E+00  0.00000E+00  0.00000E+00  0.00000E+00  0.00000E+00  2.89900E-02  2.89900E-02
b   1    2  1    4  98  0.00000E+00  0.00000E+00  0.00000E+00  0.00000E+00  0.00000E+00  1.19300E-01  1.19300E-01
b   1    3  1    4  98  0.00000E+00  0.00000E+00  0.00000E+00  0.00000E+00  0.00000E+00  8.42100E-01  8.42100E-01
b   1    1  1    5  98  0.00000E+00  0.00000E+00  0.00000E+00  0.00000E+00  0.00000E+00  1.39400E-02  1.39400E-02
b   1    2  1    5  98  0.00000E+00  0.00000E+00  0.00000E+00  0.00000E+00  0.00000E+00  4.46700E-02  4.46700E-02
b   1    3  1    5  98  0.00000E+00  0.00000E+00  0.00000E+00  0.00000E+00  0.00000E+00  1.50600E-01  1.50600E-01
b   1    4  1    5  98  0.00000E+00  0.00000E+00  0.00000E+00  0.00000E+00  0.00000E+00  1.03800E+00  1.03800E+00
b   1    1  1    6  98  0.00000E+00  0.00000E+00  0.00000E+00  0.00000E+00  0.00000E+00  7.80000E-03  7.80000E-03
b   1    2  1    6  98  0.00000E+00  0.00000E+00  0.00000E+00  0.00000E+00  0.00000E+00  2.20900E-02  2.20900E-02
b   1    3  1    6  98  0.00000E+00  0.00000E+00  0.00000E+00  0.00000E+00  0.00000E+00  5.58400E-02  5.58400E-02
b   1    4  1    6  98  0.00000E+00  0.00000E+00  0.00000E+00  0.00000E+00  0.00000E+00  1.79300E-01  1.79300E-01
b   1    5  1    6  98  0.00000E+00  0.00000E+00  0.00000E+00  0.00000E+00  0.00000E+00  1.23100E+00  1.23100E+00
b   1    1  1    7  98  0.00000E+00  0.00000E+00  0.00000E+00  0.00000E+00  0.00000E+00  4.81000E-03  4.81000E-03
b   1    2  1    7  98  0.00000E+00  0.00000E+00  0.00000E+00  0.00000E+00  0.00000E+00  1.27000E-02  1.27000E-02
b   1    3  1    7  98  0.00000E+00  0.00000E+00  0.00000E+00  0.00000E+00  0.00000E+00  2.76800E-02  2.76800E-02
b   1    4  1    7  98  0.00000E+00  0.00000E+00  0.00000E+00  0.00000E+00  0.00000E+00  6.54900E-02  6.54900E-02
b   1    5  1    7  98  0.00000E+00  0.00000E+00  0.00000E+00  0.00000E+00  0.00000E+00  2.06900E-01  2.06900E-01
b   1    6  1    7  98  0.00000E+00  0.00000E+00  0.00000E+00  0.00000E+00  0.00000E+00  1.42400E+00  1.42400E+00
b   1    1  1    8  98  0.00000E+00  0.00000E+00  0.00000E+00  0.00000E+00  0.00000E+00  3.18000E-03  3.18000E-03
b   1    2  1    8  98  0.00000E+00  0.00000E+00  0.00000E+00  0.00000E+00  0.00000E+00  8.04000E-03  8.04000E-03
b   1    3  1    8  98  0.00000E+00  0.00000E+00  0.00000E+00  0.00000E+00  0.00000E+00  1.60400E-02  1.60400E-02
b   1    4  1    8  98  0.00000E+00  0.00000E+00  0.00000E+00  0.00000E+00  0.00000E+00  3.23000E-02  3.23000E-02
b   1    5  1    8  98  0.00000E+00  0.00000E+00  0.00000E+00  0.00000E+00  0.00000E+00  7.44800E-02  7.44800E-02
b   1    6  1    8  98  0.00000E+00  0.00000E+00  0.00000E+00  0.00000E+00  0.00000E+00  2.34000E-01  2.34000E-01
b   1    7  1    8  98  0.00000E+00  0.00000E+00  0.00000E+00  0.00000E+00  0.00000E+00  1.61600E+00  1.61600E+00
b   1    1  1    9  98  0.00000E+00  0.00000E+00  0.00000E+00  0.00000E+00  0.00000E+00  2.22000E-03  2.22000E-03
b   1    2  1    9  98  0.00000E+00  0.00000E+00  0.00000E+00  0.00000E+00  0.00000E+00  5.43000E-03  5.43000E-03
b   1    3  1    9  98  0.00000E+00  0.00000E+00  0.00000E+00  0.00000E+00  0.00000E+00  1.02300E-02  1.02300E-02
b   1    4  1    9  98  0.00000E+00  0.00000E+00  0.00000E+00  0.00000E+00  0.00000E+00  1.87000E-02  1.87000E-02
b   1    5  1    9  98  0.00000E+00  0.00000E+00  0.00000E+00  0.00000E+00  0.00000E+00  3.64500E-02  3.64500E-02
b   1    6  1    9  98  0.00000E+00  0.00000E+00  0.00000E+00  0.00000E+00  0.00000E+00  8.31500E-02  8.31500E-02
b   1    7  1    9  98  0.00000E+00  0.00000E+00  0.00000E+00  0.00000E+00  0.00000E+00  2.60900E-01  2.60900E-01
b   1    8  1    9  98  0.00000E+00  0.00000E+00  0.00000E+00  0.00000E+00  0.00000E+00  1.80700E+00  1.80700E+00
b   1    1  1   10  98  0.00000E+00  0.00000E+00  0.00000E+00  0.00000E+00  0.00000E+00  1.60000E-03  1.60000E-03
b   1    2  1   10  98  0.00000E+00  0.00000E+00  0.00000E+00  0.00000E+00  0.00000E+00  3.85000E-03  3.85000E-03
b   1    3  1   10  98  0.00000E+00  0.00000E+00  0.00000E+00  0.00000E+00  0.00000E+00  6.98000E-03  6.98000E-03
b   1    4  1   10  98  0.00000E+00  0.00000E+00  0.00000E+00  0.00000E+00  0.00000E+00  1.19600E-02  1.19600E-02
b   1    5  1   10  98  0.00000E+00  0.00000E+00  0.00000E+00  0.00000E+00  0.00000E+00  2.10400E-02  2.10400E-02
b   1    6  1   10  98  0.00000E+00  0.00000E+00  0.00000E+00  0.00000E+00  0.00000E+00  4.03800E-02  4.03800E-02
b   1    7  1   10  98  0.00000E+00  0.00000E+00  0.00000E+00  0.00000E+00  0.00000E+00  9.16300E-02  9.16300E-02
b   1    8  1   10  98  0.00000E+00  0.00000E+00  0.00000E+00  0.00000E+00  0.00000E+00  2.87600E-01  2.87600E-01
b   1    9  1   10  98  0.00000E+00  0.00000E+00  0.00000E+00  0.00000E+00  0.00000E+00  1.99900E+00  1.99900E+00
f   1    1  0    1  99  1.00000E+00  1.00000E+00
p   1    1  0    1  99  1.00000E+00  1.00000E+00
f   1    2  0    1  99  1.00000E+00  1.00000E+00
p   1    2  0    1  99  1.00000E+00  1.00000E+00
f   1    3  0    1  99  1.00000E+00  1.00000E+00
p   1    3  0    1  99  1.00000E+00  1.00000E+00
f   1    4  0    1  99  1.00000E+00  1.00000E+00
p   1    4  0    1  99  1.00000E+00  1.00000E+00
f   1    5  0    1  99  1.00000E+00  1.00000E+00
p   1    5  0    1  99  1.00000E+00  1.00000E+00
f   1    6  0    1  99  1.00000E+00  1.00000E+00
p   1    6  0    1  99  1.00000E+00  1.00000E+00
f   1    7  0    1  99  1.00000E+00  1.00000E+00
p   1    7  0    1  99  1.00000E+00  1.00000E+00
f   1    8  0    1  99  1.00000E+00  1.00000E+00
p   1    8  0    1  99  1.00000E+00  1.00000E+00
f   1    9  0    1  99  1.00000E+00  1.00000E+00
p   1    9  0    1  99  1.00000E+00  1.00000E+00
f   1   10  0    1  99  1.00000E+00  1.00000E+00
p   1   10  0    1  99  1.00000E+00  1.00000E+00