1.20000E-02	9.64154E-95
1.26360E-02	9.18183E-95
1.32960E-02	8.74517E-95
1.39920E-02	8.33041E-95
1.47360E-02	8.15044E-95
1.55040E-02	7.76617E-95
1.63320E-02	7.40120E-95
1.71840E-02	7.05455E-95
1.80960E-02	6.72532E-95
1.90440E-02	6.41264E-95
2.00400E-02	7.14263E-95
2.10960E-02	6.81340E-95
2.22120E-02	6.50074E-95
2.33760E-02	6.20385E-95
2.46120E-02	5.92193E-95
2.59080E-02	5.67863E-95
2.72760E-02	5.42338E-95
2.87040E-02	5.18105E-95
3.02160E-02	4.95100E-95
3.18120E-02	4.73263E-95
3.34920E-02	4.90543E-95
3.52440E-02	4.69231E-95
3.71040E-02	4.49007E-95
3.90600E-02	4.29818E-95
4.11120E-02	4.11613E-95
4.32840E-02	4.07479E-95
4.55640E-02	3.90562E-95
4.79520E-02	3.74522E-95
5.04840E-02	3.59317E-95
5.31360E-02	3.46624E-95
5.59320E-02	3.32904E-95
5.88840E-02	3.19909E-95
6.19800E-02	3.07605E-95
6.52440E-02	3.05790E-95
6.86760E-02	2.94419E-95
7.23000E-02	2.83669E-95
7.61040E-02	2.73511E-95
8.01120E-02	2.68289E-95
8.43240E-02	2.59098E-95
8.87640E-02	2.50435E-95
9.34440E-02	2.42280E-95
9.83640E-02	2.34733E-95
1.03536E-01	2.27528E-95
1.08996E-01	2.20774E-95
1.14732E-01	2.15032E-95
1.20720E-01	2.09119E-95
1.27080E-01	2.03613E-95
1.33800E-01	1.98505E-95
1.40880E-01	1.94841E-95
1.48320E-01	1.90476E-95
1.56120E-01	1.86482E-95
1.64280E-01	1.83494E-95
1.72920E-01	1.80218E-95
1.82040E-01	1.77302E-95
1.91640E-01	1.74923E-95
2.01720E-01	1.72724E-95
2.12400E-01	1.70888E-95
2.23560E-01	1.69431E-95
2.35320E-01	1.68340E-95
2.47680E-01	1.67634E-95
2.60760E-01	1.67335E-95
2.74440E-01	1.67446E-95
2.88960E-01	1.67995E-95
3.04200E-01	1.69031E-95
3.20160E-01	1.70537E-95
3.36960E-01	1.72597E-95
3.54720E-01	1.75206E-95
3.73440E-01	1.78440E-95
3.93120E-01	1.82375E-95
4.13760E-01	1.87052E-95
4.35600E-01	1.92578E-95
4.58520E-01	1.99041E-95
4.82640E-01	2.06567E-95
5.08080E-01	2.15301E-95
5.34840E-01	2.25410E-95
5.62920E-01	2.37100E-95
5.92560E-01	2.50615E-95
6.23760E-01	2.66252E-95
6.56640E-01	2.84369E-95
6.91200E-01	3.05404E-95
7.27680E-01	3.29890E-95
7.65960E-01	3.58482E-95
8.06280E-01	3.91993E-95
8.48760E-01	4.31429E-95
8.93400E-01	4.78049E-95
9.40440E-01	5.33438E-95
9.90000E-01	5.99599E-95
1.04208E+00	6.79084E-95
1.09692E+00	7.75168E-95
1.15464E+00	8.92079E-95
1.21560E+00	1.03532E-94
1.27920E+00	1.21210E-94
1.34640E+00	1.43196E-94
1.41720E+00	1.70759E-94
1.49280E+00	2.05605E-94
1.57080E+00	2.50048E-94
1.65360E+00	3.07249E-94
1.74120E+00	3.81573E-94
1.83240E+00	4.79102E-94
1.92840E+00	6.08395E-94
2.03040E+00	7.81622E-94
2.13720E+00	1.01626E-93
2.25000E+00	1.33771E-93
2.36880E+00	1.78326E-93
2.49360E+00	2.40827E-93
2.62440E+00	3.29601E-93
2.76240E+00	4.57308E-93
2.90760E+00	6.43454E-93
3.06120E+00	9.18465E-93
3.22200E+00	1.33043E-92
3.39240E+00	1.95639E-92
3.57000E+00	2.92147E-92
3.75840E+00	4.43180E-92
3.95640E+00	6.83185E-92
4.16400E+00	1.07060E-91
4.38360E+00	1.70607E-91
4.61520E+00	2.76566E-91
4.85760E+00	4.56228E-91
5.11320E+00	7.66128E-91
5.38200E+00	1.31011E-90
5.66640E+00	2.28224E-90
5.96400E+00	4.05148E-90
6.27840E+00	7.33208E-90
6.60840E+00	1.35320E-89
6.95640E+00	2.54791E-89
7.32360E+00	4.89619E-89
7.70880E+00	9.60627E-89
8.11440E+00	1.92507E-88
8.54160E+00	3.94195E-88
8.99160E+00	8.25138E-88
9.46440E+00	1.76635E-87
9.96360E+00	3.86853E-87
1.04880E+01	8.67209E-87
1.10400E+01	1.99069E-86
1.16208E+01	4.68142E-86
1.22280E+01	1.12835E-85
1.28760E+01	2.78868E-85
1.35600E+01	7.07035E-85
1.42680E+01	1.83979E-84
1.50240E+01	4.91562E-84
1.58160E+01	1.34917E-83
1.66440E+01	3.80561E-83
1.75200E+01	1.10367E-82
1.84440E+01	3.29223E-82
1.94160E+01	1.01054E-81
2.04360E+01	3.19298E-81
2.15160E+01	1.03889E-80
2.26440E+01	3.48190E-80
2.38320E+01	1.20244E-79
2.50920E+01	4.27980E-79
2.64120E+01	1.57033E-78
2.78040E+01	5.94071E-78
2.92680E+01	2.31749E-77
3.08040E+01	9.32310E-77
3.24240E+01	3.86784E-76
3.41400E+01	1.65469E-75
3.59280E+01	7.29892E-75
3.78240E+01	3.31901E-74
3.98160E+01	1.55545E-73
4.19160E+01	7.51027E-73
4.41240E+01	3.73447E-72
4.64400E+01	1.91146E-71
4.88880E+01	1.00651E-70
5.14680E+01	5.44887E-70
5.41680E+01	3.03050E-69
5.70240E+01	1.73018E-68
6.00240E+01	1.01310E-67
6.31920E+01	6.07824E-67
6.65160E+01	3.73264E-66
7.00200E+01	2.34360E-65
7.37040E+01	1.50266E-64
7.75800E+01	9.82666E-64
8.16720E+01	6.54549E-63
8.59680E+01	4.43475E-62
9.04920E+01	3.05184E-61
9.52560E+01	2.12997E-60
1.00272E+02	1.50535E-59
1.05552E+02	1.07566E-58
1.11108E+02	7.75875E-58
1.16964E+02	5.64015E-57
1.23120E+02	4.12544E-56
1.29600E+02	3.03131E-55
1.36440E+02	2.23398E-54
1.43640E+02	1.64867E-53
1.51200E+02	1.21655E-52
1.59120E+02	8.96230E-52
1.67520E+02	6.58218E-51
1.76280E+02	4.81252E-50
1.85640E+02	3.49813E-49
1.95360E+02	2.52456E-48
2.05680E+02	1.80660E-47
2.16480E+02	1.28030E-46
2.27880E+02	8.97424E-46
2.39880E+02	6.21406E-45
2.52480E+02	4.24531E-44
2.65800E+02	2.85803E-43
2.79840E+02	1.89372E-42
2.94600E+02	1.23349E-41
3.10080E+02	7.88888E-41
3.26400E+02	4.94847E-40
3.43560E+02	3.04117E-39
3.61680E+02	1.82936E-38
3.80640E+02	1.07612E-37
4.00680E+02	6.18578E-37
4.21800E+02	3.47226E-36
4.44000E+02	1.90235E-35
4.67400E+02	1.01686E-34
4.92000E+02	5.30166E-34
5.17920E+02	2.69582E-33
5.45160E+02	1.33690E-32
5.73960E+02	6.46673E-32
6.04080E+02	3.05168E-31
6.35880E+02	1.40536E-30
6.69480E+02	6.31794E-30
7.04640E+02	2.77374E-29
7.41720E+02	1.18965E-28
7.80840E+02	4.98638E-28
8.21880E+02	2.04314E-27
8.65200E+02	8.18596E-27
9.10800E+02	3.20746E-26
9.58680E+02	1.22922E-25
1.00920E+03	4.60763E-25
1.06236E+03	1.68921E-24
1.11828E+03	6.05633E-24
1.17708E+03	2.12324E-23
1.23960E+03	7.27812E-23
1.30440E+03	2.43886E-22
1.37280E+03	7.98720E-22
1.44480E+03	2.55681E-21
1.52160E+03	7.99848E-21
1.60200E+03	2.44528E-20
1.68600E+03	7.30716E-20
1.77480E+03	2.13362E-19
1.86840E+03	6.09088E-19
1.96680E+03	1.69982E-18
2.07000E+03	4.63834E-18
2.17920E+03	1.23782E-17
2.29320E+03	3.23264E-17
2.41440E+03	8.25748E-17
2.54160E+03	2.06547E-16
2.67480E+03	5.05851E-16
2.81640E+03	1.21407E-15
2.96400E+03	2.85335E-15
3.12000E+03	6.57677E-15
3.28440E+03	1.48632E-14
3.45720E+03	3.29475E-14
3.63960E+03	7.16620E-14
3.83160E+03	1.53108E-13
4.03320E+03	3.21223E-13
4.24560E+03	6.62021E-13
4.46880E+03	1.34187E-12
4.70400E+03	2.67153E-12
4.95240E+03	5.23501E-12
5.21280E+03	1.01010E-11
5.48760E+03	1.91629E-11
5.77560E+03	3.58233E-11
6.08040E+03	6.59510E-11
6.40080E+03	1.19730E-10
6.73680E+03	2.13988E-10
7.09200E+03	3.77790E-10
7.46520E+03	6.57030E-10
7.85880E+03	1.12832E-09
8.27280E+03	1.91193E-09
8.70720E+03	3.19762E-09
9.16680E+03	5.28569E-09
9.64920E+03	8.63833E-09
1.01568E+04	1.39305E-08
1.06920E+04	2.22225E-08
1.12548E+04	3.50778E-08
1.18476E+04	5.47404E-08
1.24680E+04	8.44744E-08
1.31280E+04	1.29087E-07
1.38240E+04	1.95161E-07
1.45440E+04	2.91980E-07
1.53120E+04	4.32868E-07
1.61160E+04	6.36059E-07
1.69680E+04	9.25498E-07
1.78560E+04	1.33527E-06
1.88040E+04	1.90843E-06
1.97880E+04	2.70563E-06
2.08320E+04	3.80139E-06
2.19240E+04	5.29980E-06
2.30880E+04	7.32524E-06
2.43000E+04	1.00502E-05
2.55840E+04	1.36751E-05
2.69280E+04	1.84958E-05
2.83440E+04	2.47914E-05
2.98320E+04	3.30403E-05
3.14040E+04	4.36982E-05
3.30600E+04	5.74206E-05
3.48000E+04	7.49006E-05
3.66360E+04	9.71920E-05
3.85560E+04	1.25230E-04
4.05960E+04	1.60246E-04
4.27320E+04	2.04051E-04
4.49760E+04	2.58110E-04
4.73400E+04	3.24958E-04
4.98360E+04	4.06510E-04
5.24640E+04	5.05361E-04
5.52240E+04	6.25485E-04
5.81280E+04	7.70159E-04
6.11880E+04	9.43484E-04
6.44160E+04	1.14915E-03
6.78120E+04	1.39394E-03
7.13760E+04	1.68150E-03
7.51320E+04	2.02041E-03
7.90920E+04	2.41645E-03
8.32560E+04	2.87501E-03
8.76360E+04	3.40792E-03
9.22560E+04	4.02206E-03
9.71040E+04	4.72982E-03
1.02216E+05	5.53514E-03
1.07604E+05	6.45520E-03
1.13268E+05	7.49784E-03
1.19232E+05	8.67447E-03
1.25520E+05	9.99691E-03
1.32120E+05	1.14840E-02
1.39080E+05	1.31504E-02
1.46400E+05	1.49949E-02
1.54080E+05	1.70553E-02
1.62240E+05	1.93300E-02
1.70760E+05	2.18320E-02
1.79760E+05	2.45865E-02
1.89240E+05	2.75959E-02
1.99200E+05	3.09019E-02
2.09640E+05	3.44919E-02
2.20680E+05	3.83773E-02
2.32320E+05	4.26060E-02
2.44560E+05	4.71559E-02
2.57400E+05	5.20796E-02
2.70960E+05	5.73472E-02
2.85240E+05	6.30158E-02
3.00240E+05	6.90470E-02
3.16080E+05	7.54733E-02
3.32760E+05	8.23330E-02
3.50280E+05	8.96057E-02
3.68640E+05	9.72960E-02
3.88080E+05	1.05443E-01
4.08480E+05	1.14017E-01
4.30080E+05	1.23016E-01
4.52640E+05	1.32480E-01
4.76520E+05	1.42412E-01
5.01600E+05	1.52764E-01
5.28000E+05	1.63577E-01
5.55840E+05	1.74846E-01
5.85120E+05	1.86512E-01
6.15840E+05	1.98669E-01
6.48240E+05	2.11256E-01
6.82440E+05	2.24259E-01
7.18320E+05	2.37663E-01
7.56120E+05	2.51450E-01
7.95960E+05	2.65600E-01
8.37960E+05	2.80157E-01
8.82000E+05	2.95102E-01
9.28440E+05	3.10344E-01
9.77280E+05	3.25927E-01
1.02876E+06	3.41825E-01
1.08300E+06	3.58010E-01
1.14000E+06	3.74376E-01
1.20000E+06	3.91044E-01