1.4000000E-02	1.3799643E-03
1.4742000E-02	1.2785300E-03
1.5512000E-02	1.1855520E-03
1.6324000E-02	1.1000683E-03
1.7192000E-02	1.2584509E-03
1.8088000E-02	1.1539259E-03
1.9054000E-02	1.0610496E-03
2.0048000E-02	1.2574613E-03
2.1112000E-02	1.1260859E-03
2.2218000E-02	1.0196482E-03
2.3380000E-02	9.2915121E-04
2.4612000E-02	1.1080040E-03
2.5914000E-02	9.7444284E-04
2.7272000E-02	8.7388878E-04
2.8714000E-02	1.1123767E-03
3.0226000E-02	9.2053806E-04
3.1822000E-02	8.0884624E-04
3.3488000E-02	1.1405096E-03
3.5252000E-02	8.4676301E-04
3.7114000E-02	7.3129689E-04
3.9074000E-02	1.0269651E-03
4.1118000E-02	7.4656846E-04
4.3288000E-02	6.4345379E-04
4.5570000E-02	7.9146002E-04
4.7964000E-02	6.3496762E-04
5.0498000E-02	1.1995883E-03
5.3158000E-02	6.2296838E-04
5.5944000E-02	5.3104348E-04
5.8898000E-02	6.0298242E-04
6.1992000E-02	5.0318081E-04
6.5254000E-02	5.6907303E-04
6.8698000E-02	4.6997700E-04
7.2310000E-02	5.2107617E-04
7.6118000E-02	4.3294967E-04
8.0122000E-02	4.6708979E-04
8.4350000E-02	5.9500619E-04
8.8788000E-02	4.1481522E-04
9.3464000E-02	4.5226724E-04
9.8378000E-02	3.6739246E-04
1.0355800E-01	3.8240297E-04
1.0901800E-01	4.0810617E-04
1.1475800E-01	5.1607090E-04
1.2079200E-01	3.3777703E-04
1.2716200E-01	3.4641402E-04
1.3385400E-01	3.5954658E-04
1.4084000E-01	3.8683352E-04
1.4826000E-01	6.3185771E-04
1.5610000E-01	2.8877708E-04
1.6436000E-01	2.8669354E-04
1.7304000E-01	2.8344426E-04
1.8214000E-01	2.7878448E-04
1.9166000E-01	2.7253600E-04
2.0174000E-01	2.6468673E-04
2.1238000E-01	2.5544170E-04
2.2358000E-01	2.4517422E-04
2.3534000E-01	2.3431062E-04
2.4780000E-01	2.2322533E-04
2.6082000E-01	2.8227416E-04
2.7454000E-01	2.4333562E-04
2.8896000E-01	2.2161265E-04
3.0422000E-01	2.0508109E-04
3.2018000E-01	2.4818864E-04
3.3712000E-01	2.0807750E-04
3.5490000E-01	1.8857055E-04
3.7352000E-01	2.0888807E-04
3.9312000E-01	1.8222634E-04
4.1384000E-01	2.0035769E-04
4.3568000E-01	1.7160696E-04
4.5864000E-01	1.8113815E-04
4.8272000E-01	2.5214722E-04
5.0820000E-01	1.6113880E-04
5.3494000E-01	1.6543566E-04
5.6308000E-01	1.7373302E-04
5.9276000E-01	2.1780911E-04
6.2398000E-01	1.4136383E-04
6.5674000E-01	1.3916223E-04
6.9132000E-01	1.3605609E-04
7.2772000E-01	1.3208459E-04
7.6608000E-01	1.2740546E-04
8.0640000E-01	1.6186045E-04
8.4896000E-01	1.3619245E-04
8.9362000E-01	1.2468403E-04
9.4066000E-01	1.1610766E-04
9.9022000E-01	1.2704336E-04
1.0423000E+00	1.1267333E-04
1.0971800E+00	1.2210682E-04
1.1550000E+00	1.0575606E-04
1.2157600E+00	1.0848902E-04
1.2797400E+00	1.1490466E-04
1.3470800E+00	9.6257884E-05
1.4182000E+00	9.5134900E-05
1.4924000E+00	9.3303988E-05
1.5708000E+00	9.0720401E-05
1.6534000E+00	8.7510790E-05
1.7416000E+00	1.0220737E-04
1.8326000E+00	8.9315086E-05
1.9292000E+00	8.2642815E-05
2.0314000E+00	8.9488665E-05
2.1378000E+00	7.8655476E-05
2.2498000E+00	8.0763218E-05
2.3688000E+00	8.7855248E-05
2.4934000E+00	7.1591415E-05
2.6250000E+00	7.0257028E-05
2.7636000E+00	6.8313754E-05
2.9092000E+00	9.3934065E-05
3.0618000E+00	7.0509284E-05
3.2228000E+00	6.4897688E-05
3.3922000E+00	7.1813155E-05
3.5714000E+00	6.1262832E-05
3.7590000E+00	6.1832837E-05
3.9578000E+00	6.2257221E-05
4.1650000E+00	6.1299089E-05
4.3848000E+00	5.8313253E-05
4.6158000E+00	5.4908266E-05
4.8580000E+00	5.1782014E-05
5.1142000E+00	5.3067324E-05
5.3844000E+00	6.0828238E-05
5.6672000E+00	4.8198234E-05
5.9654000E+00	4.7184096E-05
6.2790000E+00	4.5659692E-05
6.6108000E+00	4.9293395E-05
6.9580000E+00	4.4507656E-05
7.3248000E+00	4.6387921E-05
7.7098000E+00	4.1145091E-05
8.1158000E+00	4.0268206E-05
8.5442000E+00	5.9852668E-05
8.9936000E+00	4.0396782E-05
9.4668000E+00	3.7484475E-05
9.9652000E+00	3.7433778E-05
1.0490200E+01	3.6887378E-05
1.1041800E+01	3.5558226E-05
1.1624200E+01	3.3843758E-05
1.2236000E+01	3.4349580E-05
1.2880000E+01	3.5462546E-05
1.3557600E+01	3.4869862E-05
1.4266000E+01	3.1989719E-05
1.5022000E+01	2.9922318E-05
1.5820000E+01	2.9825872E-05
1.6646000E+01	2.9195654E-05
1.7528000E+01	2.7953507E-05
1.8452000E+01	2.9334037E-05
1.9418000E+01	2.6196445E-05
2.0440000E+01	2.5497358E-05
2.1518000E+01	2.6328920E-05
2.2652000E+01	2.4317219E-05
2.3842000E+01	2.3812763E-05
2.5102000E+01	2.2955134E-05
2.6418000E+01	2.2951543E-05
2.7804000E+01	2.2603863E-05
2.9274000E+01	2.1690725E-05
3.0814000E+01	2.2202775E-05
3.2438000E+01	2.2426268E-05
3.4146000E+01	2.0533285E-05
3.5938000E+01	1.9247991E-05
3.7828000E+01	2.7460380E-05
3.9830000E+01	1.8894686E-05
4.1916000E+01	1.8827087E-05
4.4128000E+01	1.7906348E-05
4.6452000E+01	1.8593039E-05
4.8902000E+01	1.7627423E-05
5.1478000E+01	1.6346277E-05
5.4180000E+01	1.5956264E-05
5.7036000E+01	1.6625585E-05
6.0046000E+01	1.7685527E-05
6.3196000E+01	1.4979463E-05
6.6528000E+01	1.4694508E-05
7.0028000E+01	1.3969607E-05
7.3724000E+01	1.3638829E-05
7.7602000E+01	1.3714473E-05
8.1690000E+01	1.3271906E-05
8.5988000E+01	1.2535591E-05
9.0510000E+01	1.2763879E-05
9.5284000E+01	1.2976273E-05
1.0029600E+02	1.1840365E-05
1.0557400E+02	1.1489623E-05
1.1113200E+02	1.1361432E-05
1.1698400E+02	1.0850569E-05
1.2314400E+02	1.0542449E-05
1.2962600E+02	1.0349162E-05
1.3645800E+02	1.0385212E-05
1.4364000E+02	9.9219140E-06
1.5120000E+02	9.6572869E-06
1.5918000E+02	9.5134585E-06
1.6758000E+02	9.0423438E-06
1.7640000E+02	9.0098587E-06
1.8564000E+02	8.6735699E-06
1.9544000E+02	8.4168867E-06
2.0566000E+02	8.1992716E-06
2.1658000E+02	8.0084189E-06
2.2792000E+02	7.8389360E-06
2.3996000E+02	7.6899497E-06
2.5256000E+02	7.5666093E-06
2.6586000E+02	7.4909697E-06
2.7986000E+02	7.6285593E-06
2.9456000E+02	6.8553580E-06
3.1010000E+02	6.6823302E-06
3.2648000E+02	6.8265931E-06
3.4370000E+02	6.4754682E-06
3.6176000E+02	6.2146108E-06
3.8080000E+02	6.1213767E-06
4.0082000E+02	5.9917375E-06
4.2196000E+02	5.8025686E-06
4.4408000E+02	5.9016229E-06
4.6746000E+02	5.4724843E-06
4.9210000E+02	5.5913961E-06
5.1800000E+02	5.2303138E-06
5.4530000E+02	5.0936591E-06
5.7400000E+02	5.0609184E-06
6.0424000E+02	4.9182982E-06
6.3602000E+02	4.7021937E-06
6.6962000E+02	4.7566233E-06
7.0476000E+02	4.4652384E-06
7.4186000E+02	4.4032180E-06
7.8106000E+02	4.2624981E-06
8.2208000E+02	4.1522994E-06
8.6534000E+02	4.0613542E-06
9.1098000E+02	3.9923672E-06
9.5886000E+02	4.0557779E-06
1.0094000E+03	3.7655695E-06
1.0626000E+03	3.7187175E-06
1.1184600E+03	3.5565751E-06
1.1774000E+03	3.4790911E-06
1.2394200E+03	3.3921567E-06
1.3046600E+03	3.5080794E-06
1.3732600E+03	3.2415883E-06
1.4462000E+03	3.1712256E-06
1.5218000E+03	3.0692840E-06
1.6016000E+03	3.0083792E-06
1.6856000E+03	2.9131738E-06
1.7752000E+03	2.8444702E-06
1.8690000E+03	2.8041873E-06
1.9670000E+03	2.7075576E-06
2.0706000E+03	2.6322761E-06
2.1798000E+03	2.5646460E-06
2.2946000E+03	2.5002047E-06
2.4150000E+03	2.4359450E-06
2.5424000E+03	2.4792770E-06
2.6754000E+03	2.3373122E-06
2.8168000E+03	2.3439554E-06
2.9652000E+03	2.2735191E-06
3.1206000E+03	2.1577120E-06
3.2858000E+03	2.1025208E-06
3.4580000E+03	2.0713037E-06
3.6400000E+03	1.9960861E-06
3.8318000E+03	1.9390001E-06
4.0334000E+03	1.8865501E-06
4.2462000E+03	1.8745398E-06
4.4702000E+03	1.8066162E-06
4.7054000E+03	1.8044524E-06
4.9532000E+03	1.7042104E-06
5.2136000E+03	1.6782384E-06
5.4880000E+03	1.6370906E-06
5.7778000E+03	1.6560343E-06
6.0816000E+03	1.5491784E-06
6.4022000E+03	1.5007036E-06
6.7382000E+03	1.4724896E-06
7.0938000E+03	1.4450423E-06
7.4676000E+03	1.4043651E-06
7.8596000E+03	1.3561987E-06
8.2740000E+03	1.3487324E-06
8.7094000E+03	1.3177930E-06
9.1686000E+03	1.2552689E-06
9.6516000E+03	1.2239050E-06
1.0158400E+04	1.2104172E-06
1.0694600E+04	1.1650347E-06
1.1257400E+04	1.1336029E-06
1.1849600E+04	1.1059391E-06
1.2474000E+04	1.0800547E-06
1.3130600E+04	1.0538749E-06
1.3822200E+04	1.0250824E-06
1.4546000E+04	1.0035224E-06
1.5316000E+04	9.7436242E-07
1.6128000E+04	9.4829935E-07
1.6968000E+04	9.3587425E-07
1.7864000E+04	9.0345912E-07
1.8802000E+04	8.8081964E-07
1.9796000E+04	8.6242302E-07
2.0832000E+04	8.3451731E-07
2.1938000E+04	8.1500961E-07
2.3086000E+04	7.9316050E-07
2.4304000E+04	7.7425847E-07
2.5578000E+04	7.5693542E-07
2.6936000E+04	7.3906554E-07
2.8350000E+04	7.1768630E-07
2.9848000E+04	6.9963972E-07
3.1416000E+04	6.8226451E-07
3.3068000E+04	6.6381195E-07
3.4804000E+04	6.4850904E-07
3.6638000E+04	6.3654879E-07
3.8570000E+04	6.1439469E-07
4.0600000E+04	6.0555879E-07
4.2742000E+04	5.9006314E-07
4.4982000E+04	5.7303792E-07
4.7362000E+04	5.5491520E-07
4.9854000E+04	5.4435374E-07
5.2472000E+04	5.2729009E-07
5.5230000E+04	5.3231028E-07
5.8142000E+04	5.0992384E-07
6.1208000E+04	4.9047826E-07
6.4428000E+04	4.7773052E-07
6.7816000E+04	4.6486859E-07
7.1386000E+04	4.5460570E-07
7.5152000E+04	4.5473624E-07
7.9114000E+04	4.3556878E-07
8.3272000E+04	4.3363752E-07
8.7654000E+04	4.1097262E-07
9.2274000E+04	4.0026740E-07
9.7132000E+04	3.8871922E-07
1.0224200E+05	3.7859575E-07
1.0763200E+05	3.7218043E-07
1.1328800E+05	3.6087505E-07
1.1925200E+05	3.5013348E-07
1.2553800E+05	3.4238685E-07
1.3214600E+05	3.3367850E-07
1.3910400E+05	3.2499771E-07
1.4644000E+05	3.1744308E-07
1.5414000E+05	3.0920489E-07
1.6226000E+05	3.0142231E-07
1.7080000E+05	2.9274026E-07
1.7976000E+05	2.8564910E-07
1.8928000E+05	2.7896582E-07
1.9922000E+05	2.7134392E-07
2.0972000E+05	2.6505288E-07
2.2078000E+05	2.5913577E-07
2.3240000E+05	2.5135093E-07
2.4458000E+05	2.4481408E-07
2.5746000E+05	2.3920709E-07
2.7104000E+05	2.3365041E-07
2.8532000E+05	2.2853464E-07
3.0030000E+05	2.2111703E-07
3.1612000E+05	2.1616748E-07
3.3278000E+05	2.1036600E-07
3.5028000E+05	2.0526962E-07
3.6876000E+05	1.9961869E-07
3.8822000E+05	1.9460827E-07
4.0866000E+05	1.9025689E-07
4.3008000E+05	1.8529520E-07
4.5276000E+05	1.8116471E-07
4.7656000E+05	1.7585419E-07
5.0176000E+05	1.7120467E-07
5.2808000E+05	1.6787580E-07
5.5594000E+05	1.6296045E-07
5.8520000E+05	1.5924520E-07
6.1600000E+05	1.5485024E-07
6.4848000E+05	1.5085863E-07
6.8264000E+05	1.4691020E-07
7.1848000E+05	1.4342827E-07
7.5628000E+05	1.3951816E-07
7.9618000E+05	1.3615991E-07
8.3804000E+05	1.3255871E-07
8.8214000E+05	1.2952334E-07
9.2862000E+05	1.2619511E-07
9.7762000E+05	1.2286955E-07
1.0290000E+06	1.1976025E-07
1.0831800E+06	1.1719734E-07
1.1401600E+06	1.1383366E-07
1.2002200E+06	1.1085572E-07
1.2635000E+06	1.0811965E-07
1.3300000E+06	1.0533046E-07
1.4000000E+06	1.0294377E-07