1.4000000E-02	1.3018598E+03
1.4742000E-02	1.3914935E+03
1.5512000E-02	1.3215809E+03
1.6324000E-02	1.2551654E+03
1.7192000E-02	1.1920722E+03
1.8088000E-02	1.2665692E+03
1.9054000E-02	1.2028646E+03
2.0048000E-02	1.1423467E+03
2.1112000E-02	1.0848563E+03
2.2218000E-02	1.1465203E+03
2.3380000E-02	1.0887767E+03
2.4612000E-02	1.0339220E+03
2.5914000E-02	9.8181163E+02
2.7272000E-02	1.0326493E+03
2.8714000E-02	9.8055469E+02
3.0226000E-02	9.3106667E+02
3.1822000E-02	8.8405487E+02
3.3488000E-02	9.2579825E+02
3.5252000E-02	8.7899849E+02
3.7114000E-02	8.3454082E+02
3.9074000E-02	7.9230816E+02
4.1118000E-02	8.2644044E+02
4.3288000E-02	7.8455783E+02
4.5570000E-02	7.4477187E+02
4.7964000E-02	7.7408151E+02
5.0498000E-02	7.3476035E+02
5.3158000E-02	6.9740827E+02
5.5944000E-02	7.2248090E+02
5.8898000E-02	6.8567958E+02
6.1992000E-02	6.5072206E+02
6.5254000E-02	6.7208288E+02
6.8698000E-02	6.3773765E+02
7.2310000E-02	6.0511434E+02
7.6118000E-02	6.2323109E+02
8.0122000E-02	5.9126124E+02
8.4350000E-02	5.6089574E+02
8.8788000E-02	5.7618245E+02
9.3464000E-02	5.4649478E+02
9.8378000E-02	5.1829892E+02
1.0355800E-01	5.3111992E+02
1.0901800E-01	5.0361277E+02
1.1475800E-01	4.7749039E+02
1.2079200E-01	4.8816474E+02
1.2716200E-01	4.6273137E+02
1.3385400E-01	4.7210656E+02
1.4084000E-01	4.4738741E+02
1.4826000E-01	4.2391902E+02
1.5610000E-01	4.3158699E+02
1.6436000E-01	4.0881822E+02
1.7304000E-01	4.1544359E+02
1.8214000E-01	3.9338729E+02
1.9166000E-01	3.7245685E+02
2.0174000E-01	3.7772094E+02
2.1238000E-01	3.5748106E+02
2.2358000E-01	3.6190115E+02
2.3534000E-01	3.4235844E+02
2.4780000E-01	3.4599791E+02
2.6082000E-01	3.2715793E+02
2.7454000E-01	3.3007003E+02
2.8896000E-01	3.1193937E+02
3.0422000E-01	3.1416579E+02
3.2018000E-01	2.9675537E+02
3.3712000E-01	2.9832383E+02
3.5490000E-01	2.8165400E+02
3.7352000E-01	2.8257472E+02
3.9312000E-01	2.6668290E+02
4.1384000E-01	2.6694993E+02
4.3568000E-01	2.5189482E+02
4.5864000E-01	2.5152760E+02
4.8272000E-01	2.3735176E+02
5.0820000E-01	2.3646150E+02
5.3494000E-01	2.2312177E+02
5.6308000E-01	2.2184653E+02
5.9276000E-01	2.0926488E+02
6.2398000E-01	2.0776174E+02
6.5674000E-01	2.0408257E+02
6.9132000E-01	1.9417399E+02
7.2772000E-01	1.9167711E+02
7.6608000E-01	1.8819542E+02
8.0640000E-01	1.7882743E+02
8.4896000E-01	1.7590892E+02
8.9362000E-01	1.7084737E+02
9.4066000E-01	1.6916838E+02
9.9022000E-01	1.6466245E+02
1.0423000E+00	1.5770956E+02
1.0971800E+00	1.5337168E+02
1.1550000E+00	1.4848065E+02
1.2157600E+00	1.4561806E+02
1.2797400E+00	1.4240716E+02
1.3470800E+00	1.3878633E+02
1.4182000E+00	1.3539918E+02
1.4924000E+00	1.3203372E+02
1.5708000E+00	1.2853690E+02
1.6534000E+00	1.2924943E+02
1.7416000E+00	1.2438253E+02
1.8326000E+00	1.2236378E+02
1.9292000E+00	1.1873093E+02
2.0314000E+00	1.1825072E+02
2.1378000E+00	1.1316054E+02
2.2498000E+00	1.1121515E+02
2.3688000E+00	1.0959286E+02
2.4934000E+00	1.0481055E+02
2.6250000E+00	1.0484960E+02
2.7636000E+00	1.0128769E+02
2.9092000E+00	1.0018295E+02
3.0618000E+00	9.8456945E+01
3.2228000E+00	9.7260427E+01
3.3922000E+00	9.3878551E+01
3.5714000E+00	9.2127792E+01
3.7590000E+00	8.9511648E+01
3.9578000E+00	8.7908156E+01
4.1650000E+00	8.6398347E+01
4.3848000E+00	8.4813203E+01
4.6158000E+00	8.2622593E+01
4.8580000E+00	8.1258387E+01
5.1142000E+00	8.0383786E+01
5.3844000E+00	7.8856182E+01
5.6672000E+00	7.7867353E+01
5.9654000E+00	7.5759541E+01
6.2790000E+00	7.5517531E+01
6.6108000E+00	7.2771245E+01
6.9580000E+00	7.2090541E+01
7.3248000E+00	7.0048955E+01
7.7098000E+00	6.8735113E+01
8.1158000E+00	6.7379989E+01
8.5442000E+00	6.5322810E+01
8.9936000E+00	6.4098800E+01
9.4668000E+00	6.2847673E+01
9.9652000E+00	6.1327440E+01
1.0490200E+01	6.0943553E+01
1.1041800E+01	5.9994630E+01
1.1624200E+01	5.9227495E+01
1.2236000E+01	5.6978737E+01
1.2880000E+01	5.6448080E+01
1.3557600E+01	5.6080596E+01
1.4266000E+01	5.4497945E+01
1.5022000E+01	5.3434490E+01
1.5820000E+01	5.2405471E+01
1.6646000E+01	5.0704779E+01
1.7528000E+01	5.0072823E+01
1.8452000E+01	4.9097989E+01
1.9418000E+01	4.8157836E+01
2.0440000E+01	4.6600719E+01
2.1518000E+01	4.6251478E+01
2.2652000E+01	4.5941900E+01
2.3842000E+01	4.4298736E+01
2.5102000E+01	4.3048424E+01
2.6418000E+01	4.2462362E+01
2.7804000E+01	4.1981530E+01
2.9274000E+01	4.0646939E+01
3.0814000E+01	4.0478394E+01
3.2438000E+01	3.8954859E+01
3.4146000E+01	3.8370990E+01
3.5938000E+01	3.7344933E+01
3.7828000E+01	3.6513361E+01
3.9830000E+01	3.6091714E+01
4.1916000E+01	3.5330648E+01
4.4128000E+01	3.4697718E+01
4.6452000E+01	3.3369006E+01
4.8902000E+01	3.2707427E+01
5.1478000E+01	3.2716525E+01
5.4180000E+01	3.2022236E+01
5.7036000E+01	3.0708954E+01
6.0046000E+01	3.0191017E+01
6.3196000E+01	2.9875276E+01
6.6528000E+01	2.8864576E+01
7.0028000E+01	2.8475779E+01
7.3724000E+01	2.7738695E+01
7.7602000E+01	2.7148949E+01
8.1690000E+01	2.6739348E+01
8.5988000E+01	2.5875599E+01
9.0510000E+01	2.5367310E+01
9.5284000E+01	2.5279504E+01
1.0029600E+02	2.4466408E+01
1.0557400E+02	2.3918408E+01
1.1113200E+02	2.3535676E+01
1.1698400E+02	2.2456062E+01
1.2314400E+02	2.2428589E+01
1.2962600E+02	2.1748007E+01
1.3645800E+02	2.1480796E+01
1.4364000E+02	2.0817783E+01
1.5120000E+02	2.0242103E+01
1.5918000E+02	2.0052841E+01
1.6758000E+02	1.9587763E+01
1.7640000E+02	1.8859113E+01
1.8564000E+02	1.8552537E+01
1.9544000E+02	1.8266593E+01
2.0566000E+02	1.7725436E+01
2.1658000E+02	1.7375840E+01
2.2792000E+02	1.6939996E+01
2.3996000E+02	1.6716246E+01
2.5256000E+02	1.6395025E+01
2.6586000E+02	1.5776302E+01
2.7986000E+02	1.5543193E+01
2.9456000E+02	1.5082489E+01
3.1010000E+02	1.4872341E+01
3.2648000E+02	1.4486035E+01
3.4370000E+02	1.4031889E+01
3.6176000E+02	1.3977110E+01
3.8080000E+02	1.3350373E+01
4.0082000E+02	1.3074057E+01
4.2196000E+02	1.2880112E+01
4.4408000E+02	1.2574593E+01
4.6746000E+02	1.2229550E+01
4.9210000E+02	1.2037136E+01
5.1800000E+02	1.1679826E+01
5.4530000E+02	1.1353642E+01
5.7400000E+02	1.1087829E+01
6.0424000E+02	1.0867644E+01
6.3602000E+02	1.0547736E+01
6.6962000E+02	1.0300377E+01
7.0476000E+02	1.0014640E+01
7.4186000E+02	9.9018788E+00
7.8106000E+02	9.6439836E+00
8.2208000E+02	9.3873923E+00
8.6534000E+02	9.1933604E+00
9.1098000E+02	8.9331471E+00
9.5886000E+02	8.6925164E+00
1.0094000E+03	8.5227282E+00
1.0626000E+03	8.3133100E+00
1.1184600E+03	8.1918060E+00
1.1774000E+03	7.8993701E+00
1.2394200E+03	7.7647987E+00
1.3046600E+03	7.5338477E+00
1.3732600E+03	7.3621853E+00
1.4462000E+03	7.1655042E+00
1.5218000E+03	7.0266043E+00
1.6016000E+03	6.8530451E+00
1.6856000E+03	6.6308893E+00
1.7752000E+03	6.5379730E+00
1.8690000E+03	6.3586783E+00
1.9670000E+03	6.1821823E+00
2.0706000E+03	6.0794608E+00
2.1798000E+03	5.8864937E+00
2.2946000E+03	5.8181504E+00
2.4150000E+03	5.6395436E+00
2.5424000E+03	5.4781441E+00
2.6754000E+03	5.3490263E+00
2.8168000E+03	5.2563232E+00
2.9652000E+03	5.0638203E+00
3.1206000E+03	5.0520055E+00
3.2858000E+03	4.8098391E+00
3.4580000E+03	4.7566342E+00
3.6400000E+03	4.5995573E+00
3.8318000E+03	4.4886320E+00
4.0334000E+03	4.3560502E+00
4.2462000E+03	4.2519596E+00
4.4702000E+03	4.1599146E+00
4.7054000E+03	4.0680197E+00
4.9532000E+03	3.9707512E+00
5.2136000E+03	3.8873937E+00
5.4880000E+03	3.7361662E+00
5.7778000E+03	3.6834324E+00
6.0816000E+03	3.5752504E+00
6.4022000E+03	3.5080605E+00
6.7382000E+03	3.4123946E+00
7.0938000E+03	3.3056091E+00
7.4676000E+03	3.2418585E+00
7.8596000E+03	3.1706751E+00
8.2740000E+03	3.0753504E+00
8.7094000E+03	2.9892459E+00
9.1686000E+03	2.9162890E+00
9.6516000E+03	2.8422107E+00
1.0158400E+04	2.7920448E+00
1.0694600E+04	2.6942752E+00
1.1257400E+04	2.6348384E+00
1.1849600E+04	2.5709452E+00
1.2474000E+04	2.5156774E+00
1.3130600E+04	2.4597502E+00
1.3822200E+04	2.3915368E+00
1.4546000E+04	2.3224811E+00
1.5316000E+04	2.2840039E+00
1.6128000E+04	2.1987487E+00
1.6968000E+04	2.1548112E+00
1.7864000E+04	2.0990099E+00
1.8802000E+04	2.0693157E+00
1.9796000E+04	2.0020988E+00
2.0832000E+04	1.9481060E+00
2.1938000E+04	1.8953412E+00
2.3086000E+04	1.8534877E+00
2.4304000E+04	1.7963533E+00
2.5578000E+04	1.7582756E+00
2.6936000E+04	1.7207226E+00
2.8350000E+04	1.6650369E+00
2.9848000E+04	1.6247198E+00
3.1416000E+04	1.5802502E+00
3.3068000E+04	1.5507892E+00
3.4804000E+04	1.5114116E+00
3.6638000E+04	1.4689871E+00
3.8570000E+04	1.4268030E+00
4.0600000E+04	1.3991499E+00
4.2742000E+04	1.3620531E+00
4.4982000E+04	1.3218934E+00
4.7362000E+04	1.2899130E+00
4.9854000E+04	1.2552845E+00
5.2472000E+04	1.2541680E+00
5.5230000E+04	1.1993646E+00
5.8142000E+04	1.1674751E+00
6.1208000E+04	1.1343805E+00
6.4428000E+04	1.1050345E+00
6.7816000E+04	1.0777730E+00
7.1386000E+04	1.0478521E+00
7.5152000E+04	1.0355024E+00
7.9114000E+04	1.0011398E+00
8.3272000E+04	9.7602703E-01
8.7654000E+04	9.5801902E-01
9.2274000E+04	9.2688069E-01
9.7132000E+04	8.9946751E-01
1.0224200E+05	8.8353209E-01
1.0763200E+05	8.5663504E-01
1.1328800E+05	8.3427831E-01
1.1925200E+05	8.1670768E-01
1.2553800E+05	7.9396654E-01
1.3214600E+05	7.8198889E-01
1.3910400E+05	7.6002846E-01
1.4644000E+05	7.3730596E-01
1.5414000E+05	7.1773887E-01
1.6226000E+05	6.9904800E-01
1.7080000E+05	6.8200065E-01
1.7976000E+05	6.6376652E-01
1.8928000E+05	6.4990544E-01
1.9922000E+05	6.3418465E-01
2.0972000E+05	6.1677402E-01
2.2078000E+05	5.9741205E-01
2.3240000E+05	5.8508954E-01
2.4458000E+05	5.7161601E-01
2.5746000E+05	5.5570648E-01
2.7104000E+05	5.4509060E-01
2.8532000E+05	5.2559520E-01
3.0030000E+05	5.1223711E-01
3.1612000E+05	4.9969847E-01
3.3278000E+05	4.8837563E-01
3.5028000E+05	4.7617815E-01
3.6876000E+05	4.6328068E-01
3.8822000E+05	4.5154039E-01
4.0866000E+05	4.4091016E-01
4.3008000E+05	4.3153626E-01
4.5276000E+05	4.1681901E-01
4.7656000E+05	4.0819633E-01
5.0176000E+05	3.9685548E-01
5.2808000E+05	3.8631451E-01
5.5594000E+05	3.7874744E-01
5.8520000E+05	3.6818444E-01
6.1600000E+05	3.5854320E-01
6.4848000E+05	3.5010937E-01
6.8264000E+05	3.4040595E-01
7.1848000E+05	3.3173265E-01
7.5628000E+05	3.2430998E-01
7.9618000E+05	3.1517604E-01
8.3804000E+05	3.0690542E-01
8.8214000E+05	2.9900784E-01
9.2862000E+05	2.9198983E-01
9.7762000E+05	2.8480040E-01
1.0290000E+06	2.7939800E-01
1.0831800E+06	2.7094450E-01
1.1401600E+06	2.6443705E-01
1.2002200E+06	2.5679133E-01
1.2635000E+06	2.4992650E-01
1.3300000E+06	2.4352010E-01
1.4000000E+06	2.3841966E-01