2.7300000E-03	4.0200000E-03
2.8300000E-03	4.3300000E-03
2.8900000E-03	4.7300000E-03
3.0200000E-03	4.4600000E-03
3.1000000E-03	4.0500000E-03
3.1300000E-03	3.5900000E-03
3.2700000E-03	3.3100000E-03
3.4400000E-03	3.1600000E-03
3.6300000E-03	2.9800000E-03
3.8900000E-03	2.8900000E-03
4.2700000E-03	2.9600000E-03
4.5500000E-03	3.0500000E-03
4.8200000E-03	3.2600000E-03
5.0600000E-03	3.4100000E-03
5.5000000E-03	3.2100000E-03
6.0200000E-03	3.0200000E-03
6.5100000E-03	2.8300000E-03
7.0800000E-03	2.7900000E-03
7.7400000E-03	2.7400000E-03
8.3400000E-03	2.6400000E-03
8.8800000E-03	2.5900000E-03
9.4600000E-03	2.5100000E-03
1.0130000E-02	2.4900000E-03
1.0960000E-02	2.4200000E-03
1.1990000E-02	2.4200000E-03
1.2430000E-02	2.4200000E-03
1.3390000E-02	2.4400000E-03
1.4180000E-02	2.2900000E-03
1.5760000E-02	2.2400000E-03
1.7690000E-02	2.1900000E-03
1.8750000E-02	2.1600000E-03
2.0070000E-02	2.1600000E-03
2.2070000E-02	2.1100000E-03
2.4390000E-02	2.0700000E-03
2.7670000E-02	2.0200000E-03
2.9470000E-02	1.9900000E-03
3.2060000E-02	1.9300000E-03
3.5250000E-02	1.9200000E-03
3.8350000E-02	1.8800000E-03
4.2380000E-02	1.8500000E-03
4.5860000E-02	1.9000000E-03
5.0150000E-02	1.9000000E-03
5.4850000E-02	1.9000000E-03
6.0290000E-02	1.9600000E-03
6.5590000E-02	1.9900000E-03
6.9130000E-02	2.0100000E-03
7.4420000E-02	2.0200000E-03
8.0960000E-02	2.1000000E-03
8.9000000E-02	2.1900000E-03
9.5810000E-02	2.2800000E-03
1.0205000E-01	2.3600000E-03
1.1338000E-01	2.4400000E-03
1.2014000E-01	2.5300000E-03
1.3207000E-01	2.6200000E-03
1.4068000E-01	2.7400000E-03
1.4985000E-01	2.7900000E-03
1.5878000E-01	2.7900000E-03
1.7182000E-01	2.8900000E-03
1.8496000E-01	2.9400000E-03
1.9806000E-01	2.9600000E-03
2.1097000E-01	2.9800000E-03
2.2590000E-01	2.9800000E-03
2.3937000E-01	2.9800000E-03
2.5363000E-01	2.9100000E-03
2.7017000E-01	2.9100000E-03
2.9701000E-01	2.8900000E-03
3.2140000E-01	2.9100000E-03
3.3699000E-01	3.0500000E-03
3.6276000E-01	3.1900000E-03
3.8640000E-01	3.2800000E-03
4.1376000E-01	3.4100000E-03
4.4540000E-01	3.5100000E-03
4.7194000E-01	3.6200000E-03
5.0536000E-01	3.7800000E-03
5.4687000E-01	3.9600000E-03
5.7946000E-01	3.9900000E-03
6.5058000E-01	4.1700000E-03
7.1522000E-01	4.4600000E-03
7.6586000E-01	4.6600000E-03
8.2442000E-01	4.8100000E-03
8.8279000E-01	5.0300000E-03
9.4530000E-01	5.2600000E-03
1.0122300E+00	5.6200000E-03
1.0782200E+00	5.7900000E-03
1.1485000E+00	5.9200000E-03
1.2105600E+00	6.2400000E-03
1.2827000E+00	6.4800000E-03
1.4250700E+00	6.8300000E-03
1.5179600E+00	7.0900000E-03
1.6426400E+00	7.7500000E-03
1.7223100E+00	8.0500000E-03
1.8637700E+00	8.3500000E-03
1.9644800E+00	8.8700000E-03
2.1596600E+00	8.6100000E-03
2.2644100E+00	9.1400000E-03
2.4375400E+00	9.1400000E-03
2.5290100E+00	9.7700000E-03
2.6516700E+00	9.9200000E-03
2.8394200E+00	1.0140000E-02
3.0404700E+00	1.0140000E-02
3.2047600E+00	1.0290000E-02
3.4862800E+00	1.0140000E-02
3.8326700E+00	1.0140000E-02
4.1913500E+00	9.9200000E-03
4.5595400E+00	9.5500000E-03
4.9081400E+00	9.3400000E-03
5.3674800E+00	9.0700000E-03
5.7173600E+00	8.5400000E-03
6.2524200E+00	8.2900000E-03
6.5556800E+00	8.0500000E-03
7.0198600E+00	7.8700000E-03
7.6768200E+00	7.5200000E-03
8.1772400E+00	7.2500000E-03
8.8024400E+00	7.0300000E-03
9.5756900E+00	6.8300000E-03
1.0362200E+01	6.5300000E-03
1.3339780E+01	6.1500000E-03
1.6674220E+01	5.9300000E-03
2.0008660E+01	6.0000000E-03
2.3343110E+01	6.1300000E-03
2.6677550E+01	6.6000000E-03
3.0012000E+01	7.2300000E-03
3.3346440E+01	7.7300000E-03
3.6680890E+01	8.3100000E-03
4.0015330E+01	8.5400000E-03
4.3349770E+01	8.9300000E-03
4.6684220E+01	8.8400000E-03
5.0018660E+01	8.9100000E-03
5.3353110E+01	9.0000000E-03
5.6687550E+01	9.3100000E-03
6.0021990E+01	1.0030000E-02
6.3356440E+01	1.1760000E-02
6.6690880E+01	1.3220000E-02
7.0025330E+01	1.6540000E-02
7.3359770E+01	2.0290000E-02
7.6694220E+01	2.4610000E-02
8.0028660E+01	2.8460000E-02
8.3363100E+01	3.0270000E-02
8.6697550E+01	3.8510000E-02
9.0031990E+01	4.3810000E-02
9.3366440E+01	4.8790000E-02
9.6700880E+01	5.2850000E-02
1.0003532E+02	5.7750000E-02
1.0336977E+02	6.4040000E-02
1.0670421E+02	7.1470000E-02
1.1003866E+02	7.9350000E-02
1.1337310E+02	8.7050000E-02
1.1670755E+02	9.4030000E-02
1.2004199E+02	1.0020000E-01
1.2337643E+02	1.0487000E-01
1.2671088E+02	1.1555000E-01
1.3004532E+02	1.2479000E-01
1.3337977E+02	1.3019000E-01
1.3671421E+02	1.3539000E-01
1.4004865E+02	1.4224000E-01
1.4338310E+02	1.5016000E-01
1.4671754E+02	1.5906000E-01
1.5005199E+02	1.7008000E-01
1.5338643E+02	1.8431000E-01
1.5672087E+02	1.9652000E-01
1.6005532E+02	2.0557000E-01
1.6338976E+02	2.1346000E-01
1.6672421E+02	2.2062000E-01
1.7005865E+02	2.2754000E-01
1.7339310E+02	2.3344000E-01
1.7672754E+02	2.3816000E-01
1.8006198E+02	2.4319000E-01
1.8339643E+02	2.5008000E-01
1.8673087E+02	2.6622000E-01
1.9006532E+02	2.8299000E-01
1.9339976E+02	2.9198000E-01
1.9673420E+02	3.0105000E-01
2.0006865E+02	3.1026000E-01
2.0340309E+02	3.1936000E-01
2.0673754E+02	3.2830000E-01
2.1007198E+02	3.3718000E-01
2.1340643E+02	3.4603000E-01
2.1674087E+02	3.5491000E-01
2.2007531E+02	3.6387000E-01
2.2340976E+02	3.7301000E-01
2.2674420E+02	3.8249000E-01
2.3007865E+02	3.9243000E-01
2.3341309E+02	4.0340000E-01
2.3674753E+02	4.1465000E-01
2.4008198E+02	4.2529000E-01
2.4341642E+02	4.3563000E-01
2.4675087E+02	4.4846000E-01
2.5008531E+02	4.7000000E-01
2.5341976E+02	4.9375000E-01
2.5675420E+02	5.1264000E-01
2.6008864E+02	5.2594000E-01
2.6342309E+02	5.3600000E-01
2.6675753E+02	5.4413000E-01
2.7009198E+02	5.5177000E-01
2.7342642E+02	5.6037000E-01
2.7676086E+02	5.7141000E-01
2.8009531E+02	5.8635000E-01
2.8342975E+02	6.0663000E-01
2.8676420E+02	6.3077000E-01
2.9009864E+02	6.5675000E-01
2.9343309E+02	6.8264000E-01
2.9676753E+02	7.0634000E-01
3.0010197E+02	7.2586000E-01
3.0343642E+02	7.4060000E-01
3.0677086E+02	7.5188000E-01
3.1010531E+02	7.6215000E-01
3.1343975E+02	7.7136000E-01
3.1677419E+02	7.7721000E-01
3.2010864E+02	7.8180000E-01
3.2344308E+02	7.8682000E-01
3.2677753E+02	7.9393000E-01
3.3011197E+02	8.0482000E-01
3.3344641E+02	8.2108000E-01
3.3678086E+02	8.4243000E-01
3.4011530E+02	8.6607000E-01
3.4344975E+02	8.8834000E-01
3.4678419E+02	9.1072000E-01
3.5011864E+02	9.3297000E-01
3.5345308E+02	9.5462000E-01
3.5678752E+02	9.7505000E-01
3.6012197E+02	9.9374000E-01
3.6345641E+02	1.0105400E+00
3.6679086E+02	1.0262700E+00
3.7012530E+02	1.0416600E+00
3.7345974E+02	1.0573500E+00
3.7679419E+02	1.0735500E+00
3.8012863E+02	1.0903300E+00
3.8346308E+02	1.1079400E+00
3.8679752E+02	1.1266200E+00
3.9013197E+02	1.1462700E+00
3.9346641E+02	1.1667200E+00
3.9680085E+02	1.1879700E+00
4.0013530E+02	1.2099900E+00
4.0346974E+02	1.2327000E+00
4.0680419E+02	1.2561100E+00
4.1013863E+02	1.2808500E+00
4.1347307E+02	1.3066600E+00
4.1680752E+02	1.3330200E+00
4.2014196E+02	1.3625400E+00
4.2347641E+02	1.3950100E+00
4.2681085E+02	1.4286400E+00
4.3014530E+02	1.4621100E+00
4.3347974E+02	1.4938200E+00
4.3681418E+02	1.5222100E+00
4.4014863E+02	1.5457000E+00
4.4348307E+02	1.5654000E+00
4.4681752E+02	1.5836700E+00
4.5015196E+02	1.6009300E+00
4.5348640E+02	1.6171400E+00
4.5682085E+02	1.6325000E+00
4.6015529E+02	1.6472100E+00
4.6348974E+02	1.6615300E+00
4.6682418E+02	1.6757000E+00
4.7015862E+02	1.6899300E+00
4.7349307E+02	1.7044400E+00
4.7682751E+02	1.7195000E+00
4.8016196E+02	1.7354400E+00
4.8349640E+02	1.7526100E+00
4.8683085E+02	1.7706500E+00
4.9016529E+02	1.7892400E+00
4.9349973E+02	1.8084600E+00
4.9683418E+02	1.8283800E+00
5.0016862E+02	1.8491000E+00
5.0350307E+02	1.8706600E+00
5.0683751E+02	1.8930600E+00
5.1017195E+02	1.9162200E+00
5.1350640E+02	1.9400900E+00
5.1684084E+02	1.9646200E+00
5.2017529E+02	1.9897400E+00
5.2350973E+02	2.0153900E+00
5.2684418E+02	2.0425300E+00
5.3017862E+02	2.0781900E+00
5.3351306E+02	2.1216300E+00
5.3684751E+02	2.1703600E+00
5.4018195E+02	2.2217600E+00
5.4351640E+02	2.2731600E+00
5.4685084E+02	2.3219400E+00
5.5018528E+02	2.3654400E+00
5.5351973E+02	2.4010200E+00
5.5685417E+02	2.4266500E+00
5.6018862E+02	2.4472000E+00
5.6352306E+02	2.4648400E+00
5.6685751E+02	2.4802300E+00
5.7019195E+02	2.4940100E+00
5.7352639E+02	2.5068300E+00
5.7686084E+02	2.5193200E+00
5.8019528E+02	2.5321400E+00
5.8352973E+02	2.5459400E+00
5.8686417E+02	2.5613600E+00
5.9019861E+02	2.5789800E+00
5.9353306E+02	2.5993700E+00
5.9686750E+02	2.6209500E+00
6.0020195E+02	2.6426100E+00
6.0353639E+02	2.6644500E+00
6.0687083E+02	2.6865700E+00
6.1020528E+02	2.7091100E+00
6.1353972E+02	2.7321500E+00
6.1687417E+02	2.7558100E+00
6.2020861E+02	2.7801800E+00
6.2354306E+02	2.8054200E+00
6.2687750E+02	2.8318400E+00
6.3021194E+02	2.8594800E+00
6.3354639E+02	2.8883800E+00
6.3688083E+02	2.9204800E+00
6.4021528E+02	2.9559500E+00
6.4354972E+02	2.9936200E+00
6.4688416E+02	3.0322500E+00
6.5021861E+02	3.0706400E+00
6.5355305E+02	3.1075800E+00
6.5688750E+02	3.1419000E+00
6.6022194E+02	3.1726100E+00
6.6355639E+02	3.1986900E+00
6.6689083E+02	3.2224200E+00
6.7022527E+02	3.2458800E+00
6.7355972E+02	3.2691200E+00
6.7689416E+02	3.2921700E+00
6.8022861E+02	3.3150700E+00
6.8356305E+02	3.3378800E+00
6.8689749E+02	3.3606300E+00
6.9023194E+02	3.3833500E+00
6.9356638E+02	3.4061100E+00
6.9690083E+02	3.4289300E+00
7.0023527E+02	3.4518500E+00
7.0356972E+02	3.4749200E+00
7.0690416E+02	3.4980500E+00
7.1023860E+02	3.5212700E+00
7.1357305E+02	3.5446100E+00
7.1690749E+02	3.5680600E+00
7.2024194E+02	3.5916500E+00
7.2357638E+02	3.6154000E+00
7.2691082E+02	3.6393400E+00
7.3024527E+02	3.6634600E+00
7.3357971E+02	3.6878000E+00
7.3691416E+02	3.7123200E+00
7.4024860E+02	3.7368700E+00
7.4358305E+02	3.7614100E+00
7.4691749E+02	3.7861000E+00
7.5025193E+02	3.8109800E+00
7.5358638E+02	3.8360500E+00
7.5692082E+02	3.8612600E+00
7.6025527E+02	3.8865800E+00
7.6358971E+02	3.9119600E+00
7.6692415E+02	3.9373600E+00
7.7025860E+02	3.9627800E+00
7.7359304E+02	3.9881500E+00
7.7692749E+02	4.0134500E+00
7.8026193E+02	4.0386400E+00
7.8359637E+02	4.0636800E+00
7.8693082E+02	4.0885300E+00
7.9026526E+02	4.1131900E+00
7.9359971E+02	4.1376800E+00
7.9693415E+02	4.1620000E+00
8.0026860E+02	4.1861900E+00
8.0360304E+02	4.2102800E+00
8.0693748E+02	4.2343100E+00
8.1027193E+02	4.2583100E+00
8.1360637E+02	4.2823100E+00
8.1694082E+02	4.3063600E+00
8.2027526E+02	4.3305000E+00
8.2360970E+02	4.3547500E+00
8.2694415E+02	4.3791600E+00
8.3027859E+02	4.4037500E+00
8.3361304E+02	4.4285000E+00
8.3694748E+02	4.4533200E+00
8.4028193E+02	4.4782500E+00
8.4361637E+02	4.5032700E+00
8.4695081E+02	4.5284000E+00
8.5028526E+02	4.5536600E+00
8.5361970E+02	4.5790400E+00
8.5695415E+02	4.6045400E+00
8.6028859E+02	4.6301700E+00
8.6362303E+02	4.6559300E+00
8.6695748E+02	4.6818100E+00
8.7029192E+02	4.7078300E+00
8.7362637E+02	4.7339700E+00
8.7696081E+02	4.7602400E+00
8.8029526E+02	4.7866700E+00
8.8362970E+02	4.8139900E+00
8.8696414E+02	4.8424500E+00
8.9029859E+02	4.8717400E+00
8.9363303E+02	4.9015500E+00
8.9696748E+02	4.9316000E+00
9.0030192E+02	4.9615800E+00
9.0363636E+02	4.9912400E+00
9.0697081E+02	5.0204300E+00
9.1030525E+02	5.0488600E+00
9.1363970E+02	5.0762400E+00
9.1697414E+02	5.1033100E+00
9.2030858E+02	5.1303900E+00
9.2364303E+02	5.1574700E+00
9.2697747E+02	5.1845100E+00
9.3031192E+02	5.2115000E+00
9.3364636E+02	5.2384200E+00
9.3698081E+02	5.2652400E+00
9.4031525E+02	5.2919300E+00
9.4364969E+02	5.3184800E+00
9.4698414E+02	5.3446500E+00
9.5031858E+02	5.3695400E+00
9.5365303E+02	5.3931600E+00
9.5698747E+02	5.4156300E+00
9.6032191E+02	5.4370500E+00
9.6365636E+02	5.4575500E+00
9.6699080E+02	5.4772300E+00
9.7032525E+02	5.4962200E+00
9.7365969E+02	5.5145700E+00
9.7699414E+02	5.5324100E+00
9.8032858E+02	5.5498400E+00
9.8366302E+02	5.5669400E+00
9.8699747E+02	5.5838400E+00
9.9033191E+02	5.6006300E+00
9.9366636E+02	5.6174200E+00
9.9700080E+02	5.6343100E+00
1.0003352E+03	5.6513900E+00
1.0036697E+03	5.6687800E+00
1.0070041E+03	5.6865700E+00
1.0103386E+03	5.7048600E+00
1.0136730E+03	5.7236200E+00
1.0170075E+03	5.7429600E+00
1.0203419E+03	5.7629900E+00
1.0236764E+03	5.7838600E+00
1.0270108E+03	5.8056700E+00
1.0303452E+03	5.8285900E+00
1.0336797E+03	5.8527300E+00
1.0370141E+03	5.8780100E+00
1.0403486E+03	5.9043600E+00
1.0436830E+03	5.9317100E+00
1.0470175E+03	5.9599900E+00
1.0503519E+03	5.9891200E+00
1.0536864E+03	6.0190300E+00
1.0570208E+03	6.0496600E+00
1.0603552E+03	6.0809200E+00
1.0636897E+03	6.1127400E+00
1.0670241E+03	6.1450400E+00
1.0703586E+03	6.1777700E+00
1.0736930E+03	6.2108400E+00
1.0770275E+03	6.2441800E+00
1.0803619E+03	6.2777200E+00
1.0836964E+03	6.3114000E+00
1.0870308E+03	6.3451600E+00
1.0903652E+03	6.3794800E+00
1.0936997E+03	6.4143200E+00
1.0970341E+03	6.4494600E+00
1.1003686E+03	6.4846600E+00
1.1037030E+03	6.5197000E+00
1.1070375E+03	6.5543600E+00
1.1103719E+03	6.5884300E+00
1.1137064E+03	6.6216600E+00
1.1170408E+03	6.6538300E+00
1.1203752E+03	6.6847200E+00
1.1237097E+03	6.7141000E+00
1.1270441E+03	6.7417600E+00
1.1303786E+03	6.7674600E+00
1.1337130E+03	6.7910000E+00
1.1370475E+03	6.8124400E+00
1.1403819E+03	6.8319700E+00
1.1437163E+03	6.8505000E+00
1.1470508E+03	6.8682600E+00
1.1503852E+03	6.8853300E+00
1.1537197E+03	6.9018100E+00
1.1570541E+03	6.9177600E+00
1.1603886E+03	6.9332800E+00
1.1637230E+03	6.9484500E+00
1.1670575E+03	6.9633600E+00
1.1703919E+03	6.9780800E+00
1.1737263E+03	6.9927000E+00
1.1770608E+03	7.0073100E+00
1.1803952E+03	7.0219900E+00
1.1837297E+03	7.0368200E+00
1.1870641E+03	7.0519000E+00
1.1903986E+03	7.0673100E+00
1.1937330E+03	7.0831200E+00
1.1970675E+03	7.0994200E+00
1.2004019E+03	7.1163100E+00
1.2037363E+03	7.1337600E+00
1.2070708E+03	7.1517500E+00
1.2104052E+03	7.1702200E+00
1.2137397E+03	7.1891500E+00
1.2170741E+03	7.2084800E+00
1.2204086E+03	7.2282000E+00
1.2237430E+03	7.2482500E+00
1.2270775E+03	7.2686200E+00
1.2304119E+03	7.2892400E+00
1.2337463E+03	7.3101000E+00
1.2370808E+03	7.3311500E+00
1.2404152E+03	7.3523000E+00
1.2437497E+03	7.3732800E+00
1.2470841E+03	7.3940100E+00
1.2504186E+03	7.4144500E+00
1.2537530E+03	7.4345100E+00
1.2570874E+03	7.4541600E+00
1.2604219E+03	7.4733800E+00
1.2637563E+03	7.4923500E+00
1.2670908E+03	7.5111400E+00
1.2704252E+03	7.5297600E+00
1.2737597E+03	7.5482600E+00
1.2770941E+03	7.5666700E+00
1.2804286E+03	7.5850500E+00
1.2837630E+03	7.6034100E+00
1.2870974E+03	7.6218100E+00
1.2904319E+03	7.6402700E+00
1.2937663E+03	7.6588300E+00
1.2971008E+03	7.6775400E+00
1.3004352E+03	7.6964300E+00
1.3037697E+03	7.7155300E+00
1.3071041E+03	7.7349000E+00
1.3104386E+03	7.7545400E+00
1.3137730E+03	7.7745300E+00
1.3171074E+03	7.7948800E+00
1.3204419E+03	7.8156400E+00
1.3237763E+03	7.8368400E+00
1.3271108E+03	7.8585100E+00
1.3304452E+03	7.8804300E+00
1.3337797E+03	7.9025000E+00
1.3371141E+03	7.9247300E+00
1.3404486E+03	7.9471100E+00
1.3437830E+03	7.9696500E+00
1.3471174E+03	7.9923900E+00
1.3504519E+03	8.0166800E+00
1.3537863E+03	8.0431700E+00
1.3571208E+03	8.0716600E+00
1.3604552E+03	8.1019700E+00
1.3637897E+03	8.1339300E+00
1.3671241E+03	8.1673600E+00
1.3704585E+03	8.2020700E+00
1.3737930E+03	8.2378800E+00
1.3771274E+03	8.2746100E+00
1.3804619E+03	8.3120700E+00
1.3837963E+03	8.3500900E+00
1.3871308E+03	8.3884800E+00
1.3904652E+03	8.4270700E+00
1.3937997E+03	8.4656600E+00
1.3971341E+03	8.5040900E+00
1.4004685E+03	8.5421600E+00
1.4038030E+03	8.5796900E+00
1.4071374E+03	8.6165100E+00
1.4104719E+03	8.6524300E+00
1.4138063E+03	8.6872700E+00
1.4171408E+03	8.7208300E+00
1.4204752E+03	8.7529100E+00
1.4238097E+03	8.7833600E+00
1.4271441E+03	8.8119700E+00
1.4304785E+03	8.8385800E+00
1.4338130E+03	8.8630100E+00
1.4371474E+03	8.8850700E+00
1.4404819E+03	8.9057100E+00
1.4438163E+03	8.9263000E+00
1.4471508E+03	8.9468600E+00
1.4504852E+03	8.9673900E+00
1.4538197E+03	8.9878900E+00
1.4571541E+03	9.0083700E+00
1.4604885E+03	9.0288200E+00
1.4638230E+03	9.0492700E+00
1.4671574E+03	9.0697000E+00
1.4704919E+03	9.0901300E+00
1.4738263E+03	9.1105500E+00
1.4771608E+03	9.1309700E+00
1.4804952E+03	9.1513900E+00
1.4838297E+03	9.1718200E+00
1.4871641E+03	9.1922600E+00
1.4904985E+03	9.2127300E+00
1.4938330E+03	9.2333200E+00
1.4971674E+03	9.2540300E+00
1.5005019E+03	9.2748500E+00
1.5038363E+03	9.2957600E+00
1.5071708E+03	9.3167300E+00
1.5105052E+03	9.3377600E+00
1.5138396E+03	9.3588300E+00
1.5171741E+03	9.3799000E+00
1.5205085E+03	9.4009800E+00
1.5238430E+03	9.4220400E+00
1.5271774E+03	9.4430500E+00
1.5305119E+03	9.4640200E+00
1.5338463E+03	9.4849000E+00
1.5371808E+03	9.5057000E+00
1.5405152E+03	9.5263800E+00
1.5438496E+03	9.5469500E+00
1.5471841E+03	9.5673500E+00
1.5505185E+03	9.5876000E+00
1.5538530E+03	9.6076700E+00
1.5571874E+03	9.6276400E+00
1.5605219E+03	9.6475800E+00
1.5638563E+03	9.6674600E+00
1.5671908E+03	9.6873300E+00
1.5705252E+03	9.7071500E+00
1.5738596E+03	9.7269400E+00
1.5771941E+03	9.7467000E+00
1.5805285E+03	9.7664300E+00
1.5838630E+03	9.7861400E+00
1.5871974E+03	9.8058200E+00
1.5905319E+03	9.8254800E+00
1.5938663E+03	9.8451200E+00
1.5972008E+03	9.8647500E+00
1.6005352E+03	9.8843600E+00
1.6038696E+03	9.9039500E+00
1.6072041E+03	9.9235500E+00
1.6105385E+03	9.9431100E+00
1.6138730E+03	9.9626400E+00
1.6172074E+03	9.9821200E+00
1.6205419E+03	1.0001580E+01
1.6238763E+03	1.0021000E+01
1.6272107E+03	1.0040400E+01
1.6305452E+03	1.0059770E+01
1.6338796E+03	1.0079120E+01
1.6372141E+03	1.0098470E+01
1.6405485E+03	1.0117810E+01
1.6438830E+03	1.0137150E+01
1.6472174E+03	1.0156500E+01
1.6505519E+03	1.0175860E+01
1.6538863E+03	1.0195220E+01
1.6572207E+03	1.0214590E+01
1.6605552E+03	1.0233960E+01
1.6638896E+03	1.0253340E+01
1.6672241E+03	1.0272730E+01
1.6705585E+03	1.0292130E+01
1.6738930E+03	1.0311530E+01
1.6772274E+03	1.0330940E+01
1.6805619E+03	1.0350360E+01
1.6838963E+03	1.0369790E+01
1.6872307E+03	1.0389230E+01
1.6905652E+03	1.0408680E+01
1.6938996E+03	1.0428130E+01
1.6972341E+03	1.0447600E+01
1.7005685E+03	1.0467080E+01
1.7039030E+03	1.0486570E+01
1.7072374E+03	1.0506060E+01
1.7105719E+03	1.0525570E+01
1.7139063E+03	1.0545080E+01
1.7172407E+03	1.0564620E+01
1.7205752E+03	1.0584170E+01
1.7239096E+03	1.0603720E+01
1.7272441E+03	1.0623250E+01
1.7305785E+03	1.0642550E+01
1.7339130E+03	1.0661620E+01
1.7372474E+03	1.0680460E+01
1.7405819E+03	1.0699090E+01
1.7439163E+03	1.0717540E+01
1.7472507E+03	1.0735820E+01
1.7505852E+03	1.0754260E+01
1.7539196E+03	1.0773590E+01
1.7572541E+03	1.0793790E+01
1.7605885E+03	1.0814790E+01
1.7639230E+03	1.0836550E+01
1.7672574E+03	1.0858990E+01
1.7705918E+03	1.0882060E+01
1.7739263E+03	1.0905700E+01
1.7772607E+03	1.0929850E+01
1.7805952E+03	1.0954450E+01
1.7839296E+03	1.0979440E+01
1.7872641E+03	1.1004750E+01
1.7905985E+03	1.1030350E+01
1.7939330E+03	1.1056150E+01
1.7972674E+03	1.1082110E+01
1.8006018E+03	1.1108170E+01
1.8039363E+03	1.1134260E+01
1.8072707E+03	1.1160330E+01
1.8106052E+03	1.1186310E+01
1.8139396E+03	1.1212150E+01
1.8172741E+03	1.1237790E+01
1.8206085E+03	1.1263150E+01
1.8239430E+03	1.1288210E+01
1.8272774E+03	1.1312870E+01
1.8306118E+03	1.1337110E+01
1.8339463E+03	1.1360840E+01
1.8372807E+03	1.1384010E+01
1.8406152E+03	1.1406570E+01
1.8439496E+03	1.1428440E+01
1.8472841E+03	1.1449580E+01
1.8506185E+03	1.1470320E+01
1.8539530E+03	1.1491160E+01
1.8572874E+03	1.1512060E+01
1.8606218E+03	1.1532930E+01
1.8639563E+03	1.1553730E+01
1.8672907E+03	1.1574390E+01
1.8706252E+03	1.1594840E+01
1.8739596E+03	1.1615010E+01
1.8772941E+03	1.1634830E+01
1.8806285E+03	1.1654260E+01
1.8839629E+03	1.1673200E+01
1.8872974E+03	1.1691610E+01
1.8906318E+03	1.1709410E+01
1.8939663E+03	1.1726540E+01
1.8973007E+03	1.1742930E+01
1.9006352E+03	1.1758520E+01
1.9039696E+03	1.1773250E+01
1.9073041E+03	1.1787040E+01
1.9106385E+03	1.1799830E+01
1.9139729E+03	1.1811560E+01
1.9173074E+03	1.1822150E+01
1.9206418E+03	1.1831550E+01
1.9239763E+03	1.1839690E+01
1.9273107E+03	1.1846500E+01
1.9306452E+03	1.1852700E+01
1.9339796E+03	1.1858920E+01
1.9373141E+03	1.1865230E+01
1.9406485E+03	1.1871670E+01
1.9439829E+03	1.1878290E+01
1.9473174E+03	1.1885150E+01
1.9506518E+03	1.1892290E+01
1.9539863E+03	1.1899770E+01
1.9573207E+03	1.1907640E+01
1.9606552E+03	1.1915950E+01
1.9639896E+03	1.1924740E+01
1.9673241E+03	1.1934080E+01
1.9706585E+03	1.1944000E+01
1.9739929E+03	1.1954570E+01
1.9773274E+03	1.1965830E+01
1.9806618E+03	1.1977830E+01
1.9839963E+03	1.1990630E+01
1.9873307E+03	1.2004280E+01
1.9906652E+03	1.2018820E+01
1.9939996E+03	1.2034290E+01
1.9973340E+03	1.2050590E+01
2.0006685E+03	1.2067710E+01
2.0040029E+03	1.2085590E+01
2.0073374E+03	1.2104200E+01
2.0106718E+03	1.2123480E+01
2.0140063E+03	1.2143420E+01
2.0173407E+03	1.2163950E+01
2.0206752E+03	1.2185060E+01
2.0240096E+03	1.2206690E+01
2.0273440E+03	1.2228810E+01
2.0306785E+03	1.2251380E+01
2.0340129E+03	1.2274360E+01
2.0373474E+03	1.2297700E+01
2.0406818E+03	1.2321380E+01
2.0440163E+03	1.2345340E+01
2.0473507E+03	1.2369570E+01
2.0506852E+03	1.2393990E+01
2.0540196E+03	1.2418590E+01
2.0573540E+03	1.2443320E+01
2.0606885E+03	1.2468150E+01
2.0640229E+03	1.2493020E+01
2.0673574E+03	1.2517910E+01
2.0706918E+03	1.2542780E+01
2.0740263E+03	1.2567580E+01
2.0773607E+03	1.2592250E+01
2.0806952E+03	1.2616700E+01
2.0840296E+03	1.2640880E+01
2.0873640E+03	1.2664760E+01
2.0906985E+03	1.2688320E+01
2.0940329E+03	1.2711480E+01
2.0973674E+03	1.2734240E+01
2.1007018E+03	1.2756530E+01
2.1040363E+03	1.2778340E+01
2.1073707E+03	1.2799610E+01
2.1107052E+03	1.2820300E+01
2.1140396E+03	1.2840390E+01
2.1173740E+03	1.2859830E+01
2.1207085E+03	1.2878580E+01
2.1240429E+03	1.2896590E+01
2.1273774E+03	1.2913850E+01
2.1307118E+03	1.2930300E+01
2.1340463E+03	1.2945900E+01
2.1373807E+03	1.2960610E+01
2.1407151E+03	1.2974410E+01
2.1440496E+03	1.2987250E+01
2.1473840E+03	1.2999160E+01
2.1507185E+03	1.3010680E+01
2.1540529E+03	1.3021920E+01
2.1573874E+03	1.3032890E+01
2.1607218E+03	1.3043630E+01
2.1640563E+03	1.3054120E+01
2.1673907E+03	1.3064390E+01
2.1707251E+03	1.3074450E+01
2.1740596E+03	1.3084330E+01
2.1773940E+03	1.3094010E+01
2.1807285E+03	1.3103530E+01
2.1840629E+03	1.3112890E+01
2.1873974E+03	1.3122110E+01
2.1907318E+03	1.3131220E+01
2.1940663E+03	1.3140200E+01
2.1974007E+03	1.3149090E+01
2.2007351E+03	1.3157980E+01
2.2040696E+03	1.3167080E+01
2.2074040E+03	1.3176380E+01
2.2107385E+03	1.3185870E+01
2.2140729E+03	1.3195530E+01
2.2174074E+03	1.3205340E+01
2.2207418E+03	1.3215290E+01
2.2240763E+03	1.3225390E+01
2.2274107E+03	1.3235590E+01
2.2307451E+03	1.3245910E+01
2.2340796E+03	1.3256320E+01
2.2374140E+03	1.3266800E+01
2.2407485E+03	1.3277350E+01
2.2440829E+03	1.3287950E+01
2.2474174E+03	1.3298600E+01
2.2507518E+03	1.3309260E+01
2.2540862E+03	1.3319930E+01
2.2574207E+03	1.3330610E+01
2.2607551E+03	1.3341270E+01
2.2640896E+03	1.3351910E+01
2.2674240E+03	1.3362490E+01
2.2707585E+03	1.3373030E+01
2.2740929E+03	1.3383500E+01
2.2774274E+03	1.3393890E+01
2.2807618E+03	1.3404180E+01
2.2840962E+03	1.3414370E+01
2.2874307E+03	1.3424430E+01
2.2907651E+03	1.3434370E+01
2.2940996E+03	1.3444170E+01
2.2974340E+03	1.3454040E+01
2.3007685E+03	1.3464040E+01
2.3041029E+03	1.3474160E+01
2.3074374E+03	1.3484430E+01
2.3107718E+03	1.3494860E+01
2.3141062E+03	1.3505450E+01
2.3174407E+03	1.3516230E+01
2.3207751E+03	1.3527200E+01
2.3241096E+03	1.3538380E+01
2.3274440E+03	1.3549780E+01
2.3307785E+03	1.3561420E+01
2.3341129E+03	1.3573310E+01
2.3374474E+03	1.3585460E+01
2.3407818E+03	1.3597880E+01
2.3441162E+03	1.3610590E+01
2.3474507E+03	1.3623590E+01
2.3507851E+03	1.3636930E+01
2.3541196E+03	1.3650570E+01
2.3574540E+03	1.3664500E+01
2.3607885E+03	1.3678480E+01
2.3641229E+03	1.3692500E+01
2.3674574E+03	1.3706560E+01
2.3707918E+03	1.3720640E+01
2.3741262E+03	1.3734770E+01
2.3774607E+03	1.3748940E+01
2.3807951E+03	1.3763140E+01
2.3841296E+03	1.3777380E+01
2.3874640E+03	1.3791660E+01
2.3907985E+03	1.3806000E+01
2.3941329E+03	1.3820370E+01
2.3974673E+03	1.3834780E+01
2.4008018E+03	1.3849240E+01
2.4041362E+03	1.3863750E+01
2.4074707E+03	1.3878300E+01
2.4108051E+03	1.3892910E+01
2.4141396E+03	1.3907560E+01
2.4174740E+03	1.3922260E+01
2.4208085E+03	1.3937020E+01
2.4241429E+03	1.3951830E+01
2.4274773E+03	1.3966690E+01
2.4308118E+03	1.3981620E+01
2.4341462E+03	1.3996680E+01
2.4374807E+03	1.4011870E+01
2.4408151E+03	1.4027190E+01
2.4441496E+03	1.4042620E+01
2.4474840E+03	1.4058150E+01
2.4508185E+03	1.4073770E+01
2.4541529E+03	1.4089470E+01
2.4574873E+03	1.4105250E+01
2.4608218E+03	1.4121070E+01
2.4641562E+03	1.4136940E+01
2.4674907E+03	1.4152860E+01
2.4708251E+03	1.4168780E+01
2.4741596E+03	1.4184740E+01
2.4774940E+03	1.4200680E+01
2.4808285E+03	1.4216620E+01
2.4841629E+03	1.4232540E+01
2.4874973E+03	1.4248430E+01
2.4908318E+03	1.4264270E+01
2.4941662E+03	1.4280070E+01
2.4975007E+03	1.4295790E+01
2.5008351E+03	1.4311450E+01
2.5041696E+03	1.4327020E+01
2.5075040E+03	1.4342490E+01
2.5108384E+03	1.4357860E+01
2.5141729E+03	1.4373100E+01
2.5175073E+03	1.4388220E+01
2.5208418E+03	1.4403190E+01
2.5241762E+03	1.4418010E+01
2.5275107E+03	1.4432670E+01
2.5308451E+03	1.4447160E+01
2.5341796E+03	1.4461450E+01
2.5375140E+03	1.4475560E+01
2.5408484E+03	1.4489460E+01
2.5441829E+03	1.4503130E+01
2.5475173E+03	1.4516580E+01
2.5508518E+03	1.4529910E+01
2.5541862E+03	1.4543210E+01
2.5575207E+03	1.4556460E+01
2.5608551E+03	1.4569660E+01
2.5641896E+03	1.4582820E+01
2.5675240E+03	1.4595930E+01
2.5708584E+03	1.4609000E+01
2.5741929E+03	1.4622010E+01
2.5775273E+03	1.4634990E+01
2.5808618E+03	1.4647900E+01
2.5841962E+03	1.4660770E+01
2.5875307E+03	1.4673590E+01
2.5908651E+03	1.4686400E+01
2.5941996E+03	1.4699170E+01
2.5975340E+03	1.4711940E+01
2.6008684E+03	1.4724680E+01
2.6042029E+03	1.4737410E+01
2.6075373E+03	1.4750130E+01
2.6108718E+03	1.4762820E+01
2.6142062E+03	1.4775500E+01
2.6175407E+03	1.4788170E+01
2.6208751E+03	1.4800830E+01
2.6242095E+03	1.4813470E+01
2.6275440E+03	1.4826110E+01
2.6308784E+03	1.4838730E+01
2.6342129E+03	1.4851350E+01
2.6375473E+03	1.4863950E+01
2.6408818E+03	1.4876550E+01
2.6442162E+03	1.4889150E+01
2.6475507E+03	1.4901740E+01
2.6508851E+03	1.4914320E+01
2.6542195E+03	1.4926900E+01
2.6575540E+03	1.4939480E+01
2.6608884E+03	1.4952050E+01
2.6642229E+03	1.4964630E+01
2.6675573E+03	1.4977200E+01
2.6708918E+03	1.4989780E+01
2.6742262E+03	1.5002360E+01
2.6775607E+03	1.5014930E+01
2.6808951E+03	1.5027520E+01
2.6842295E+03	1.5040100E+01
2.6875640E+03	1.5052690E+01
2.6908984E+03	1.5065290E+01
2.6942329E+03	1.5077900E+01
2.6975673E+03	1.5090510E+01
2.7009018E+03	1.5103130E+01
2.7042362E+03	1.5115760E+01
2.7075707E+03	1.5128400E+01
2.7109051E+03	1.5141040E+01
2.7142395E+03	1.5153690E+01
2.7175740E+03	1.5166350E+01
2.7209084E+03	1.5179020E+01
2.7242429E+03	1.5191700E+01
2.7275773E+03	1.5204380E+01
2.7309118E+03	1.5217080E+01
2.7342462E+03	1.5229790E+01
2.7375807E+03	1.5242500E+01
2.7409151E+03	1.5255230E+01
2.7442495E+03	1.5267980E+01
2.7475840E+03	1.5280720E+01
2.7509184E+03	1.5293490E+01
2.7542529E+03	1.5306270E+01
2.7575873E+03	1.5319060E+01
2.7609218E+03	1.5331860E+01
2.7642562E+03	1.5344680E+01
2.7675906E+03	1.5357510E+01
2.7709251E+03	1.5370360E+01
2.7742595E+03	1.5383220E+01
2.7775940E+03	1.5396090E+01
2.7809284E+03	1.5408990E+01
2.7842629E+03	1.5421900E+01
2.7875973E+03	1.5434830E+01
2.7909318E+03	1.5447830E+01
2.7942662E+03	1.5460890E+01
2.7976006E+03	1.5474010E+01
2.8009351E+03	1.5487190E+01
2.8042695E+03	1.5500420E+01
2.8076040E+03	1.5513710E+01
2.8109384E+03	1.5527040E+01
2.8142729E+03	1.5540420E+01
2.8176073E+03	1.5553850E+01
2.8209418E+03	1.5567320E+01
2.8242762E+03	1.5580830E+01
2.8276106E+03	1.5594380E+01
2.8309451E+03	1.5607960E+01
2.8342795E+03	1.5621570E+01
2.8376140E+03	1.5635220E+01
2.8409484E+03	1.5648890E+01
2.8442829E+03	1.5662590E+01
2.8476173E+03	1.5676310E+01
2.8509518E+03	1.5690040E+01
2.8542862E+03	1.5703800E+01
2.8576206E+03	1.5717580E+01
2.8609551E+03	1.5731350E+01
2.8642895E+03	1.5745010E+01
2.8676240E+03	1.5758530E+01
2.8709584E+03	1.5771910E+01
2.8742929E+03	1.5785170E+01
2.8776273E+03	1.5798290E+01
2.8809617E+03	1.5811280E+01
2.8842962E+03	1.5824150E+01
2.8876306E+03	1.5836890E+01
2.8909651E+03	1.5849520E+01
2.8942995E+03	1.5862020E+01
2.8976340E+03	1.5874400E+01
2.9009684E+03	1.5886690E+01
2.9043029E+03	1.5898850E+01
2.9076373E+03	1.5910910E+01
2.9109717E+03	1.5922870E+01
2.9143062E+03	1.5934720E+01
2.9176406E+03	1.5946460E+01
2.9209751E+03	1.5958120E+01
2.9243095E+03	1.5969690E+01
2.9276440E+03	1.5981160E+01
2.9309784E+03	1.5992530E+01
2.9343129E+03	1.6003830E+01
2.9376473E+03	1.6015040E+01
2.9409817E+03	1.6026170E+01
2.9443162E+03	1.6037230E+01
2.9476506E+03	1.6048200E+01
2.9509851E+03	1.6059090E+01
2.9543195E+03	1.6069930E+01
2.9576540E+03	1.6080690E+01
2.9609884E+03	1.6091390E+01
2.9643229E+03	1.6102020E+01
2.9676573E+03	1.6112600E+01
2.9709917E+03	1.6123120E+01
2.9743262E+03	1.6133580E+01
2.9776606E+03	1.6144020E+01
2.9809951E+03	1.6154430E+01
2.9843295E+03	1.6164830E+01
2.9876640E+03	1.6175220E+01
2.9909984E+03	1.6185620E+01
2.9943328E+03	1.6196010E+01
2.9976673E+03	1.6206410E+01
3.0010017E+03	1.6216810E+01
3.0043362E+03	1.6227240E+01
3.0076706E+03	1.6237670E+01
3.0110051E+03	1.6248130E+01
3.0143395E+03	1.6258630E+01
3.0176740E+03	1.6269140E+01
3.0210084E+03	1.6279700E+01
3.0243428E+03	1.6290310E+01
3.0276773E+03	1.6300950E+01
3.0310117E+03	1.6311640E+01
3.0343462E+03	1.6322390E+01
3.0376806E+03	1.6333200E+01
3.0410151E+03	1.6344070E+01
3.0443495E+03	1.6355020E+01
3.0476840E+03	1.6366030E+01
3.0510184E+03	1.6377120E+01
3.0543528E+03	1.6388300E+01
3.0576873E+03	1.6399560E+01
3.0610217E+03	1.6410910E+01
3.0643562E+03	1.6422350E+01
3.0676906E+03	1.6433830E+01
3.0710251E+03	1.6445360E+01
3.0743595E+03	1.6456920E+01
3.0776940E+03	1.6468510E+01
3.0810284E+03	1.6480130E+01
3.0843628E+03	1.6491770E+01
3.0876973E+03	1.6503440E+01
3.0910317E+03	1.6515120E+01
3.0943662E+03	1.6526810E+01
3.0977006E+03	1.6538510E+01
3.1010351E+03	1.6550210E+01
3.1043695E+03	1.6561910E+01
3.1077040E+03	1.6573610E+01
3.1110384E+03	1.6585290E+01
3.1143728E+03	1.6596970E+01
3.1177073E+03	1.6608620E+01
3.1210417E+03	1.6620250E+01
3.1243762E+03	1.6631860E+01
3.1277106E+03	1.6643440E+01
3.1310451E+03	1.6654980E+01
3.1343795E+03	1.6666480E+01
3.1377139E+03	1.6677940E+01
3.1410484E+03	1.6689350E+01
3.1443828E+03	1.6700720E+01
3.1477173E+03	1.6712020E+01
3.1510517E+03	1.6723270E+01
3.1543862E+03	1.6734450E+01
3.1577206E+03	1.6745560E+01
3.1610551E+03	1.6756600E+01
3.1643895E+03	1.6767570E+01
3.1677239E+03	1.6778460E+01
3.1710584E+03	1.6789260E+01
3.1743928E+03	1.6799970E+01
3.1777273E+03	1.6810590E+01
3.1810617E+03	1.6821120E+01
3.1843962E+03	1.6831540E+01
3.1877306E+03	1.6841850E+01
3.1910651E+03	1.6852060E+01
3.1943995E+03	1.6862160E+01
3.1977339E+03	1.6872130E+01
3.2010684E+03	1.6881980E+01
3.2044028E+03	1.6891710E+01
3.2077373E+03	1.6901300E+01
3.2110717E+03	1.6910760E+01
3.2144062E+03	1.6920080E+01
3.2177406E+03	1.6929270E+01
3.2210751E+03	1.6938300E+01
3.2244095E+03	1.6947180E+01
3.2277439E+03	1.6955910E+01
3.2310784E+03	1.6964510E+01
3.2344128E+03	1.6973020E+01
3.2377473E+03	1.6981440E+01
3.2410817E+03	1.6989770E+01
3.2444162E+03	1.6998010E+01
3.2477506E+03	1.7006150E+01
3.2510850E+03	1.7014200E+01
3.2544195E+03	1.7022160E+01
3.2577539E+03	1.7030030E+01
3.2610884E+03	1.7037810E+01
3.2644228E+03	1.7045480E+01
3.2677573E+03	1.7053120E+01
3.2710917E+03	1.7060730E+01
3.2744262E+03	1.7068320E+01
3.2777606E+03	1.7075870E+01
3.2810950E+03	1.7083400E+01
3.2844295E+03	1.7090910E+01
3.2877639E+03	1.7098400E+01
3.2910984E+03	1.7105860E+01
3.2944328E+03	1.7113290E+01
3.2977673E+03	1.7120710E+01
3.3011017E+03	1.7128110E+01
3.3044362E+03	1.7135470E+01
3.3077706E+03	1.7142820E+01
3.3111050E+03	1.7150150E+01
3.3144395E+03	1.7157470E+01
3.3177739E+03	1.7164750E+01
3.3211084E+03	1.7172020E+01
3.3244428E+03	1.7179270E+01
3.3277773E+03	1.7186500E+01
3.3311117E+03	1.7193710E+01
3.3344462E+03	1.7200910E+01
3.3377806E+03	1.7208090E+01
3.3411150E+03	1.7215250E+01
3.3444495E+03	1.7222400E+01
3.3477839E+03	1.7229520E+01
3.3511184E+03	1.7236630E+01
3.3544528E+03	1.7243730E+01
3.3577873E+03	1.7250820E+01
3.3611217E+03	1.7257880E+01
3.3644562E+03	1.7264940E+01
3.3677906E+03	1.7271980E+01
3.3711250E+03	1.7279010E+01
3.3744595E+03	1.7286030E+01
3.3777939E+03	1.7293030E+01
3.3811284E+03	1.7300020E+01
3.3844628E+03	1.7307000E+01
3.3877973E+03	1.7313970E+01
3.3911317E+03	1.7320930E+01
3.3944661E+03	1.7327890E+01
3.3978006E+03	1.7334830E+01
3.4011350E+03	1.7341750E+01
3.4044695E+03	1.7348680E+01
3.4078039E+03	1.7355590E+01
3.4111384E+03	1.7362500E+01
3.4144728E+03	1.7369400E+01
3.4178073E+03	1.7376290E+01
3.4211417E+03	1.7383180E+01
3.4244761E+03	1.7390060E+01
3.4278106E+03	1.7396940E+01
3.4311450E+03	1.7403810E+01
3.4344795E+03	1.7410680E+01
3.4378139E+03	1.7417540E+01
3.4411484E+03	1.7424390E+01
3.4444828E+03	1.7431250E+01
3.4478173E+03	1.7438100E+01
3.4511517E+03	1.7444960E+01
3.4544861E+03	1.7451810E+01
3.4578206E+03	1.7458650E+01
3.4611550E+03	1.7465490E+01
3.4644895E+03	1.7472340E+01
3.4678239E+03	1.7479190E+01
3.4711584E+03	1.7486030E+01
3.4744928E+03	1.7492880E+01
3.4778273E+03	1.7499680E+01
3.4811617E+03	1.7506400E+01
3.4844961E+03	1.7513040E+01
3.4878306E+03	1.7519600E+01
3.4911650E+03	1.7526080E+01
3.4944995E+03	1.7532500E+01
3.4978339E+03	1.7538830E+01
3.5011684E+03	1.7545090E+01
3.5045028E+03	1.7551290E+01
3.5078372E+03	1.7557430E+01
3.5111717E+03	1.7563480E+01
3.5145061E+03	1.7569490E+01
3.5178406E+03	1.7575420E+01
3.5211750E+03	1.7581310E+01
3.5245095E+03	1.7587130E+01
3.5278439E+03	1.7592900E+01
3.5311784E+03	1.7598610E+01
3.5345128E+03	1.7604270E+01
3.5378472E+03	1.7609880E+01
3.5411817E+03	1.7615440E+01
3.5445161E+03	1.7620950E+01
3.5478506E+03	1.7626430E+01
3.5511850E+03	1.7631860E+01
3.5545195E+03	1.7637240E+01
3.5578539E+03	1.7642590E+01
3.5611884E+03	1.7647900E+01
3.5645228E+03	1.7653180E+01
3.5678572E+03	1.7658420E+01
3.5711917E+03	1.7663640E+01
3.5745261E+03	1.7668820E+01
3.5778606E+03	1.7673980E+01
3.5811950E+03	1.7679110E+01
3.5845295E+03	1.7684210E+01
3.5878639E+03	1.7689300E+01
3.5911984E+03	1.7694370E+01
3.5945328E+03	1.7699420E+01
3.5978672E+03	1.7704450E+01
3.6012017E+03	1.7709470E+01
3.6045361E+03	1.7714470E+01
3.6078706E+03	1.7719470E+01
3.6112050E+03	1.7724460E+01
3.6145395E+03	1.7729430E+01
3.6178739E+03	1.7734410E+01
3.6212083E+03	1.7739390E+01
3.6245428E+03	1.7744360E+01
3.6278772E+03	1.7749330E+01
3.6312117E+03	1.7754310E+01
3.6345461E+03	1.7759290E+01
3.6378806E+03	1.7764280E+01
3.6412150E+03	1.7769280E+01
3.6445495E+03	1.7774280E+01
3.6478839E+03	1.7779300E+01
3.6512183E+03	1.7784340E+01
3.6545528E+03	1.7789390E+01
3.6578872E+03	1.7794450E+01
3.6612217E+03	1.7799540E+01
3.6645561E+03	1.7804650E+01
3.6678906E+03	1.7809790E+01
3.6712250E+03	1.7814950E+01
3.6745595E+03	1.7820140E+01
3.6778939E+03	1.7825350E+01
3.6812283E+03	1.7830600E+01
3.6845628E+03	1.7835890E+01
3.6878972E+03	1.7841200E+01
3.6912317E+03	1.7846530E+01
3.6945661E+03	1.7851910E+01
3.6979006E+03	1.7857320E+01
3.7012350E+03	1.7862760E+01
3.7045695E+03	1.7868230E+01
3.7079039E+03	1.7873740E+01
3.7112383E+03	1.7879290E+01
3.7145728E+03	1.7884880E+01
3.7179072E+03	1.7890520E+01
3.7212417E+03	1.7896200E+01
3.7245761E+03	1.7901920E+01
3.7279106E+03	1.7907700E+01
3.7312450E+03	1.7913510E+01
3.7345795E+03	1.7919390E+01
3.7379139E+03	1.7925310E+01
3.7412483E+03	1.7931290E+01
3.7445828E+03	1.7937330E+01
3.7479172E+03	1.7943420E+01
3.7512517E+03	1.7949580E+01
3.7545861E+03	1.7955790E+01
3.7579206E+03	1.7962070E+01
3.7612550E+03	1.7968410E+01
3.7645894E+03	1.7974820E+01
3.7679239E+03	1.7981300E+01
3.7712583E+03	1.7987840E+01
3.7745928E+03	1.7994460E+01
3.7779272E+03	1.8001150E+01
3.7812617E+03	1.8007920E+01
3.7845961E+03	1.8014750E+01
3.7879306E+03	1.8021680E+01
3.7912650E+03	1.8028680E+01
3.7945994E+03	1.8035760E+01
3.7979339E+03	1.8042920E+01
3.8012683E+03	1.8050280E+01
3.8046028E+03	1.8058480E+01
3.8079372E+03	1.8067570E+01
3.8112717E+03	1.8077480E+01
3.8146061E+03	1.8088200E+01
3.8179406E+03	1.8099630E+01
3.8212750E+03	1.8111750E+01
3.8246094E+03	1.8124480E+01
3.8279439E+03	1.8137810E+01
3.8312783E+03	1.8151640E+01
3.8346128E+03	1.8165950E+01
3.8379472E+03	1.8180670E+01
3.8412817E+03	1.8195760E+01
3.8446161E+03	1.8211160E+01
3.8479506E+03	1.8226820E+01
3.8512850E+03	1.8242680E+01
3.8546194E+03	1.8258700E+01
3.8579539E+03	1.8274820E+01
3.8612883E+03	1.8290990E+01
3.8646228E+03	1.8307160E+01
3.8679572E+03	1.8323270E+01
3.8712917E+03	1.8339280E+01
3.8746261E+03	1.8355110E+01
3.8779605E+03	1.8370750E+01
3.8812950E+03	1.8386110E+01
3.8846294E+03	1.8401150E+01
3.8879639E+03	1.8415830E+01
3.8912983E+03	1.8430090E+01
3.8946328E+03	1.8443860E+01
3.8979672E+03	1.8457120E+01
3.9013017E+03	1.8469780E+01
3.9046361E+03	1.8481810E+01
3.9079705E+03	1.8493170E+01
3.9113050E+03	1.8503780E+01
3.9146394E+03	1.8513600E+01
3.9179739E+03	1.8522580E+01
3.9213083E+03	1.8530660E+01
3.9246428E+03	1.8538230E+01
3.9279772E+03	1.8545780E+01
3.9313117E+03	1.8553300E+01
3.9346461E+03	1.8560790E+01
3.9379805E+03	1.8568260E+01
3.9413150E+03	1.8575710E+01
3.9446494E+03	1.8583140E+01
3.9479839E+03	1.8590540E+01
3.9513183E+03	1.8597910E+01
3.9546528E+03	1.8605260E+01
3.9579872E+03	1.8612590E+01
3.9613217E+03	1.8619900E+01
3.9646561E+03	1.8627170E+01
3.9679905E+03	1.8634430E+01
3.9713250E+03	1.8641660E+01
3.9746594E+03	1.8648860E+01
3.9779939E+03	1.8656050E+01
3.9813283E+03	1.8663200E+01
3.9846628E+03	1.8670340E+01
3.9879972E+03	1.8677440E+01
3.9913317E+03	1.8684530E+01
3.9946661E+03	1.8691590E+01
3.9980005E+03	1.8698620E+01
4.0013350E+03	1.8705630E+01
4.0046694E+03	1.8712610E+01
4.0080039E+03	1.8719580E+01
4.0113383E+03	1.8726510E+01
4.0146728E+03	1.8733420E+01
4.0180072E+03	1.8740310E+01
4.0213416E+03	1.8747160E+01
4.0246761E+03	1.8754000E+01
4.0280105E+03	1.8760810E+01
4.0313450E+03	1.8767590E+01
4.0346794E+03	1.8774350E+01
4.0380139E+03	1.8781080E+01
4.0413483E+03	1.8787800E+01
4.0446828E+03	1.8794480E+01
4.0480172E+03	1.8801130E+01
4.0513516E+03	1.8807760E+01
4.0546861E+03	1.8814370E+01
4.0580205E+03	1.8820950E+01
4.0613550E+03	1.8827500E+01
4.0646894E+03	1.8834040E+01
4.0680239E+03	1.8840540E+01
4.0713583E+03	1.8847020E+01
4.0746928E+03	1.8853470E+01
4.0780272E+03	1.8859890E+01
4.0813616E+03	1.8866290E+01
4.0846961E+03	1.8872670E+01
4.0880305E+03	1.8879000E+01
4.0913650E+03	1.8885310E+01
4.0946994E+03	1.8891590E+01
4.0980339E+03	1.8897840E+01
4.1013683E+03	1.8904050E+01
4.1047028E+03	1.8910240E+01
4.1080372E+03	1.8916390E+01
4.1113716E+03	1.8922510E+01
4.1147061E+03	1.8928600E+01
4.1180405E+03	1.8934660E+01
4.1213750E+03	1.8940680E+01
4.1247094E+03	1.8946680E+01
4.1280439E+03	1.8952650E+01
4.1313783E+03	1.8958580E+01
4.1347127E+03	1.8964480E+01
4.1380472E+03	1.8970360E+01
4.1413816E+03	1.8976200E+01
4.1447161E+03	1.8982010E+01
4.1480505E+03	1.8987790E+01
4.1513850E+03	1.8993550E+01
4.1547194E+03	1.8999270E+01
4.1580539E+03	1.9004960E+01
4.1613883E+03	1.9010620E+01
4.1647227E+03	1.9016250E+01
4.1680572E+03	1.9021850E+01
4.1713916E+03	1.9027420E+01
4.1747261E+03	1.9032960E+01
4.1780605E+03	1.9038470E+01
4.1813950E+03	1.9043950E+01
4.1847294E+03	1.9049400E+01
4.1880639E+03	1.9054820E+01
4.1913983E+03	1.9060220E+01
4.1947327E+03	1.9065580E+01
4.1980672E+03	1.9070910E+01
4.2014016E+03	1.9076210E+01
4.2047361E+03	1.9081480E+01
4.2080705E+03	1.9086730E+01
4.2114050E+03	1.9091940E+01
4.2147394E+03	1.9097130E+01
4.2180739E+03	1.9102290E+01
4.2214083E+03	1.9107420E+01
4.2247427E+03	1.9112500E+01
4.2280772E+03	1.9117530E+01
4.2314116E+03	1.9122520E+01
4.2347461E+03	1.9127460E+01
4.2380805E+03	1.9132350E+01
4.2414150E+03	1.9137190E+01
4.2447494E+03	1.9141990E+01
4.2480838E+03	1.9146750E+01
4.2514183E+03	1.9151470E+01
4.2547527E+03	1.9156150E+01
4.2580872E+03	1.9160800E+01
4.2614216E+03	1.9165400E+01
4.2647561E+03	1.9169990E+01
4.2680905E+03	1.9174530E+01
4.2714250E+03	1.9179040E+01
4.2747594E+03	1.9183530E+01
4.2780938E+03	1.9187980E+01
4.2814283E+03	1.9192420E+01
4.2847627E+03	1.9196830E+01
4.2880972E+03	1.9201210E+01
4.2914316E+03	1.9205580E+01
4.2947661E+03	1.9209920E+01
4.2981005E+03	1.9214250E+01
4.3014350E+03	1.9218560E+01
4.3047694E+03	1.9222870E+01
4.3081038E+03	1.9227150E+01
4.3114383E+03	1.9231430E+01
4.3147727E+03	1.9235700E+01
4.3181072E+03	1.9239960E+01
4.3214416E+03	1.9244220E+01
4.3247761E+03	1.9248460E+01
4.3281105E+03	1.9252710E+01
4.3314450E+03	1.9256960E+01
4.3347794E+03	1.9261200E+01
4.3381138E+03	1.9265450E+01
4.3414483E+03	1.9269710E+01
4.3447827E+03	1.9273970E+01
4.3481172E+03	1.9278230E+01
4.3514516E+03	1.9282510E+01
4.3547861E+03	1.9286790E+01
4.3581205E+03	1.9291090E+01
4.3614550E+03	1.9295400E+01
4.3647894E+03	1.9299730E+01
4.3681238E+03	1.9304070E+01
4.3714583E+03	1.9308430E+01
4.3747927E+03	1.9312820E+01
4.3781272E+03	1.9317220E+01
4.3814616E+03	1.9321650E+01
4.3847961E+03	1.9326110E+01
4.3881305E+03	1.9330580E+01
4.3914649E+03	1.9335090E+01
4.3947994E+03	1.9339630E+01
4.3981338E+03	1.9344200E+01
4.4014683E+03	1.9348800E+01
4.4048027E+03	1.9353440E+01
4.4081372E+03	1.9358120E+01
4.4114716E+03	1.9362830E+01
4.4148061E+03	1.9367580E+01
4.4181405E+03	1.9372370E+01
4.4214749E+03	1.9377210E+01
4.4248094E+03	1.9382090E+01
4.4281438E+03	1.9387030E+01
4.4314783E+03	1.9392000E+01
4.4348127E+03	1.9397020E+01
4.4381472E+03	1.9402110E+01
4.4414816E+03	1.9407240E+01
4.4448161E+03	1.9412420E+01
4.4481505E+03	1.9417650E+01
4.4514849E+03	1.9422950E+01
4.4548194E+03	1.9428310E+01
4.4581538E+03	1.9433730E+01
4.4614883E+03	1.9439210E+01
4.4648227E+03	1.9444750E+01
4.4681572E+03	1.9450370E+01
4.4714916E+03	1.9456050E+01
4.4748261E+03	1.9461790E+01
4.4781605E+03	1.9467600E+01
4.4814949E+03	1.9473460E+01
4.4848294E+03	1.9479370E+01
4.4881638E+03	1.9485340E+01
4.4914983E+03	1.9491360E+01
4.4948327E+03	1.9497430E+01
4.4981672E+03	1.9503550E+01
4.5015016E+03	1.9509720E+01
4.5048360E+03	1.9515930E+01
4.5081705E+03	1.9522180E+01
4.5115049E+03	1.9528480E+01
4.5148394E+03	1.9534830E+01
4.5181738E+03	1.9541210E+01
4.5215083E+03	1.9547630E+01
4.5248427E+03	1.9554090E+01
4.5281772E+03	1.9560580E+01
4.5315116E+03	1.9567120E+01
4.5348460E+03	1.9573670E+01
4.5381805E+03	1.9580270E+01
4.5415149E+03	1.9586900E+01
4.5448494E+03	1.9593550E+01
4.5481838E+03	1.9600240E+01
4.5515183E+03	1.9606950E+01
4.5548527E+03	1.9613680E+01
4.5581872E+03	1.9620430E+01
4.5615216E+03	1.9627220E+01
4.5648560E+03	1.9634020E+01
4.5681905E+03	1.9640810E+01
4.5715249E+03	1.9647590E+01
4.5748594E+03	1.9654330E+01
4.5781938E+03	1.9661060E+01
4.5815283E+03	1.9667760E+01
4.5848627E+03	1.9674440E+01
4.5881972E+03	1.9681080E+01
4.5915316E+03	1.9687690E+01
4.5948660E+03	1.9694270E+01
4.5982005E+03	1.9700830E+01
4.6015349E+03	1.9707350E+01
4.6048694E+03	1.9713840E+01
4.6082038E+03	1.9720300E+01
4.6115383E+03	1.9726720E+01
4.6148727E+03	1.9733100E+01
4.6182072E+03	1.9739450E+01
4.6215416E+03	1.9745750E+01
4.6248760E+03	1.9752030E+01
4.6282105E+03	1.9758260E+01
4.6315449E+03	1.9764450E+01
4.6348794E+03	1.9770600E+01
4.6382138E+03	1.9776710E+01
4.6415483E+03	1.9782770E+01
4.6448827E+03	1.9788790E+01
4.6482171E+03	1.9794760E+01
4.6515516E+03	1.9800690E+01
4.6548860E+03	1.9806570E+01
4.6582205E+03	1.9812400E+01
4.6615549E+03	1.9818180E+01
4.6648894E+03	1.9823920E+01
4.6682238E+03	1.9829600E+01
4.6715583E+03	1.9835220E+01
4.6748927E+03	1.9840800E+01
4.6782271E+03	1.9846320E+01
4.6815616E+03	1.9851790E+01
4.6848960E+03	1.9857190E+01
4.6882305E+03	1.9862550E+01
4.6915649E+03	1.9867850E+01
4.6948994E+03	1.9873080E+01
4.6982338E+03	1.9878260E+01
4.7015683E+03	1.9883370E+01
4.7049027E+03	1.9888420E+01
4.7082371E+03	1.9893410E+01
4.7115716E+03	1.9898330E+01
4.7149060E+03	1.9903200E+01
4.7182405E+03	1.9908000E+01
4.7215749E+03	1.9912760E+01
4.7249094E+03	1.9917470E+01
4.7282438E+03	1.9922120E+01
4.7315783E+03	1.9926730E+01
4.7349127E+03	1.9931310E+01
4.7382471E+03	1.9935830E+01
4.7415816E+03	1.9940320E+01
4.7449160E+03	1.9944760E+01
4.7482505E+03	1.9949150E+01
4.7515849E+03	1.9953520E+01
4.7549194E+03	1.9957850E+01
4.7582538E+03	1.9962150E+01
4.7615882E+03	1.9966400E+01
4.7649227E+03	1.9970630E+01
4.7682571E+03	1.9974820E+01
4.7715916E+03	1.9978990E+01
4.7749260E+03	1.9983120E+01
4.7782605E+03	1.9987230E+01
4.7815949E+03	1.9991310E+01
4.7849294E+03	1.9995360E+01
4.7882638E+03	1.9999400E+01
4.7915982E+03	2.0003410E+01
4.7949327E+03	2.0007390E+01
4.7982671E+03	2.0011360E+01
4.8016016E+03	2.0015320E+01
4.8049360E+03	2.0019250E+01
4.8082705E+03	2.0023170E+01
4.8116049E+03	2.0027070E+01
4.8149394E+03	2.0030960E+01
4.8182738E+03	2.0034840E+01
4.8216082E+03	2.0038700E+01
4.8249427E+03	2.0042560E+01
4.8282771E+03	2.0046410E+01
4.8316116E+03	2.0050250E+01
4.8349460E+03	2.0054080E+01
4.8382805E+03	2.0057920E+01
4.8416149E+03	2.0061750E+01
4.8449494E+03	2.0065580E+01
4.8482838E+03	2.0069410E+01
4.8516182E+03	2.0073240E+01
4.8549527E+03	2.0077070E+01
4.8582871E+03	2.0080900E+01
4.8616216E+03	2.0084740E+01
4.8649560E+03	2.0088590E+01
4.8682905E+03	2.0092440E+01
4.8716249E+03	2.0096300E+01
4.8749593E+03	2.0100180E+01
4.8782938E+03	2.0104060E+01
4.8816282E+03	2.0107960E+01
4.8849627E+03	2.0111870E+01
4.8882971E+03	2.0115800E+01
4.8916316E+03	2.0119740E+01
4.8949660E+03	2.0123710E+01
4.8983005E+03	2.0127690E+01
4.9016349E+03	2.0131680E+01
4.9049693E+03	2.0135720E+01
4.9083038E+03	2.0139760E+01
4.9116382E+03	2.0143830E+01
4.9149727E+03	2.0147930E+01
4.9183071E+03	2.0152050E+01
4.9216416E+03	2.0156200E+01
4.9249760E+03	2.0160390E+01
4.9283105E+03	2.0164610E+01
4.9316449E+03	2.0168850E+01
4.9349793E+03	2.0173130E+01
4.9383138E+03	2.0177440E+01
4.9416482E+03	2.0181790E+01
4.9449827E+03	2.0186190E+01
4.9483171E+03	2.0190610E+01
4.9516516E+03	2.0195080E+01
4.9549860E+03	2.0199600E+01
4.9583205E+03	2.0204150E+01
4.9616549E+03	2.0208740E+01
4.9649893E+03	2.0213380E+01
4.9683238E+03	2.0218070E+01
4.9716582E+03	2.0222800E+01
4.9749927E+03	2.0227590E+01
4.9783271E+03	2.0232430E+01
4.9816616E+03	2.0237320E+01
4.9849960E+03	2.0242270E+01
4.9883305E+03	2.0247260E+01
4.9916649E+03	2.0252320E+01
4.9949993E+03	2.0257430E+01
4.9983338E+03	2.0262630E+01
5.0016682E+03	2.0268010E+01
5.0050027E+03	2.0273560E+01
5.0083371E+03	2.0279260E+01
5.0116716E+03	2.0285120E+01
5.0150060E+03	2.0291150E+01
5.0183404E+03	2.0297320E+01
5.0216749E+03	2.0303650E+01
5.0250093E+03	2.0310120E+01
5.0283438E+03	2.0316730E+01
5.0316782E+03	2.0323480E+01
5.0350127E+03	2.0330370E+01
5.0383471E+03	2.0337390E+01
5.0416816E+03	2.0344540E+01
5.0450160E+03	2.0351810E+01
5.0483504E+03	2.0359210E+01
5.0516849E+03	2.0366720E+01
5.0550193E+03	2.0374350E+01
5.0583538E+03	2.0382090E+01
5.0616882E+03	2.0390000E+01
5.0650227E+03	2.0398050E+01
5.0683571E+03	2.0406270E+01
5.0716916E+03	2.0414630E+01
5.0750260E+03	2.0423150E+01
5.0783604E+03	2.0431810E+01
5.0816949E+03	2.0440600E+01
5.0850293E+03	2.0449530E+01
5.0883638E+03	2.0458580E+01
5.0916982E+03	2.0467750E+01
5.0950327E+03	2.0477050E+01
5.0983671E+03	2.0486460E+01
5.1017016E+03	2.0495980E+01
5.1050360E+03	2.0505600E+01
5.1083704E+03	2.0515310E+01
5.1117049E+03	2.0525120E+01
5.1150393E+03	2.0535030E+01
5.1183738E+03	2.0545010E+01
5.1217082E+03	2.0555070E+01
5.1250427E+03	2.0565210E+01
5.1283771E+03	2.0575410E+01
5.1317115E+03	2.0585690E+01
5.1350460E+03	2.0596010E+01
5.1383804E+03	2.0606400E+01
5.1417149E+03	2.0616840E+01
5.1450493E+03	2.0627320E+01
5.1483838E+03	2.0637840E+01
5.1517182E+03	2.0648390E+01
5.1550527E+03	2.0658970E+01
5.1583871E+03	2.0669580E+01
5.1617215E+03	2.0680210E+01
5.1650560E+03	2.0690860E+01
5.1683904E+03	2.0701510E+01
5.1717249E+03	2.0712170E+01
5.1750593E+03	2.0722840E+01
5.1783938E+03	2.0733490E+01
5.1817282E+03	2.0744140E+01
5.1850627E+03	2.0754780E+01
5.1883971E+03	2.0765390E+01
5.1917315E+03	2.0775980E+01
5.1950660E+03	2.0786550E+01
5.1984004E+03	2.0797080E+01
5.2017349E+03	2.0807580E+01
5.2050693E+03	2.0818030E+01
5.2084038E+03	2.0828420E+01
5.2117382E+03	2.0838780E+01
5.2150727E+03	2.0849060E+01
5.2184071E+03	2.0859290E+01
5.2217415E+03	2.0869460E+01
5.2250760E+03	2.0879540E+01
5.2284104E+03	2.0889560E+01
5.2317449E+03	2.0899490E+01
5.2350793E+03	2.0909330E+01
5.2384138E+03	2.0919070E+01
5.2417482E+03	2.0928730E+01
5.2450826E+03	2.0938280E+01
5.2484171E+03	2.0947730E+01
5.2517515E+03	2.0957060E+01
5.2550860E+03	2.0966270E+01
5.2584204E+03	2.0975380E+01
5.2617549E+03	2.0984340E+01
5.2650893E+03	2.0993180E+01
5.2684238E+03	2.1001940E+01
5.2717582E+03	2.1010670E+01
5.2750926E+03	2.1019390E+01
5.2784271E+03	2.1028090E+01
5.2817615E+03	2.1036780E+01
5.2850960E+03	2.1045440E+01
5.2884304E+03	2.1054100E+01
5.2917649E+03	2.1062740E+01
5.2950993E+03	2.1071350E+01
5.2984338E+03	2.1079950E+01
5.3017682E+03	2.1088540E+01
5.3051026E+03	2.1097090E+01
5.3084371E+03	2.1105640E+01
5.3117715E+03	2.1114170E+01
5.3151060E+03	2.1122680E+01
5.3184404E+03	2.1131180E+01
5.3217749E+03	2.1139650E+01
5.3251093E+03	2.1148100E+01
5.3284438E+03	2.1156530E+01
5.3317782E+03	2.1164950E+01
5.3351126E+03	2.1173350E+01
5.3384471E+03	2.1181730E+01
5.3417815E+03	2.1190080E+01
5.3451160E+03	2.1198430E+01
5.3484504E+03	2.1206740E+01
5.3517849E+03	2.1215040E+01
5.3551193E+03	2.1223320E+01
5.3584538E+03	2.1231580E+01
5.3617882E+03	2.1239820E+01
5.3651226E+03	2.1248030E+01
5.3684571E+03	2.1256230E+01
5.3717915E+03	2.1264400E+01
5.3751260E+03	2.1272560E+01
5.3784604E+03	2.1280690E+01
5.3817949E+03	2.1288800E+01
5.3851293E+03	2.1296890E+01
5.3884637E+03	2.1304960E+01
5.3917982E+03	2.1313000E+01
5.3951326E+03	2.1321030E+01
5.3984671E+03	2.1329040E+01
5.4018015E+03	2.1337010E+01
5.4051360E+03	2.1344970E+01
5.4084704E+03	2.1352910E+01
5.4118049E+03	2.1360830E+01
5.4151393E+03	2.1368720E+01
5.4184737E+03	2.1376580E+01
5.4218082E+03	2.1384420E+01
5.4251426E+03	2.1392250E+01
5.4284771E+03	2.1400030E+01
5.4318115E+03	2.1407810E+01
5.4351460E+03	2.1415560E+01
5.4384804E+03	2.1423290E+01
5.4418149E+03	2.1430990E+01
5.4451493E+03	2.1438660E+01
5.4484837E+03	2.1446310E+01
5.4518182E+03	2.1453940E+01
5.4551526E+03	2.1461540E+01
5.4584871E+03	2.1469120E+01
5.4618215E+03	2.1476680E+01
5.4651560E+03	2.1484200E+01
5.4684904E+03	2.1491700E+01
5.4718249E+03	2.1499180E+01
5.4751593E+03	2.1506630E+01
5.4784937E+03	2.1514060E+01
5.4818282E+03	2.1521450E+01
5.4851626E+03	2.1528830E+01
5.4884971E+03	2.1536170E+01
5.4918315E+03	2.1543490E+01
5.4951660E+03	2.1550780E+01
5.4985004E+03	2.1558050E+01
5.5018348E+03	2.1565290E+01
5.5051693E+03	2.1572510E+01
5.5085037E+03	2.1579690E+01
5.5118382E+03	2.1586840E+01
5.5151726E+03	2.1593980E+01
5.5185071E+03	2.1601090E+01
5.5218415E+03	2.1608150E+01
5.5251760E+03	2.1615200E+01
5.5285104E+03	2.1622220E+01
5.5318448E+03	2.1629220E+01
5.5351793E+03	2.1636180E+01
5.5385137E+03	2.1643110E+01
5.5418482E+03	2.1650010E+01
5.5451826E+03	2.1656880E+01
5.5485171E+03	2.1663730E+01
5.5518515E+03	2.1670550E+01
5.5551860E+03	2.1677330E+01
5.5585204E+03	2.1684100E+01
5.5618548E+03	2.1690820E+01
5.5651893E+03	2.1697520E+01
5.5685237E+03	2.1704190E+01
5.5718582E+03	2.1710830E+01
5.5751926E+03	2.1717430E+01
5.5785271E+03	2.1724010E+01
5.5818615E+03	2.1730560E+01
5.5851960E+03	2.1737070E+01
5.5885304E+03	2.1743560E+01
5.5918648E+03	2.1750020E+01
5.5951993E+03	2.1756440E+01
5.5985337E+03	2.1762830E+01
5.6018682E+03	2.1769190E+01
5.6052026E+03	2.1775520E+01
5.6085371E+03	2.1781820E+01
5.6118715E+03	2.1788080E+01
5.6152060E+03	2.1794310E+01
5.6185404E+03	2.1800510E+01
5.6218748E+03	2.1806680E+01
5.6252093E+03	2.1812810E+01
5.6285437E+03	2.1818910E+01
5.6318782E+03	2.1824990E+01
5.6352126E+03	2.1831020E+01
5.6385471E+03	2.1837020E+01
5.6418815E+03	2.1842970E+01
5.6452159E+03	2.1848860E+01
5.6485504E+03	2.1854670E+01
5.6518848E+03	2.1860420E+01
5.6552193E+03	2.1866100E+01
5.6585537E+03	2.1871720E+01
5.6618882E+03	2.1877250E+01
5.6652226E+03	2.1882710E+01
5.6685571E+03	2.1888110E+01
5.6718915E+03	2.1893420E+01
5.6752259E+03	2.1898660E+01
5.6785604E+03	2.1903810E+01
5.6818948E+03	2.1908900E+01
5.6852293E+03	2.1913890E+01
5.6885637E+03	2.1918810E+01
5.6918982E+03	2.1923640E+01
5.6952326E+03	2.1928390E+01
5.6985671E+03	2.1933050E+01
5.7019015E+03	2.1937620E+01
5.7052359E+03	2.1942120E+01
5.7085704E+03	2.1946520E+01
5.7119048E+03	2.1950850E+01
5.7152393E+03	2.1955180E+01
5.7185737E+03	2.1959490E+01
5.7219082E+03	2.1963780E+01
5.7252426E+03	2.1968050E+01
5.7285771E+03	2.1972310E+01
5.7319115E+03	2.1976550E+01
5.7352459E+03	2.1980780E+01
5.7385804E+03	2.1984980E+01
5.7419148E+03	2.1989180E+01
5.7452493E+03	2.1993350E+01
5.7485837E+03	2.1997510E+01
5.7519182E+03	2.2001640E+01
5.7552526E+03	2.2005760E+01
5.7585870E+03	2.2009860E+01
5.7619215E+03	2.2013940E+01
5.7652559E+03	2.2018000E+01
5.7685904E+03	2.2022040E+01
5.7719248E+03	2.2026060E+01
5.7752593E+03	2.2030070E+01
5.7785937E+03	2.2034050E+01
5.7819282E+03	2.2038020E+01
5.7852626E+03	2.2041960E+01
5.7885970E+03	2.2045880E+01
5.7919315E+03	2.2049780E+01
5.7952659E+03	2.2053670E+01
5.7986004E+03	2.2057520E+01
5.8019348E+03	2.2061360E+01
5.8052693E+03	2.2065180E+01
5.8086037E+03	2.2068970E+01
5.8119382E+03	2.2072750E+01
5.8152726E+03	2.2076490E+01
5.8186070E+03	2.2080220E+01
5.8219415E+03	2.2083930E+01
5.8252759E+03	2.2087610E+01
5.8286104E+03	2.2091270E+01
5.8319448E+03	2.2094910E+01
5.8352793E+03	2.2098520E+01
5.8386137E+03	2.2102120E+01
5.8419482E+03	2.2105680E+01
5.8452826E+03	2.2109230E+01
5.8486170E+03	2.2112740E+01
5.8519515E+03	2.2116240E+01
5.8552859E+03	2.2119700E+01
5.8586204E+03	2.2123150E+01
5.8619548E+03	2.2126560E+01
5.8652893E+03	2.2129970E+01
5.8686237E+03	2.2133330E+01
5.8719581E+03	2.2136670E+01
5.8752926E+03	2.2139980E+01
5.8786270E+03	2.2143280E+01
5.8819615E+03	2.2146540E+01
5.8852959E+03	2.2149780E+01
5.8886304E+03	2.2152990E+01
5.8919648E+03	2.2156180E+01
5.8952993E+03	2.2159330E+01
5.8986337E+03	2.2162460E+01
5.9019681E+03	2.2165560E+01
5.9053026E+03	2.2168640E+01
5.9086370E+03	2.2171680E+01
5.9119715E+03	2.2174700E+01
5.9153059E+03	2.2177680E+01
5.9186404E+03	2.2180650E+01
5.9219748E+03	2.2183580E+01
5.9253093E+03	2.2186490E+01
5.9286437E+03	2.2189360E+01
5.9319781E+03	2.2192200E+01
5.9353126E+03	2.2195010E+01
5.9386470E+03	2.2197790E+01
5.9419815E+03	2.2200550E+01
5.9453159E+03	2.2203280E+01
5.9486504E+03	2.2205970E+01
5.9519848E+03	2.2208630E+01
5.9553193E+03	2.2211270E+01
5.9586537E+03	2.2213860E+01
5.9619881E+03	2.2216430E+01
5.9653226E+03	2.2218970E+01
5.9686570E+03	2.2221480E+01
5.9719915E+03	2.2223950E+01
5.9753259E+03	2.2226390E+01
5.9786604E+03	2.2228800E+01
5.9819948E+03	2.2231170E+01
5.9853293E+03	2.2233520E+01
5.9886637E+03	2.2235830E+01
5.9919981E+03	2.2238110E+01
5.9953326E+03	2.2240350E+01
5.9986670E+03	2.2242560E+01
6.0020015E+03	2.2244740E+01
6.0053359E+03	2.2246880E+01
6.0086704E+03	2.2248990E+01
6.0120048E+03	2.2251070E+01
6.0153392E+03	2.2253100E+01
6.0186737E+03	2.2255110E+01
6.0220081E+03	2.2257070E+01
6.0253426E+03	2.2259010E+01
6.0286770E+03	2.2260910E+01
6.0320115E+03	2.2262770E+01
6.0353459E+03	2.2264590E+01
6.0386804E+03	2.2266390E+01
6.0420148E+03	2.2268160E+01
6.0453492E+03	2.2269910E+01
6.0486837E+03	2.2271650E+01
6.0520181E+03	2.2273370E+01
6.0553526E+03	2.2275080E+01
6.0586870E+03	2.2276780E+01
6.0620215E+03	2.2278450E+01
6.0653559E+03	2.2280110E+01
6.0686904E+03	2.2281750E+01
6.0720248E+03	2.2283380E+01
6.0753592E+03	2.2284990E+01
6.0786937E+03	2.2286580E+01
6.0820281E+03	2.2288160E+01
6.0853626E+03	2.2289720E+01
6.0886970E+03	2.2291270E+01
6.0920315E+03	2.2292820E+01
6.0953659E+03	2.2294330E+01
6.0987004E+03	2.2295840E+01
6.1020348E+03	2.2297320E+01
6.1053692E+03	2.2298800E+01
6.1087037E+03	2.2300250E+01
6.1120381E+03	2.2301700E+01
6.1153726E+03	2.2303120E+01
6.1187070E+03	2.2304540E+01
6.1220415E+03	2.2305940E+01
6.1253759E+03	2.2307330E+01
6.1287103E+03	2.2308700E+01
6.1320448E+03	2.2310050E+01
6.1353792E+03	2.2311390E+01
6.1387137E+03	2.2312720E+01
6.1420481E+03	2.2314030E+01
6.1453826E+03	2.2315320E+01
6.1487170E+03	2.2316610E+01
6.1520515E+03	2.2317870E+01
6.1553859E+03	2.2319130E+01
6.1587203E+03	2.2320370E+01
6.1620548E+03	2.2321600E+01
6.1653892E+03	2.2322810E+01
6.1687237E+03	2.2324010E+01
6.1720581E+03	2.2325200E+01
6.1753926E+03	2.2326370E+01
6.1787270E+03	2.2327520E+01
6.1820615E+03	2.2328670E+01
6.1853959E+03	2.2329800E+01
6.1887303E+03	2.2330910E+01
6.1920648E+03	2.2332020E+01
6.1953992E+03	2.2333110E+01
6.1987337E+03	2.2334190E+01
6.2020681E+03	2.2335250E+01
6.2054026E+03	2.2336300E+01
6.2087370E+03	2.2337340E+01
6.2120715E+03	2.2338360E+01
6.2154059E+03	2.2339370E+01
6.2187403E+03	2.2340370E+01
6.2220748E+03	2.2341360E+01
6.2254092E+03	2.2342330E+01
6.2287437E+03	2.2343290E+01
6.2320781E+03	2.2344230E+01
6.2354126E+03	2.2345170E+01
6.2387470E+03	2.2346100E+01
6.2420815E+03	2.2347010E+01
6.2454159E+03	2.2347910E+01
6.2487503E+03	2.2348790E+01
6.2520848E+03	2.2349660E+01
6.2554192E+03	2.2350520E+01
6.2587537E+03	2.2351370E+01
6.2620881E+03	2.2352210E+01
6.2654226E+03	2.2353030E+01
6.2687570E+03	2.2353840E+01
6.2720914E+03	2.2354630E+01
6.2754259E+03	2.2355400E+01
6.2787603E+03	2.2356150E+01
6.2820948E+03	2.2356890E+01
6.2854292E+03	2.2357600E+01
6.2887637E+03	2.2358290E+01
6.2920981E+03	2.2358970E+01
6.2954326E+03	2.2359620E+01
6.2987670E+03	2.2360260E+01
6.3021014E+03	2.2360880E+01
6.3054359E+03	2.2361480E+01
6.3087703E+03	2.2362060E+01
6.3121048E+03	2.2362630E+01
6.3154392E+03	2.2363180E+01
6.3187737E+03	2.2363720E+01
6.3221081E+03	2.2364230E+01
6.3254426E+03	2.2364730E+01
6.3287770E+03	2.2365210E+01
6.3321114E+03	2.2365680E+01
6.3354459E+03	2.2366130E+01
6.3387803E+03	2.2366560E+01
6.3421148E+03	2.2366980E+01
6.3454492E+03	2.2367380E+01
6.3487837E+03	2.2367770E+01
6.3521181E+03	2.2368150E+01
6.3554526E+03	2.2368510E+01
6.3587870E+03	2.2368860E+01
6.3621214E+03	2.2369190E+01
6.3654559E+03	2.2369500E+01
6.3687903E+03	2.2369800E+01
6.3721248E+03	2.2370090E+01
6.3754592E+03	2.2370370E+01
6.3787937E+03	2.2370640E+01
6.3821281E+03	2.2370890E+01
6.3854625E+03	2.2371120E+01
6.3887970E+03	2.2371350E+01
6.3921314E+03	2.2371560E+01
6.3954659E+03	2.2371760E+01
6.3988003E+03	2.2371950E+01
6.4021348E+03	2.2372130E+01
6.4054692E+03	2.2372300E+01
6.4088037E+03	2.2372450E+01
6.4121381E+03	2.2372590E+01
6.4154725E+03	2.2372720E+01
6.4188070E+03	2.2372840E+01
6.4221414E+03	2.2372950E+01
6.4254759E+03	2.2373060E+01
6.4288103E+03	2.2373160E+01
6.4321448E+03	2.2373240E+01
6.4354792E+03	2.2373310E+01
6.4388137E+03	2.2373370E+01
6.4421481E+03	2.2373420E+01
6.4454825E+03	2.2373470E+01
6.4488170E+03	2.2373500E+01
6.4521514E+03	2.2373540E+01
6.4554859E+03	2.2373560E+01
6.4588203E+03	2.2373570E+01
6.4621548E+03	2.2373580E+01
6.4654892E+03	2.2373570E+01
6.4688237E+03	2.2373560E+01
6.4721581E+03	2.2373540E+01
6.4754925E+03	2.2373530E+01
6.4788270E+03	2.2373500E+01
6.4821614E+03	2.2373460E+01
6.4854959E+03	2.2373410E+01
6.4888303E+03	2.2373360E+01
6.4921648E+03	2.2373310E+01
6.4954992E+03	2.2373240E+01
6.4988336E+03	2.2373180E+01
6.5021681E+03	2.2373120E+01
6.5055025E+03	2.2373040E+01
6.5088370E+03	2.2372960E+01
6.5121714E+03	2.2372870E+01
6.5155059E+03	2.2372780E+01
6.5188403E+03	2.2372680E+01
6.5221748E+03	2.2372590E+01
6.5255092E+03	2.2372480E+01
6.5288436E+03	2.2372380E+01
6.5321781E+03	2.2372280E+01
6.5355125E+03	2.2372170E+01
6.5388470E+03	2.2372050E+01
6.5421814E+03	2.2371940E+01
6.5455159E+03	2.2371820E+01
6.5488503E+03	2.2371700E+01
6.5521848E+03	2.2371570E+01
6.5555192E+03	2.2371450E+01
6.5588536E+03	2.2371320E+01
6.5621881E+03	2.2371200E+01
6.5655225E+03	2.2371080E+01
6.5688570E+03	2.2370950E+01
6.5721914E+03	2.2370820E+01
6.5755259E+03	2.2370690E+01
6.5788603E+03	2.2370560E+01
6.5821948E+03	2.2370430E+01
6.5855292E+03	2.2370300E+01
6.5888636E+03	2.2370170E+01
6.5921981E+03	2.2370040E+01
6.5955325E+03	2.2369910E+01
6.5988670E+03	2.2369780E+01
6.6022014E+03	2.2369660E+01
6.6055359E+03	2.2369530E+01
6.6088703E+03	2.2369410E+01
6.6122048E+03	2.2369290E+01
6.6155392E+03	2.2369180E+01
6.6188736E+03	2.2369060E+01
6.6222081E+03	2.2368950E+01
6.6255425E+03	2.2368840E+01
6.6288770E+03	2.2368730E+01
6.6322114E+03	2.2368630E+01
6.6355459E+03	2.2368530E+01
6.6388803E+03	2.2368430E+01
6.6422147E+03	2.2368340E+01
6.6455492E+03	2.2368250E+01
6.6488836E+03	2.2368170E+01
6.6522181E+03	2.2368090E+01
6.6555525E+03	2.2368020E+01
6.6588870E+03	2.2367950E+01
6.6622214E+03	2.2367880E+01
6.6655559E+03	2.2367830E+01
6.6688903E+03	2.2367770E+01
6.6722247E+03	2.2367730E+01
6.6755592E+03	2.2367690E+01
6.6788936E+03	2.2367650E+01
6.6822281E+03	2.2367620E+01
6.6855625E+03	2.2367600E+01
6.6888970E+03	2.2367590E+01
6.6922314E+03	2.2367580E+01
6.6955659E+03	2.2367590E+01
6.6989003E+03	2.2367590E+01
6.7022347E+03	2.2367610E+01
6.7055692E+03	2.2367620E+01
6.7089036E+03	2.2367660E+01
6.7122381E+03	2.2367700E+01
6.7155725E+03	2.2367750E+01
6.7189070E+03	2.2367810E+01
6.7222414E+03	2.2367880E+01
6.7255759E+03	2.2367950E+01
6.7289103E+03	2.2368040E+01
6.7322447E+03	2.2368130E+01
6.7355792E+03	2.2368240E+01
6.7389136E+03	2.2368350E+01
6.7422481E+03	2.2368480E+01
6.7455825E+03	2.2368610E+01
6.7489170E+03	2.2368730E+01
6.7522514E+03	2.2368830E+01
6.7555858E+03	2.2368920E+01
6.7589203E+03	2.2369000E+01
6.7622547E+03	2.2369070E+01
6.7655892E+03	2.2369130E+01
6.7689236E+03	2.2369170E+01
6.7722581E+03	2.2369210E+01
6.7755925E+03	2.2369230E+01
6.7789270E+03	2.2369250E+01
6.7822614E+03	2.2369250E+01
6.7855958E+03	2.2369250E+01
6.7889303E+03	2.2369240E+01
6.7922647E+03	2.2369220E+01
6.7955992E+03	2.2369200E+01
6.7989336E+03	2.2369170E+01
6.8022681E+03	2.2369130E+01
6.8056025E+03	2.2369090E+01
6.8089370E+03	2.2369030E+01
6.8122714E+03	2.2368980E+01
6.8156058E+03	2.2368920E+01
6.8189403E+03	2.2368850E+01
6.8222747E+03	2.2368780E+01
6.8256092E+03	2.2368710E+01
6.8289436E+03	2.2368640E+01
6.8322781E+03	2.2368560E+01
6.8356125E+03	2.2368480E+01
6.8389470E+03	2.2368390E+01
6.8422814E+03	2.2368320E+01
6.8456158E+03	2.2368240E+01
6.8489503E+03	2.2368140E+01
6.8522847E+03	2.2368070E+01
6.8556192E+03	2.2367980E+01
6.8589536E+03	2.2367900E+01
6.8622881E+03	2.2367810E+01
6.8656225E+03	2.2367740E+01
6.8689569E+03	2.2367650E+01
6.8722914E+03	2.2367580E+01
6.8756258E+03	2.2367500E+01
6.8789603E+03	2.2367440E+01
6.8822947E+03	2.2367370E+01
6.8856292E+03	2.2367310E+01
6.8889636E+03	2.2367260E+01
6.8922981E+03	2.2367200E+01
6.8956325E+03	2.2367150E+01
6.8989669E+03	2.2367120E+01
6.9023014E+03	2.2367080E+01
6.9056358E+03	2.2367060E+01
6.9089703E+03	2.2367040E+01
6.9123047E+03	2.2367020E+01
6.9156392E+03	2.2367020E+01
6.9189736E+03	2.2367020E+01
6.9223081E+03	2.2367030E+01
6.9256425E+03	2.2367060E+01
6.9289769E+03	2.2367090E+01
6.9323114E+03	2.2367130E+01
6.9356458E+03	2.2367180E+01
6.9389803E+03	2.2367250E+01
6.9423147E+03	2.2367320E+01
6.9456492E+03	2.2367400E+01
6.9489836E+03	2.2367500E+01
6.9523181E+03	2.2367620E+01
6.9556525E+03	2.2367750E+01
6.9589869E+03	2.2367880E+01
6.9623214E+03	2.2368040E+01
6.9656558E+03	2.2368200E+01
6.9689903E+03	2.2368390E+01
6.9723247E+03	2.2368580E+01
6.9756592E+03	2.2368790E+01
6.9789936E+03	2.2369020E+01
6.9823281E+03	2.2369270E+01
6.9856625E+03	2.2369530E+01
6.9889969E+03	2.2369820E+01
6.9923314E+03	2.2370110E+01
6.9956658E+03	2.2370420E+01
6.9990003E+03	2.2370760E+01
7.0023347E+03	2.2371110E+01
7.0056692E+03	2.2371490E+01
7.0090036E+03	2.2371880E+01
7.0123380E+03	2.2372270E+01
7.0156725E+03	2.2372680E+01
7.0190069E+03	2.2373080E+01
7.0223414E+03	2.2373480E+01
7.0256758E+03	2.2373890E+01
7.0290103E+03	2.2374290E+01
7.0323447E+03	2.2374700E+01
7.0356792E+03	2.2375110E+01
7.0390136E+03	2.2375530E+01
7.0423480E+03	2.2375950E+01
7.0456825E+03	2.2376360E+01
7.0490169E+03	2.2376790E+01
7.0523514E+03	2.2377210E+01
7.0556858E+03	2.2377640E+01
7.0590203E+03	2.2378080E+01
7.0623547E+03	2.2378510E+01
7.0656892E+03	2.2378950E+01
7.0690236E+03	2.2379390E+01
7.0723580E+03	2.2379840E+01
7.0756925E+03	2.2380300E+01
7.0790269E+03	2.2380760E+01
7.0823614E+03	2.2381210E+01
7.0856958E+03	2.2381680E+01
7.0890303E+03	2.2382150E+01
7.0923647E+03	2.2382630E+01
7.0956992E+03	2.2383110E+01
7.0990336E+03	2.2383590E+01
7.1023680E+03	2.2384080E+01
7.1057025E+03	2.2384580E+01
7.1090369E+03	2.2385090E+01
7.1123714E+03	2.2385590E+01
7.1157058E+03	2.2386100E+01
7.1190403E+03	2.2386630E+01
7.1223747E+03	2.2387150E+01
7.1257091E+03	2.2387680E+01
7.1290436E+03	2.2388220E+01
7.1323780E+03	2.2388770E+01
7.1357125E+03	2.2389310E+01
7.1390469E+03	2.2389880E+01
7.1423814E+03	2.2390440E+01
7.1457158E+03	2.2391020E+01
7.1490503E+03	2.2391600E+01
7.1523847E+03	2.2392190E+01
7.1557191E+03	2.2392780E+01
7.1590536E+03	2.2393380E+01
7.1623880E+03	2.2393990E+01
7.1657225E+03	2.2394610E+01
7.1690569E+03	2.2395240E+01
7.1723914E+03	2.2395880E+01
7.1757258E+03	2.2396520E+01
7.1790603E+03	2.2397180E+01
7.1823947E+03	2.2397840E+01
7.1857291E+03	2.2398510E+01
7.1890636E+03	2.2399190E+01
7.1923980E+03	2.2399880E+01
7.1957325E+03	2.2400570E+01
7.1990669E+03	2.2401280E+01
7.2024014E+03	2.2402000E+01
7.2057358E+03	2.2402730E+01
7.2090703E+03	2.2403460E+01
7.2124047E+03	2.2404200E+01
7.2157391E+03	2.2404970E+01
7.2190736E+03	2.2405730E+01
7.2224080E+03	2.2406510E+01
7.2257425E+03	2.2407300E+01
7.2290769E+03	2.2408100E+01
7.2324114E+03	2.2408910E+01
7.2357458E+03	2.2409730E+01
7.2390803E+03	2.2410560E+01
7.2424147E+03	2.2411400E+01
7.2457491E+03	2.2412260E+01
7.2490836E+03	2.2413130E+01
7.2524180E+03	2.2414000E+01
7.2557525E+03	2.2414890E+01
7.2590869E+03	2.2415800E+01
7.2624214E+03	2.2416720E+01
7.2657558E+03	2.2417640E+01
7.2690902E+03	2.2418580E+01
7.2724247E+03	2.2419530E+01
7.2757591E+03	2.2420500E+01
7.2790936E+03	2.2421470E+01
7.2824280E+03	2.2422460E+01
7.2857625E+03	2.2423470E+01
7.2890969E+03	2.2424490E+01
7.2924314E+03	2.2425520E+01
7.2957658E+03	2.2426560E+01
7.2991002E+03	2.2427610E+01
7.3024347E+03	2.2428670E+01
7.3057691E+03	2.2429710E+01
7.3091036E+03	2.2430770E+01
7.3124380E+03	2.2431810E+01
7.3157725E+03	2.2432860E+01
7.3191069E+03	2.2433910E+01
7.3224414E+03	2.2434950E+01
7.3257758E+03	2.2435990E+01
7.3291102E+03	2.2437040E+01
7.3324447E+03	2.2438070E+01
7.3357791E+03	2.2439110E+01
7.3391136E+03	2.2440150E+01
7.3424480E+03	2.2441180E+01
7.3457825E+03	2.2442220E+01
7.3491169E+03	2.2443250E+01
7.3524514E+03	2.2444280E+01
7.3557858E+03	2.2445310E+01
7.3591202E+03	2.2446340E+01
7.3624547E+03	2.2447360E+01
7.3657891E+03	2.2448390E+01
7.3691236E+03	2.2449420E+01
7.3724580E+03	2.2450440E+01
7.3757925E+03	2.2451460E+01
7.3791269E+03	2.2452490E+01
7.3824613E+03	2.2453510E+01
7.3857958E+03	2.2454530E+01
7.3891302E+03	2.2455550E+01
7.3924647E+03	2.2456560E+01
7.3957991E+03	2.2457590E+01
7.3991336E+03	2.2458600E+01
7.4024680E+03	2.2459620E+01
7.4058025E+03	2.2460640E+01
7.4091369E+03	2.2461650E+01
7.4124713E+03	2.2462660E+01
7.4158058E+03	2.2463680E+01
7.4191402E+03	2.2464690E+01
7.4224747E+03	2.2465700E+01
7.4258091E+03	2.2466720E+01
7.4291436E+03	2.2467720E+01
7.4324780E+03	2.2468740E+01
7.4358125E+03	2.2469740E+01
7.4391469E+03	2.2470760E+01
7.4424813E+03	2.2471760E+01
7.4458158E+03	2.2472770E+01
7.4491502E+03	2.2473780E+01
7.4524847E+03	2.2474780E+01
7.4558191E+03	2.2475790E+01
7.4591536E+03	2.2476810E+01
7.4624880E+03	2.2477810E+01
7.4658225E+03	2.2478810E+01
7.4691569E+03	2.2479820E+01
7.4724913E+03	2.2480830E+01
7.4758258E+03	2.2481830E+01
7.4791602E+03	2.2482840E+01
7.4824947E+03	2.2483850E+01
7.4858291E+03	2.2484860E+01
7.4891636E+03	2.2485860E+01
7.4924980E+03	2.2486870E+01
7.4958324E+03	2.2487870E+01
7.4991669E+03	2.2488890E+01
7.5025013E+03	2.2489890E+01
7.5058358E+03	2.2490900E+01
7.5091702E+03	2.2491900E+01
7.5125047E+03	2.2492910E+01
7.5158391E+03	2.2493920E+01
7.5191736E+03	2.2494920E+01
7.5225080E+03	2.2495930E+01
7.5258424E+03	2.2496940E+01
7.5291769E+03	2.2497950E+01
7.5325113E+03	2.2498960E+01
7.5358458E+03	2.2499970E+01
7.5391802E+03	2.2500980E+01
7.5425147E+03	2.2501990E+01
7.5458491E+03	2.2503000E+01
7.5491836E+03	2.2504020E+01
7.5525180E+03	2.2505030E+01
7.5558524E+03	2.2506040E+01
7.5591869E+03	2.2507060E+01
7.5625213E+03	2.2508060E+01
7.5658558E+03	2.2509090E+01
7.5691902E+03	2.2510100E+01
7.5725247E+03	2.2511120E+01
7.5758591E+03	2.2512140E+01
7.5791936E+03	2.2513150E+01
7.5825280E+03	2.2514170E+01
7.5858624E+03	2.2515180E+01
7.5891969E+03	2.2516210E+01
7.5925313E+03	2.2517230E+01
7.5958658E+03	2.2518250E+01
7.5992002E+03	2.2519280E+01
7.6025347E+03	2.2520310E+01
7.6058691E+03	2.2521330E+01
7.6092036E+03	2.2522350E+01
7.6125380E+03	2.2523380E+01
7.6158724E+03	2.2524420E+01
7.6192069E+03	2.2525450E+01
7.6225413E+03	2.2526480E+01
7.6258758E+03	2.2527510E+01
7.6292102E+03	2.2528540E+01
7.6325447E+03	2.2529580E+01
7.6358791E+03	2.2530620E+01
7.6392135E+03	2.2531660E+01
7.6425480E+03	2.2532700E+01
7.6458824E+03	2.2533740E+01
7.6492169E+03	2.2534780E+01
7.6525513E+03	2.2535830E+01
7.6558858E+03	2.2536870E+01
7.6592202E+03	2.2537920E+01
7.6625547E+03	2.2538960E+01
7.6658891E+03	2.2540020E+01
7.6692235E+03	2.2541070E+01
7.6725580E+03	2.2542120E+01
7.6758924E+03	2.2543180E+01
7.6792269E+03	2.2544240E+01
7.6825613E+03	2.2545300E+01
7.6858958E+03	2.2546360E+01
7.6892302E+03	2.2547420E+01
7.6925647E+03	2.2548490E+01
7.6958991E+03	2.2549550E+01
7.6992335E+03	2.2550620E+01
7.7025680E+03	2.2551690E+01
7.7059024E+03	2.2552760E+01
7.7092369E+03	2.2553830E+01
7.7125713E+03	2.2554910E+01
7.7159058E+03	2.2555990E+01
7.7192402E+03	2.2557080E+01
7.7225747E+03	2.2558160E+01
7.7259091E+03	2.2559240E+01
7.7292435E+03	2.2560330E+01
7.7325780E+03	2.2561420E+01
7.7359124E+03	2.2562510E+01
7.7392469E+03	2.2563600E+01
7.7425813E+03	2.2564700E+01
7.7459158E+03	2.2565790E+01
7.7492502E+03	2.2566890E+01
7.7525846E+03	2.2567980E+01
7.7559191E+03	2.2569080E+01
7.7592535E+03	2.2570170E+01
7.7625880E+03	2.2571270E+01
7.7659224E+03	2.2572360E+01
7.7692569E+03	2.2573460E+01
7.7725913E+03	2.2574560E+01
7.7759258E+03	2.2575660E+01
7.7792602E+03	2.2576750E+01
7.7825946E+03	2.2577840E+01
7.7859291E+03	2.2578940E+01
7.7892635E+03	2.2580040E+01
7.7925980E+03	2.2581130E+01
7.7959324E+03	2.2582230E+01
7.7992669E+03	2.2583320E+01
7.8026013E+03	2.2584410E+01
7.8059358E+03	2.2585500E+01
7.8092702E+03	2.2586590E+01
7.8126046E+03	2.2587670E+01
7.8159391E+03	2.2588760E+01
7.8192735E+03	2.2589850E+01
7.8226080E+03	2.2590930E+01
7.8259424E+03	2.2592010E+01
7.8292769E+03	2.2593090E+01
7.8326113E+03	2.2594170E+01
7.8359458E+03	2.2595240E+01
7.8392802E+03	2.2596320E+01
7.8426146E+03	2.2597390E+01
7.8459491E+03	2.2598460E+01
7.8492835E+03	2.2599560E+01
7.8526180E+03	2.2600630E+01
7.8559524E+03	2.2601720E+01
7.8592869E+03	2.2602820E+01
7.8626213E+03	2.2603910E+01
7.8659558E+03	2.2605010E+01
7.8692902E+03	2.2606110E+01
7.8726246E+03	2.2607210E+01
7.8759591E+03	2.2608320E+01
7.8792935E+03	2.2609420E+01
7.8826280E+03	2.2610530E+01
7.8859624E+03	2.2611650E+01
7.8892969E+03	2.2612770E+01
7.8926313E+03	2.2613880E+01
7.8959657E+03	2.2615000E+01
7.8993002E+03	2.2616120E+01
7.9026346E+03	2.2617250E+01
7.9059691E+03	2.2618380E+01
7.9093035E+03	2.2619510E+01
7.9126380E+03	2.2620640E+01
7.9159724E+03	2.2621770E+01
7.9193069E+03	2.2622910E+01
7.9226413E+03	2.2624050E+01
7.9259757E+03	2.2625190E+01
7.9293102E+03	2.2626330E+01
7.9326446E+03	2.2627470E+01
7.9359791E+03	2.2628620E+01
7.9393135E+03	2.2629770E+01
7.9426480E+03	2.2630920E+01
7.9459824E+03	2.2632060E+01
7.9493169E+03	2.2633220E+01
7.9526513E+03	2.2634370E+01
7.9559857E+03	2.2635530E+01
7.9593202E+03	2.2636690E+01
7.9626546E+03	2.2637850E+01
7.9659891E+03	2.2639010E+01
7.9693235E+03	2.2640170E+01
7.9726580E+03	2.2641330E+01
7.9759924E+03	2.2642500E+01
7.9793269E+03	2.2643660E+01
7.9826613E+03	2.2644830E+01
7.9859957E+03	2.2646000E+01
7.9893302E+03	2.2647160E+01
7.9926646E+03	2.2648330E+01
7.9959991E+03	2.2649510E+01
7.9993335E+03	2.2650670E+01
8.0026680E+03	2.2651850E+01
8.0060024E+03	2.2653030E+01
8.0093368E+03	2.2654200E+01
8.0126713E+03	2.2655370E+01
8.0160057E+03	2.2656550E+01
8.0193402E+03	2.2657730E+01
8.0226746E+03	2.2658900E+01
8.0260091E+03	2.2660080E+01
8.0293435E+03	2.2661260E+01
8.0326780E+03	2.2662440E+01
8.0360124E+03	2.2663610E+01
8.0393468E+03	2.2664800E+01
8.0426813E+03	2.2665980E+01
8.0460157E+03	2.2667150E+01
8.0493502E+03	2.2668340E+01
8.0526846E+03	2.2669520E+01
8.0560191E+03	2.2670700E+01
8.0593535E+03	2.2671870E+01
8.0626880E+03	2.2673050E+01
8.0660224E+03	2.2674240E+01
8.0693568E+03	2.2675420E+01
8.0726913E+03	2.2676600E+01
8.0760257E+03	2.2677790E+01
8.0793602E+03	2.2678970E+01
8.0826946E+03	2.2680150E+01
8.0860291E+03	2.2681320E+01
8.0893635E+03	2.2682510E+01
8.0926980E+03	2.2683680E+01
8.0960324E+03	2.2684860E+01
8.0993668E+03	2.2686040E+01
8.1027013E+03	2.2687210E+01
8.1060357E+03	2.2688400E+01
8.1093702E+03	2.2689570E+01
8.1127046E+03	2.2690750E+01
8.1160391E+03	2.2691920E+01
8.1193735E+03	2.2693090E+01
8.1227079E+03	2.2694270E+01
8.1260424E+03	2.2695440E+01
8.1293768E+03	2.2696610E+01
8.1327113E+03	2.2697790E+01
8.1360457E+03	2.2698950E+01
8.1393802E+03	2.2700130E+01
8.1427146E+03	2.2701290E+01
8.1460491E+03	2.2702460E+01
8.1493835E+03	2.2703630E+01
8.1527179E+03	2.2704790E+01
8.1560524E+03	2.2705960E+01
8.1593868E+03	2.2707120E+01
8.1627213E+03	2.2708280E+01
8.1660557E+03	2.2709440E+01
8.1693902E+03	2.2710590E+01
8.1727246E+03	2.2711750E+01
8.1760591E+03	2.2712910E+01
8.1793935E+03	2.2714060E+01
8.1827279E+03	2.2715200E+01
8.1860624E+03	2.2716360E+01
8.1893968E+03	2.2717500E+01
8.1927313E+03	2.2718650E+01
8.1960657E+03	2.2719790E+01
8.1994002E+03	2.2720940E+01
8.2027346E+03	2.2722080E+01
8.2060691E+03	2.2723220E+01
8.2094035E+03	2.2724350E+01
8.2127379E+03	2.2725490E+01
8.2160724E+03	2.2726620E+01
8.2194068E+03	2.2727750E+01
8.2227413E+03	2.2728870E+01
8.2260757E+03	2.2730010E+01
8.2294102E+03	2.2731120E+01
8.2327446E+03	2.2732250E+01
8.2360791E+03	2.2733370E+01
8.2394135E+03	2.2734480E+01
8.2427479E+03	2.2735600E+01
8.2460824E+03	2.2736710E+01
8.2494168E+03	2.2737820E+01
8.2527513E+03	2.2738920E+01
8.2560857E+03	2.2740020E+01
8.2594202E+03	2.2741120E+01
8.2627546E+03	2.2742220E+01
8.2660890E+03	2.2743320E+01
8.2694235E+03	2.2744400E+01
8.2727579E+03	2.2745500E+01
8.2760924E+03	2.2746590E+01
8.2794268E+03	2.2747670E+01
8.2827613E+03	2.2748750E+01
8.2860957E+03	2.2749830E+01
8.2894302E+03	2.2750910E+01
8.2927646E+03	2.2751990E+01
8.2960990E+03	2.2753070E+01
8.2994335E+03	2.2754140E+01
8.3027679E+03	2.2755230E+01
8.3061024E+03	2.2756300E+01
8.3094368E+03	2.2757380E+01
8.3127713E+03	2.2758460E+01
8.3161057E+03	2.2759540E+01
8.3194402E+03	2.2760610E+01
8.3227746E+03	2.2761680E+01
8.3261090E+03	2.2762750E+01
8.3294435E+03	2.2763830E+01
8.3327779E+03	2.2764900E+01
8.3361124E+03	2.2765970E+01
8.3394468E+03	2.2767040E+01
8.3427813E+03	2.2768110E+01
8.3461157E+03	2.2769180E+01
8.3494502E+03	2.2770260E+01
8.3527846E+03	2.2771320E+01
8.3561190E+03	2.2772390E+01
8.3594535E+03	2.2773460E+01
8.3627879E+03	2.2774520E+01
8.3661224E+03	2.2775580E+01
8.3694568E+03	2.2776660E+01
8.3727913E+03	2.2777720E+01
8.3761257E+03	2.2778780E+01
8.3794601E+03	2.2779850E+01
8.3827946E+03	2.2780900E+01
8.3861290E+03	2.2781960E+01
8.3894635E+03	2.2783030E+01
8.3927979E+03	2.2784090E+01
8.3961324E+03	2.2785140E+01
8.3994668E+03	2.2786200E+01
8.4028013E+03	2.2787260E+01
8.4061357E+03	2.2788310E+01
8.4094701E+03	2.2789370E+01
8.4128046E+03	2.2790430E+01
8.4161390E+03	2.2791480E+01
8.4194735E+03	2.2792540E+01
8.4228079E+03	2.2793590E+01
8.4261424E+03	2.2794640E+01
8.4294768E+03	2.2795690E+01
8.4328113E+03	2.2796740E+01
8.4361457E+03	2.2797780E+01
8.4394801E+03	2.2798830E+01
8.4428146E+03	2.2799880E+01
8.4461490E+03	2.2800930E+01
8.4494835E+03	2.2801970E+01
8.4528179E+03	2.2803020E+01
8.4561524E+03	2.2804060E+01
8.4594868E+03	2.2805110E+01
8.4628213E+03	2.2806140E+01
8.4661557E+03	2.2807190E+01
8.4694901E+03	2.2808220E+01
8.4728246E+03	2.2809260E+01
8.4761590E+03	2.2810300E+01
8.4794935E+03	2.2811340E+01
8.4828279E+03	2.2812370E+01
8.4861624E+03	2.2813400E+01
8.4894968E+03	2.2814440E+01
8.4928313E+03	2.2815470E+01
8.4961657E+03	2.2816510E+01
8.4995001E+03	2.2817530E+01
8.5028346E+03	2.2818570E+01
8.5061690E+03	2.2819600E+01
8.5095035E+03	2.2820620E+01
8.5128379E+03	2.2821650E+01
8.5161724E+03	2.2822670E+01
8.5195068E+03	2.2823700E+01
8.5228412E+03	2.2824720E+01
8.5261757E+03	2.2825740E+01
8.5295101E+03	2.2826760E+01
8.5328446E+03	2.2827780E+01
8.5361790E+03	2.2828810E+01
8.5395135E+03	2.2829820E+01
8.5428479E+03	2.2830830E+01
8.5461824E+03	2.2831850E+01
8.5495168E+03	2.2832860E+01
8.5528512E+03	2.2833880E+01
8.5561857E+03	2.2834900E+01
8.5595201E+03	2.2835900E+01
8.5628546E+03	2.2836910E+01
8.5661890E+03	2.2837920E+01
8.5695235E+03	2.2838940E+01
8.5728579E+03	2.2839930E+01
8.5761924E+03	2.2840940E+01
8.5795268E+03	2.2841950E+01
8.5828612E+03	2.2842950E+01
8.5861957E+03	2.2843950E+01
8.5895301E+03	2.2844950E+01
8.5928646E+03	2.2845950E+01
8.5961990E+03	2.2846950E+01
8.5995335E+03	2.2847950E+01
8.6028679E+03	2.2848940E+01
8.6062024E+03	2.2849930E+01
8.6095368E+03	2.2850930E+01
8.6128712E+03	2.2851920E+01
8.6162057E+03	2.2852900E+01
8.6195401E+03	2.2853900E+01
8.6228746E+03	2.2854890E+01
8.6262090E+03	2.2855870E+01
8.6295435E+03	2.2856860E+01
8.6328779E+03	2.2857840E+01
8.6362123E+03	2.2858820E+01
8.6395468E+03	2.2859800E+01
8.6428812E+03	2.2860790E+01
8.6462157E+03	2.2861760E+01
8.6495501E+03	2.2862740E+01
8.6528846E+03	2.2863720E+01
8.6562190E+03	2.2864680E+01
8.6595535E+03	2.2865660E+01
8.6628879E+03	2.2866640E+01
8.6662223E+03	2.2867600E+01
8.6695568E+03	2.2868570E+01
8.6728912E+03	2.2869540E+01
8.6762257E+03	2.2870500E+01
8.6795601E+03	2.2871470E+01
8.6828946E+03	2.2872430E+01
8.6862290E+03	2.2873390E+01
8.6895635E+03	2.2874350E+01
8.6928979E+03	2.2875320E+01
8.6962323E+03	2.2876270E+01
8.6995668E+03	2.2877220E+01
8.7029012E+03	2.2878180E+01
8.7062357E+03	2.2879130E+01
8.7095701E+03	2.2880090E+01
8.7129046E+03	2.2881030E+01
8.7162390E+03	2.2881990E+01
8.7195735E+03	2.2882930E+01
8.7229079E+03	2.2883870E+01
8.7262423E+03	2.2884820E+01
8.7295768E+03	2.2885760E+01
8.7329112E+03	2.2886710E+01
8.7362457E+03	2.2887640E+01
8.7395801E+03	2.2888570E+01
8.7429146E+03	2.2889510E+01
8.7462490E+03	2.2890440E+01
8.7495834E+03	2.2891390E+01
8.7529179E+03	2.2892320E+01
8.7562523E+03	2.2893240E+01
8.7595868E+03	2.2894170E+01
8.7629212E+03	2.2895090E+01
8.7662557E+03	2.2896030E+01
8.7695901E+03	2.2896940E+01
8.7729246E+03	2.2897870E+01
8.7762590E+03	2.2898800E+01
8.7795934E+03	2.2899740E+01
8.7829279E+03	2.2900690E+01
8.7862623E+03	2.2901660E+01
8.7895968E+03	2.2902650E+01
8.7929312E+03	2.2903650E+01
8.7962657E+03	2.2904650E+01
8.7996001E+03	2.2905670E+01
8.8029346E+03	2.2906700E+01
8.8062690E+03	2.2907740E+01
8.8096034E+03	2.2908790E+01
8.8129379E+03	2.2909870E+01
8.8162723E+03	2.2910940E+01
8.8196068E+03	2.2912030E+01
8.8229412E+03	2.2913120E+01
8.8262757E+03	2.2914230E+01
8.8296101E+03	2.2915340E+01
8.8329446E+03	2.2916470E+01
8.8362790E+03	2.2917610E+01
8.8396134E+03	2.2918760E+01
8.8429479E+03	2.2919910E+01
8.8462823E+03	2.2921080E+01
8.8496168E+03	2.2922250E+01
8.8529512E+03	2.2923440E+01
8.8562857E+03	2.2924620E+01
8.8596201E+03	2.2925820E+01
8.8629546E+03	2.2927030E+01
8.8662890E+03	2.2928240E+01
8.8696234E+03	2.2929460E+01
8.8729579E+03	2.2930690E+01
8.8762923E+03	2.2931920E+01
8.8796268E+03	2.2933160E+01
8.8829612E+03	2.2934420E+01
8.8862957E+03	2.2935660E+01
8.8896301E+03	2.2936930E+01
8.8929645E+03	2.2938190E+01
8.8962990E+03	2.2939470E+01
8.8996334E+03	2.2940750E+01
8.9029679E+03	2.2942030E+01
8.9063023E+03	2.2943310E+01
8.9096368E+03	2.2944610E+01
8.9129712E+03	2.2945900E+01
8.9163057E+03	2.2947200E+01
8.9196401E+03	2.2948510E+01
8.9229745E+03	2.2949810E+01
8.9263090E+03	2.2951130E+01
8.9296434E+03	2.2952440E+01
8.9329779E+03	2.2953760E+01
8.9363123E+03	2.2955090E+01
8.9396468E+03	2.2956400E+01
8.9429812E+03	2.2957740E+01
8.9463157E+03	2.2959060E+01
8.9496501E+03	2.2960390E+01
8.9529845E+03	2.2961730E+01
8.9563190E+03	2.2963060E+01
8.9596534E+03	2.2964400E+01
8.9629879E+03	2.2965730E+01
8.9663223E+03	2.2967070E+01
8.9696568E+03	2.2968410E+01
8.9729912E+03	2.2969750E+01
8.9763257E+03	2.2971090E+01
8.9796601E+03	2.2972430E+01
8.9829945E+03	2.2973770E+01
8.9863290E+03	2.2975100E+01
8.9896634E+03	2.2976440E+01
8.9929979E+03	2.2977770E+01
8.9963323E+03	2.2979120E+01
8.9996668E+03	2.2980440E+01
9.0030012E+03	2.2981780E+01
9.0063356E+03	2.2983110E+01
9.0096701E+03	2.2984440E+01
9.0130045E+03	2.2985760E+01
9.0163390E+03	2.2987090E+01
9.0196734E+03	2.2988410E+01
9.0230079E+03	2.2989730E+01
9.0263423E+03	2.2991050E+01
9.0296768E+03	2.2992360E+01
9.0330112E+03	2.2993670E+01
9.0363456E+03	2.2994970E+01
9.0396801E+03	2.2996270E+01
9.0430145E+03	2.2997570E+01
9.0463490E+03	2.2998860E+01
9.0496834E+03	2.3000150E+01
9.0530179E+03	2.3001430E+01
9.0563523E+03	2.3002700E+01
9.0596868E+03	2.3003980E+01
9.0630212E+03	2.3005250E+01
9.0663556E+03	2.3006510E+01
9.0696901E+03	2.3007760E+01
9.0730245E+03	2.3009010E+01
9.0763590E+03	2.3010250E+01
9.0796934E+03	2.3011480E+01
9.0830279E+03	2.3012710E+01
9.0863623E+03	2.3013940E+01
9.0896968E+03	2.3015150E+01
9.0930312E+03	2.3016350E+01
9.0963656E+03	2.3017550E+01
9.0997001E+03	2.3018740E+01
9.1030345E+03	2.3019920E+01
9.1063690E+03	2.3021090E+01
9.1097034E+03	2.3022270E+01
9.1130379E+03	2.3023420E+01
9.1163723E+03	2.3024560E+01
9.1197067E+03	2.3025700E+01
9.1230412E+03	2.3026830E+01
9.1263756E+03	2.3027950E+01
9.1297101E+03	2.3029060E+01
9.1330445E+03	2.3030150E+01
9.1363790E+03	2.3031230E+01
9.1397134E+03	2.3032320E+01
9.1430479E+03	2.3033380E+01
9.1463823E+03	2.3034430E+01
9.1497167E+03	2.3035480E+01
9.1530512E+03	2.3036500E+01
9.1563856E+03	2.3037530E+01
9.1597201E+03	2.3038530E+01
9.1630545E+03	2.3039530E+01
9.1663890E+03	2.3040500E+01
9.1697234E+03	2.3041480E+01
9.1730579E+03	2.3042430E+01
9.1763923E+03	2.3043380E+01
9.1797267E+03	2.3044310E+01
9.1830612E+03	2.3045220E+01
9.1863956E+03	2.3046120E+01
9.1897301E+03	2.3047010E+01
9.1930645E+03	2.3047880E+01
9.1963990E+03	2.3048740E+01
9.1997334E+03	2.3049590E+01
9.2030679E+03	2.3050420E+01
9.2064023E+03	2.3051230E+01
9.2097367E+03	2.3052030E+01
9.2130712E+03	2.3052810E+01
9.2164056E+03	2.3053580E+01
9.2197401E+03	2.3054330E+01
9.2230745E+03	2.3055070E+01
9.2264090E+03	2.3055790E+01
9.2297434E+03	2.3056490E+01
9.2330779E+03	2.3057170E+01
9.2364123E+03	2.3057840E+01
9.2397467E+03	2.3058490E+01
9.2430812E+03	2.3059120E+01
9.2464156E+03	2.3059730E+01
9.2497501E+03	2.3060330E+01
9.2530845E+03	2.3060910E+01
9.2564190E+03	2.3061470E+01
9.2597534E+03	2.3062010E+01
9.2630878E+03	2.3062530E+01
9.2664223E+03	2.3063030E+01
9.2697567E+03	2.3063520E+01
9.2730912E+03	2.3063980E+01
9.2764256E+03	2.3064420E+01
9.2797601E+03	2.3064850E+01
9.2830945E+03	2.3065250E+01
9.2864290E+03	2.3065630E+01
9.2897634E+03	2.3065990E+01
9.2930978E+03	2.3066340E+01
9.2964323E+03	2.3066650E+01
9.2997667E+03	2.3066960E+01
9.3031012E+03	2.3067250E+01
9.3064356E+03	2.3067550E+01
9.3097701E+03	2.3067830E+01
9.3131045E+03	2.3068100E+01
9.3164390E+03	2.3068350E+01
9.3197734E+03	2.3068610E+01
9.3231078E+03	2.3068840E+01
9.3264423E+03	2.3069070E+01
9.3297767E+03	2.3069300E+01
9.3331112E+03	2.3069500E+01
9.3364456E+03	2.3069710E+01
9.3397801E+03	2.3069900E+01
9.3431145E+03	2.3070080E+01
9.3464490E+03	2.3070250E+01
9.3497834E+03	2.3070410E+01
9.3531178E+03	2.3070570E+01
9.3564523E+03	2.3070710E+01
9.3597867E+03	2.3070840E+01
9.3631212E+03	2.3070960E+01
9.3664556E+03	2.3071070E+01
9.3697901E+03	2.3071180E+01
9.3731245E+03	2.3071280E+01
9.3764589E+03	2.3071360E+01
9.3797934E+03	2.3071440E+01
9.3831278E+03	2.3071500E+01
9.3864623E+03	2.3071560E+01
9.3897967E+03	2.3071600E+01
9.3931312E+03	2.3071640E+01
9.3964656E+03	2.3071660E+01
9.3998001E+03	2.3071680E+01
9.4031345E+03	2.3071680E+01
9.4064689E+03	2.3071680E+01
9.4098034E+03	2.3071670E+01
9.4131378E+03	2.3071650E+01
9.4164723E+03	2.3071620E+01
9.4198067E+03	2.3071570E+01
9.4231412E+03	2.3071520E+01
9.4264756E+03	2.3071460E+01
9.4298101E+03	2.3071390E+01
9.4331445E+03	2.3071310E+01
9.4364789E+03	2.3071220E+01
9.4398134E+03	2.3071120E+01
9.4431478E+03	2.3071010E+01
9.4464823E+03	2.3070890E+01
9.4498167E+03	2.3070760E+01
9.4531512E+03	2.3070620E+01
9.4564856E+03	2.3070470E+01
9.4598201E+03	2.3070320E+01
9.4631545E+03	2.3070150E+01
9.4664889E+03	2.3069970E+01
9.4698234E+03	2.3069790E+01
9.4731578E+03	2.3069590E+01
9.4764923E+03	2.3069390E+01
9.4798267E+03	2.3069160E+01
9.4831612E+03	2.3068940E+01
9.4864956E+03	2.3068700E+01
9.4898301E+03	2.3068460E+01
9.4931645E+03	2.3068200E+01
9.4964989E+03	2.3067940E+01
9.4998334E+03	2.3067660E+01
9.5031678E+03	2.3067380E+01
9.5065023E+03	2.3067080E+01
9.5098367E+03	2.3066780E+01
9.5131712E+03	2.3066470E+01
9.5165056E+03	2.3066140E+01
9.5198400E+03	2.3065810E+01
9.5231745E+03	2.3065460E+01
9.5265089E+03	2.3065110E+01
9.5298434E+03	2.3064760E+01
9.5331778E+03	2.3064380E+01
9.5365123E+03	2.3064010E+01
9.5398467E+03	2.3063620E+01
9.5431812E+03	2.3063210E+01
9.5465156E+03	2.3062800E+01
9.5498500E+03	2.3062380E+01
9.5531845E+03	2.3061950E+01
9.5565189E+03	2.3061510E+01
9.5598534E+03	2.3061060E+01
9.5631878E+03	2.3060600E+01
9.5665223E+03	2.3060130E+01
9.5698567E+03	2.3059660E+01
9.5731912E+03	2.3059160E+01
9.5765256E+03	2.3058670E+01
9.5798600E+03	2.3058160E+01
9.5831945E+03	2.3057640E+01
9.5865289E+03	2.3057110E+01
9.5898634E+03	2.3056580E+01
9.5931978E+03	2.3056030E+01
9.5965323E+03	2.3055480E+01
9.5998667E+03	2.3054910E+01
9.6032012E+03	2.3054340E+01
9.6065356E+03	2.3053750E+01
9.6098700E+03	2.3053160E+01
9.6132045E+03	2.3052550E+01
9.6165389E+03	2.3051940E+01
9.6198734E+03	2.3051320E+01
9.6232078E+03	2.3050680E+01
9.6265423E+03	2.3050040E+01
9.6298767E+03	2.3049380E+01
9.6332111E+03	2.3048720E+01
9.6365456E+03	2.3048050E+01
9.6398800E+03	2.3047360E+01
9.6432145E+03	2.3046680E+01
9.6465489E+03	2.3045980E+01
9.6498834E+03	2.3045260E+01
9.6532178E+03	2.3044540E+01
9.6565523E+03	2.3043810E+01
9.6598867E+03	2.3043080E+01
9.6632211E+03	2.3042320E+01
9.6665556E+03	2.3041560E+01
9.6698900E+03	2.3040800E+01
9.6732245E+03	2.3040010E+01
9.6765589E+03	2.3039220E+01
9.6798934E+03	2.3038430E+01
9.6832278E+03	2.3037620E+01
9.6865623E+03	2.3036800E+01
9.6898967E+03	2.3035970E+01
9.6932311E+03	2.3035130E+01
9.6965656E+03	2.3034290E+01
9.6999000E+03	2.3033430E+01
9.7032345E+03	2.3032560E+01
9.7065689E+03	2.3031690E+01
9.7099034E+03	2.3030810E+01
9.7132378E+03	2.3029910E+01
9.7165723E+03	2.3029000E+01
9.7199067E+03	2.3028080E+01
9.7232411E+03	2.3027160E+01
9.7265756E+03	2.3026230E+01
9.7299100E+03	2.3025280E+01
9.7332445E+03	2.3024330E+01
9.7365789E+03	2.3023370E+01
9.7399134E+03	2.3022390E+01
9.7432478E+03	2.3021410E+01
9.7465822E+03	2.3020410E+01
9.7499167E+03	2.3019420E+01
9.7532511E+03	2.3018410E+01
9.7565856E+03	2.3017380E+01
9.7599200E+03	2.3016350E+01
9.7632545E+03	2.3015300E+01
9.7665889E+03	2.3014260E+01
9.7699234E+03	2.3013200E+01
9.7732578E+03	2.3012120E+01
9.7765922E+03	2.3011050E+01
9.7799267E+03	2.3009950E+01
9.7832611E+03	2.3008850E+01
9.7865956E+03	2.3007740E+01
9.7899300E+03	2.3006630E+01
9.7932645E+03	2.3005500E+01
9.7965989E+03	2.3004360E+01
9.7999334E+03	2.3003210E+01
9.8032678E+03	2.3002060E+01
9.8066022E+03	2.3000890E+01
9.8099367E+03	2.2999720E+01
9.8132711E+03	2.2998530E+01
9.8166056E+03	2.2997330E+01
9.8199400E+03	2.2996120E+01
9.8232745E+03	2.2994910E+01
9.8266089E+03	2.2993680E+01
9.8299434E+03	2.2992450E+01
9.8332778E+03	2.2991210E+01
9.8366122E+03	2.2989950E+01
9.8399467E+03	2.2988680E+01
9.8432811E+03	2.2987410E+01
9.8466156E+03	2.2986120E+01
9.8499500E+03	2.2984830E+01
9.8532845E+03	2.2983530E+01
9.8566189E+03	2.2982220E+01
9.8599534E+03	2.2980890E+01
9.8632878E+03	2.2979560E+01
9.8666222E+03	2.2978220E+01
9.8699567E+03	2.2976870E+01
9.8732911E+03	2.2975500E+01
9.8766256E+03	2.2974140E+01
9.8799600E+03	2.2972750E+01
9.8832945E+03	2.2971360E+01
9.8866289E+03	2.2969960E+01
9.8899633E+03	2.2968560E+01
9.8932978E+03	2.2967130E+01
9.8966322E+03	2.2965700E+01
9.8999667E+03	2.2964260E+01
9.9033011E+03	2.2962810E+01
9.9066356E+03	2.2961360E+01
9.9099700E+03	2.2959890E+01
9.9133045E+03	2.2958420E+01
9.9166389E+03	2.2956930E+01
9.9199733E+03	2.2955430E+01
9.9233078E+03	2.2953920E+01
9.9266422E+03	2.2952410E+01
9.9299767E+03	2.2950880E+01
9.9333111E+03	2.2949340E+01
9.9366456E+03	2.2947800E+01
9.9399800E+03	2.2946240E+01
9.9433145E+03	2.2944680E+01
9.9466489E+03	2.2943100E+01
9.9499833E+03	2.2941520E+01
9.9533178E+03	2.2939920E+01
9.9566522E+03	2.2938310E+01
9.9599867E+03	2.2936710E+01
9.9633211E+03	2.2935080E+01
9.9666556E+03	2.2933450E+01
9.9699900E+03	2.2931810E+01
9.9733245E+03	2.2930150E+01
9.9766589E+03	2.2928490E+01
9.9799933E+03	2.2926820E+01
9.9833278E+03	2.2925140E+01
9.9866622E+03	2.2923450E+01
9.9899967E+03	2.2921740E+01
9.9933311E+03	2.2920040E+01
9.9966656E+03	2.2918320E+01
1.0000000E+04	2.2916590E+01