1.4000000E-02	9.9081118E-201
1.4742000E-02	9.4589808E-201
1.5512000E-02	9.0325438E-201
1.6324000E-02	8.6276792E-201
1.7192000E-02	8.2944958E-201
1.8088000E-02	7.9273834E-201
1.9054000E-02	7.5789232E-201
2.0048000E-02	7.2481995E-201
2.1112000E-02	6.9343434E-201
2.2218000E-02	6.6365307E-201
2.3380000E-02	6.3740745E-201
2.4612000E-02	6.1052048E-201
2.5914000E-02	5.8501966E-201
2.7272000E-02	5.6083818E-201
2.8714000E-02	5.3791277E-201
3.0226000E-02	5.1696781E-201
3.1822000E-02	4.9634720E-201
3.3488000E-02	4.7681402E-201
3.5252000E-02	4.5831744E-201
3.7114000E-02	4.4080948E-201
3.9074000E-02	4.2453659E-201
4.1118000E-02	4.0886202E-201
4.3288000E-02	3.9404836E-201
4.5570000E-02	3.8005773E-201
4.7964000E-02	3.6696192E-201
5.0498000E-02	3.5450935E-201
5.3158000E-02	3.4277991E-201
5.5944000E-02	3.3174451E-201
5.8898000E-02	3.2137613E-201
6.1992000E-02	3.1168632E-201
6.5254000E-02	3.0257792E-201
6.8698000E-02	2.9406750E-201
7.2310000E-02	2.8613597E-201
7.6118000E-02	2.7877850E-201
8.0122000E-02	2.7195503E-201
8.4350000E-02	2.6566503E-201
8.8788000E-02	2.5989741E-201
9.3464000E-02	2.5464722E-201
9.8378000E-02	2.4989970E-201
1.0355800E-01	2.4565453E-201
1.0901800E-01	2.4191106E-201
1.1475800E-01	2.3866755E-201
1.2079200E-01	2.3592891E-201
1.2716200E-01	2.3370196E-201
1.3385400E-01	2.3199732E-201
1.4084000E-01	2.3082839E-201
1.4826000E-01	2.3021396E-201
1.5610000E-01	2.3017745E-201
1.6436000E-01	2.3074750E-201
1.7304000E-01	2.3195939E-201
1.8214000E-01	2.3385567E-201
1.9166000E-01	2.3648725E-201
2.0174000E-01	2.3991507E-201
2.1238000E-01	2.4421165E-201
2.2358000E-01	2.4946329E-201
2.3534000E-01	2.5577256E-201
2.4780000E-01	2.6326157E-201
2.6082000E-01	2.7207584E-201
2.7454000E-01	2.8238912E-201
2.8896000E-01	2.9440952E-201
3.0422000E-01	3.0838699E-201
3.2018000E-01	3.2462290E-201
3.3712000E-01	3.4348207E-201
3.5490000E-01	3.6540808E-201
3.7352000E-01	3.9094290E-201
3.9312000E-01	4.2075211E-201
4.1384000E-01	4.5565760E-201
4.3568000E-01	4.9668021E-201
4.5864000E-01	5.4509569E-201
4.8272000E-01	6.0250869E-201
5.0820000E-01	6.7095126E-201
5.3494000E-01	7.5301514E-201
5.6308000E-01	8.5203050E-201
5.9276000E-01	9.7230985E-201
6.2398000E-01	1.1194833E-200
6.5674000E-01	1.3009636E-200
6.9132000E-01	1.5265977E-200
7.2772000E-01	1.8095867E-200
7.6608000E-01	2.1677994E-200
8.0640000E-01	2.6256663E-200
8.4896000E-01	3.2169386E-200
8.9362000E-01	3.9887532E-200
9.4066000E-01	5.0076886E-200
9.9022000E-01	6.3688943E-200
1.0423000E+00	8.2100233E-200
1.0971800E+00	1.0732762E-199
1.1550000E+00	1.4236545E-199
1.2157600E+00	1.9172061E-199
1.2797400E+00	2.6227388E-199
1.3470800E+00	3.6468668E-199
1.4182000E+00	5.1573358E-199
1.4924000E+00	7.4223066E-199
1.5708000E+00	1.0877590E-198
1.6534000E+00	1.6243663E-198
1.7416000E+00	2.4732864E-198
1.8326000E+00	3.8422883E-198
1.9292000E+00	6.0942535E-198
2.0314000E+00	9.8755125E-198
2.1378000E+00	1.6360788E-197
2.2498000E+00	2.7730272E-197
2.3688000E+00	4.8118483E-197
2.4934000E+00	8.5542616E-197
2.6250000E+00	1.5590960E-196
2.7636000E+00	2.9153559E-196
2.9092000E+00	5.5969155E-196
3.0618000E+00	1.1039658E-195
3.2228000E+00	2.2388465E-195
3.3922000E+00	4.6716220E-195
3.5714000E+00	1.0036889E-194
3.7590000E+00	2.2219400E-194
3.9578000E+00	5.0720255E-194
4.1650000E+00	1.1947052E-193
4.3848000E+00	2.9059285E-193
4.6158000E+00	7.3041383E-193
4.8580000E+00	1.8985779E-192
5.1142000E+00	5.1071597E-192
5.3844000E+00	1.4227845E-191
5.6672000E+00	4.1079568E-191
5.9654000E+00	1.2301541E-190
6.2790000E+00	3.8235073E-190
6.6108000E+00	1.2344038E-189
6.9580000E+00	4.1425952E-189
7.3248000E+00	1.4462317E-188
7.7098000E+00	5.2563860E-188
8.1158000E+00	1.9904841E-187
8.5442000E+00	7.8594980E-187
8.9936000E+00	3.2384937E-186
9.4668000E+00	1.3936579E-185
9.9652000E+00	6.2689144E-185
1.0490200E+01	2.9499543E-184
1.1041800E+01	1.4534309E-183
1.1624200E+01	7.5042014E-183
1.2236000E+01	4.0637374E-182
1.2880000E+01	2.3101634E-181
1.3557600E+01	1.3798908E-180
1.4266000E+01	8.6681043E-180
1.5022000E+01	5.7315970E-179
1.5820000E+01	3.9929618E-178
1.6646000E+01	2.9334466E-177
1.7528000E+01	2.2746688E-176
1.8452000E+01	1.8633936E-175
1.9418000E+01	1.6140642E-174
2.0440000E+01	1.4795904E-173
2.1518000E+01	1.4365818E-172
2.2652000E+01	1.4785529E-171
2.3842000E+01	1.6143347E-170
2.5102000E+01	1.8711681E-169
2.6418000E+01	2.3040038E-168
2.7804000E+01	3.0155482E-167
2.9274000E+01	4.1975212E-166
3.0814000E+01	6.2166945E-165
3.2438000E+01	9.7999654E-164
3.4146000E+01	1.6447678E-162
3.5938000E+01	2.9394826E-161
3.7828000E+01	5.5943000E-160
3.9830000E+01	1.1337025E-158
4.1916000E+01	2.4459371E-157
4.4128000E+01	5.6161677E-156
4.6452000E+01	1.3717592E-154
4.8902000E+01	3.5619632E-153
5.1478000E+01	9.8251593E-152
5.4180000E+01	2.8762447E-150
5.7036000E+01	8.9264102E-149
6.0046000E+01	2.9332688E-147
6.3196000E+01	1.0191552E-145
6.6528000E+01	3.7381964E-144
7.0028000E+01	1.4450012E-142
7.3724000E+01	5.8754612E-141
7.7602000E+01	2.5078463E-139
8.1690000E+01	1.1212410E-137
8.5988000E+01	5.2387688E-136
9.0510000E+01	2.5516859E-134
9.5284000E+01	1.2923334E-132
1.0029600E+02	6.7873957E-131
1.0557400E+02	3.6863754E-129
1.1113200E+02	2.0644759E-127
1.1698400E+02	1.1886242E-125
1.2314400E+02	7.0142993E-124
1.2962600E+02	4.2294593E-122
1.3645800E+02	2.5976641E-120
1.4364000E+02	1.6199514E-118
1.5120000E+02	1.0224858E-116
1.5918000E+02	6.5112154E-115
1.6758000E+02	4.1699679E-113
1.7640000E+02	2.6772819E-111
1.8564000E+02	1.7178479E-109
1.9544000E+02	1.0981494E-107
2.0566000E+02	6.9727514E-106
2.1658000E+02	4.3845017E-104
2.2792000E+02	2.7223758E-102
2.3996000E+02	1.6644124E-100
2.5256000E+02	9.9924081E-99
2.6586000E+02	5.8752715E-97
2.7986000E+02	3.3746584E-95
2.9456000E+02	1.8889342E-93
3.1010000E+02	1.0279621E-91
3.2648000E+02	5.4268458E-90
3.4370000E+02	2.7734109E-88
3.6176000E+02	1.3693486E-86
3.8080000E+02	6.5197997E-85
4.0082000E+02	2.9882234E-83
4.2196000E+02	1.3162528E-81
4.4408000E+02	5.5635521E-80
4.6746000E+02	2.2534112E-78
4.9210000E+02	8.7345777E-77
5.1800000E+02	3.2362511E-75
5.4530000E+02	1.1449166E-73
5.7400000E+02	3.8638023E-72
6.0424000E+02	1.2427612E-70
6.3602000E+02	3.8067766E-69
6.6962000E+02	1.1097637E-67
7.0476000E+02	3.0771829E-66
7.4186000E+02	8.1116711E-65
7.8106000E+02	2.0319953E-63
8.2208000E+02	4.8355573E-62
8.6534000E+02	1.0928772E-60
9.1098000E+02	2.3454086E-59
9.5886000E+02	4.7790271E-58
1.0094000E+03	9.2451599E-57
1.0626000E+03	1.6980504E-55
1.1184600E+03	2.9612885E-54
1.1774000E+03	4.9041280E-53
1.2394200E+03	7.7138893E-52
1.3046600E+03	1.1527003E-50
1.3732600E+03	1.6368600E-49
1.4462000E+03	2.2095217E-48
1.5218000E+03	2.8361765E-47
1.6016000E+03	3.4632940E-46
1.6856000E+03	4.0248931E-45
1.7752000E+03	4.4537905E-44
1.8690000E+03	4.6949385E-43
1.9670000E+03	4.7171599E-42
2.0706000E+03	4.5197913E-41
2.1798000E+03	4.1322771E-40
2.2946000E+03	3.6070212E-39
2.4150000E+03	3.0078688E-38
2.5424000E+03	2.3976723E-37
2.6754000E+03	1.8281736E-36
2.8168000E+03	1.3342067E-35
2.9652000E+03	9.3259466E-35
3.1206000E+03	6.2476537E-34
3.2858000E+03	4.0141039E-33
3.4580000E+03	2.4751641E-32
3.6400000E+03	1.4657551E-31
3.8318000E+03	8.3418160E-31
4.0334000E+03	4.5656486E-30
4.2462000E+03	2.4048524E-29
4.4702000E+03	1.2198880E-28
4.7054000E+03	5.9634587E-28
4.9532000E+03	2.8114062E-27
5.2136000E+03	1.2790732E-26
5.4880000E+03	5.6196781E-26
5.7778000E+03	2.3859850E-25
6.0816000E+03	9.7962111E-25
6.4022000E+03	3.8920128E-24
6.7382000E+03	1.4972868E-23
7.0938000E+03	5.5813139E-23
7.4676000E+03	2.0172123E-22
7.8596000E+03	7.0734330E-22
8.2740000E+03	2.4079568E-21
8.7094000E+03	7.9630552E-21
9.1686000E+03	2.5597197E-20
9.6516000E+03	8.0029850E-20
1.0158400E+04	2.4351170E-19
1.0694600E+04	7.2152797E-19
1.1257400E+04	2.0830768E-18
1.1849600E+04	5.8630721E-18
1.2474000E+04	1.6097482E-17
1.3130600E+04	4.3136412E-17
1.3822200E+04	1.1288077E-16
1.4546000E+04	2.8861428E-16
1.5316000E+04	7.2138240E-16
1.6128000E+04	1.7635456E-15
1.6968000E+04	4.2189142E-15
1.7864000E+04	9.8814929E-15
1.8802000E+04	2.2670612E-14
1.9796000E+04	5.0971738E-14
2.0832000E+04	1.1236310E-13
2.1938000E+04	2.4296545E-13
2.3086000E+04	5.1556836E-13
2.4304000E+04	1.0740866E-12
2.5578000E+04	2.1978095E-12
2.6936000E+04	4.4189699E-12
2.8350000E+04	8.7339549E-12
2.9848000E+04	1.6975970E-11
3.1416000E+04	3.2461093E-11
3.3068000E+04	6.1089142E-11
3.4804000E+04	1.1318819E-10
3.6638000E+04	2.0655451E-10
3.8570000E+04	3.7138262E-10
4.0600000E+04	6.5813520E-10
4.2742000E+04	1.1499140E-09
4.4982000E+04	1.9816136E-09
4.7362000E+04	3.3691431E-09
4.9854000E+04	5.6533654E-09
5.2472000E+04	9.3652404E-09
5.5230000E+04	1.5321072E-08
5.8142000E+04	2.4759895E-08
6.1208000E+04	3.9539026E-08
6.4428000E+04	6.2408808E-08
6.7816000E+04	9.7393713E-08
7.1386000E+04	1.5031442E-07
7.5152000E+04	2.2949430E-07
7.9114000E+04	3.4670401E-07
8.3272000E+04	5.1840964E-07
8.7654000E+04	7.6740290E-07
9.2274000E+04	1.1249065E-06
9.7132000E+04	1.6332623E-06
1.0224200E+05	2.3493274E-06
1.0763200E+05	3.3487163E-06
1.1328800E+05	4.7310462E-06
1.1925200E+05	6.6263533E-06
1.2553800E+05	9.2028607E-06
1.3214600E+05	1.2676288E-05
1.3910400E+05	1.7320894E-05
1.4644000E+05	2.3482447E-05
1.5414000E+05	3.1593309E-05
1.6226000E+05	4.2189795E-05
1.7080000E+05	5.5931977E-05
1.7976000E+05	7.3626025E-05
1.8928000E+05	9.6249192E-05
1.9922000E+05	1.2497745E-04
2.0972000E+05	1.6121580E-04
2.2078000E+05	2.0663107E-04
2.3240000E+05	2.6318724E-04
2.4458000E+05	3.3318284E-04
2.5746000E+05	4.1929026E-04
2.7104000E+05	5.2459656E-04
2.8532000E+05	6.5264536E-04
3.0030000E+05	8.0747917E-04
3.1612000E+05	9.9368164E-04
3.3278000E+05	1.2164191E-03
3.5028000E+05	1.4814805E-03
3.6876000E+05	1.7953153E-03
3.8822000E+05	2.1650681E-03
4.0866000E+05	2.5986099E-03
4.3008000E+05	3.1045638E-03
4.5276000E+05	3.6923266E-03
4.7656000E+05	4.3720827E-03
5.0176000E+05	5.1548134E-03
5.2808000E+05	6.0522950E-03
5.5594000E+05	7.0770937E-03
5.8520000E+05	8.2425471E-03
6.1600000E+05	9.5627403E-03
6.4848000E+05	1.1052471E-02
6.8264000E+05	1.2727206E-02
7.1848000E+05	1.4603026E-02
7.5628000E+05	1.6696566E-02
7.9618000E+05	1.9024944E-02
8.3804000E+05	2.1605673E-02
8.8214000E+05	2.4456583E-02
9.2862000E+05	2.7595717E-02
9.7762000E+05	3.1041226E-02
1.0290000E+06	3.4811263E-02
1.0831800E+06	3.8923865E-02
1.1401600E+06	4.3396833E-02
1.2002200E+06	4.8247603E-02
1.2635000E+06	5.3493125E-02
1.3300000E+06	5.9149730E-02
1.4000000E+06	6.5233008E-02