2.0000000E-02	2.5833768E+03
2.1060000E-02	2.4541622E+03
2.2160000E-02	2.3314103E+03
2.3320000E-02	2.4307283E+03
2.4560000E-02	2.3091499E+03
2.5840000E-02	2.1936522E+03
2.7220000E-02	2.2776307E+03
2.8640000E-02	2.1637113E+03
3.0160000E-02	2.0554896E+03
3.1740000E-02	1.9526806E+03
3.3400000E-02	2.0197474E+03
3.5160000E-02	1.9187283E+03
3.7020000E-02	1.8227616E+03
3.8960000E-02	1.8787926E+03
4.1020000E-02	1.7848261E+03
4.3180000E-02	1.6955592E+03
4.5460000E-02	1.7420571E+03
4.7840000E-02	1.6549327E+03
5.0360000E-02	1.5721655E+03
5.3020000E-02	1.6104678E+03
5.5820000E-02	1.5299288E+03
5.8740000E-02	1.4534175E+03
6.1840000E-02	1.4847074E+03
6.5100000E-02	1.4104630E+03
6.8520000E-02	1.3399310E+03
7.2140000E-02	1.3652503E+03
7.5940000E-02	1.2969856E+03
7.9920000E-02	1.3183032E+03
8.4140000E-02	1.2523951E+03
8.8560000E-02	1.1897807E+03
9.3220000E-02	1.2066102E+03
9.8140000E-02	1.1462944E+03
1.0330000E-01	1.0889931E+03
1.0874000E-01	1.1020604E+03
1.1446000E-01	1.0469810E+03
1.2050000E-01	1.0574224E+03
1.2684000E-01	1.0045871E+03
1.3352000E-01	1.0126841E+03
1.4054000E-01	9.6210111E+02
1.4794000E-01	9.1404226E+02
1.5574000E-01	9.1977784E+02
1.6394000E-01	8.7385021E+02
1.7256000E-01	8.7783972E+02
1.8166000E-01	8.3402641E+02
1.9122000E-01	8.3647922E+02
2.0120000E-01	7.9475412E+02
2.1180000E-01	7.9586143E+02
2.2300000E-01	7.5619060E+02
2.3480000E-01	7.5612669E+02
2.4720000E-01	7.1846961E+02
2.6020000E-01	7.1739296E+02
2.7380000E-01	6.8170362E+02
2.8820000E-01	6.7975832E+02
3.0340000E-01	6.4598605E+02
3.1940000E-01	6.4330309E+02
3.3620000E-01	6.1139336E+02
3.5400000E-01	6.0809206E+02
3.7260000E-01	5.7798705E+02
3.9220000E-01	5.7417644E+02
4.1280000E-01	5.6962429E+02
4.3460000E-01	5.4159556E+02
4.5740000E-01	5.3669335E+02
4.8160000E-01	5.1037814E+02
5.0700000E-01	5.0521678E+02
5.3360000E-01	4.8054294E+02
5.6160000E-01	4.7520884E+02
5.9120000E-01	4.6927158E+02
6.2240000E-01	4.4667405E+02
6.5520000E-01	4.4070725E+02
6.8960000E-01	4.3412132E+02
7.2600000E-01	4.1369333E+02
7.6420000E-01	4.0724597E+02
8.0440000E-01	4.0011932E+02
8.4680000E-01	3.8197853E+02
8.9140000E-01	3.7522908E+02
9.3820000E-01	3.6772195E+02
9.8760000E-01	3.5192732E+02
1.0396000E+00	3.4514900E+02
1.0944000E+00	3.3765268E+02
1.1520000E+00	3.2857055E+02
1.2128000E+00	3.1746552E+02
1.2766000E+00	3.1061730E+02
1.3438000E+00	3.0307446E+02
1.4146000E+00	2.9378653E+02
1.4890000E+00	2.8618535E+02
1.5674000E+00	2.8014513E+02
1.6500000E+00	2.7405342E+02
1.7368000E+00	2.6795957E+02
1.8282000E+00	2.6194433E+02
1.9244000E+00	2.5612407E+02
2.0260000E+00	2.5061815E+02
2.1320000E+00	2.4546919E+02
2.2440000E+00	2.4060868E+02
2.3620000E+00	2.3589444E+02
2.4880000E+00	2.3119787E+02
2.6180000E+00	2.2646873E+02
2.7560000E+00	2.2166398E+02
2.9020000E+00	2.1887808E+02
3.0540000E+00	2.1536451E+02
3.2140000E+00	2.1097393E+02
3.3840000E+00	2.0842852E+02
3.5620000E+00	2.0487020E+02
3.7500000E+00	2.0178327E+02
3.9480000E+00	1.9883240E+02
4.1560000E+00	1.9642839E+02
4.3740000E+00	1.9269426E+02
4.6040000E+00	1.9102944E+02
4.8460000E+00	1.8875329E+02
5.1020000E+00	1.8599054E+02
5.3700000E+00	1.8291200E+02
5.6540000E+00	1.8101439E+02
5.9500000E+00	1.7886437E+02
6.2640000E+00	1.7679705E+02
6.5940000E+00	1.7462520E+02
6.9400000E+00	1.7381278E+02
7.3060000E+00	1.7202168E+02
7.6920000E+00	1.7011973E+02
8.0960000E+00	1.6844299E+02
8.5220000E+00	1.6675560E+02
8.9700000E+00	1.6508330E+02
9.4440000E+00	1.6362754E+02
9.9400000E+00	1.6289549E+02
1.0464000E+01	1.6028044E+02
1.1014000E+01	1.5915478E+02
1.1594000E+01	1.5803046E+02
1.2206000E+01	1.5685771E+02
1.2848000E+01	1.5555236E+02
1.3524000E+01	1.5405602E+02
1.4236000E+01	1.5363162E+02
1.4986000E+01	1.5181359E+02
1.5774000E+01	1.5095810E+02
1.6606000E+01	1.4968272E+02
1.7480000E+01	1.4913533E+02
1.8400000E+01	1.4716995E+02
1.9368000E+01	1.4634921E+02
2.0380000E+01	1.4530971E+02
2.1460000E+01	1.4422492E+02
2.2600000E+01	1.4322452E+02
2.3780000E+01	1.4319472E+02
2.5040000E+01	1.4186829E+02
2.6360000E+01	1.4135656E+02
2.7740000E+01	1.3952755E+02
2.9200000E+01	1.3888888E+02
3.0740000E+01	1.3843024E+02
3.2360000E+01	1.3727619E+02
3.4060000E+01	1.3626004E+02
3.5860000E+01	1.3564113E+02
3.7740000E+01	1.3472178E+02
3.9720000E+01	1.3409830E+02
4.1820000E+01	1.3281413E+02
4.4020000E+01	1.3216112E+02
4.6340000E+01	1.3134378E+02
4.8780000E+01	1.3081566E+02
5.1340000E+01	1.3025314E+02
5.4040000E+01	1.2908879E+02
5.6900000E+01	1.2853040E+02
5.9880000E+01	1.2772370E+02
6.3040000E+01	1.2667347E+02
6.6360000E+01	1.2622405E+02
6.9860000E+01	1.2552672E+02
7.3540000E+01	1.2493705E+02
7.7400000E+01	1.2428815E+02
8.1480000E+01	1.2334742E+02
8.5780000E+01	1.2240256E+02
9.0280000E+01	1.2214390E+02
9.5040000E+01	1.2113353E+02
1.0004000E+02	1.2062177E+02
1.0532000E+02	1.2010444E+02
1.1086000E+02	1.1885903E+02
1.1670000E+02	1.1885712E+02
1.2284000E+02	1.1769245E+02
1.2930000E+02	1.1700057E+02
1.3612000E+02	1.1680739E+02
1.4328000E+02	1.1595508E+02
1.5082000E+02	1.1537997E+02
1.5876000E+02	1.1449077E+02
1.6712000E+02	1.1418648E+02
1.7592000E+02	1.1359237E+02
1.8518000E+02	1.1274922E+02
1.9494000E+02	1.1228396E+02
2.0520000E+02	1.1167575E+02
2.1600000E+02	1.1128155E+02
2.2740000E+02	1.1023377E+02
2.3940000E+02	1.0969847E+02
2.5200000E+02	1.0935521E+02
2.6520000E+02	1.0876551E+02
2.7920000E+02	1.0807179E+02
2.9380000E+02	1.0781613E+02
3.0940000E+02	1.0717931E+02
3.2560000E+02	1.0692884E+02
3.4280000E+02	1.0608811E+02
3.6080000E+02	1.0572166E+02
3.7980000E+02	1.0537175E+02
3.9980000E+02	1.0474752E+02
4.2080000E+02	1.0425320E+02
4.4300000E+02	1.0382593E+02
4.6640000E+02	1.0369995E+02
4.9100000E+02	1.0319531E+02
5.1680000E+02	1.0276538E+02
5.4400000E+02	1.0223875E+02
5.7260000E+02	1.0191070E+02
6.0280000E+02	1.0156056E+02
6.3440000E+02	1.0086620E+02
6.6780000E+02	1.0092070E+02
7.0300000E+02	1.0043105E+02
7.4000000E+02	9.9892874E+01
7.7900000E+02	9.9715693E+01
8.2000000E+02	9.9387955E+01
8.6320000E+02	9.8871854E+01
9.0860000E+02	9.8630346E+01
9.5660000E+02	9.8257764E+01
1.0068000E+03	9.7862699E+01
1.0598000E+03	9.7757469E+01
1.1158000E+03	9.7461540E+01
1.1744000E+03	9.7030512E+01
1.2362000E+03	9.6740819E+01
1.3014000E+03	9.6517078E+01
1.3698000E+03	9.6144979E+01
1.4420000E+03	9.5920867E+01
1.5180000E+03	9.5651986E+01
1.5978000E+03	9.5285304E+01
1.6820000E+03	9.5009545E+01
1.7706000E+03	9.4777353E+01
1.8638000E+03	9.4421726E+01
1.9618000E+03	9.4351646E+01
2.0660000E+03	9.3999195E+01
2.1740000E+03	9.3692320E+01
2.2880000E+03	9.3415742E+01
2.4080000E+03	9.3086220E+01
2.5360000E+03	9.2857655E+01
2.6700000E+03	9.2597248E+01
2.8100000E+03	9.2228413E+01
2.9580000E+03	9.1991355E+01
3.1140000E+03	9.1700380E+01
3.2780000E+03	9.1523930E+01
3.4500000E+03	9.1032440E+01
3.6320000E+03	9.0743652E+01
3.8220000E+03	9.0464584E+01
4.0240000E+03	9.0126610E+01
4.2360000E+03	8.9832230E+01
4.4580000E+03	8.9433404E+01
4.6940000E+03	8.9076469E+01
4.9400000E+03	8.8870627E+01
5.2000000E+03	8.8416449E+01
5.4740000E+03	8.7983148E+01
5.7620000E+03	8.7678132E+01
6.0660000E+03	8.7328698E+01
6.3860000E+03	8.6842713E+01
6.7220000E+03	8.6457991E+01
7.0760000E+03	8.6082384E+01
7.4480000E+03	8.5621284E+01
7.8400000E+03	8.5163388E+01
8.2540000E+03	8.4696998E+01
8.6880000E+03	8.4273158E+01
9.1460000E+03	8.3826106E+01
9.6260000E+03	8.3353152E+01
1.0134000E+04	8.2895430E+01
1.0668000E+04	8.2425732E+01
1.1228000E+04	8.1914030E+01
1.1820000E+04	8.1425680E+01
1.2442000E+04	8.0940622E+01
1.3098000E+04	8.0472130E+01
1.3788000E+04	7.9907354E+01
1.4512000E+04	7.9396087E+01
1.5278000E+04	7.8829744E+01
1.6082000E+04	7.8310053E+01
1.6928000E+04	7.7782542E+01
1.7820000E+04	7.7238720E+01
1.8758000E+04	7.6702432E+01
1.9746000E+04	7.6154170E+01
2.0780000E+04	7.5619288E+01
2.1880000E+04	7.5034078E+01
2.3040000E+04	7.4486654E+01
2.4240000E+04	7.3926804E+01
2.5520000E+04	7.3377189E+01
2.6860000E+04	7.2798043E+01
2.8280000E+04	7.2216880E+01
2.9760000E+04	7.1641682E+01
3.1340000E+04	7.1118746E+01
3.2980000E+04	7.0520915E+01
3.4720000E+04	6.9963084E+01
3.6540000E+04	6.9377702E+01
3.8480000E+04	6.8827677E+01
4.0500000E+04	6.8267534E+01
4.2640000E+04	6.7669347E+01
4.4880000E+04	6.7093652E+01
4.7240000E+04	6.6512463E+01
4.9720000E+04	6.5959740E+01
5.2340000E+04	6.5403400E+01
5.5100000E+04	6.4831944E+01
5.8000000E+04	6.4284318E+01
6.1060000E+04	6.3738827E+01
6.4260000E+04	6.3178531E+01
6.7660000E+04	6.2624578E+01
7.1220000E+04	6.2093322E+01
7.4960000E+04	6.1539059E+01
7.8900000E+04	6.1014118E+01
8.3060000E+04	6.0465539E+01
8.7440000E+04	5.9936705E+01
9.2040000E+04	5.9399056E+01
9.6880000E+04	5.8882423E+01
1.0198000E+05	5.8350293E+01
1.0736000E+05	5.7831294E+01
1.1302000E+05	5.7312468E+01
1.1896000E+05	5.6816241E+01
1.2522000E+05	5.6303866E+01
1.3182000E+05	5.5802887E+01
1.3876000E+05	5.5309929E+01
1.4606000E+05	5.4814703E+01
1.5376000E+05	5.4332583E+01
1.6184000E+05	5.3850623E+01
1.7036000E+05	5.3380579E+01
1.7934000E+05	5.2887350E+01
1.8878000E+05	5.2422376E+01
1.9872000E+05	5.1968843E+01
2.0920000E+05	5.1494581E+01
2.2020000E+05	5.1035327E+01
2.3180000E+05	5.0596862E+01
2.4400000E+05	5.0142377E+01
2.5680000E+05	4.9690973E+01
2.7040000E+05	4.9255212E+01
2.8460000E+05	4.8818629E+01
2.9960000E+05	4.8384883E+01
3.1540000E+05	4.7953355E+01
3.3200000E+05	4.7524503E+01
3.4940000E+05	4.7099461E+01
3.6780000E+05	4.6690911E+01
3.8720000E+05	4.6268534E+01
4.0760000E+05	4.5866443E+01
4.2900000E+05	4.5444551E+01
4.5160000E+05	4.5045802E+01
4.7540000E+05	4.4642224E+01
5.0040000E+05	4.4247118E+01
5.2680000E+05	4.3848440E+01
5.5460000E+05	4.3445032E+01
5.8380000E+05	4.3056764E+01
6.1440000E+05	4.2664606E+01
6.4680000E+05	4.2275914E+01
6.8080000E+05	4.1888338E+01
7.1680000E+05	4.1514607E+01
7.5440000E+05	4.1130379E+01
7.9420000E+05	4.0742897E+01
8.3600000E+05	4.0372470E+01
8.8000000E+05	3.9995957E+01
9.2640000E+05	3.9620311E+01
9.7520000E+05	3.9248734E+01
1.0264000E+06	3.8887015E+01
1.0804000E+06	3.8520573E+01
1.1374000E+06	3.8153589E+01
1.1972000E+06	3.7783088E+01
1.2602000E+06	3.7421843E+01
1.3266000E+06	3.7062712E+01
1.3966000E+06	3.6699250E+01
1.4700000E+06	3.6339241E+01
1.5474000E+06	3.5976966E+01
1.6288000E+06	3.5619785E+01
1.7146000E+06	3.5263087E+01
1.8050000E+06	3.4905139E+01
1.9000000E+06	3.4550489E+01
2.0000000E+06	3.4194903E+01