2.0000000E-02	0.0000000E+00
2.1060000E-02	0.0000000E+00
2.2160000E-02	0.0000000E+00
2.3320000E-02	0.0000000E+00
2.4560000E-02	0.0000000E+00
2.5840000E-02	0.0000000E+00
2.7220000E-02	0.0000000E+00
2.8640000E-02	0.0000000E+00
3.0160000E-02	0.0000000E+00
3.1740000E-02	0.0000000E+00
3.3400000E-02	0.0000000E+00
3.5160000E-02	0.0000000E+00
3.7020000E-02	0.0000000E+00
3.8960000E-02	0.0000000E+00
4.1020000E-02	0.0000000E+00
4.3180000E-02	0.0000000E+00
4.5460000E-02	0.0000000E+00
4.7840000E-02	0.0000000E+00
5.0360000E-02	0.0000000E+00
5.3020000E-02	0.0000000E+00
5.5820000E-02	0.0000000E+00
5.8740000E-02	0.0000000E+00
6.1840000E-02	0.0000000E+00
6.5100000E-02	0.0000000E+00
6.8520000E-02	0.0000000E+00
7.2140000E-02	0.0000000E+00
7.5940000E-02	0.0000000E+00
7.9920000E-02	0.0000000E+00
8.4140000E-02	0.0000000E+00
8.8560000E-02	0.0000000E+00
9.3220000E-02	0.0000000E+00
9.8140000E-02	0.0000000E+00
1.0330000E-01	0.0000000E+00
1.0874000E-01	0.0000000E+00
1.1446000E-01	0.0000000E+00
1.2050000E-01	0.0000000E+00
1.2684000E-01	0.0000000E+00
1.3352000E-01	0.0000000E+00
1.4054000E-01	0.0000000E+00
1.4794000E-01	0.0000000E+00
1.5574000E-01	0.0000000E+00
1.6394000E-01	0.0000000E+00
1.7256000E-01	0.0000000E+00
1.8166000E-01	0.0000000E+00
1.9122000E-01	0.0000000E+00
2.0120000E-01	0.0000000E+00
2.1180000E-01	0.0000000E+00
2.2300000E-01	0.0000000E+00
2.3480000E-01	0.0000000E+00
2.4720000E-01	0.0000000E+00
2.6020000E-01	0.0000000E+00
2.7380000E-01	0.0000000E+00
2.8820000E-01	0.0000000E+00
3.0340000E-01	0.0000000E+00
3.1940000E-01	0.0000000E+00
3.3620000E-01	0.0000000E+00
3.5400000E-01	0.0000000E+00
3.7260000E-01	0.0000000E+00
3.9220000E-01	0.0000000E+00
4.1280000E-01	0.0000000E+00
4.3460000E-01	0.0000000E+00
4.5740000E-01	0.0000000E+00
4.8160000E-01	0.0000000E+00
5.0700000E-01	0.0000000E+00
5.3360000E-01	0.0000000E+00
5.6160000E-01	0.0000000E+00
5.9120000E-01	0.0000000E+00
6.2240000E-01	0.0000000E+00
6.5520000E-01	0.0000000E+00
6.8960000E-01	0.0000000E+00
7.2600000E-01	0.0000000E+00
7.6420000E-01	0.0000000E+00
8.0440000E-01	0.0000000E+00
8.4680000E-01	0.0000000E+00
8.9140000E-01	0.0000000E+00
9.3820000E-01	0.0000000E+00
9.8760000E-01	0.0000000E+00
1.0396000E+00	0.0000000E+00
1.0944000E+00	0.0000000E+00
1.1520000E+00	0.0000000E+00
1.2128000E+00	0.0000000E+00
1.2766000E+00	0.0000000E+00
1.3438000E+00	0.0000000E+00
1.4146000E+00	0.0000000E+00
1.4890000E+00	0.0000000E+00
1.5674000E+00	0.0000000E+00
1.6500000E+00	0.0000000E+00
1.7368000E+00	0.0000000E+00
1.8282000E+00	0.0000000E+00
1.9244000E+00	0.0000000E+00
2.0260000E+00	0.0000000E+00
2.1320000E+00	0.0000000E+00
2.2440000E+00	0.0000000E+00
2.3620000E+00	0.0000000E+00
2.4880000E+00	0.0000000E+00
2.6180000E+00	0.0000000E+00
2.7560000E+00	0.0000000E+00
2.9020000E+00	0.0000000E+00
3.0540000E+00	0.0000000E+00
3.2140000E+00	0.0000000E+00
3.3840000E+00	0.0000000E+00
3.5620000E+00	0.0000000E+00
3.7500000E+00	0.0000000E+00
3.9480000E+00	0.0000000E+00
4.1560000E+00	0.0000000E+00
4.3740000E+00	0.0000000E+00
4.6040000E+00	0.0000000E+00
4.8460000E+00	0.0000000E+00
5.1020000E+00	0.0000000E+00
5.3700000E+00	0.0000000E+00
5.6540000E+00	0.0000000E+00
5.9500000E+00	0.0000000E+00
6.2640000E+00	0.0000000E+00
6.5940000E+00	0.0000000E+00
6.9400000E+00	0.0000000E+00
7.3060000E+00	0.0000000E+00
7.6920000E+00	0.0000000E+00
8.0960000E+00	0.0000000E+00
8.5220000E+00	0.0000000E+00
8.9700000E+00	0.0000000E+00
9.4440000E+00	0.0000000E+00
9.9400000E+00	0.0000000E+00
1.0464000E+01	0.0000000E+00
1.1014000E+01	0.0000000E+00
1.1594000E+01	0.0000000E+00
1.2206000E+01	0.0000000E+00
1.2848000E+01	0.0000000E+00
1.3524000E+01	0.0000000E+00
1.4236000E+01	0.0000000E+00
1.4986000E+01	0.0000000E+00
1.5774000E+01	0.0000000E+00
1.6606000E+01	0.0000000E+00
1.7480000E+01	0.0000000E+00
1.8400000E+01	0.0000000E+00
1.9368000E+01	0.0000000E+00
2.0380000E+01	0.0000000E+00
2.1460000E+01	0.0000000E+00
2.2600000E+01	0.0000000E+00
2.3780000E+01	0.0000000E+00
2.5040000E+01	0.0000000E+00
2.6360000E+01	0.0000000E+00
2.7740000E+01	0.0000000E+00
2.9200000E+01	0.0000000E+00
3.0740000E+01	0.0000000E+00
3.2360000E+01	0.0000000E+00
3.4060000E+01	0.0000000E+00
3.5860000E+01	0.0000000E+00
3.7740000E+01	0.0000000E+00
3.9720000E+01	0.0000000E+00
4.1820000E+01	0.0000000E+00
4.4020000E+01	0.0000000E+00
4.6340000E+01	0.0000000E+00
4.8780000E+01	0.0000000E+00
5.1340000E+01	0.0000000E+00
5.4040000E+01	0.0000000E+00
5.6900000E+01	0.0000000E+00
5.9880000E+01	1.6304166e-322
6.3040000E+01	5.6598599e-317
6.6360000E+01	1.9143678e-311
6.9860000E+01	6.2689372E-306
7.3540000E+01	1.9682497E-300
7.7400000E+01	5.8691134E-295
8.1480000E+01	1.6469847E-289
8.5780000E+01	4.3111237E-284
9.0280000E+01	1.0437187E-278
9.5040000E+01	2.3181072E-273
1.0004000E+02	4.6867185E-268
1.0532000E+02	8.5622180E-263
1.1086000E+02	1.4036381E-257
1.1670000E+02	2.0512594E-252
1.2284000E+02	2.6558612E-247
1.2930000E+02	3.0290820E-242
1.3612000E+02	3.0270369E-237
1.4328000E+02	2.6374449E-232
1.5082000E+02	1.9945375E-227
1.5876000E+02	1.3037730E-222
1.6712000E+02	7.3390699E-218
1.7592000E+02	3.5457207E-213
1.8518000E+02	1.4658859E-208
1.9494000E+02	5.1724149E-204
2.0520000E+02	1.5541830E-199
2.1600000E+02	3.9690968E-195
2.2740000E+02	8.6013854E-191
2.3940000E+02	1.5796981E-186
2.5200000E+02	2.4562906E-182
2.6520000E+02	3.2313147E-178
2.7920000E+02	3.5948694E-174
2.9380000E+02	3.3815211E-170
3.0940000E+02	2.6896200E-166
3.2560000E+02	1.8094308E-162
3.4280000E+02	1.0300995E-158
3.6080000E+02	4.9659440E-155
3.7980000E+02	2.0290316E-151
3.9980000E+02	7.0338444E-148
4.2080000E+02	2.0712591E-144
4.4300000E+02	5.1879684E-141
4.6640000E+02	1.1069360E-137
4.9100000E+02	2.0151322E-134
5.1680000E+02	3.1353194E-131
5.4400000E+02	4.1767810E-128
5.7260000E+02	4.7731670E-125
6.0280000E+02	4.6885065E-122
6.3440000E+02	3.9665608E-119
6.6780000E+02	2.8964177E-116
7.0300000E+02	1.8294269E-113
7.4000000E+02	1.0016946E-110
7.7900000E+02	4.7653935E-108
8.2000000E+02	1.9742239E-105
8.6320000E+02	7.1388931E-103
9.0860000E+02	2.2584677E-100
9.5660000E+02	6.2656171E-98
1.0068000E+03	1.5279309E-95
1.0598000E+03	3.2829103E-93
1.1158000E+03	6.2295385E-91
1.1744000E+03	1.0464523E-88
1.2362000E+03	1.5598118E-86
1.3014000E+03	2.0679147E-84
1.3698000E+03	2.4440707E-82
1.4420000E+03	2.5812024E-80
1.5180000E+03	2.4414978E-78
1.5978000E+03	2.0730353E-76
1.6820000E+03	1.5836299E-74
1.7706000E+03	1.0908563E-72
1.8638000E+03	6.7905879E-71
1.9618000E+03	3.8284287E-69
2.0660000E+03	1.9590353E-67
2.1740000E+03	9.1179003E-66
2.2880000E+03	3.8680089E-64
2.4080000E+03	1.4987036E-62
2.5360000E+03	5.3144881E-61
2.6700000E+03	1.7281926E-59
2.8100000E+03	5.1637012E-58
2.9580000E+03	1.4203882E-56
3.1140000E+03	3.6037456E-55
3.2780000E+03	8.4491225E-54
3.4500000E+03	1.8338933E-52
3.6320000E+03	3.6916559E-51
3.8220000E+03	6.9042727E-50
4.0240000E+03	1.2017505E-48
4.2360000E+03	1.9500496E-47
4.4580000E+03	2.9548307E-46
4.6940000E+03	4.1877545E-45
4.9400000E+03	5.5601054E-44
5.2000000E+03	6.9265223E-43
5.4740000E+03	8.1085054E-42
5.7620000E+03	8.9332323E-41
6.0660000E+03	9.2758487E-40
6.3860000E+03	9.0906954E-39
6.7220000E+03	8.4206698E-38
7.0760000E+03	7.3823818E-37
7.4480000E+03	6.1337741E-36
7.8400000E+03	4.8362479E-35
8.2540000E+03	3.6232150E-34
8.6880000E+03	2.5824216E-33
9.1460000E+03	1.7532264E-32
9.6260000E+03	1.1351281E-31
1.0134000E+04	7.0170395E-31
1.0668000E+04	4.1462901E-30
1.1228000E+04	2.3444722E-29
1.1820000E+04	1.2699360E-28
1.2442000E+04	6.5967563E-28
1.3098000E+04	3.2895814E-27
1.3788000E+04	1.5763456E-26
1.4512000E+04	7.2659337E-26
1.5278000E+04	3.2246229E-25
1.6082000E+04	1.3791841E-24
1.6928000E+04	5.6900993E-24
1.7820000E+04	2.2665252E-23
1.8758000E+04	8.7241630E-23
1.9746000E+04	3.2477282E-22
2.0780000E+04	1.1702790E-21
2.1880000E+04	4.0851236E-21
2.3040000E+04	1.3825178E-20
2.4240000E+04	4.5396366E-20
2.5520000E+04	1.4473819E-19
2.6860000E+04	4.4841027E-19
2.8280000E+04	1.3508562E-18
2.9760000E+04	3.9599238E-18
3.1340000E+04	1.1303268E-17
3.2980000E+04	3.1437548E-17
3.4720000E+04	8.5251371E-17
3.6540000E+04	2.2554627E-16
3.8480000E+04	5.8252967E-16
4.0500000E+04	1.4696310E-15
4.2640000E+04	3.6237601E-15
4.4880000E+04	8.7381207E-15
4.7240000E+04	2.0616943E-14
4.9720000E+04	4.7622489E-14
5.2340000E+04	1.0774804E-13
5.5100000E+04	2.3891206E-13
5.8000000E+04	5.1941480E-13
6.1060000E+04	1.1077676E-12
6.4260000E+04	2.3187077E-12
6.7660000E+04	4.7654732E-12
7.1220000E+04	9.6210635E-12
7.4960000E+04	1.9089143E-11
7.8900000E+04	3.7237489E-11
8.3060000E+04	7.1447069E-11
8.7440000E+04	1.3488799E-10
9.2040000E+04	2.5067855E-10
9.6880000E+04	4.5875613E-10
1.0198000E+05	8.2704440E-10
1.0736000E+05	1.4693162E-09
1.1302000E+05	2.5733239E-09
1.1896000E+05	4.4444254E-09
1.2522000E+05	7.5722380E-09
1.3182000E+05	1.2730989E-08
1.3876000E+05	2.1128439E-08
1.4606000E+05	3.4623813E-08
1.5376000E+05	5.6042296E-08
1.6184000E+05	8.9622829E-08
1.7036000E+05	1.4164723E-07
1.7934000E+05	2.2131266E-07
1.8878000E+05	3.4192605E-07
1.9872000E+05	5.2251903E-07
2.0920000E+05	7.9000439E-07
2.2020000E+05	1.1820211E-06
2.3180000E+05	1.7506425E-06
2.4400000E+05	2.5671552E-06
2.5680000E+05	3.7281427E-06
2.7040000E+05	5.3631474E-06
2.8460000E+05	7.6442091E-06
2.9960000E+05	1.0797609E-05
3.1540000E+05	1.5118176E-05
3.3200000E+05	2.0986517E-05
3.4940000E+05	2.8889560E-05
3.6780000E+05	3.9444784E-05
3.8720000E+05	5.3428495E-05
4.0760000E+05	7.1808482E-05
4.2900000E+05	9.5781349E-05
4.5160000E+05	1.2681475E-04
4.7540000E+05	1.6669464E-04
5.0040000E+05	2.1757771E-04
5.2680000E+05	2.8204877E-04
5.5460000E+05	3.6318309E-04
5.8380000E+05	4.6461324E-04
6.1440000E+05	5.9060015E-04
6.4680000E+05	7.4610753E-04
6.8080000E+05	9.3687919E-04
7.1680000E+05	1.1695182E-03
7.5440000E+05	1.4515671E-03
7.9420000E+05	1.7915873E-03
8.3600000E+05	2.1992380E-03
8.8000000E+05	2.6853514E-03
9.2640000E+05	3.2620042E-03
9.7520000E+05	3.9425838E-03
1.0264000E+06	4.7418470E-03
1.0804000E+06	5.6759707E-03
1.1374000E+06	6.7625941E-03
1.1972000E+06	8.0208479E-03
1.2602000E+06	9.4713741E-03
1.3266000E+06	1.1136332E-02
1.3966000E+06	1.3039387E-02
1.4700000E+06	1.5205696E-02
1.5474000E+06	1.7661863E-02
1.6288000E+06	2.0435891E-02
1.7146000E+06	2.3557117E-02
1.8050000E+06	2.7056125E-02
1.9000000E+06	3.0964656E-02
2.0000000E+06	3.5315492E-02