2.0000000E-02	5.1826538E-124
2.1060000E-02	4.9736953E-124
2.2160000E-02	4.7436880E-124
2.3320000E-02	4.5252573E-124
2.4560000E-02	4.3178283E-124
2.5840000E-02	4.1388171E-124
2.7220000E-02	3.9509737E-124
2.8640000E-02	3.7726165E-124
3.0160000E-02	3.6137028E-124
3.1740000E-02	3.4524747E-124
3.3400000E-02	3.2994185E-124
3.5160000E-02	3.1541319E-124
3.7020000E-02	3.0218950E-124
3.8960000E-02	2.8907800E-124
4.1020000E-02	2.7663589E-124
4.3180000E-02	2.6514505E-124
4.5460000E-02	2.5393240E-124
4.7840000E-02	2.4329678E-124
5.0360000E-02	2.3338129E-124
5.3020000E-02	2.2381078E-124
5.5820000E-02	2.1473836E-124
5.8740000E-02	2.0623126E-124
6.1840000E-02	1.9808171E-124
6.5100000E-02	1.9036307E-124
6.8520000E-02	1.8310264E-124
7.2140000E-02	1.7618502E-124
7.5940000E-02	1.6964149E-124
7.9920000E-02	1.6347937E-124
8.4140000E-02	1.5763360E-124
8.8560000E-02	1.5211428E-124
9.3220000E-02	1.4691949E-124
9.8140000E-02	1.4201153E-124
1.0330000E-01	1.3739672E-124
1.0874000E-01	1.3305123E-124
1.1446000E-01	1.2897073E-124
1.2050000E-01	1.2514835E-124
1.2684000E-01	1.2156910E-124
1.3352000E-01	1.1822918E-124
1.4054000E-01	1.1511824E-124
1.4794000E-01	1.1223174E-124
1.5574000E-01	1.0956242E-124
1.6394000E-01	1.0710587E-124
1.7256000E-01	1.0485813E-124
1.8166000E-01	1.0281517E-124
1.9122000E-01	1.0097491E-124
2.0120000E-01	9.9335447E-125
2.1180000E-01	9.7896384E-125
2.2300000E-01	9.6658035E-125
2.3480000E-01	9.5622071E-125
2.4720000E-01	9.4791267E-125
2.6020000E-01	9.4169856E-125
2.7380000E-01	9.3763525E-125
2.8820000E-01	9.3579691E-125
3.0340000E-01	9.3627652E-125
3.1940000E-01	9.3918876E-125
3.3620000E-01	9.4467283E-125
3.5400000E-01	9.5289627E-125
3.7260000E-01	9.6405923E-125
3.9220000E-01	9.7839980E-125
4.1280000E-01	9.9620043E-125
4.3460000E-01	1.0177957E-124
4.5740000E-01	1.0435816E-124
4.8160000E-01	1.0740274E-124
5.0700000E-01	1.1096894E-124
5.3360000E-01	1.1512284E-124
5.6160000E-01	1.1994315E-124
5.9120000E-01	1.2552383E-124
6.2240000E-01	1.3197745E-124
6.5520000E-01	1.3943933E-124
6.8960000E-01	1.4807280E-124
7.2600000E-01	1.5807588E-124
7.6420000E-01	1.6968967E-124
8.0440000E-01	1.8320923E-124
8.4680000E-01	1.9899751E-124
8.9140000E-01	2.1750342E-124
9.3820000E-01	2.3928538E-124
9.8760000E-01	2.6504222E-124
1.0396000E+00	2.9565399E-124
1.0944000E+00	3.3223627E-124
1.1520000E+00	3.7621293E-124
1.2128000E+00	4.2941426E-124
1.2766000E+00	4.9421055E-124
1.3438000E+00	5.7369516E-124
1.4146000E+00	6.7193762E-124
1.4890000E+00	7.9433643E-124
1.5674000E+00	9.4811536E-124
1.6500000E+00	1.1430278E-123
1.7368000E+00	1.3923661E-123
1.8282000E+00	1.7144216E-123
1.9244000E+00	2.1346191E-123
2.0260000E+00	2.6886688E-123
2.1320000E+00	3.4272716E-123
2.2440000E+00	4.4232230E-123
2.3620000E+00	5.7822614E-123
2.4880000E+00	7.6598350E-123
2.6180000E+00	1.0287335E-122
2.7560000E+00	1.4013673E-122
2.9020000E+00	1.9372035E-122
3.0540000E+00	2.7188557E-122
3.2140000E+00	3.8761714E-122
3.3840000E+00	5.6162803E-122
3.5620000E+00	8.2746833E-122
3.7500000E+00	1.2403474E-121
3.9480000E+00	1.8926129E-121
4.1560000E+00	2.9413614E-121
4.3740000E+00	4.6585323E-121
4.6040000E+00	7.5233998E-121
4.8460000E+00	1.2396457E-120
5.1020000E+00	2.0852456E-120
5.3700000E+00	3.5830611E-120
5.6540000E+00	6.2929283E-120
5.9500000E+00	1.1303676E-119
6.2640000E+00	2.0778968E-119
6.5940000E+00	3.9114355E-119
6.9400000E+00	7.5444580E-119
7.3060000E+00	1.4920101E-118
7.6920000E+00	3.0271872E-118
8.0960000E+00	6.3052408E-118
8.5220000E+00	1.3490508E-117
8.9700000E+00	2.9667848E-117
9.4440000E+00	6.7102442E-117
9.9400000E+00	1.5618681E-116
1.0464000E+01	3.7433298E-116
1.1014000E+01	9.2433064E-116
1.1594000E+01	2.3528420E-115
1.2206000E+01	6.1771315E-115
1.2848000E+01	1.6735279E-114
1.3524000E+01	4.6810616E-114
1.4236000E+01	1.3524562E-113
1.4986000E+01	4.0379387E-113
1.5774000E+01	1.2463243E-112
1.6606000E+01	3.9783295E-112
1.7480000E+01	1.3137648E-111
1.8400000E+01	4.4896791E-111
1.9368000E+01	1.5882225E-110
2.0380000E+01	5.8171033E-110
2.1460000E+01	2.2064067E-109
2.2600000E+01	8.6679055E-109
2.3780000E+01	3.5272905E-108
2.5040000E+01	1.4869533E-107
2.6360000E+01	6.4937396E-107
2.7740000E+01	2.9378384E-106
2.9200000E+01	1.3768046E-105
3.0740000E+01	6.6832189E-105
3.2360000E+01	3.3597559E-104
3.4060000E+01	1.7488809E-103
3.5860000E+01	9.4242646E-103
3.7740000E+01	5.2560134E-102
3.9720000E+01	3.0328942E-101
4.1820000E+01	1.8101030E-100
4.4020000E+01	1.1169447E-99
4.6340000E+01	7.1230096E-99
4.8780000E+01	4.6924998E-98
5.1340000E+01	3.1918595E-97
5.4040000E+01	2.2405606E-96
5.6900000E+01	1.6221930E-95
5.9880000E+01	1.2106699E-94
6.3040000E+01	9.3079868E-94
6.6360000E+01	7.3672773E-93
6.9860000E+01	5.9989993E-92
7.3540000E+01	5.0217512E-91
7.7400000E+01	4.3182204E-90
8.1480000E+01	3.8113658E-89
8.5780000E+01	3.4500056E-88
9.0280000E+01	3.1999511E-87
9.5040000E+01	3.0384766E-86
1.0004000E+02	2.9508393E-85
1.0532000E+02	2.9280849E-84
1.1086000E+02	2.9656828E-83
1.1670000E+02	3.0627121E-82
1.2284000E+02	3.2214301E-81
1.2930000E+02	3.4471185E-80
1.3612000E+02	3.7481419E-79
1.4328000E+02	4.1361795E-78
1.5082000E+02	4.6265995E-77
1.5876000E+02	5.2389500E-76
1.6712000E+02	5.9975373E-75
1.7592000E+02	6.9320446E-74
1.8518000E+02	8.0781269E-73
1.9494000E+02	9.4778832E-72
2.0520000E+02	1.1180066E-70
2.1600000E+02	1.3239839E-69
2.2740000E+02	1.5717849E-68
2.3940000E+02	1.8678315E-67
2.5200000E+02	2.2185835E-66
2.6520000E+02	2.6300604E-65
2.7920000E+02	3.1071836E-64
2.9380000E+02	3.6529325E-63
3.0940000E+02	4.2673384E-62
3.2560000E+02	4.9463764E-61
3.4280000E+02	5.6808655E-60
3.6080000E+02	6.4555355E-59
3.7980000E+02	7.2484631E-58
3.9980000E+02	8.0310978E-57
4.2080000E+02	8.7690845E-56
4.4300000E+02	9.4240164E-55
4.6640000E+02	9.9561347E-54
4.9100000E+02	1.0327818E-52
5.1680000E+02	1.0507525E-51
5.4400000E+02	1.0473670E-50
5.7260000E+02	1.0217839E-49
6.0280000E+02	9.7467383E-49
6.3440000E+02	9.0824214E-48
6.6780000E+02	8.2606131E-47
7.0300000E+02	7.3272628E-46
7.4000000E+02	6.3338127E-45
7.7900000E+02	5.3319034E-44
8.2000000E+02	4.3683462E-43
8.6320000E+02	3.4811114E-42
9.0860000E+02	2.6968525E-41
9.5660000E+02	2.0301622E-40
1.0068000E+03	1.4844227E-39
1.0598000E+03	1.0538510E-38
1.1158000E+03	7.2620489E-38
1.1744000E+03	4.8560399E-37
1.2362000E+03	3.1503140E-36
1.3014000E+03	1.9824363E-35
1.3698000E+03	1.2099369E-34
1.4420000E+03	7.1615493E-34
1.5180000E+03	4.1106650E-33
1.5978000E+03	2.2880988E-32
1.6820000E+03	1.2351156E-31
1.7706000E+03	6.4660358E-31
1.8638000E+03	3.2832799E-30
1.9618000E+03	1.6172307E-29
2.0660000E+03	7.7285467E-29
2.1740000E+03	3.5839717E-28
2.2880000E+03	1.6131037E-27
2.4080000E+03	7.0484100E-27
2.5360000E+03	2.9906168E-26
2.6700000E+03	1.2325070E-25
2.8100000E+03	4.9351826E-25
2.9580000E+03	1.9205949E-24
3.1140000E+03	7.2665314E-24
3.2780000E+03	2.6737668E-23
3.4500000E+03	9.5714220E-23
3.6320000E+03	3.3345892E-22
3.8220000E+03	1.1310502E-21
4.0240000E+03	3.7364531E-21
4.2360000E+03	1.2026606E-20
4.4580000E+03	3.7731419E-20
4.6940000E+03	1.1542840E-19
4.9400000E+03	3.4446620E-19
5.2000000E+03	1.0031862E-18
5.4740000E+03	2.8523001E-18
5.7620000E+03	7.9207495E-18
6.0660000E+03	2.1491857E-17
6.3860000E+03	5.7002996E-17
6.7220000E+03	1.4784851E-16
7.0760000E+03	3.7515521E-16
7.4480000E+03	9.3166211E-16
7.8400000E+03	2.2653604E-15
8.2540000E+03	5.3954126E-15
8.6880000E+03	1.2592050E-14
9.1460000E+03	2.8808942E-14
9.6260000E+03	6.4638396E-14
1.0134000E+04	1.4228460E-13
1.0668000E+04	3.0739675E-13
1.1228000E+04	6.5205308E-13
1.1820000E+04	1.3585487E-12
1.2442000E+04	2.7812526E-12
1.3098000E+04	5.5968134E-12
1.3788000E+04	1.1074817E-11
1.4512000E+04	2.1556865E-11
1.5278000E+04	4.1289880E-11
1.6082000E+04	7.7850981E-11
1.6928000E+04	1.4454335E-10
1.7820000E+04	2.6435927E-10
1.8758000E+04	4.7643071E-10
1.9746000E+04	8.4636526E-10
2.0780000E+04	1.4825538E-09
2.1880000E+04	2.5615155E-09
2.3040000E+04	4.3667093E-09
2.4240000E+04	7.3471164E-09
2.5520000E+04	1.2204418E-08
2.6860000E+04	2.0020947E-08
2.8280000E+04	3.2444935E-08
2.9760000E+04	5.1955222E-08
3.1340000E+04	8.2234545E-08
3.2980000E+04	1.2868938E-07
3.4720000E+04	1.9916487E-07
3.6540000E+04	3.0491612E-07
3.8480000E+04	4.6191218E-07
4.0500000E+04	6.9256641E-07
4.2640000E+04	1.0280063E-06
4.4880000E+04	1.5110183E-06
4.7240000E+04	2.1998258E-06
4.9720000E+04	3.1728859E-06
5.2340000E+04	4.5349139E-06
5.5100000E+04	6.4243741E-06
5.8000000E+04	9.0226993E-06
6.1060000E+04	1.2565527E-05
6.4260000E+04	1.7356255E-05
6.7660000E+04	2.3782259E-05
7.1220000E+04	3.2334084E-05
7.4960000E+04	4.3627969E-05
7.8900000E+04	5.8432044E-05
8.3060000E+04	7.7696515E-05
8.7440000E+04	1.0258813E-04
9.2040000E+04	1.3452926E-04
9.6880000E+04	1.7524163E-04
1.0198000E+05	2.2679519E-04
1.0736000E+05	2.9166183E-04
1.1302000E+05	3.7277420E-04
1.1896000E+05	4.7358956E-04
1.2522000E+05	5.9815812E-04
1.3182000E+05	7.5119619E-04
1.3876000E+05	9.3816294E-04
1.4606000E+05	1.1653409E-03
1.5376000E+05	1.4399188E-03
1.6184000E+05	1.7700772E-03
1.7036000E+05	2.1650735E-03
1.7934000E+05	2.6353287E-03
1.8878000E+05	3.1925113E-03
1.9872000E+05	3.8496194E-03
2.0920000E+05	4.6210584E-03
2.2020000E+05	5.5227133E-03
2.3180000E+05	6.5720142E-03
2.4400000E+05	7.7879928E-03
2.5680000E+05	9.1913295E-03
2.7040000E+05	1.0804387E-02
2.8460000E+05	1.2651235E-02
2.9960000E+05	1.4757653E-02
3.1540000E+05	1.7151129E-02
3.3200000E+05	1.9860827E-02
3.4940000E+05	2.2917549E-02
3.6780000E+05	2.6353672E-02
3.8720000E+05	3.0203067E-02
4.0760000E+05	3.4501006E-02
4.2900000E+05	3.9284033E-02
4.5160000E+05	4.4589838E-02
4.7540000E+05	5.0457092E-02
5.0040000E+05	5.6925287E-02
5.2680000E+05	6.4034536E-02
5.5460000E+05	7.1825376E-02
5.8380000E+05	8.0338558E-02
6.1440000E+05	8.9614808E-02
6.4680000E+05	9.9694609E-02
6.8080000E+05	1.1061795E-01
7.1680000E+05	1.2242407E-01
7.5440000E+05	1.3515124E-01
7.9420000E+05	1.4883650E-01
8.3600000E+05	1.6351542E-01
8.8000000E+05	1.7922186E-01
9.2640000E+05	1.9598775E-01
9.7520000E+05	2.1384285E-01
1.0264000E+06	2.3281460E-01
1.0804000E+06	2.5292783E-01
1.1374000E+06	2.7420472E-01
1.1972000E+06	2.9666450E-01
1.2602000E+06	3.2032338E-01
1.3266000E+06	3.4519443E-01
1.3966000E+06	3.7128747E-01
1.4700000E+06	3.9860894E-01
1.5474000E+06	4.2716186E-01
1.6288000E+06	4.5694580E-01
1.7146000E+06	4.8795680E-01
1.8050000E+06	5.2018736E-01
1.9000000E+06	5.5362653E-01
2.0000000E+06	5.8825973E-01