2.0000000E-02	1.6198428E-02
2.1060000E-02	1.7890030E-02
2.2160000E-02	1.6800888E-02
2.3320000E-02	1.5775097E-02
2.4560000E-02	1.4808848E-02
2.5840000E-02	1.6389786E-02
2.7220000E-02	1.5330030E-02
2.8640000E-02	1.4339222E-02
3.0160000E-02	1.3411717E-02
3.1740000E-02	1.4888133E-02
3.3400000E-02	1.3850814E-02
3.5160000E-02	1.2892132E-02
3.7020000E-02	1.4491257E-02
3.8960000E-02	1.3357980E-02
4.1020000E-02	1.2344778E-02
4.3180000E-02	1.1434426E-02
4.5460000E-02	1.2875809E-02
4.7840000E-02	1.1768090E-02
5.0360000E-02	1.0801025E-02
5.3020000E-02	1.2420556E-02
5.5820000E-02	1.1147865E-02
5.8740000E-02	1.0117263E-02
6.1840000E-02	1.1996435E-02
6.5100000E-02	1.0446917E-02
6.8520000E-02	9.3501826E-03
7.2140000E-02	1.1486847E-02
7.5940000E-02	9.6134588E-03
7.9920000E-02	8.4595277E-03
8.4140000E-02	1.0427691E-02
8.8560000E-02	8.5274467E-03
9.3220000E-02	7.4751703E-03
9.8140000E-02	8.7669533E-03
1.0330000E-01	7.3586997E-03
1.0874000E-01	9.7815213E-03
1.1446000E-01	7.1786648E-03
1.2050000E-01	6.2011840E-03
1.2684000E-01	6.9257627E-03
1.3352000E-01	5.8892726E-03
1.4054000E-01	6.5494731E-03
1.4794000E-01	5.5134092E-03
1.5574000E-01	6.6248724E-03
1.6394000E-01	5.0678910E-03
1.7256000E-01	5.9148789E-03
1.8166000E-01	7.8608100E-03
1.9122000E-01	5.2232707E-03
2.0120000E-01	6.0555351E-03
2.1180000E-01	4.5895482E-03
2.2300000E-01	5.0250907E-03
2.3480000E-01	5.4637934E-03
2.4720000E-01	8.3819235E-03
2.6020000E-01	4.3990504E-03
2.7380000E-01	4.6923729E-03
2.8820000E-01	4.9442411E-03
3.0340000E-01	5.7050321E-03
3.1940000E-01	3.8419080E-03
3.3620000E-01	3.9280667E-03
3.5400000E-01	3.9046367E-03
3.7260000E-01	3.9615088E-03
3.9220000E-01	3.8742401E-03
4.1280000E-01	3.8451236E-03
4.3460000E-01	3.7226127E-03
4.5740000E-01	3.6353992E-03
4.8160000E-01	3.4651833E-03
5.0700000E-01	3.3336974E-03
5.3360000E-01	3.1571636E-03
5.6160000E-01	4.6123709E-03
5.9120000E-01	3.6105452E-03
6.2240000E-01	3.2131695E-03
6.5520000E-01	2.9671097E-03
6.8960000E-01	3.9441368E-03
7.2600000E-01	3.0754004E-03
7.6420000E-01	2.7467276E-03
8.0440000E-01	3.1335963E-03
8.4680000E-01	2.6785234E-03
8.9140000E-01	3.0139369E-03
9.3820000E-01	2.5235436E-03
9.8760000E-01	2.6959864E-03
1.0396000E+00	4.6807543E-03
1.0944000E+00	2.3916322E-03
1.1520000E+00	2.4664861E-03
1.2128000E+00	2.6025041E-03
1.2766000E+00	3.0806306E-03
1.3438000E+00	2.0972517E-03
1.4146000E+00	2.0680669E-03
1.4890000E+00	2.0251168E-03
1.5674000E+00	1.9672529E-03
1.6500000E+00	6.2864117E-03
1.7368000E+00	2.2505149E-03
1.8282000E+00	2.0094484E-03
1.9244000E+00	1.8569465E-03
2.0260000E+00	1.7300164E-03
2.1320000E+00	1.8561395E-03
2.2440000E+00	1.6797064E-03
2.3620000E+00	1.7662640E-03
2.4880000E+00	1.5765405E-03
2.6180000E+00	1.6031843E-03
2.7560000E+00	1.6342455E-03
2.9020000E+00	1.6800014E-03
3.0540000E+00	1.7411280E-03
3.2140000E+00	1.7468772E-03
3.3840000E+00	1.6274675E-03
3.5620000E+00	1.4943365E-03
3.7500000E+00	1.3873457E-03
3.9480000E+00	1.3002379E-03
4.1560000E+00	1.4400753E-03
4.3740000E+00	1.2595857E-03
4.6040000E+00	1.3391025E-03
4.8460000E+00	1.1679285E-03
5.1020000E+00	1.1693422E-03
5.3700000E+00	1.1626672E-03
5.6540000E+00	1.1413664E-03
5.9500000E+00	1.1027739E-03
6.2640000E+00	1.0526682E-03
6.5940000E+00	1.0010170E-03
6.9400000E+00	1.0452565E-03
7.3060000E+00	9.6109913E-04
7.6920000E+00	9.7278330E-04
8.0960000E+00	9.8927341E-04
8.5220000E+00	1.0035005E-03
8.9700000E+00	9.7571183E-04
9.4440000E+00	9.1233970E-04
9.9400000E+00	8.5385484E-04
1.0464000E+01	8.0305999E-04
1.1014000E+01	8.1553071E-04
1.1594000E+01	8.3688159E-04
1.2206000E+01	8.7835835E-04
1.2848000E+01	8.5516678E-04
1.3524000E+01	7.7305044E-04
1.4236000E+01	7.1796049E-04
1.4986000E+01	8.3961470E-04
1.5774000E+01	6.7404633E-04
1.6606000E+01	6.6813756E-04
1.7480000E+01	6.5114138E-04
1.8400000E+01	6.2435780E-04
1.9368000E+01	6.8543120E-04
2.0380000E+01	5.9654307E-04
2.1460000E+01	5.9557540E-04
2.2600000E+01	5.8228529E-04
2.3780000E+01	5.5746292E-04
2.5040000E+01	5.2893507E-04
2.6360000E+01	5.3007675E-04
2.7740000E+01	5.2533083E-04
2.9200000E+01	5.0874082E-04
3.0740000E+01	4.8421974E-04
3.2360000E+01	4.9289950E-04
3.4060000E+01	5.0848108E-04
3.5860000E+01	4.8513451E-04
3.7740000E+01	4.4874962E-04
3.9720000E+01	5.0629636E-04
4.1820000E+01	4.1410455E-04
4.4020000E+01	4.9916802E-04
4.6340000E+01	4.2545386E-04
4.8780000E+01	4.1280040E-04
5.1340000E+01	3.9974857E-04
5.4040000E+01	3.7391173E-04
5.6900000E+01	3.7984588E-04
5.9880000E+01	3.7145208E-04
6.3040000E+01	3.4847299E-04
6.6360000E+01	3.5374059E-04
6.9860000E+01	3.4398304E-04
7.3540000E+01	3.2473575E-04
7.7400000E+01	3.2454620E-04
8.1480000E+01	3.1633808E-04
8.5780000E+01	3.3311250E-04
9.0280000E+01	3.3983972E-04
9.5040000E+01	3.1679408E-04
1.0004000E+02	3.2787937E-04
1.0532000E+02	3.3013989E-04
1.1086000E+02	3.5603098E-04
1.1670000E+02	3.7112564E-04
1.2284000E+02	3.9285894E-04
1.2930000E+02	4.3553489E-04
1.3612000E+02	4.9867510E-04
1.4328000E+02	5.7590584E-04
1.5082000E+02	6.8422317E-04
1.5876000E+02	8.1518092E-04
1.6712000E+02	9.9378085E-04
1.7592000E+02	1.2083836E-03
1.8518000E+02	1.4904885E-03
1.9494000E+02	1.8382717E-03
2.0520000E+02	2.2799854E-03
2.1600000E+02	2.8329825E-03
2.2740000E+02	3.5117017E-03
2.3940000E+02	4.3504476E-03
2.5200000E+02	5.3797259E-03
2.6520000E+02	6.6274730E-03
2.7920000E+02	8.1420310E-03
2.9380000E+02	9.9693822E-03
3.0940000E+02	1.2164136E-02
3.2560000E+02	1.4776073E-02
3.4280000E+02	1.7882755E-02
3.6080000E+02	2.1558309E-02
3.7980000E+02	2.5886959E-02
3.9980000E+02	3.0954488E-02
4.2080000E+02	3.6875257E-02
4.4300000E+02	4.3749291E-02
4.6640000E+02	5.1723513E-02
4.9100000E+02	6.0876612E-02
5.1680000E+02	7.1395844E-02
5.4400000E+02	8.3420954E-02
5.7260000E+02	9.7113023E-02
6.0280000E+02	1.1265283E-01
6.3440000E+02	1.3019606E-01
6.6780000E+02	1.4995289E-01
7.0300000E+02	1.7212013E-01
7.4000000E+02	1.9690613E-01
7.7900000E+02	2.2449693E-01
8.2000000E+02	2.5515196E-01
8.6320000E+02	2.8905280E-01
9.0860000E+02	3.2646314E-01
9.5660000E+02	3.6757653E-01
1.0068000E+03	4.1265427E-01
1.0598000E+03	4.6191046E-01
1.1158000E+03	5.1558492E-01
1.1744000E+03	5.7389070E-01
1.2362000E+03	6.3706147E-01
1.3014000E+03	7.0531276E-01
1.3698000E+03	7.7885270E-01
1.4420000E+03	8.5788750E-01
1.5180000E+03	9.4260832E-01
1.5978000E+03	1.0332020E+00
1.6820000E+03	1.1298409E+00
1.7706000E+03	1.2326856E+00
1.8638000E+03	1.3418861E+00
1.9618000E+03	1.4575660E+00
2.0660000E+03	1.5798536E+00
2.1740000E+03	1.7088514E+00
2.2880000E+03	1.8446409E+00
2.4080000E+03	1.9872964E+00
2.5360000E+03	2.1368711E+00
2.6700000E+03	2.2933994E+00
2.8100000E+03	2.4568984E+00
2.9580000E+03	2.6273675E+00
3.1140000E+03	2.8047885E+00
3.2780000E+03	2.9891222E+00
3.4500000E+03	3.1803126E+00
3.6320000E+03	3.3782823E+00
3.8220000E+03	3.5829373E+00
4.0240000E+03	3.7941643E+00
4.2360000E+03	4.0118245E+00
4.4580000E+03	4.2357696E+00
4.6940000E+03	4.4658262E+00
4.9400000E+03	4.7018035E+00
5.2000000E+03	4.9434912E+00
5.4740000E+03	5.1906621E+00
5.7620000E+03	5.4430676E+00
6.0660000E+03	5.7004441E+00
6.3860000E+03	5.9625114E+00
6.7220000E+03	6.2289702E+00
7.0760000E+03	6.4995060E+00
7.4480000E+03	6.7737924E+00
7.8400000E+03	7.0514820E+00
8.2540000E+03	7.3322216E+00
8.6880000E+03	7.6156427E+00
9.1460000E+03	7.9013638E+00
9.6260000E+03	8.1889947E+00
1.0134000E+04	8.4781443E+00
1.0668000E+04	8.7683992E+00
1.1228000E+04	9.0593581E+00
1.1820000E+04	9.3505980E+00
1.2442000E+04	9.6417187E+00
1.3098000E+04	9.9322842E+00
1.3788000E+04	1.0221889E+01
1.4512000E+04	1.0510115E+01
1.5278000E+04	1.0796556E+01
1.6082000E+04	1.1080796E+01
1.6928000E+04	1.1362459E+01
1.7820000E+04	1.1641131E+01
1.8758000E+04	1.1916440E+01
1.9746000E+04	1.2188011E+01
2.0780000E+04	1.2455512E+01
2.1880000E+04	1.2718587E+01
2.3040000E+04	1.2976855E+01
2.4240000E+04	1.3230083E+01
2.5520000E+04	1.3477928E+01
2.6860000E+04	1.3720091E+01
2.8280000E+04	1.3956303E+01
2.9760000E+04	1.4186329E+01
3.1340000E+04	1.4409999E+01
3.2980000E+04	1.4626952E+01
3.4720000E+04	1.4837163E+01
3.6540000E+04	1.5040320E+01
3.8480000E+04	1.5236254E+01
4.0500000E+04	1.5424964E+01
4.2640000E+04	1.5606159E+01
4.4880000E+04	1.5779895E+01
4.7240000E+04	1.5945914E+01
4.9720000E+04	1.6104249E+01
5.2340000E+04	1.6254811E+01
5.5100000E+04	1.6397626E+01
5.8000000E+04	1.6532470E+01
6.1060000E+04	1.6659496E+01
6.4260000E+04	1.6778746E+01
6.7660000E+04	1.6889935E+01
7.1220000E+04	1.6993544E+01
7.4960000E+04	1.7089274E+01
7.8900000E+04	1.7177115E+01
8.3060000E+04	1.7257530E+01
8.7440000E+04	1.7330078E+01
9.2040000E+04	1.7395282E+01
9.6880000E+04	1.7453023E+01
1.0198000E+05	1.7503280E+01
1.0736000E+05	1.7546200E+01
1.1302000E+05	1.7582295E+01
1.1896000E+05	1.7611049E+01
1.2522000E+05	1.7633094E+01
1.3182000E+05	1.7648220E+01
1.3876000E+05	1.7656498E+01
1.4606000E+05	1.7658411E+01
1.5376000E+05	1.7654073E+01
1.6184000E+05	1.7643001E+01
1.7036000E+05	1.7626365E+01
1.7934000E+05	1.7603346E+01
1.8878000E+05	1.7574737E+01
1.9872000E+05	1.7540273E+01
2.0920000E+05	1.7500178E+01
2.2020000E+05	1.7454775E+01
2.3180000E+05	1.7404235E+01
2.4400000E+05	1.7348147E+01
2.5680000E+05	1.7287577E+01
2.7040000E+05	1.7222130E+01
2.8460000E+05	1.7151707E+01
2.9960000E+05	1.7077210E+01
3.1540000E+05	1.6997913E+01
3.3200000E+05	1.6914919E+01
3.4940000E+05	1.6827268E+01
3.6780000E+05	1.6736254E+01
3.8720000E+05	1.6641155E+01
4.0760000E+05	1.6542291E+01
4.2900000E+05	1.6440095E+01
4.5160000E+05	1.6334426E+01
4.7540000E+05	1.6225433E+01
5.0040000E+05	1.6113418E+01
5.2680000E+05	1.5998647E+01
5.5460000E+05	1.5881254E+01
5.8380000E+05	1.5760914E+01
6.1440000E+05	1.5637868E+01
6.4680000E+05	1.5512475E+01
6.8080000E+05	1.5384264E+01
7.1680000E+05	1.5254647E+01
7.5440000E+05	1.5122526E+01
7.9420000E+05	1.4988685E+01
8.3600000E+05	1.4852208E+01
8.8000000E+05	1.4714841E+01
9.2640000E+05	1.4575374E+01
9.7520000E+05	1.4434719E+01
1.0264000E+06	1.4292727E+01
1.0804000E+06	1.4148857E+01
1.1374000E+06	1.4003866E+01
1.1972000E+06	1.3858429E+01
1.2602000E+06	1.3710996E+01
1.3266000E+06	1.3563413E+01
1.3966000E+06	1.3414231E+01
1.4700000E+06	1.3264691E+01
1.5474000E+06	1.3114366E+01
1.6288000E+06	1.2963430E+01
1.7146000E+06	1.2812437E+01
1.8050000E+06	1.2660835E+01
1.9000000E+06	1.2508572E+01
2.0000000E+06	1.2356094E+01