2.0000000E-02	1.6484796E+02
2.1060000E-02	1.5667870E+02
2.2160000E-02	1.4891801E+02
2.3320000E-02	1.5400962E+02
2.4560000E-02	1.4639053E+02
2.5840000E-02	1.3915246E+02
2.7220000E-02	1.4324909E+02
2.8640000E-02	1.3617676E+02
3.0160000E-02	1.2945810E+02
3.1740000E-02	1.2307540E+02
3.3400000E-02	1.2616723E+02
3.5160000E-02	1.1995827E+02
3.7020000E-02	1.1405976E+02
3.8960000E-02	1.1646501E+02
4.1020000E-02	1.1075091E+02
4.3180000E-02	1.0532248E+02
4.5460000E-02	1.0714968E+02
4.7840000E-02	1.0191162E+02
5.0360000E-02	9.6935396E+01
5.3020000E-02	9.8280340E+01
5.5820000E-02	9.3496576E+01
5.8740000E-02	8.8951865E+01
6.1840000E-02	8.9898597E+01
6.5100000E-02	8.5545279E+01
6.8520000E-02	8.1409422E+01
7.2140000E-02	8.2031183E+01
7.5940000E-02	7.8083126E+01
7.9920000E-02	7.8448520E+01
8.4140000E-02	7.4692428E+01
8.8560000E-02	7.1123715E+01
9.3220000E-02	7.1270646E+01
9.8140000E-02	6.7886419E+01
1.0330000E-01	6.4670910E+01
1.0874000E-01	6.4648573E+01
1.1446000E-01	6.1608941E+01
1.2050000E-01	6.1435207E+01
1.2684000E-01	5.8570951E+01
1.3352000E-01	5.8268277E+01
1.4054000E-01	5.5577848E+01
1.4794000E-01	5.3020920E+01
1.5574000E-01	5.2647836E+01
1.6394000E-01	5.0253355E+01
1.7256000E-01	4.9796613E+01
1.8166000E-01	4.7561333E+01
1.9122000E-01	4.7037562E+01
2.0120000E-01	4.4957552E+01
2.1180000E-01	4.4381944E+01
2.2300000E-01	4.2452686E+01
2.3480000E-01	4.1839085E+01
2.4720000E-01	4.0055543E+01
2.6020000E-01	3.9416535E+01
2.7380000E-01	3.7773227E+01
2.8820000E-01	3.7120216E+01
3.0340000E-01	3.5611268E+01
3.1940000E-01	3.4954547E+01
3.3620000E-01	3.3573740E+01
3.5400000E-01	3.2922548E+01
3.7260000E-01	3.1663356E+01
3.9220000E-01	3.1025917E+01
4.1280000E-01	3.0350043E+01
4.3460000E-01	2.9265088E+01
4.5740000E-01	2.8617525E+01
4.8160000E-01	2.7639272E+01
5.0700000E-01	2.7025763E+01
5.3360000E-01	2.6146484E+01
5.6160000E-01	2.5571720E+01
5.9120000E-01	2.4983816E+01
6.2240000E-01	2.4251172E+01
6.5520000E-01	2.3711122E+01
6.8960000E-01	2.3168930E+01
7.2600000E-01	2.2568271E+01
7.6420000E-01	2.2079868E+01
8.0440000E-01	2.1599461E+01
8.4680000E-01	2.1112738E+01
8.9140000E-01	2.0687945E+01
9.3820000E-01	2.0278961E+01
9.8760000E-01	1.9886940E+01
1.0396000E+00	1.9531049E+01
1.0944000E+00	1.9194922E+01
1.1520000E+00	1.8881863E+01
1.2128000E+00	1.8592620E+01
1.2766000E+00	1.8324313E+01
1.3438000E+00	1.8077136E+01
1.4146000E+00	1.7850621E+01
1.4890000E+00	1.7643209E+01
1.5674000E+00	1.7454451E+01
1.6500000E+00	1.7284038E+01
1.7368000E+00	1.7131229E+01
1.8282000E+00	1.6995218E+01
1.9244000E+00	1.6875466E+01
2.0260000E+00	1.6771596E+01
2.1320000E+00	1.6683184E+01
2.2440000E+00	1.6609779E+01
2.3620000E+00	1.6550935E+01
2.4880000E+00	1.6506228E+01
2.6180000E+00	1.6475256E+01
2.7560000E+00	1.6457652E+01
2.9020000E+00	1.6453124E+01
3.0540000E+00	1.6461520E+01
3.2140000E+00	1.6482774E+01
3.3840000E+00	1.6516576E+01
3.5620000E+00	1.6561912E+01
3.7500000E+00	1.6616793E+01
3.9480000E+00	1.6684858E+01
4.1560000E+00	1.6767101E+01
4.3740000E+00	1.6854439E+01
4.6040000E+00	1.6957624E+01
4.8460000E+00	1.7069441E+01
5.1020000E+00	1.7191534E+01
5.3700000E+00	1.7321934E+01
5.6540000E+00	1.7470209E+01
5.9500000E+00	1.7610037E+01
6.2640000E+00	1.7777098E+01
6.5940000E+00	1.7955932E+01
6.9400000E+00	1.8139356E+01
7.3060000E+00	1.8328835E+01
7.6920000E+00	1.8527079E+01
8.0960000E+00	1.8736404E+01
8.5220000E+00	1.8955310E+01
8.9700000E+00	1.9178178E+01
9.4440000E+00	1.9398530E+01
9.9400000E+00	1.9615410E+01
1.0464000E+01	1.9906824E+01
1.1014000E+01	2.0136245E+01
1.1594000E+01	2.0429494E+01
1.2206000E+01	2.0659943E+01
1.2848000E+01	2.0972895E+01
1.3524000E+01	2.1268250E+01
1.4236000E+01	2.1536882E+01
1.4986000E+01	2.1795768E+01
1.5774000E+01	2.2096785E+01
1.6606000E+01	2.2441825E+01
1.7480000E+01	2.2797140E+01
1.8400000E+01	2.3111797E+01
1.9368000E+01	2.3390738E+01
2.0380000E+01	2.3786867E+01
2.1460000E+01	2.4059799E+01
2.2600000E+01	2.4455534E+01
2.3780000E+01	2.4817966E+01
2.5040000E+01	2.5145993E+01
2.6360000E+01	2.5488062E+01
2.7740000E+01	2.5878443E+01
2.9200000E+01	2.6249370E+01
3.0740000E+01	2.6571842E+01
3.2360000E+01	2.6960965E+01
3.4060000E+01	2.7314949E+01
3.5860000E+01	2.7737191E+01
3.7740000E+01	2.8106412E+01
3.9720000E+01	2.8463065E+01
4.1820000E+01	2.8873808E+01
4.4020000E+01	2.9255204E+01
4.6340000E+01	2.9574207E+01
4.8780000E+01	3.0036579E+01
5.1340000E+01	3.0310608E+01
5.4040000E+01	3.0738867E+01
5.6900000E+01	3.1131411E+01
5.9880000E+01	3.1491353E+01
6.3040000E+01	3.1947019E+01
6.6360000E+01	3.2318189E+01
6.9860000E+01	3.2751164E+01
7.3540000E+01	3.2998514E+01
7.7400000E+01	3.3380095E+01
8.1480000E+01	3.3907057E+01
8.5780000E+01	3.4240324E+01
9.0280000E+01	3.4658069E+01
9.5040000E+01	3.4920241E+01
1.0004000E+02	3.5298553E+01
1.0532000E+02	3.5753491E+01
1.1086000E+02	3.6125969E+01
1.1670000E+02	3.6515947E+01
1.2284000E+02	3.6748532E+01
1.2930000E+02	3.7208471E+01
1.3612000E+02	3.7576511E+01
1.4328000E+02	3.7807893E+01
1.5082000E+02	3.8186195E+01
1.5876000E+02	3.8508896E+01
1.6712000E+02	3.8965510E+01
1.7592000E+02	3.9171792E+01
1.8518000E+02	3.9521252E+01
1.9494000E+02	3.9850905E+01
2.0520000E+02	4.0198297E+01
2.1600000E+02	4.0539783E+01
2.2740000E+02	4.0814562E+01
2.3940000E+02	4.1025446E+01
2.5200000E+02	4.1358266E+01
2.6520000E+02	4.1621740E+01
2.7920000E+02	4.1964458E+01
2.9380000E+02	4.2115876E+01
3.0940000E+02	4.2430799E+01
3.2560000E+02	4.2658907E+01
3.4280000E+02	4.2902911E+01
3.6080000E+02	4.3086096E+01
3.7980000E+02	4.3350136E+01
3.9980000E+02	4.3542489E+01
4.2080000E+02	4.3690153E+01
4.4300000E+02	4.3849220E+01
4.6640000E+02	4.4125119E+01
4.9100000E+02	4.4317513E+01
5.1680000E+02	4.4421156E+01
5.4400000E+02	4.4607601E+01
5.7260000E+02	4.4702742E+01
6.0280000E+02	4.4863178E+01
6.3440000E+02	4.4911966E+01
6.6780000E+02	4.5049568E+01
7.0300000E+02	4.5090826E+01
7.4000000E+02	4.5189400E+01
7.7900000E+02	4.5342009E+01
8.2000000E+02	4.5388382E+01
8.6320000E+02	4.5349455E+01
9.0860000E+02	4.5483816E+01
9.5660000E+02	4.5524156E+01
1.0068000E+03	4.5477464E+01
1.0598000E+03	4.5529811E+01
1.1158000E+03	4.5458729E+01
1.1744000E+03	4.5478898E+01
1.2362000E+03	4.5418738E+01
1.3014000E+03	4.5476311E+01
1.3698000E+03	4.5350046E+01
1.4420000E+03	4.5348728E+01
1.5180000E+03	4.5222964E+01
1.5978000E+03	4.5246209E+01
1.6820000E+03	4.5158307E+01
1.7706000E+03	4.5070736E+01
1.8638000E+03	4.4914098E+01
1.9618000E+03	4.4781766E+01
2.0660000E+03	4.4686419E+01
2.1740000E+03	4.4547684E+01
2.2880000E+03	4.4400030E+01
2.4080000E+03	4.4259766E+01
2.5360000E+03	4.4082422E+01
2.6700000E+03	4.3909006E+01
2.8100000E+03	4.3750896E+01
2.9580000E+03	4.3590610E+01
3.1140000E+03	4.3367629E+01
3.2780000E+03	4.3155061E+01
3.4500000E+03	4.2927574E+01
3.6320000E+03	4.2712521E+01
3.8220000E+03	4.2501526E+01
4.0240000E+03	4.2258126E+01
4.2360000E+03	4.1985006E+01
4.4580000E+03	4.1737131E+01
4.6940000E+03	4.1503858E+01
4.9400000E+03	4.1192278E+01
5.2000000E+03	4.0939342E+01
5.4740000E+03	4.0621578E+01
5.7620000E+03	4.0343545E+01
6.0660000E+03	4.0046405E+01
6.3860000E+03	3.9784096E+01
6.7220000E+03	3.9459931E+01
7.0760000E+03	3.9131237E+01
7.4480000E+03	3.8847372E+01
7.8400000E+03	3.8487511E+01
8.2540000E+03	3.8132814E+01
8.6880000E+03	3.7816770E+01
9.1460000E+03	3.7460968E+01
9.6260000E+03	3.7114400E+01
1.0134000E+04	3.6746398E+01
1.0668000E+04	3.6373993E+01
1.1228000E+04	3.6023102E+01
1.1820000E+04	3.5698649E+01
1.2442000E+04	3.5301979E+01
1.3098000E+04	3.4907239E+01
1.3788000E+04	3.4532143E+01
1.4512000E+04	3.4134177E+01
1.5278000E+04	3.3775862E+01
1.6082000E+04	3.3375194E+01
1.6928000E+04	3.2975266E+01
1.7820000E+04	3.2597611E+01
1.8758000E+04	3.2194563E+01
1.9746000E+04	3.1787764E+01
2.0780000E+04	3.1388353E+01
2.1880000E+04	3.0994667E+01
2.3040000E+04	3.0583968E+01
2.4240000E+04	3.0184624E+01
2.5520000E+04	2.9790668E+01
2.6860000E+04	2.9363915E+01
2.8280000E+04	2.8978240E+01
2.9760000E+04	2.8560737E+01
3.1340000E+04	2.8160954E+01
3.2980000E+04	2.7747522E+01
3.4720000E+04	2.7343066E+01
3.6540000E+04	2.6934420E+01
3.8480000E+04	2.6525119E+01
4.0500000E+04	2.6118800E+01
4.2640000E+04	2.5709673E+01
4.4880000E+04	2.5326834E+01
4.7240000E+04	2.4933893E+01
4.9720000E+04	2.4529021E+01
5.2340000E+04	2.4131910E+01
5.5100000E+04	2.3746269E+01
5.8000000E+04	2.3358243E+01
6.1060000E+04	2.2975396E+01
6.4260000E+04	2.2591626E+01
6.7660000E+04	2.2196770E+01
7.1220000E+04	2.1810838E+01
7.4960000E+04	2.1455549E+01
7.8900000E+04	2.1061497E+01
8.3060000E+04	2.0704493E+01
8.7440000E+04	2.0339795E+01
9.2040000E+04	1.9956779E+01
9.6880000E+04	1.9612869E+01
1.0198000E+05	1.9240831E+01
1.0736000E+05	1.8886045E+01
1.1302000E+05	1.8545398E+01
1.1896000E+05	1.8202404E+01
1.2522000E+05	1.7854136E+01
1.3182000E+05	1.7516035E+01
1.3876000E+05	1.7190776E+01
1.4606000E+05	1.6861414E+01
1.5376000E+05	1.6531867E+01
1.6184000E+05	1.6219250E+01
1.7036000E+05	1.5888893E+01
1.7934000E+05	1.5594124E+01
1.8878000E+05	1.5262590E+01
1.9872000E+05	1.4981190E+01
2.0920000E+05	1.4666020E+01
2.2020000E+05	1.4382266E+01
2.3180000E+05	1.4073923E+01
2.4400000E+05	1.3798789E+01
2.5680000E+05	1.3511079E+01
2.7040000E+05	1.3240215E+01
2.8460000E+05	1.2958381E+01
2.9960000E+05	1.2692854E+01
3.1540000E+05	1.2426719E+01
3.3200000E+05	1.2181049E+01
3.4940000E+05	1.1917157E+01
3.6780000E+05	1.1657363E+01
3.8720000E+05	1.1410582E+01
4.0760000E+05	1.1166207E+01
4.2900000E+05	1.0928308E+01
4.5160000E+05	1.0702634E+01
4.7540000E+05	1.0458844E+01
5.0040000E+05	1.0239155E+01
5.2680000E+05	1.0011777E+01
5.5460000E+05	9.7901423E+00
5.8380000E+05	9.5812430E+00
6.1440000E+05	9.3644199E+00
6.4680000E+05	9.1637823E+00
6.8080000E+05	8.9573251E+00
7.1680000E+05	8.7552107E+00
7.5440000E+05	8.5644099E+00
7.9420000E+05	8.3684152E+00
8.3600000E+05	8.1891780E+00
8.8000000E+05	7.9950012E+00
9.2640000E+05	7.8241791E+00
9.7520000E+05	7.6427500E+00
1.0264000E+06	7.4715326E+00
1.0804000E+06	7.3019671E+00
1.1374000E+06	7.1387756E+00
1.1972000E+06	6.9702852E+00
1.2602000E+06	6.8083183E+00
1.3266000E+06	6.6634026E+00
1.3966000E+06	6.5007610E+00
1.4700000E+06	6.3532974E+00
1.5474000E+06	6.2091120E+00
1.6288000E+06	6.0626149E+00
1.7146000E+06	5.9218376E+00
1.8050000E+06	5.7863408E+00
1.9000000E+06	5.6511252E+00
2.0000000E+06	5.5184495E+00