2.0000000E-02	5.3851231E-80
2.1060000E-02	5.1253158E-80
2.2160000E-02	4.8785193E-80
2.3320000E-02	4.6440838E-80
2.4560000E-02	4.4994512E-80
2.5840000E-02	4.2841970E-80
2.7220000E-02	4.0797295E-80
2.8640000E-02	3.9411115E-80
3.0160000E-02	3.7540032E-80
3.1740000E-02	3.5762778E-80
3.3400000E-02	3.4466162E-80
3.5160000E-02	3.2844467E-80
3.7020000E-02	3.1304175E-80
3.8960000E-02	3.0113754E-80
4.1020000E-02	2.8711728E-80
4.3180000E-02	2.7380173E-80
4.5460000E-02	2.6303183E-80
4.7840000E-02	2.5093703E-80
5.0360000E-02	2.3945126E-80
5.3020000E-02	2.2982167E-80
5.5820000E-02	2.1940785E-80
5.8740000E-02	2.1041984E-80
6.1840000E-02	2.0099191E-80
6.5100000E-02	1.9204102E-80
6.8520000E-02	1.8414307E-80
7.2140000E-02	1.7605113E-80
7.5940000E-02	1.6878296E-80
7.9920000E-02	1.6147602E-80
8.4140000E-02	1.5454187E-80
8.8560000E-02	1.4823128E-80
9.3220000E-02	1.4197814E-80
9.8140000E-02	1.3622736E-80
1.0330000E-01	1.3059455E-80
1.0874000E-01	1.2525332E-80
1.1446000E-01	1.2030528E-80
1.2050000E-01	1.1550168E-80
1.2684000E-01	1.1102614E-80
1.3352000E-01	1.0671206E-80
1.4054000E-01	1.0267647E-80
1.4794000E-01	9.8808307E-81
1.5574000E-01	9.5180437E-81
1.6394000E-01	9.1718940E-81
1.7256000E-01	8.8467852E-81
1.8166000E-01	8.5377895E-81
1.9122000E-01	8.2474623E-81
2.0120000E-01	7.9724997E-81
2.1180000E-01	7.7142976E-81
2.2300000E-01	7.4706192E-81
2.3480000E-01	7.2421532E-81
2.4720000E-01	7.0273661E-81
2.6020000E-01	6.8265318E-81
2.7380000E-01	6.6385860E-81
2.8820000E-01	6.4635760E-81
3.0340000E-01	6.3008646E-81
3.1940000E-01	6.1500720E-81
3.3620000E-01	6.0110668E-81
3.5400000E-01	5.8834637E-81
3.7260000E-01	5.7671484E-81
3.9220000E-01	5.6619004E-81
4.1280000E-01	5.5675935E-81
4.3460000E-01	5.4841914E-81
4.5740000E-01	5.4116534E-81
4.8160000E-01	5.3500396E-81
5.0700000E-01	5.2994429E-81
5.3360000E-01	5.2600328E-81
5.6160000E-01	5.2320593E-81
5.9120000E-01	5.2158452E-81
6.2240000E-01	5.2118071E-81
6.5520000E-01	5.2204660E-81
6.8960000E-01	5.2424556E-81
7.2600000E-01	5.2785415E-81
7.6420000E-01	5.3296406E-81
8.0440000E-01	5.3968414E-81
8.4680000E-01	5.4814329E-81
8.9140000E-01	5.5849368E-81
9.3820000E-01	5.7091465E-81
9.8760000E-01	5.8561751E-81
1.0396000E+00	6.0285126E-81
1.0944000E+00	6.2290963E-81
1.1520000E+00	6.4613965E-81
1.2128000E+00	6.7295213E-81
1.2766000E+00	7.0383460E-81
1.3438000E+00	7.3936727E-81
1.4146000E+00	7.8024289E-81
1.4890000E+00	8.2729141E-81
1.5674000E+00	8.8151099E-81
1.6500000E+00	9.4410693E-81
1.7368000E+00	1.0165409E-80
1.8282000E+00	1.1005938E-80
1.9244000E+00	1.1984454E-80
2.0260000E+00	1.3127775E-80
2.1320000E+00	1.4469067E-80
2.2440000E+00	1.6049567E-80
2.3620000E+00	1.7920846E-80
2.4880000E+00	2.0147768E-80
2.6180000E+00	2.2812421E-80
2.7560000E+00	2.6019343E-80
2.9020000E+00	2.9902536E-80
3.0540000E+00	3.4634922E-80
3.2140000E+00	4.0441207E-80
3.3840000E+00	4.7615491E-80
3.5620000E+00	5.6545553E-80
3.7500000E+00	6.7746599E-80
3.9480000E+00	8.1908543E-80
4.1560000E+00	9.9962740E-80
4.3740000E+00	1.2317700E-79
4.6040000E+00	1.5329200E-79
4.8460000E+00	1.9271875E-79
5.1020000E+00	2.4482717E-79
5.3700000E+00	3.1437147E-79
5.6540000E+00	4.0812319E-79
5.9500000E+00	5.3582225E-79
6.2640000E+00	7.1161992E-79
6.5940000E+00	9.5629001E-79
6.9400000E+00	1.3006525E-78
7.3060000E+00	1.7909299E-78
7.6920000E+00	2.4972188E-78
8.0960000E+00	3.5270358E-78
8.5220000E+00	5.0472205E-78
8.9700000E+00	7.3197646E-78
9.4440000E+00	1.0761107E-77
9.9400000E+00	1.6041452E-77
1.0464000E+01	2.4253159E-77
1.1014000E+01	3.7199845E-77
1.1594000E+01	5.7899061E-77
1.2206000E+01	9.1467730E-77
1.2848000E+01	1.4670256E-76
1.3524000E+01	2.3893910E-76
1.4236000E+01	3.9529525E-76
1.4986000E+01	6.6442284E-76
1.5774000E+01	1.1349020E-75
1.6606000E+01	1.9704419E-75
1.7480000E+01	3.4782359E-75
1.8400000E+01	6.2436873E-75
1.9368000E+01	1.1399982E-74
2.0380000E+01	2.1175787E-74
2.1460000E+01	4.0025415E-74
2.2600000E+01	7.6997760E-74
2.3780000E+01	1.5078137E-73
2.5040000E+01	3.0062271E-73
2.6360000E+01	6.1034168E-73
2.7740000E+01	1.2620280E-72
2.9200000E+01	2.6581029E-72
3.0740000E+01	5.7034493E-72
3.2360000E+01	1.2468557E-71
3.4060000E+01	2.7774773E-71
3.5860000E+01	6.3048721E-71
3.7740000E+01	1.4585503E-70
3.9720000E+01	3.4387909E-70
4.1820000E+01	8.2630574E-70
4.4020000E+01	2.0236202E-69
4.6340000E+01	5.0508444E-69
4.8780000E+01	1.2847833E-68
5.1340000E+01	3.3304377E-68
5.4040000E+01	8.7971744E-68
5.6900000E+01	2.3676128E-67
5.9880000E+01	6.4915593E-67
6.3040000E+01	1.8129827E-66
6.6360000E+01	5.1566806E-66
6.9860000E+01	1.4934635E-65
7.3540000E+01	4.4032484E-65
7.7400000E+01	1.3213044E-64
8.1480000E+01	4.0343303E-64
8.5780000E+01	1.2530192E-63
9.0280000E+01	3.9575994E-63
9.5040000E+01	1.2707365E-62
1.0004000E+02	4.1465064E-62
1.0532000E+02	1.3745425E-61
1.1086000E+02	4.6272322E-61
1.1670000E+02	1.5812582E-60
1.2284000E+02	5.4831088E-60
1.2930000E+02	1.9284617E-59
1.3612000E+02	6.8764839E-59
1.4328000E+02	2.4848386E-58
1.5082000E+02	9.0950580E-58
1.5876000E+02	3.3704032E-57
1.6712000E+02	1.2639081E-56
1.7592000E+02	4.7939038E-56
1.8518000E+02	1.8381512E-55
1.9494000E+02	7.1213832E-55
2.0520000E+02	2.7861669E-54
2.1600000E+02	1.1002048E-53
2.2740000E+02	4.3825150E-53
2.3940000E+02	1.7599990E-52
2.5200000E+02	7.1218439E-52
2.6520000E+02	2.9020961E-51
2.7920000E+02	1.1901874E-50
2.9380000E+02	4.9095874E-50
3.0940000E+02	2.0358215E-49
3.2560000E+02	8.4807840E-49
3.4280000E+02	3.5470574E-48
3.6080000E+02	1.4885686E-47
3.7980000E+02	6.2642474E-47
3.9980000E+02	2.6417901E-46
4.2080000E+02	1.1157998E-45
4.4300000E+02	4.7169548E-45
4.6640000E+02	1.9945901E-44
4.9100000E+02	8.4312446E-44
5.1680000E+02	3.5604617E-43
5.4400000E+02	1.5011686E-42
5.7260000E+02	6.3153125E-42
6.0280000E+02	2.6493441E-41
6.3440000E+02	1.1076400E-40
6.6780000E+02	4.6122957E-40
7.0300000E+02	1.9117846E-39
7.4000000E+02	7.8833867E-39
7.7900000E+02	3.2321512E-38
8.2000000E+02	1.3168396E-37
8.6320000E+02	5.3284224E-37
9.0860000E+02	2.1402098E-36
9.5660000E+02	8.5286200E-36
1.0068000E+03	3.3701121E-35
1.0598000E+03	1.3198895E-34
1.1158000E+03	5.1209332E-34
1.1744000E+03	1.9673250E-33
1.2362000E+03	7.4803578E-33
1.3014000E+03	2.8138350E-32
1.3698000E+03	1.0467010E-31
1.4420000E+03	3.8487477E-31
1.5180000E+03	1.3983679E-30
1.5978000E+03	5.0184389E-30
1.6820000E+03	1.7783147E-29
1.7706000E+03	6.2200918E-29
1.8638000E+03	2.1468238E-28
1.9618000E+03	7.3093468E-28
2.0660000E+03	2.4542706E-27
2.1740000E+03	8.1248459E-27
2.2880000E+03	2.6512564E-26
2.4080000E+03	8.5258041E-26
2.5360000E+03	2.7013262E-25
2.6700000E+03	8.4313225E-25
2.8100000E+03	2.5918995E-24
2.9580000E+03	7.8465528E-24
3.1140000E+03	2.3389453E-23
3.2780000E+03	6.8642217E-23
3.4500000E+03	1.9831228E-22
3.6320000E+03	5.6397410E-22
3.8220000E+03	1.5786694E-21
4.0240000E+03	4.3493445E-21
4.2360000E+03	1.1793473E-20
4.4580000E+03	3.1472850E-20
4.6940000E+03	8.2661693E-20
4.9400000E+03	2.1367308E-19
5.2000000E+03	5.4360299E-19
5.4740000E+03	1.3611787E-18
5.7620000E+03	3.3548247E-18
6.0660000E+03	8.1390013E-18
6.3860000E+03	1.9437887E-17
6.7220000E+03	4.5702333E-17
7.0760000E+03	1.0579817E-16
7.4480000E+03	2.4116354E-16
7.8400000E+03	5.4135991E-16
8.2540000E+03	1.1968850E-15
8.6880000E+03	2.6065438E-15
9.1460000E+03	5.5921865E-15
9.6260000E+03	1.1821240E-14
1.0134000E+04	2.4624806E-14
1.0668000E+04	5.0556531E-14
1.1228000E+04	1.0231637E-13
1.1820000E+04	2.0414903E-13
1.2442000E+04	4.0165848E-13
1.3098000E+04	7.7937919E-13
1.3788000E+04	1.4917616E-12
1.4512000E+04	2.8169994E-12
1.5278000E+04	5.2491604E-12
1.6082000E+04	9.6535847E-12
1.6928000E+04	1.7525218E-11
1.7820000E+04	3.1411933E-11
1.8758000E+04	5.5598386E-11
1.9746000E+04	9.7195231E-11
2.0780000E+04	1.6784978E-10
2.1880000E+04	2.8639542E-10
2.3040000E+04	4.8289858E-10
2.4240000E+04	8.0475586E-10
2.5520000E+04	1.3257555E-09
2.6860000E+04	2.1593636E-09
2.8280000E+04	3.4779442E-09
2.9760000E+04	5.5401983E-09
3.1340000E+04	8.7298229E-09
3.2980000E+04	1.3609275E-08
3.4720000E+04	2.0993586E-08
3.6540000E+04	3.2050430E-08
3.8480000E+04	4.8434069E-08
4.0500000E+04	7.2462489E-08
4.2640000E+04	1.0734872E-07
4.4880000E+04	1.5749929E-07
4.7240000E+04	2.2889498E-07
4.9720000E+04	3.2957014E-07
5.2340000E+04	4.7021004E-07
5.5100000E+04	6.6488593E-07
5.8000000E+04	9.3194930E-07
6.1060000E+04	1.2951078E-06
6.4260000E+04	1.7847056E-06
6.7660000E+04	2.4392242E-06
7.1220000E+04	3.3070366E-06
7.4960000E+04	4.4484065E-06
7.8900000E+04	5.9377836E-06
8.3060000E+04	7.8663531E-06
8.7440000E+04	1.0344872E-05
9.2040000E+04	1.3506800E-05
9.6880000E+04	1.7511627E-05
1.0198000E+05	2.2548506E-05
1.0736000E+05	2.8840036E-05
1.1302000E+05	3.6646115E-05
1.1896000E+05	4.6267980E-05
1.2522000E+05	5.8052207E-05
1.3182000E+05	7.2394642E-05
1.3876000E+05	8.9744406E-05
1.4606000E+05	1.1060646E-04
1.5376000E+05	1.3554631E-04
1.6184000E+05	1.6519131E-04
1.7036000E+05	2.0023290E-04
1.7934000E+05	2.4142844E-04
1.8878000E+05	2.8960192E-04
1.9872000E+05	3.4564348E-04
2.0920000E+05	4.1050809E-04
2.2020000E+05	4.8521234E-04
2.3180000E+05	5.7083016E-04
2.4400000E+05	6.6849816E-04
2.5680000E+05	7.7938851E-04
2.7040000E+05	9.0472905E-04
2.8460000E+05	1.0457749E-03
2.9960000E+05	1.2038105E-03
3.1540000E+05	1.3801304E-03
3.3200000E+05	1.5760428E-03
3.4940000E+05	1.7928343E-03
3.6780000E+05	2.0317947E-03
3.8720000E+05	2.2941657E-03
4.0760000E+05	2.5811694E-03
4.2900000E+05	2.8939268E-03
4.5160000E+05	3.2335388E-03
4.7540000E+05	3.6009985E-03
5.0040000E+05	3.9971742E-03
5.2680000E+05	4.4229242E-03
5.5460000E+05	4.8789390E-03
5.8380000E+05	5.3656789E-03
6.1440000E+05	5.8836745E-03
6.4680000E+05	6.4331213E-03
6.8080000E+05	7.0141665E-03
7.1680000E+05	7.6268935E-03
7.5440000E+05	8.2708549E-03
7.9420000E+05	8.9460011E-03
8.3600000E+05	9.6515438E-03
8.8000000E+05	1.0386955E-02
9.2640000E+05	1.1151513E-02
9.7520000E+05	1.1943976E-02
1.0264000E+06	1.2763245E-02
1.0804000E+06	1.3607984E-02
1.1374000E+06	1.4476877E-02
1.1972000E+06	1.5368472E-02
1.2602000E+06	1.6280763E-02
1.3266000E+06	1.7212122E-02
1.3966000E+06	1.8160578E-02
1.4700000E+06	1.9124546E-02
1.5474000E+06	2.0101217E-02
1.6288000E+06	2.1088726E-02
1.7146000E+06	2.2084985E-02
1.8050000E+06	2.3087545E-02
1.9000000E+06	2.4094109E-02
2.0000000E+06	2.5102629E-02