2.0000000E-02	0.0000000E+00
2.1060000E-02	0.0000000E+00
2.2160000E-02	0.0000000E+00
2.3320000E-02	0.0000000E+00
2.4560000E-02	0.0000000E+00
2.5840000E-02	0.0000000E+00
2.7220000E-02	0.0000000E+00
2.8640000E-02	0.0000000E+00
3.0160000E-02	0.0000000E+00
3.1740000E-02	0.0000000E+00
3.3400000E-02	0.0000000E+00
3.5160000E-02	0.0000000E+00
3.7020000E-02	0.0000000E+00
3.8960000E-02	0.0000000E+00
4.1020000E-02	0.0000000E+00
4.3180000E-02	0.0000000E+00
4.5460000E-02	0.0000000E+00
4.7840000E-02	0.0000000E+00
5.0360000E-02	0.0000000E+00
5.3020000E-02	0.0000000E+00
5.5820000E-02	0.0000000E+00
5.8740000E-02	0.0000000E+00
6.1840000E-02	0.0000000E+00
6.5100000E-02	0.0000000E+00
6.8520000E-02	0.0000000E+00
7.2140000E-02	0.0000000E+00
7.5940000E-02	0.0000000E+00
7.9920000E-02	0.0000000E+00
8.4140000E-02	0.0000000E+00
8.8560000E-02	0.0000000E+00
9.3220000E-02	0.0000000E+00
9.8140000E-02	0.0000000E+00
1.0330000E-01	0.0000000E+00
1.0874000E-01	0.0000000E+00
1.1446000E-01	0.0000000E+00
1.2050000E-01	0.0000000E+00
1.2684000E-01	0.0000000E+00
1.3352000E-01	0.0000000E+00
1.4054000E-01	0.0000000E+00
1.4794000E-01	0.0000000E+00
1.5574000E-01	0.0000000E+00
1.6394000E-01	0.0000000E+00
1.7256000E-01	0.0000000E+00
1.8166000E-01	0.0000000E+00
1.9122000E-01	0.0000000E+00
2.0120000E-01	0.0000000E+00
2.1180000E-01	0.0000000E+00
2.2300000E-01	0.0000000E+00
2.3480000E-01	0.0000000E+00
2.4720000E-01	0.0000000E+00
2.6020000E-01	0.0000000E+00
2.7380000E-01	0.0000000E+00
2.8820000E-01	0.0000000E+00
3.0340000E-01	0.0000000E+00
3.1940000E-01	0.0000000E+00
3.3620000E-01	0.0000000E+00
3.5400000E-01	0.0000000E+00
3.7260000E-01	0.0000000E+00
3.9220000E-01	0.0000000E+00
4.1280000E-01	0.0000000E+00
4.3460000E-01	0.0000000E+00
4.5740000E-01	0.0000000E+00
4.8160000E-01	0.0000000E+00
5.0700000E-01	0.0000000E+00
5.3360000E-01	0.0000000E+00
5.6160000E-01	0.0000000E+00
5.9120000E-01	0.0000000E+00
6.2240000E-01	0.0000000E+00
6.5520000E-01	0.0000000E+00
6.8960000E-01	0.0000000E+00
7.2600000E-01	0.0000000E+00
7.6420000E-01	0.0000000E+00
8.0440000E-01	0.0000000E+00
8.4680000E-01	0.0000000E+00
8.9140000E-01	0.0000000E+00
9.3820000E-01	0.0000000E+00
9.8760000E-01	0.0000000E+00
1.0396000E+00	0.0000000E+00
1.0944000E+00	0.0000000E+00
1.1520000E+00	0.0000000E+00
1.2128000E+00	0.0000000E+00
1.2766000E+00	0.0000000E+00
1.3438000E+00	0.0000000E+00
1.4146000E+00	0.0000000E+00
1.4890000E+00	0.0000000E+00
1.5674000E+00	0.0000000E+00
1.6500000E+00	0.0000000E+00
1.7368000E+00	0.0000000E+00
1.8282000E+00	0.0000000E+00
1.9244000E+00	0.0000000E+00
2.0260000E+00	0.0000000E+00
2.1320000E+00	0.0000000E+00
2.2440000E+00	0.0000000E+00
2.3620000E+00	0.0000000E+00
2.4880000E+00	0.0000000E+00
2.6180000E+00	0.0000000E+00
2.7560000E+00	0.0000000E+00
2.9020000E+00	0.0000000E+00
3.0540000E+00	0.0000000E+00
3.2140000E+00	0.0000000E+00
3.3840000E+00	0.0000000E+00
3.5620000E+00	0.0000000E+00
3.7500000E+00	0.0000000E+00
3.9480000E+00	0.0000000E+00
4.1560000E+00	0.0000000E+00
4.3740000E+00	0.0000000E+00
4.6040000E+00	0.0000000E+00
4.8460000E+00	0.0000000E+00
5.1020000E+00	0.0000000E+00
5.3700000E+00	0.0000000E+00
5.6540000E+00	0.0000000E+00
5.9500000E+00	0.0000000E+00
6.2640000E+00	0.0000000E+00
6.5940000E+00	0.0000000E+00
6.9400000E+00	0.0000000E+00
7.3060000E+00	0.0000000E+00
7.6920000E+00	0.0000000E+00
8.0960000E+00	0.0000000E+00
8.5220000E+00	0.0000000E+00
8.9700000E+00	0.0000000E+00
9.4440000E+00	0.0000000E+00
9.9400000E+00	0.0000000E+00
1.0464000E+01	0.0000000E+00
1.1014000E+01	0.0000000E+00
1.1594000E+01	0.0000000E+00
1.2206000E+01	0.0000000E+00
1.2848000E+01	0.0000000E+00
1.3524000E+01	0.0000000E+00
1.4236000E+01	0.0000000E+00
1.4986000E+01	0.0000000E+00
1.5774000E+01	0.0000000E+00
1.6606000E+01	0.0000000E+00
1.7480000E+01	0.0000000E+00
1.8400000E+01	0.0000000E+00
1.9368000E+01	0.0000000E+00
2.0380000E+01	0.0000000E+00
2.1460000E+01	0.0000000E+00
2.2600000E+01	0.0000000E+00
2.3780000E+01	0.0000000E+00
2.5040000E+01	0.0000000E+00
2.6360000E+01	0.0000000E+00
2.7740000E+01	0.0000000E+00
2.9200000E+01	0.0000000E+00
3.0740000E+01	0.0000000E+00
3.2360000E+01	0.0000000E+00
3.4060000E+01	0.0000000E+00
3.5860000E+01	0.0000000E+00
3.7740000E+01	0.0000000E+00
3.9720000E+01	0.0000000E+00
4.1820000E+01	0.0000000E+00
4.4020000E+01	0.0000000E+00
4.6340000E+01	0.0000000E+00
4.8780000E+01	0.0000000E+00
5.1340000E+01	0.0000000E+00
5.4040000E+01	0.0000000E+00
5.6900000E+01	0.0000000E+00
5.9880000E+01	0.0000000E+00
6.3040000E+01	0.0000000E+00
6.6360000E+01	0.0000000E+00
6.9860000E+01	0.0000000E+00
7.3540000E+01	0.0000000E+00
7.7400000E+01	0.0000000E+00
8.1480000E+01	0.0000000E+00
8.5780000E+01	0.0000000E+00
9.0280000E+01	0.0000000E+00
9.5040000E+01	0.0000000E+00
1.0004000E+02	0.0000000E+00
1.0532000E+02	0.0000000E+00
1.1086000E+02	0.0000000E+00
1.1670000E+02	0.0000000E+00
1.2284000E+02	0.0000000E+00
1.2930000E+02	0.0000000E+00
1.3612000E+02	0.0000000E+00
1.4328000E+02	0.0000000E+00
1.5082000E+02	0.0000000E+00
1.5876000E+02	0.0000000E+00
1.6712000E+02	0.0000000E+00
1.7592000E+02	0.0000000E+00
1.8518000E+02	0.0000000E+00
1.9494000E+02	0.0000000E+00
2.0520000E+02	0.0000000E+00
2.1600000E+02	0.0000000E+00
2.2740000E+02	0.0000000E+00
2.3940000E+02	0.0000000E+00
2.5200000E+02	0.0000000E+00
2.6520000E+02	0.0000000E+00
2.7920000E+02	0.0000000E+00
2.9380000E+02	0.0000000E+00
3.0940000E+02	0.0000000E+00
3.2560000E+02	0.0000000E+00
3.4280000E+02	0.0000000E+00
3.6080000E+02	0.0000000E+00
3.7980000E+02	0.0000000E+00
3.9980000E+02	0.0000000E+00
4.2080000E+02	0.0000000E+00
4.4300000E+02	1.1668348e-319
4.6640000E+02	1.7998465e-312
4.9100000E+02	2.0792034E-305
5.1680000E+02	1.7982019E-298
5.4400000E+02	1.1643612E-291
5.7260000E+02	5.6471516E-285
6.0280000E+02	2.0530357E-278
6.3440000E+02	5.6009458E-272
6.6780000E+02	1.1482267E-265
7.0300000E+02	1.7718278E-259
7.4000000E+02	2.0619750E-253
7.7900000E+02	1.8136767E-247
8.2000000E+02	1.2086362E-241
8.6320000E+02	6.1182278E-236
9.0860000E+02	2.3592169E-230
9.5660000E+02	6.9504955E-225
1.0068000E+03	1.5693919E-219
1.0598000E+03	2.7248258E-214
1.1158000E+03	3.6502050E-209
1.1744000E+03	3.7861321E-204
1.2362000E+03	3.0517338E-199
1.3014000E+03	1.9185819E-194
1.3698000E+03	9.4436545E-190
1.4420000E+03	3.6533980E-185
1.5180000E+03	1.1151812E-180
1.5978000E+03	2.6964890E-176
1.6820000E+03	5.1854295E-172
1.7706000E+03	7.9623775E-168
1.8638000E+03	9.8021026E-164
1.9618000E+03	9.7132557E-160
2.0660000E+03	7.7791334E-156
2.1740000E+03	5.0555498E-152
2.2880000E+03	2.6768369E-148
2.4080000E+03	1.1593928E-144
2.5360000E+03	4.1240524E-141
2.6700000E+03	1.2095435E-137
2.8100000E+03	2.9364892E-134
2.9580000E+03	5.9242906E-131
3.1140000E+03	9.9705858E-128
3.2780000E+03	1.4052039E-124
3.4500000E+03	1.6646834E-121
3.6320000E+03	1.6638619E-118
3.8220000E+03	1.4082999E-115
4.0240000E+03	1.0130775E-112
4.2360000E+03	6.2160582E-110
4.4580000E+03	3.2647096E-107
4.6940000E+03	1.4727870E-104
4.9400000E+03	5.7264589E-102
5.2000000E+03	1.9255009E-99
5.4740000E+03	5.6175729E-97
5.7620000E+03	1.4266329E-94
6.0660000E+03	3.1638834E-92
6.3860000E+03	6.1465923E-90
6.7220000E+03	1.0492763E-87
7.0760000E+03	1.5786922E-85
7.4480000E+03	2.0996293E-83
7.8400000E+03	2.4756296E-81
8.2540000E+03	2.5951468E-79
8.6880000E+03	2.4253917E-77
9.1460000E+03	2.0264285E-75
9.6260000E+03	1.5176493E-73
1.0134000E+04	1.0215023E-71
1.0668000E+04	6.1950962E-70
1.1228000E+04	3.3938041E-68
1.1820000E+04	1.6835317E-66
1.2442000E+04	7.5804366E-65
1.3098000E+04	3.1054554E-63
1.3788000E+04	1.1601435E-61
1.4512000E+04	3.9612157E-60
1.5278000E+04	1.2388786E-58
1.6082000E+04	3.5566737E-57
1.6928000E+04	9.3925789E-56
1.7820000E+04	2.2863401E-54
1.8758000E+04	5.1402136E-53
1.9746000E+04	1.0694363E-51
2.0780000E+04	2.0629638E-50
2.1880000E+04	3.6965893E-49
2.3040000E+04	6.1641726E-48
2.4240000E+04	9.5826334E-47
2.5520000E+04	1.3911875E-45
2.6860000E+04	1.8893548E-44
2.8280000E+04	2.4042923E-43
2.9760000E+04	2.8714985E-42
3.1340000E+04	3.2237574E-41
3.2980000E+04	3.4073519E-40
3.4720000E+04	3.3956650E-39
3.6540000E+04	3.1953795E-38
3.8480000E+04	2.8433544E-37
4.0500000E+04	2.3958331E-36
4.2640000E+04	1.9142141E-35
4.4880000E+04	1.4521441E-34
4.7240000E+04	1.0473143E-33
4.9720000E+04	7.1902093E-33
5.2340000E+04	4.7047740E-32
5.5100000E+04	2.9375898E-31
5.8000000E+04	1.7522991E-30
6.1060000E+04	9.9973993E-30
6.4260000E+04	5.4615037E-29
6.7660000E+04	2.8599375E-28
7.1220000E+04	1.4370800E-27
7.4960000E+04	6.9364147E-27
7.8900000E+04	3.2192682E-26
8.3060000E+04	1.4380525E-25
8.7440000E+04	6.1887739E-25
9.2040000E+04	2.5683436E-24
9.6880000E+04	1.0287658E-23
1.0198000E+05	3.9808972E-23
1.0736000E+05	1.4894406E-22
1.1302000E+05	5.3927486E-22
1.1896000E+05	1.8910363E-21
1.2522000E+05	6.4274850E-21
1.3182000E+05	2.1192092E-20
1.3876000E+05	6.7831206E-20
1.4606000E+05	2.1092654E-19
1.5376000E+05	6.3766670E-19
1.6184000E+05	1.8755294E-18
1.7036000E+05	5.3705731E-18
1.7934000E+05	1.4982193E-17
1.8878000E+05	4.0744797E-17
1.9872000E+05	1.0809051E-16
2.0920000E+05	2.7989249E-16
2.2020000E+05	7.0785765E-16
2.3180000E+05	1.7494744E-15
2.4400000E+05	4.2279088E-15
2.5680000E+05	9.9963871E-15
2.7040000E+05	2.3136449E-14
2.8460000E+05	5.2446595E-14
2.9960000E+05	1.1650098E-13
3.1540000E+05	2.5371881E-13
3.3200000E+05	5.4200076E-13
3.4940000E+05	1.1362641E-12
3.6780000E+05	2.3388021E-12
3.8720000E+05	4.7286801E-12
4.0760000E+05	9.3953099E-12
4.2900000E+05	1.8352470E-11
4.5160000E+05	3.5259245E-11
4.7540000E+05	6.6653760E-11
5.0040000E+05	1.2402896E-10
5.2680000E+05	2.2726767E-10
5.5460000E+05	4.1023550E-10
5.8380000E+05	7.2974437E-10
6.1440000E+05	1.2796965E-09
6.4680000E+05	2.2130684E-09
6.8080000E+05	3.7755775E-09
7.1680000E+05	6.3564994E-09
7.5440000E+05	1.0564293E-08
7.9420000E+05	1.7337600E-08
8.3600000E+05	2.8105958E-08
8.8000000E+05	4.5019455E-08
9.2640000E+05	7.1272621E-08
9.7520000E+05	1.1155550E-07
1.0264000E+06	1.7267406E-07
1.0804000E+06	2.6439305E-07
1.1374000E+06	4.0056775E-07
1.1972000E+06	6.0064542E-07
1.2602000E+06	8.9163513E-07
1.3266000E+06	1.3106622E-06
1.3966000E+06	1.9082452E-06
1.4700000E+06	2.7524534E-06
1.5474000E+06	3.9341265E-06
1.6288000E+06	5.5733567E-06
1.7146000E+06	7.8274597E-06
1.8050000E+06	1.0900672E-05
1.9000000E+06	1.5055835E-05
2.0000000E+06	2.0628326E-05