2.0000000E-02	3.4679910E-59
2.1060000E-02	3.3057399E-59
2.2160000E-02	3.1728470E-59
2.3320000E-02	3.0255181E-59
2.4560000E-02	2.8855992E-59
2.5840000E-02	2.7527220E-59
2.7220000E-02	2.6393507E-59
2.8640000E-02	2.5189483E-59
3.0160000E-02	2.4046195E-59
3.1740000E-02	2.3040380E-59
3.3400000E-02	2.2006175E-59
3.5160000E-02	2.1024308E-59
3.7020000E-02	2.0140965E-59
3.8960000E-02	1.9254062E-59
4.1020000E-02	1.8412248E-59
4.3180000E-02	1.7642616E-59
4.5460000E-02	1.6883230E-59
4.7840000E-02	1.6180740E-59
5.0360000E-02	1.5496425E-59
5.3020000E-02	1.4847311E-59
5.5820000E-02	1.4242165E-59
5.8740000E-02	1.3658032E-59
6.1840000E-02	1.3104281E-59
6.5100000E-02	1.2585434E-59
6.8520000E-02	1.2087963E-59
7.2140000E-02	1.1620245E-59
7.5940000E-02	1.1173988E-59
7.9920000E-02	1.0751636E-59
8.4140000E-02	1.0354005E-59
8.8560000E-02	9.9761827E-60
9.3220000E-02	9.6202420E-60
9.8140000E-02	9.2830990E-60
1.0330000E-01	8.9655859E-60
1.0874000E-01	8.6657102E-60
1.1446000E-01	8.3833236E-60
1.2050000E-01	8.1180318E-60
1.2684000E-01	7.8685624E-60
1.3352000E-01	7.6347889E-60
1.4054000E-01	7.4158291E-60
1.4794000E-01	7.2114240E-60
1.5574000E-01	7.0209440E-60
1.6394000E-01	6.8441025E-60
1.7256000E-01	6.6804476E-60
1.8166000E-01	6.5297242E-60
1.9122000E-01	6.3916210E-60
2.0120000E-01	6.2659497E-60
2.1180000E-01	6.1525232E-60
2.2300000E-01	6.0512450E-60
2.3480000E-01	5.9620517E-60
2.4720000E-01	5.8849587E-60
2.6020000E-01	5.8200374E-60
2.7380000E-01	5.7674358E-60
2.8820000E-01	5.7273816E-60
3.0340000E-01	5.7001883E-60
3.1940000E-01	5.6862676E-60
3.3620000E-01	5.6861395E-60
3.5400000E-01	5.7004477E-60
3.7260000E-01	5.7299752E-60
3.9220000E-01	5.7756646E-60
4.1280000E-01	5.8386430E-60
4.3460000E-01	5.9202497E-60
4.5740000E-01	6.0220718E-60
4.8160000E-01	6.1459860E-60
5.0700000E-01	6.2942095E-60
5.3360000E-01	6.4693616E-60
5.6160000E-01	6.6745400E-60
5.9120000E-01	6.9134119E-60
6.2240000E-01	7.1903287E-60
6.5520000E-01	7.5104656E-60
6.8960000E-01	7.8799955E-60
7.2600000E-01	8.3063050E-60
7.6420000E-01	8.7982648E-60
8.0440000E-01	9.3665704E-60
8.4680000E-01	1.0024171E-59
8.9140000E-01	1.0786815E-59
9.3820000E-01	1.1673746E-59
9.8760000E-01	1.2708599E-59
1.0396000E+00	1.3920554E-59
1.0944000E+00	1.5345833E-59
1.1520000E+00	1.7029665E-59
1.2128000E+00	1.9028860E-59
1.2766000E+00	2.1415230E-59
1.3438000E+00	2.4280127E-59
1.4146000E+00	2.7740564E-59
1.4890000E+00	3.1947464E-59
1.5674000E+00	3.7096905E-59
1.6500000E+00	4.3445560E-59
1.7368000E+00	5.1332046E-59
1.8282000E+00	6.1206700E-59
1.9244000E+00	7.3673462E-59
2.0260000E+00	8.9549289E-59
2.1320000E+00	1.0994919E-58
2.2440000E+00	1.3640911E-58
2.3620000E+00	1.7106505E-58
2.4880000E+00	2.1691693E-58
2.6180000E+00	2.7822117E-58
2.7560000E+00	3.6108054E-58
2.9020000E+00	4.7434049E-58
3.0540000E+00	6.3096579E-58
3.2140000E+00	8.5017896E-58
3.3840000E+00	1.1608210E-57
3.5620000E+00	1.6066966E-57
3.7500000E+00	2.2551798E-57
3.9480000E+00	3.2112466E-57
4.1560000E+00	4.6406525E-57
4.3740000E+00	6.8087291E-57
4.6040000E+00	1.0146215E-56
4.8460000E+00	1.5362528E-56
5.1020000E+00	2.3643490E-56
5.3700000E+00	3.7001540E-56
5.6540000E+00	5.8905442E-56
5.9500000E+00	9.5430005E-56
6.2640000E+00	1.5738841E-55
6.5940000E+00	2.6435069E-55
6.9400000E+00	4.5234117E-55
7.3060000E+00	7.8883045E-55
7.6920000E+00	1.4024324E-54
8.0960000E+00	2.5427516E-54
8.5220000E+00	4.7031174E-54
8.9700000E+00	8.8767936E-54
9.4440000E+00	1.7101518E-53
9.9400000E+00	3.3638109E-53
1.0464000E+01	6.7568820E-53
1.1014000E+01	1.3863301E-52
1.1594000E+01	2.9058116E-52
1.2206000E+01	6.2231447E-52
1.2848000E+01	1.3618846E-51
1.3524000E+01	3.0457143E-51
1.4236000E+01	6.9609774E-51
1.4986000E+01	1.6258466E-50
1.5774000E+01	3.8805635E-50
1.6606000E+01	9.4639899E-50
1.7480000E+01	2.3580686E-49
1.8400000E+01	6.0014929E-49
1.9368000E+01	1.5598395E-48
2.0380000E+01	4.1389872E-48
2.1460000E+01	1.1208725E-47
2.2600000E+01	3.0967004E-47
2.3780000E+01	8.7243764E-47
2.5040000E+01	2.5052559E-46
2.6360000E+01	7.3286111E-46
2.7740000E+01	2.1826910E-45
2.9200000E+01	6.6144422E-45
3.0740000E+01	2.0381457E-44
3.2360000E+01	6.3813265E-44
3.4060000E+01	2.0285994E-43
3.5860000E+01	6.5426154E-43
3.7740000E+01	2.1390557E-42
3.9720000E+01	7.0833918E-42
4.1820000E+01	2.3737234E-41
4.4020000E+01	8.0426638E-41
4.6340000E+01	2.7526650E-40
4.8780000E+01	9.5079370E-40
5.1340000E+01	3.3112289E-39
5.4040000E+01	1.1615793E-38
5.6900000E+01	4.1006238E-38
5.9880000E+01	1.4553799E-37
6.3040000E+01	5.1881562E-37
6.6360000E+01	1.8558682E-36
6.9860000E+01	6.6553289E-36
7.3540000E+01	2.3904295E-35
7.7400000E+01	8.5914862E-35
8.1480000E+01	3.0871360E-34
8.5780000E+01	1.1080407E-33
9.0280000E+01	3.9691240E-33
9.5040000E+01	1.4177808E-32
1.0004000E+02	5.0459866E-32
1.0532000E+02	1.7879856E-31
1.1086000E+02	6.3027919E-31
1.1670000E+02	2.2086920E-30
1.2284000E+02	7.6889206E-30
1.2930000E+02	2.6572415E-29
1.3612000E+02	9.1107152E-29
1.4328000E+02	3.0971557E-28
1.5082000E+02	1.0432997E-27
1.5876000E+02	3.4805669E-27
1.6712000E+02	1.1493651E-26
1.7592000E+02	3.7550720E-26
1.8518000E+02	1.2131892E-25
1.9494000E+02	3.8743517E-25
2.0520000E+02	1.2225098E-24
2.1600000E+02	3.8099823E-24
2.2740000E+02	1.1723500E-23
2.3940000E+02	3.5605183E-23
2.5200000E+02	1.0669890E-22
2.6520000E+02	3.1541154E-22
2.7920000E+02	9.1951111E-22
2.9380000E+02	2.6430137E-21
3.0940000E+02	7.4888691E-21
3.2560000E+02	2.0913595E-20
3.4280000E+02	5.7552932E-20
3.6080000E+02	1.5605315E-19
3.7980000E+02	4.1686251E-19
3.9980000E+02	1.0969477E-18
4.2080000E+02	2.8432670E-18
4.4300000E+02	7.2587532E-18
4.6640000E+02	1.8251592E-17
4.9100000E+02	4.5198391E-17
5.1680000E+02	1.1023640E-16
5.4400000E+02	2.6479522E-16
5.7260000E+02	6.2645238E-16
6.0280000E+02	1.4597377E-15
6.3440000E+02	3.3503676E-15
6.6780000E+02	7.5747560E-15
7.0300000E+02	1.6870832E-14
7.4000000E+02	3.7019805E-14
7.7900000E+02	8.0039538E-14
8.2000000E+02	1.7052785E-13
8.6320000E+02	3.5806186E-13
9.0860000E+02	7.4105172E-13
9.5660000E+02	1.5119102E-12
1.0068000E+03	3.0412581E-12
1.0598000E+03	6.0324847E-12
1.1158000E+03	1.1801131E-11
1.1744000E+03	2.2772299E-11
1.2362000E+03	4.3353056E-11
1.3014000E+03	8.1440059E-11
1.3698000E+03	1.5098708E-10
1.4420000E+03	2.7631493E-10
1.5180000E+03	4.9924388E-10
1.5978000E+03	8.9073241E-10
1.6820000E+03	1.5696080E-09
1.7706000E+03	2.7323026E-09
1.8638000E+03	4.6994277E-09
1.9618000E+03	7.9877644E-09
2.0660000E+03	1.3420091E-08
2.1740000E+03	2.2290598E-08
2.2880000E+03	3.6610886E-08
2.4080000E+03	5.9471261E-08
2.5360000E+03	9.5564915E-08
2.6700000E+03	1.5193924E-07
2.8100000E+03	2.3905999E-07
2.9580000E+03	3.7230100E-07
3.1140000E+03	5.7400565E-07
3.2780000E+03	8.7630732E-07
3.4500000E+03	1.3249453E-06
3.6320000E+03	1.9843707E-06
3.8220000E+03	2.9445048E-06
4.0240000E+03	4.3295896E-06
4.2360000E+03	6.3096543E-06
4.4580000E+03	9.1152202E-06
4.6940000E+03	1.3055962E-05
4.9400000E+03	1.8544151E-05
5.2000000E+03	2.6123812E-05
5.4740000E+03	3.6506627E-05
5.7620000E+03	5.0615706E-05
6.0660000E+03	6.9638442E-05
6.3860000E+03	9.5089698E-05
6.7220000E+03	1.2888665E-04
7.0760000E+03	1.7343654E-04
7.4480000E+03	2.3173863E-04
7.8400000E+03	3.0750150E-04
8.2540000E+03	4.0527665E-04
8.6880000E+03	5.3060937E-04
9.1460000E+03	6.9020715E-04
9.6260000E+03	8.9212623E-04
1.0134000E+04	1.1459757E-03
1.0668000E+04	1.4631388E-03
1.1228000E+04	1.8570107E-03
1.1820000E+04	2.3432499E-03
1.2442000E+04	2.9400427E-03
1.3098000E+04	3.6683767E-03
1.3788000E+04	4.5523207E-03
1.4512000E+04	5.6193076E-03
1.5278000E+04	6.9004137E-03
1.6082000E+04	8.4306337E-03
1.6928000E+04	1.0249141E-02
1.7820000E+04	1.2399535E-02
1.8758000E+04	1.4930060E-02
1.9746000E+04	1.7893799E-02
2.0780000E+04	2.1348838E-02
2.1880000E+04	2.5358381E-02
2.3040000E+04	2.9990830E-02
2.4240000E+04	3.5319814E-02
2.5520000E+04	4.1424166E-02
2.6860000E+04	4.8387843E-02
2.8280000E+04	5.6299797E-02
2.9760000E+04	6.5253772E-02
3.1340000E+04	7.5348068E-02
3.2980000E+04	8.6685214E-02
3.4720000E+04	9.9371623E-02
3.6540000E+04	1.1351716E-01
3.8480000E+04	1.2923467E-01
4.0500000E+04	1.4663949E-01
4.2640000E+04	1.6584887E-01
4.4880000E+04	1.8698140E-01
4.7240000E+04	2.1015639E-01
4.9720000E+04	2.3549325E-01
5.2340000E+04	2.6311080E-01
5.5100000E+04	2.9312666E-01
5.8000000E+04	3.2565654E-01
6.1060000E+04	3.6081366E-01
6.4260000E+04	3.9870801E-01
6.7660000E+04	4.3944580E-01
7.1220000E+04	4.8312888E-01
7.4960000E+04	5.2985406E-01
7.8900000E+04	5.7971269E-01
8.3060000E+04	6.3279007E-01
8.7440000E+04	6.8916508E-01
9.2040000E+04	7.4890961E-01
9.6880000E+04	8.1208833E-01
1.0198000E+05	8.7875828E-01
1.0736000E+05	9.4896856E-01
1.1302000E+05	1.0227601E+00
1.1896000E+05	1.1001655E+00
1.2522000E+05	1.1812086E+00
1.3182000E+05	1.2659050E+00
1.3876000E+05	1.3542610E+00
1.4606000E+05	1.4462744E+00
1.5376000E+05	1.5419341E+00
1.6184000E+05	1.6412203E+00
1.7036000E+05	1.7441040E+00
1.7934000E+05	1.8505479E+00
1.8878000E+05	1.9605059E+00
1.9872000E+05	2.0739237E+00
2.0920000E+05	2.1907383E+00
2.2020000E+05	2.3108787E+00
2.3180000E+05	2.4342660E+00
2.4400000E+05	2.5608136E+00
2.5680000E+05	2.6904272E+00
2.7040000E+05	2.8230057E+00
2.8460000E+05	2.9584403E+00
2.9960000E+05	3.0966163E+00
3.1540000E+05	3.2374121E+00
3.3200000E+05	3.3807004E+00
3.4940000E+05	3.5263477E+00
3.6780000E+05	3.6742157E+00
3.8720000E+05	3.8241605E+00
4.0760000E+05	3.9760341E+00
4.2900000E+05	4.1296836E+00
4.5160000E+05	4.2849526E+00
4.7540000E+05	4.4416811E+00
5.0040000E+05	4.5997058E+00
5.2680000E+05	4.7588606E+00
5.5460000E+05	4.9189776E+00
5.8380000E+05	5.0798861E+00
6.1440000E+05	5.2414145E+00
6.4680000E+05	5.4033899E+00
6.8080000E+05	5.5656383E+00
7.1680000E+05	5.7279858E+00
7.5440000E+05	5.8902580E+00
7.9420000E+05	6.0522812E+00
8.3600000E+05	6.2138824E+00
8.8000000E+05	6.3748895E+00
9.2640000E+05	6.5351322E+00
9.7520000E+05	6.6944413E+00
1.0264000E+06	6.8526504E+00
1.0804000E+06	7.0095950E+00
1.1374000E+06	7.1651138E+00
1.1972000E+06	7.3190478E+00
1.2602000E+06	7.4712416E+00
1.3266000E+06	7.6215437E+00
1.3966000E+06	7.7698054E+00
1.4700000E+06	7.9158830E+00
1.5474000E+06	8.0596362E+00
1.6288000E+06	8.2009296E+00
1.7146000E+06	8.3396323E+00
1.8050000E+06	8.4756181E+00
1.9000000E+06	8.6087655E+00
2.0000000E+06	8.7389584E+00