0.51	0.0
0.52	0.0034702
0.53	0.0068557
0.54	0.0090376
0.55	0.010776
0.56	0.012263
0.57	0.013584
0.58	0.014783
0.59	0.01589
0.6	0.016924
0.61	0.017899
0.62	0.018825
0.63	0.01971
0.64	0.020559
0.65	0.021378
0.66	0.022171
0.67	0.022941
0.68	0.023691
0.69	0.024423
0.7	0.02514
0.71	0.02579093333333333
0.72	0.026441866666666664
0.73	0.0270928
0.74	0.027743733333333333
0.75	0.028394666666666665
0.76	0.029045599999999998
0.77	0.029696533333333334
0.78	0.030347466666666663
0.79	0.030998399999999995
0.8	0.03164933333333333
0.81	0.03230026666666666
0.82	0.0329512
0.83	0.03360213333333333
0.84	0.034253066666666665
0.85	0.034904
0.86	0.035526
0.87	0.036147
0.88	0.036768
0.89	0.037389
0.9	0.038011
0.91	0.038634
0.92	0.039257
0.93	0.039882
0.94	0.040509
0.95	0.041137
0.96	0.041768
0.97	0.042401
0.98	0.043036
0.99	0.043675
1.0	0.044316
1.01	0.04496
1.02	0.045608
1.03	0.046259
1.04	0.046914
1.05	0.047573
1.06	0.048235
1.07	0.048902
1.08	0.049573
1.09	0.050249
1.1	0.050929
1.11	0.051613
1.12	0.052303
1.13	0.052997
1.14	0.053696
1.15	0.0544
1.16	0.05511
1.17	0.055825
1.18	0.056545
1.19	0.057271
1.2	0.058002
1.21	0.058739
1.22	0.059482
1.23	0.06023
1.24	0.060985
1.25	0.061745
1.26	0.062512
1.27	0.063284
1.28	0.064063
1.29	0.064849
1.3	0.06564
1.31	0.066438
1.32	0.067242
1.33	0.068053
1.34	0.068871
1.35	0.069695
1.36	0.070526
1.37	0.071363
1.38	0.072207
1.39	0.073058
1.4	0.073916
1.41	0.074781
1.42	0.075652
1.43	0.076531
1.44	0.077416
1.45	0.078309
1.46	0.079208
1.47	0.080114
1.48	0.081028
1.49	0.081948
1.5	0.082876
1.51	0.083811
1.52	0.084752
1.53	0.085701
1.54	0.086657
1.55	0.08762
1.56	0.08859
1.57	0.089568
1.58	0.090552
1.59	0.091544
1.6	0.092542
1.61	0.093548
1.62	0.09456
1.63	0.09558
1.64	0.096606
1.65	0.09764
1.66	0.098681
1.67	0.099728
1.68	0.10078
1.69	0.10184
1.7	0.10291
1.71	0.10399
1.72	0.10507
1.73	0.10616
1.74	0.10725
1.75	0.10835
1.76	0.10946
1.77	0.11057
1.78	0.11169
1.79	0.11282
1.8	0.11395
1.81	0.11509
1.82	0.11624
1.83	0.11739
1.84	0.11855
1.85	0.11971
1.86	0.12088
1.87	0.12205
1.88	0.12323
1.89	0.12442
1.9	0.12561
1.91	0.12681
1.92	0.12801
1.93	0.12922
1.94	0.13043
1.95	0.13164
1.96	0.13287
1.97	0.13409
1.98	0.13532
1.99	0.13656
2.0	0.1378
2.01	0.13904
2.02	0.14029
2.03	0.14154
2.04	0.14279
2.05	0.14405
2.06	0.14531
2.07	0.14658
2.08	0.14785
2.09	0.14912
2.1	0.1504
2.11	0.15167
2.12	0.15295
2.13	0.15424
2.14	0.15552
2.15	0.15681
2.16	0.1581
2.17	0.15939
2.18	0.16068
2.19	0.16198
2.2	0.16327
2.21	0.16457
2.22	0.16587
2.23	0.16717
2.24	0.16847
2.25	0.16977
2.26	0.17107
2.27	0.17237
2.28	0.17367
2.29	0.17497
2.3	0.17628
2.31	0.17758
2.32	0.17888
2.33	0.18018
2.34	0.18148
2.35	0.18278
2.36	0.18407
2.37	0.18537
2.38	0.18667
2.39	0.18796
2.4	0.18925
2.41	0.19055
2.42	0.19183
2.43	0.19312
2.44	0.19441
2.45	0.19569
2.46	0.19697
2.47	0.19825
2.48	0.19953
2.49	0.2008
2.5	0.20207
2.51	0.20334
2.52	0.20461
2.53	0.20587
2.54	0.20713
2.55	0.20838
2.56	0.20964
2.57	0.21089
2.58	0.21213
2.59	0.21338
2.6	0.21462
2.61	0.21585
2.62	0.21709
2.63	0.21832
2.64	0.21954
2.65	0.22076
2.66	0.22198
2.67	0.22319
2.68	0.2244
2.69	0.22561
2.7	0.22681
2.71	0.22801
2.72	0.2292
2.73	0.23038
2.74	0.23157
2.75	0.23275
2.76	0.23392
2.77	0.23509
2.78	0.23625
2.79	0.23741
2.8	0.23856
2.81	0.23971
2.82	0.24085
2.83	0.24198
2.84	0.24311
2.85	0.24423
2.86	0.24534
2.87	0.24645
2.88	0.24755
2.89	0.24864
2.9	0.24972
2.91	0.2508
2.92	0.25187
2.93	0.25293
2.94	0.25398
2.95	0.25502
2.96	0.25605
2.97	0.25708
2.98	0.25809
2.99	0.2591
3.0	0.26011
3.01	0.2611
3.02	0.26209
3.03	0.26308
3.04	0.26406
3.05	0.26504
3.06	0.26602
3.07	0.26699
3.08	0.26796
3.09	0.26893
3.1	0.26989
3.11	0.27084
3.12	0.27179
3.13	0.27273
3.14	0.27366
3.15	0.27458
3.16	0.27549
3.17	0.27638
3.18	0.27726
3.19	0.27813
3.2	0.27898
3.21	0.27982
3.22	0.28065
3.23	0.28147
3.24	0.28228
3.25	0.28308
3.26	0.28388
3.27	0.28467
3.28	0.28546
3.29	0.28625
3.3	0.28703
3.31	0.28782
3.32	0.2886
3.33	0.28938
3.34	0.29015
3.35	0.29091
3.36	0.29167
3.37	0.29242
3.38	0.29315
3.39	0.29386
3.4	0.29455
3.41	0.29523
3.42	0.2959
3.43	0.29654
3.44	0.29718
3.45	0.29781
3.46	0.29844
3.47	0.29907
3.48	0.2997
3.49	0.30034
3.5	0.30097
3.51	0.3016
3.52	0.30223
3.53	0.30285
3.54	0.30345
3.55	0.30403
3.56	0.30459
3.57	0.30513
3.58	0.30565
3.59	0.30615
3.6	0.30666
3.61	0.30717
3.62	0.30769
3.63	0.30823
3.64	0.30876
3.65	0.30929
3.66	0.30978
3.67	0.31024
3.68	0.31066
3.69	0.31107
3.7	0.31152
3.71	0.31204
3.72	0.31247
3.73	0.31286
3.74	0.31328
3.75	0.31369
3.76	0.31409
3.77	0.31449
3.78	0.31487
3.79	0.31525
3.8	0.31561
3.81	0.31597
3.82	0.31633
3.83	0.31667
3.84	0.31701
3.85	0.31734
3.86	0.31766
3.87	0.31797
3.88	0.31828
3.89	0.31857
3.9	0.31886
3.91	0.31915
3.92	0.31942
3.93	0.31969
3.94	0.31995
3.95	0.3202
3.96	0.32044
3.97	0.32068
3.98	0.32091
3.99	0.32113
4.0	0.32134
4.01	0.32155
4.02	0.32175
4.03	0.32194
4.04	0.32213
4.05	0.32231
4.06	0.32248
4.07	0.32264
4.08	0.3228
4.09	0.32295
4.1	0.32309
4.11	0.32323
4.12	0.32335
4.13	0.32348
4.14	0.32359
4.15	0.3237
4.16	0.3238
4.17	0.32389
4.18	0.32398
4.19	0.32406
4.2	0.32414
4.21	0.3242
4.22	0.32426
4.23	0.32432
4.24	0.32437
4.25	0.32441
4.26	0.32444
4.27	0.32447
4.28	0.32449
4.29	0.32451
4.3	0.32452
4.31	0.32452
4.32	0.32452
4.33	0.32451
4.34	0.3245
4.35	0.32448
4.36	0.32445
4.37	0.32442
4.38	0.32438
4.39	0.32433
4.4	0.32428
4.41	0.32423
4.42	0.32417
4.43	0.3241
4.44	0.32402
4.45	0.32395
4.46	0.32386
4.47	0.32377
4.48	0.32367
4.49	0.32357
4.5	0.32347
4.51	0.32336
4.52	0.32324
4.53	0.32312
4.54	0.32299
4.55	0.32286
4.56	0.32272
4.57	0.32257
4.58	0.32243
4.59	0.32227
4.6	0.32211
4.61	0.32195
4.62	0.32178
4.63	0.32161
4.64	0.32143
4.65	0.32125
4.66	0.32106
4.67	0.32087
4.68	0.32067
4.69	0.32047
4.7	0.32027
4.71	0.32006
4.72	0.31984
4.73	0.31962
4.74	0.3194
4.75	0.31917
4.76	0.31894
4.77	0.3187
4.78	0.31846
4.79	0.31821
4.8	0.31797
4.81	0.31771
4.82	0.31745
4.83	0.31719
4.84	0.31693
4.85	0.31666
4.86	0.31638
4.87	0.31611
4.88	0.31583
4.89	0.31554
4.9	0.31525
4.91	0.31496
4.92	0.31466
4.93	0.31436
4.94	0.31406
4.95	0.31375
4.96	0.31344
4.97	0.31313
4.98	0.31281
4.99	0.31249
5.0	0.31217
5.01	0.31184
5.02	0.31151
5.03	0.31117
5.04	0.31084
5.05	0.3105
5.06	0.31015
5.07	0.3098
5.08	0.30945
5.09	0.3091
5.1	0.30875
5.11	0.30839
5.12	0.30802
5.13	0.30766
5.14	0.30729
5.15	0.30692
5.16	0.30655
5.17	0.30617
5.18	0.30579
5.19	0.30541
5.2	0.30503
5.21	0.30464
5.22	0.30425
5.23	0.30386
5.24	0.30347
5.25	0.30307
5.26	0.30267
5.27	0.30227
5.28	0.30186
5.29	0.30146
5.3	0.30105
5.31	0.30064
5.32	0.30022
5.33	0.29981
5.34	0.29939
5.35	0.29897
5.36	0.29855
5.37	0.29812
5.38	0.2977
5.39	0.29727
5.4	0.29684
5.41	0.29641
5.42	0.29597
5.43	0.29553
5.44	0.2951
5.45	0.29466
5.46	0.29421
5.47	0.29377
5.48	0.29333
5.49	0.29288
5.5	0.29243
5.51	0.29198
5.52	0.29153
5.53	0.29107
5.54	0.29062
5.55	0.29016
5.56	0.2897
5.57	0.28924
5.58	0.28878
5.59	0.28832
5.6	0.28785
5.61	0.28739
5.62	0.28692
5.63	0.28645
5.64	0.28598
5.65	0.28551
5.66	0.28504
5.67	0.28456
5.68	0.28409
5.69	0.28361
5.7	0.28313
5.71	0.28265
5.72	0.28217
5.73	0.28169
5.74	0.28121
5.75	0.28073
5.76	0.28024
5.77	0.27976
5.78	0.27927
5.79	0.27878
5.8	0.2783
5.81	0.27781
5.82	0.27732
5.83	0.27683
5.84	0.27633
5.85	0.27584
5.86	0.27535
5.87	0.27485
5.88	0.27436
5.89	0.27386
5.9	0.27337
5.91	0.27287
5.92	0.27237
5.93	0.27187
5.94	0.27137
5.95	0.27087
5.96	0.27037
5.97	0.26987
5.98	0.26937
5.99	0.26887
6.0	0.26837
6.01	0.26786
6.02	0.26736
6.03	0.26686
6.04	0.26635
6.05	0.26585
6.06	0.26534
6.07	0.26483
6.08	0.26433
6.09	0.26382
6.1	0.26331
6.11	0.26281
6.12	0.2623
6.13	0.26179
6.14	0.26128
6.15	0.26077
6.16	0.26027
6.17	0.25976
6.18	0.25925
6.19	0.25874
6.2	0.25823
6.21	0.25772
6.22	0.25721
6.23	0.2567
6.24	0.25619
6.25	0.25568
6.26	0.25517
6.27	0.25466
6.28	0.25415
6.29	0.25364
6.3	0.25313
6.31	0.25261
6.32	0.2521
6.33	0.25159
6.34	0.25108
6.35	0.25057
6.36	0.25006
6.37	0.24955
6.38	0.24904
6.39	0.24853
6.4	0.24802
6.41	0.24751
6.42	0.247
6.43	0.24649
6.44	0.24598
6.45	0.24547
6.46	0.24496
6.47	0.24445
6.48	0.24394
6.49	0.24344
6.5	0.24293
6.51	0.24242
6.52	0.24191
6.53	0.2414
6.54	0.2409
6.55	0.24039
6.56	0.23988
6.57	0.23938
6.58	0.23887
6.59	0.23836
6.6	0.23786
6.61	0.23735
6.62	0.23685
6.63	0.23634
6.64	0.23584
6.65	0.23534
6.66	0.23483
6.67	0.23433
6.68	0.23383
6.69	0.23333
6.7	0.23282
6.71	0.23232
6.72	0.23182
6.73	0.23132
6.74	0.23082
6.75	0.23032
6.76	0.22982
6.77	0.22933
6.78	0.22883
6.79	0.22833
6.8	0.22783
6.81	0.22734
6.82	0.22684
6.83	0.22635
6.84	0.22585
6.85	0.22536
6.86	0.22487
6.87	0.22437
6.88	0.22388
6.89	0.22339
6.9	0.2229
6.91	0.22241
6.92	0.22192
6.93	0.22143
6.94	0.22094
6.95	0.22045
6.96	0.21997
6.97	0.21948
6.98	0.21899
6.99	0.21851
7.0	0.21802
7.01	0.21754
7.02	0.21706
7.03	0.21658
7.04	0.21609
7.05	0.21561
7.06	0.21513
7.07	0.21465
7.08	0.21417
7.09	0.2137
7.1	0.21322
7.11	0.21274
7.12	0.21227
7.13	0.21179
7.14	0.21132
7.15	0.21084
7.16	0.21037
7.17	0.2099
7.18	0.20943
7.19	0.20896
7.2	0.20849
7.21	0.20802
7.22	0.20755
7.23	0.20708
7.24	0.20661
7.25	0.20615
7.26	0.20568
7.27	0.20522
7.28	0.20476
7.29	0.20429
7.3	0.20383
7.31	0.20337
7.32	0.20291
7.33	0.20245
7.34	0.20199
7.35	0.20154
7.36	0.20108
7.37	0.20062
7.38	0.20017
7.39	0.19971
7.4	0.19926
7.41	0.19881
7.42	0.19836
7.43	0.19791
7.44	0.19746
7.45	0.19701
7.46	0.19656
7.47	0.19611
7.48	0.19567
7.49	0.19522
7.5	0.19478
7.51	0.19434
7.52	0.19389
7.53	0.19345
7.54	0.19301
7.55	0.19257
7.56	0.19213
7.57	0.19169
7.58	0.19126
7.59	0.19082
7.6	0.19039
7.61	0.18995
7.62	0.18952
7.63	0.18909
7.64	0.18865
7.65	0.18822
7.66	0.18779
7.67	0.18736
7.68	0.18694
7.69	0.18651
7.7	0.18608
7.71	0.18566
7.72	0.18523
7.73	0.18481
7.74	0.18439
7.75	0.18397
7.76	0.18355
7.77	0.18313
7.78	0.18271
7.79	0.18229
7.8	0.18188
7.81	0.18146
7.82	0.18105
7.83	0.18063
7.84	0.18022
7.85	0.17981
7.86	0.1794
7.87	0.17899
7.88	0.17858
7.89	0.17817
7.9	0.17776
7.91	0.17736
7.92	0.17695
7.93	0.17655
7.94	0.17615
7.95	0.17574
7.96	0.17534
7.97	0.17494
7.98	0.17454
7.99	0.17414
8.0	0.17375
8.01	0.17335
8.02	0.17296
8.03	0.17256
8.04	0.17217
8.05	0.17177
8.06	0.17138
8.07	0.17099
8.08	0.1706
8.09	0.17021
8.1	0.16983
8.11	0.16944
8.12	0.16905
8.13	0.16867
8.14	0.16828
8.15	0.1679
8.16	0.16752
8.17	0.16714
8.18	0.16676
8.19	0.16638
8.2	0.166
8.21	0.16562
8.22	0.16525
8.23	0.16487
8.24	0.1645
8.25	0.16412
8.26	0.16375
8.27	0.16338
8.28	0.16301
8.29	0.16264
8.3	0.16227
8.31	0.1619
8.32	0.16153
8.33	0.16117
8.34	0.1608
8.35	0.16044
8.36	0.16008
8.37	0.15971
8.38	0.15935
8.39	0.15899
8.4	0.15863
8.41	0.15827
8.42	0.15792
8.43	0.15756
8.44	0.1572
8.45	0.15685
8.46	0.15649
8.47	0.15614
8.48	0.15579
8.49	0.15544
8.5	0.15509
8.51	0.15474
8.52	0.15439
8.53	0.15404
8.54	0.15369
8.55	0.15335
8.56	0.153
8.57	0.15266
8.58	0.15231
8.59	0.15197
8.6	0.15163
8.61	0.15129
8.62	0.15095
8.63	0.15061
8.64	0.15027
8.65	0.14994
8.66	0.1496
8.67	0.14926
8.68	0.14893
8.69	0.1486
8.7	0.14826
8.71	0.14793
8.72	0.1476
8.73	0.14727
8.74	0.14694
8.75	0.14661
8.76	0.14628
8.77	0.14596
8.78	0.14563
8.79	0.14531
8.8	0.14498
8.81	0.14466
8.82	0.14433
8.83	0.14401
8.84	0.14369
8.85	0.14337
8.86	0.14305
8.87	0.14273
8.88	0.14242
8.89	0.1421
8.9	0.14178
8.91	0.14147
8.92	0.14115
8.93	0.14084
8.94	0.14053
8.95	0.14021
8.96	0.1399
8.97	0.13959
8.98	0.13928
8.99	0.13897
9.0	0.13866
9.01	0.13836
9.02	0.13805
9.03	0.13774
9.04	0.13744
9.05	0.13713
9.06	0.13683
9.07	0.13653
9.08	0.13623
9.09	0.13592
9.1	0.13562
9.11	0.13532
9.12	0.13503
9.13	0.13473
9.14	0.13443
9.15	0.13413
9.16	0.13384
9.17	0.13354
9.18	0.13325
9.19	0.13295
9.2	0.13266
9.21	0.13237
9.22	0.13208
9.23	0.13178
9.24	0.13149
9.25	0.1312
9.26	0.13092
9.27	0.13063
9.28	0.13034
9.29	0.13005
9.3	0.12977
9.31	0.12948
9.32	0.1292
9.33	0.12891
9.34	0.12863
9.35	0.12835
9.36	0.12807
9.37	0.12778
9.38	0.1275
9.39	0.12722
9.4	0.12694
9.41	0.12667
9.42	0.12639
9.43	0.12611
9.44	0.12584
9.45	0.12556
9.46	0.12528
9.47	0.12501
9.48	0.12474
9.49	0.12446
9.5	0.12419
9.51	0.12392
9.52	0.12365
9.53	0.12338
9.54	0.12311
9.55	0.12284
9.56	0.12257
9.57	0.1223
9.58	0.12203
9.59	0.12177
9.6	0.1215
9.61	0.12123
9.62	0.12097
9.63	0.12071
9.64	0.12044
9.65	0.12018
9.66	0.11992
9.67	0.11965
9.68	0.11939
9.69	0.11913
9.7	0.11887
9.71	0.11861
9.72	0.11835
9.73	0.1181
9.74	0.11784
9.75	0.11758
9.76	0.11733
9.77	0.11707
9.78	0.11681
9.79	0.11656
9.8	0.11631
9.81	0.11605
9.82	0.1158
9.83	0.11555
9.84	0.1153
9.85	0.11504
9.86	0.11479
9.87	0.11454
9.88	0.11429
9.89	0.11405
9.9	0.1138
9.91	0.11355
9.92	0.1133
9.93	0.11306
9.94	0.11281
9.95	0.11256
9.96	0.11232
9.97	0.11207
9.98	0.11183
9.99	0.11159
10.0	0.11135
10.01	0.1111
10.02	0.11086
10.03	0.11062
10.04	0.11038
10.05	0.11014
10.06	0.1099
10.07	0.10966
10.08	0.10942
10.09	0.10919
10.1	0.10895
10.11	0.10871
10.12	0.10848
10.13	0.10824
10.14	0.108
10.15	0.10777
10.16	0.10754
10.17	0.1073
10.18	0.10707
10.19	0.10684
10.2	0.10661
10.21	0.10637
10.22	0.10614
10.23	0.10591
10.24	0.10568
10.25	0.10545
10.26	0.10522
10.27	0.105
10.28	0.10477
10.29	0.10454
10.3	0.10431
10.31	0.10409
10.32	0.10386
10.33	0.10364
10.34	0.10341
10.35	0.10319
10.36	0.10297
10.37	0.10274
10.38	0.10252
10.39	0.1023
10.4	0.10208
10.41	0.10185
10.42	0.10163
10.43	0.10141
10.44	0.10119
10.45	0.10098
10.46	0.10076
10.47	0.10054
10.48	0.10032
10.49	0.1001
10.5	0.099888
10.51	0.099672
10.52	0.099457
10.53	0.099242
10.54	0.099028
10.55	0.098814
10.56	0.0986
10.57	0.098387
10.58	0.098175
10.59	0.097963
10.6	0.097752
10.61	0.097541
10.62	0.097331
10.63	0.097121
10.64	0.096912
10.65	0.096703
10.66	0.096495
10.67	0.096287
10.68	0.09608
10.69	0.095874
10.7	0.095667
10.71	0.095462
10.72	0.095257
10.73	0.095053
10.74	0.094849
10.75	0.094646
10.76	0.094443
10.77	0.094241
10.78	0.094039
10.79	0.093838
10.8	0.093638
10.81	0.093438
10.82	0.093239
10.83	0.093041
10.84	0.092843
10.85	0.092646
10.86	0.09245
10.87	0.092254
10.88	0.092059
10.89	0.091865
10.9	0.091672
10.91	0.091479
10.92	0.091288
10.93	0.091097
10.94	0.090907
10.95	0.090719
10.96	0.090531
10.97	0.090345
10.98	0.09016
10.99	0.089976
11.0	0.089794
11.01	0.089614
11.02	0.089435
11.03	0.089259
11.04	0.089085
11.05	0.088913
11.06	0.088745
11.07	0.08858
11.08	0.088419
11.09	0.088263
11.1	0.088113
11.11	0.087969
11.12	0.087833
11.13	0.087708
11.14	0.087596
11.15	0.087499
11.16	0.087423
11.17	0.08722675
11.18	0.0870305
11.19	0.08683425
11.2	0.08663799999999999
11.21	0.08644175
11.22	0.0862455
11.23	0.08604925
11.24	0.085853
11.25	0.08565675
11.26	0.0854605
11.27	0.08526425000000001
11.28	0.085068
11.29	0.08487175
11.3	0.0846755
11.31	0.08447925
11.32	0.084283
11.33	0.08408675
11.34	0.0838905
11.35	0.08369425
11.36	0.083498
11.37	0.08330175000000001
11.38	0.0831055
11.39	0.08290925
11.4	0.082713
11.41	0.08251675
11.42	0.0823205
11.43	0.08212425
11.44	0.081928
11.45	0.081671
11.46	0.08143
11.47	0.081201
11.48	0.080984
11.49	0.080778
11.5	0.08105244444444444
11.51	0.08132688888888889
11.52	0.08160133333333335
11.53	0.08187577777777777
11.54	0.08215022222222224
11.55	0.08242466666666667
11.56	0.08269911111111111
11.57	0.08297355555555555
11.58	0.083248
11.59	0.083294
11.6	0.08334000000000001
11.61	0.083386
11.62	0.083432
11.63	0.083478
11.64	0.083524
11.65	0.0829372
11.66	0.08235040000000002
11.67	0.08176359999999999
11.68	0.0811768
11.69	0.08059
11.7	0.0800032
11.71	0.0794164
11.72	0.0788296
11.73	0.0782428
11.74	0.077656
11.75	0.077421
11.76	0.077199
11.77	0.076986
11.78	0.07678
11.79	0.076582
11.8	0.07639
11.81	0.076202
11.82	0.076018
11.83	0.075839
11.84	0.075662
11.85	0.075489
11.86	0.07532
11.87	0.075155
11.88	0.075
11.89	0.07486
11.9	0.074718
11.91	0.074553
11.92	0.074385
11.93	0.074223
11.94	0.074066
11.95	0.073912
11.96	0.073762
11.97	0.073615
11.98	0.07347
11.99	0.073329
12.0	0.073191
12.01	0.073056
12.02	0.072926
12.03	0.0728
12.04	0.07268
12.05	0.072567
12.06	0.072463
12.07	0.072369
12.08	0.072291
12.09	0.072233
12.1	0.072203
12.11	0.072217
12.12	0.072296
12.13	0.072481
12.14	0.0723368
12.15	0.07219260000000001
12.16	0.07204840000000001
12.17	0.0719042
12.18	0.07176
12.19	0.070552
12.2	0.07031671428571429
12.21	0.07008142857142857
12.22	0.06984614285714286
12.23	0.06961085714285714
12.24	0.06937557142857143
12.25	0.06914028571428571
12.26	0.068905
12.27	0.068797
12.28	0.068693
12.29	0.068592
12.3	0.068496
12.31	0.068405
12.32	0.068322
12.33	0.06825
12.34	0.068191
12.35	0.068153
12.36	0.068144
12.37	0.068178
12.38	0.068277
12.39	0.068478
12.4	0.06831266666666666
12.41	0.06814733333333334
12.42	0.067982
12.43	0.06781666666666666
12.44	0.06765133333333334
12.45	0.067486
12.46	0.066768
12.47	0.06654228571428572
12.48	0.06631657142857142
12.49	0.06609085714285713
12.5	0.06586514285714284
12.51	0.06563942857142857
12.52	0.06541371428571428
12.53	0.065188
12.54	0.065069
12.55	0.064957
12.56	0.064851
12.57	0.064753
12.58	0.064662
12.59	0.064582
12.6	0.064516
12.61	0.064468
12.62	0.064447
12.63	0.064463
12.64	0.064528
12.65	0.064649
12.66	0.0645695
12.67	0.06448999999999999
12.68	0.0644105
12.69	0.064331
12.7	0.063864
12.71	0.063456
12.72	0.063132
12.73	0.062877
12.74	0.062667
12.75	0.062489
12.76	0.062331
12.77	0.062186
12.78	0.062052
12.79	0.061925
12.8	0.061805
12.81	0.061691
12.82	0.061583
12.83	0.061481
12.84	0.061387
12.85	0.061302
12.86	0.06123
12.87	0.061172
12.88	0.061134
12.89	0.061115
12.9	0.061107
12.91	0.061083
12.92	0.061005
12.93	0.060851
12.94	0.06064
12.95	0.060413
12.96	0.060196
12.97	0.06
12.98	0.059823
12.99	0.059663
13.0	0.059515
13.01	0.059377
13.02	0.059246
13.03	0.059121
13.04	0.059001
13.05	0.058885
13.06	0.058773
13.07	0.058665
13.08	0.058562
13.09	0.058465
13.1	0.058374
13.11	0.058293
13.12	0.058221
13.13	0.05816
13.14	0.058105
13.15	0.058044
13.16	0.057962
13.17	0.057846
13.18	0.057703
13.19	0.057547
13.2	0.057391
13.21	0.057241
13.22	0.057099
13.23	0.056964
13.24	0.056836
13.25	0.056712
13.26	0.056593
13.27	0.056478
13.28	0.056366
13.29	0.056256
13.3	0.05615
13.31	0.056048
13.32	0.055949
13.33	0.055857
13.34	0.055772
13.35	0.055695
13.36	0.055628
13.37	0.055563
13.38	0.055488
13.39	0.05539
13.4	0.055269
13.41	0.055137
13.42	0.055004
13.43	0.054875
13.44	0.054752
13.45	0.054633
13.46	0.054519
13.47	0.054408
13.48	0.0543
13.49	0.054194
13.5	0.054091
13.51	0.053991
13.52	0.053895
13.53	0.053804
13.54	0.05372
13.55	0.053644
13.56	0.053573
13.57	0.053498
13.58	0.053407
13.59	0.053298
13.6	0.053182
13.61	0.053065
13.62	0.052952
13.63	0.052842
13.64	0.052735
13.65	0.05263
13.66	0.052528
13.67	0.052428
13.68	0.052332
13.69	0.052238
13.7	0.05215
13.71	0.05207
13.72	0.051997
13.73	0.051921
13.74	0.051829
13.75	0.051723
13.76	0.051615
13.77	0.051508
13.78	0.051404
13.79	0.051303
13.8	0.051206
13.81	0.051111
13.82	0.051023
13.83	0.050945
13.84	0.050875
13.85	0.05079
13.86	0.050685
13.87	0.050578
13.88	0.050476
13.89	0.05038
13.9	0.050311
13.91	0.050235
13.92	0.050125
13.93	0.050034
13.94	0.049944
13.95	0.049855
13.96	0.049766
13.97	0.049677
13.98	0.049588
13.99	0.0495
14.0	0.049411
14.01	0.049323
14.02	0.049236
14.03	0.049148
14.04	0.049061
14.05	0.048973
14.06	0.048886
14.07	0.0488
14.08	0.048713
14.09	0.048627
14.1	0.048541
14.11	0.048455
14.12	0.04837
14.13	0.048284
14.14	0.048199
14.15	0.048114
14.16	0.04803
14.17	0.047945
14.18	0.047861
14.19	0.047777
14.2	0.047693
14.21	0.047609
14.22	0.047526
14.23	0.047443
14.24	0.04736
14.25	0.047277
14.26	0.047195
14.27	0.047112
14.28	0.04703
14.29	0.046948
14.3	0.046867
14.31	0.046785
14.32	0.046704
14.33	0.046623
14.34	0.046542
14.35	0.046461
14.36	0.046381
14.37	0.0463
14.38	0.04622
14.39	0.04614
14.4	0.046061
14.41	0.045981
14.42	0.045902
14.43	0.045823
14.44	0.045744
14.45	0.045665
14.46	0.045587
14.47	0.045509
14.48	0.045431
14.49	0.045353
14.5	0.045275
14.51	0.045197
14.52	0.04512
14.53	0.045043
14.54	0.044966
14.55	0.044889
14.56	0.044813
14.57	0.044736
14.58	0.04466
14.59	0.044584
14.6	0.044508
14.61	0.044433
14.62	0.044357
14.63	0.044282
14.64	0.044207
14.65	0.044132
14.66	0.044058
14.67	0.043983
14.68	0.043909
14.69	0.043835
14.7	0.043761
14.71	0.043687
14.72	0.043613
14.73	0.04354
14.74	0.043467
14.75	0.043394
14.76	0.043321
14.77	0.043248
14.78	0.043175
14.79	0.043103
14.8	0.043031
14.81	0.042959
14.82	0.042887
14.83	0.042815
14.84	0.042744
14.85	0.042673
14.86	0.042601
14.87	0.04253
14.88	0.04246
14.89	0.042389
14.9	0.042318
14.91	0.042248
14.92	0.042178
14.93	0.042108
14.94	0.042038
14.95	0.041969
14.96	0.041899
14.97	0.04183
14.98	0.041761
14.99	0.041692
15.0	0.041623
15.01	0.041554
15.02	0.041486
15.03	0.041418
15.04	0.041349
15.05	0.041281
15.06	0.041214
15.07	0.041146
15.08	0.041078
15.09	0.041011
15.1	0.040944
15.11	0.040877
15.12	0.04081
15.13	0.040743
15.14	0.040677
15.15	0.04061
15.16	0.040544
15.17	0.040478
15.18	0.040412
15.19	0.040346
15.2	0.040281
15.21	0.040215
15.22	0.04015
15.23	0.040085
15.24	0.040019
15.25	0.039955
15.26	0.03989
15.27	0.039825
15.28	0.039761
15.29	0.039697
15.3	0.039632
15.31	0.039569
15.32	0.039505
15.33	0.039441
15.34	0.039377
15.35	0.039314
15.36	0.039251
15.37	0.039188
15.38	0.039125
15.39	0.039062
15.4	0.038999
15.41	0.038937
15.42	0.038874
15.43	0.038812
15.44	0.03875
15.45	0.038688
15.46	0.038626
15.47	0.038565
15.48	0.038503
15.49	0.038442
15.5	0.038381
15.51	0.038319
15.52	0.038259
15.53	0.038198
15.54	0.038137
15.55	0.038076
15.56	0.038016
15.57	0.037956
15.58	0.037896
15.59	0.037836
15.6	0.037776
15.61	0.037716
15.62	0.037656
15.63	0.037597
15.64	0.037538
15.65	0.037479
15.66	0.037419
15.67	0.037361
15.68	0.037302
15.69	0.037243
15.7	0.037185
15.71	0.037126
15.72	0.037068
15.73	0.03701
15.74	0.036952
15.75	0.036894
15.76	0.036836
15.77	0.036779
15.78	0.036721
15.79	0.036664
15.8	0.036606
15.81	0.036549
15.82	0.036492
15.83	0.036436
15.84	0.036379
15.85	0.036322
15.86	0.036266
15.87	0.036209
15.88	0.036153
15.89	0.036097
15.9	0.036041
15.91	0.035985
15.92	0.03593
15.93	0.035874
15.94	0.035818
15.95	0.035763
15.96	0.035708
15.97	0.035653
15.98	0.035598
15.99	0.035543
16.0	0.035488
16.01	0.035434
16.02	0.035379
16.03	0.035325
16.04	0.03527
16.05	0.035216
16.06	0.035162
16.07	0.035108
16.08	0.035055
16.09	0.035001
16.1	0.034947
16.11	0.034894
16.12	0.034841
16.13	0.034787
16.14	0.034734
16.15	0.034681
16.16	0.034628
16.17	0.034576
16.18	0.034523
16.19	0.034471
16.2	0.034418
16.21	0.034366
16.22	0.034314
16.23	0.034262
16.24	0.03421
16.25	0.034158
16.26	0.034106
16.27	0.034054
16.28	0.034003
16.29	0.033952
16.3	0.0339
16.31	0.033849
16.32	0.033798
16.33	0.033747
16.34	0.033696
16.35	0.033646
16.36	0.033595
16.37	0.033544
16.38	0.033494
16.39	0.033444
16.4	0.033394
16.41	0.033343
16.42	0.033293
16.43	0.033244
16.44	0.033194
16.45	0.033144
16.46	0.033095
16.47	0.033045
16.48	0.032996
16.49	0.032947
16.5	0.032898
16.51	0.032849
16.52	0.0328
16.53	0.032751
16.54	0.032702
16.55	0.032653
16.56	0.032605
16.57	0.032557
16.58	0.032508
16.59	0.03246
16.6	0.032412
16.61	0.032364
16.62	0.032316
16.63	0.032268
16.64	0.032221
16.65	0.032173
16.66	0.032126
16.67	0.032078
16.68	0.032031
16.69	0.031984
16.7	0.031937
16.71	0.03189
16.72	0.031843
16.73	0.031796
16.74	0.031749
16.75	0.031703
16.76	0.031656
16.77	0.03161
16.78	0.031563
16.79	0.031517
16.8	0.031471
16.81	0.031425
16.82	0.031379
16.83	0.031333
16.84	0.031288
16.85	0.031242
16.86	0.031196
16.87	0.031151
16.88	0.031106
16.89	0.03106
16.9	0.031015
16.91	0.03097
16.92	0.030925
16.93	0.03088
16.94	0.030836
16.95	0.030791
16.96	0.030746
16.97	0.030702
16.98	0.030657
16.99	0.030613
17.0	0.030569
17.01	0.030525
17.02	0.030481
17.03	0.030437
17.04	0.030393
17.05	0.030349
17.06	0.030305
17.07	0.030262
17.08	0.030218
17.09	0.030175
17.1	0.030131
17.11	0.030088
17.12	0.030045
17.13	0.030002
17.14	0.029959
17.15	0.029916
17.16	0.029873
17.17	0.029831
17.18	0.029788
17.19	0.029745
17.2	0.029703
17.21	0.029661
17.22	0.029618
17.23	0.029576
17.24	0.029534
17.25	0.029492
17.26	0.02945
17.27	0.029408
17.28	0.029366
17.29	0.029325
17.3	0.029283
17.31	0.029242
17.32	0.0292
17.33	0.029159
17.34	0.029118
17.35	0.029076
17.36	0.029035
17.37	0.028994
17.38	0.028953
17.39	0.028912
17.4	0.028872
17.41	0.028831
17.42	0.02879
17.43	0.02875
17.44	0.028709
17.45	0.028669
17.46	0.028629
17.47	0.028589
17.48	0.028549
17.49	0.028508
17.5	0.028469
17.51	0.028429
17.52	0.028389
17.53	0.028349
17.54	0.02831
17.55	0.02827
17.56	0.02823
17.57	0.028191
17.58	0.028152
17.59	0.028113
17.6	0.028073
17.61	0.028034
17.62	0.027995
17.63	0.027956
17.64	0.027918
17.65	0.027879
17.66	0.02784
17.67	0.027801
17.68	0.027763
17.69	0.027724
17.7	0.027686
17.71	0.027648
17.72	0.027609
17.73	0.027571
17.74	0.027533
17.75	0.027495
17.76	0.027457
17.77	0.027419
17.78	0.027382
17.79	0.027344
17.8	0.027306
17.81	0.027269
17.82	0.027231
17.83	0.027194
17.84	0.027156
17.85	0.027119
17.86	0.027082
17.87	0.027045
17.88	0.027008
17.89	0.026971
17.9	0.026934
17.91	0.026897
17.92	0.02686
17.93	0.026824
17.94	0.026787
17.95	0.02675
17.96	0.026714
17.97	0.026678
17.98	0.026641
17.99	0.026605
18.0	0.026569
18.01	0.026533
18.02	0.026497
18.03	0.026461
18.04	0.026425
18.05	0.026389
18.06	0.026353
18.07	0.026317
18.08	0.026282
18.09	0.026246
18.1	0.026211
18.11	0.026175
18.12	0.02614
18.13	0.026105
18.14	0.026069
18.15	0.026034
18.16	0.025999
18.17	0.025964
18.18	0.025929
18.19	0.025894
18.2	0.02586
18.21	0.025825
18.22	0.02579
18.23	0.025756
18.24	0.025721
18.25	0.025687
18.26	0.025652
18.27	0.025618
18.28	0.025583
18.29	0.025549
18.3	0.025515
18.31	0.025481
18.32	0.025447
18.33	0.025413
18.34	0.025379
18.35	0.025345
18.36	0.025312
18.37	0.025278
18.38	0.025244
18.39	0.025211
18.4	0.025177
18.41	0.025144
18.42	0.02511
18.43	0.025077
18.44	0.025044
18.45	0.025011
18.46	0.024978
18.47	0.024944
18.48	0.024911
18.49	0.024879
18.5	0.024846
18.51	0.024813
18.52	0.02478
18.53	0.024747
18.54	0.024715
18.55	0.024682
18.56	0.02465
18.57	0.024617
18.58	0.024585
18.59	0.024553
18.6	0.02452
18.61	0.024488
18.62	0.024456
18.63	0.024424
18.64	0.024392
18.65	0.02436
18.66	0.024328
18.67	0.024296
18.68	0.024265
18.69	0.024233
18.7	0.024201
18.71	0.02417
18.72	0.024138
18.73	0.024107
18.74	0.024075
18.75	0.024044
18.76	0.024012
18.77	0.023981
18.78	0.02395
18.79	0.023919
18.8	0.023888
18.81	0.023857
18.82	0.023826
18.83	0.023795
18.84	0.023764
18.85	0.023733
18.86	0.023703
18.87	0.023672
18.88	0.023641
18.89	0.023611
18.9	0.02358
18.91	0.02355
18.92	0.02352
18.93	0.023489
18.94	0.023459
18.95	0.023429
18.96	0.023399
18.97	0.023369
18.98	0.023338
18.99	0.023308
19.0	0.023279
19.01	0.023249
19.02	0.023219
19.03	0.023189
19.04	0.023159
19.05	0.02313
19.06	0.0231
19.07	0.023071
19.08	0.023041
19.09	0.023012
19.1	0.022982
19.11	0.022953
19.12	0.022924
19.13	0.022894
19.14	0.022865
19.15	0.022836
19.16	0.022807
19.17	0.022778
19.18	0.022749
19.19	0.02272
19.2	0.022691
19.21	0.022663
19.22	0.022634
19.23	0.022605
19.24	0.022576
19.25	0.022548
19.26	0.022519
19.27	0.022491
19.28	0.022462
19.29	0.022434
19.3	0.022406
19.31	0.022377
19.32	0.022349
19.33	0.022321
19.34	0.022293
19.35	0.022265
19.36	0.022237
19.37	0.022209
19.38	0.022181
19.39	0.022153
19.4	0.022125
19.41	0.022097
19.42	0.02207
19.43	0.022042
19.44	0.022014
19.45	0.021987
19.46	0.021959
19.47	0.021932
19.48	0.021905
19.49	0.021877
19.5	0.02185
19.51	0.021823
19.52	0.021795
19.53	0.021768
19.54	0.021741
19.55	0.021714
19.56	0.021687
19.57	0.02166
19.58	0.021633
19.59	0.021606
19.6	0.021579
19.61	0.021553
19.62	0.021526
19.63	0.021499
19.64	0.021472
19.65	0.021446
19.66	0.021419
19.67	0.021393
19.68	0.021366
19.69	0.02134
19.7	0.021314
19.71	0.021287
19.72	0.021261
19.73	0.021235
19.74	0.021209
19.75	0.021182
19.76	0.021156
19.77	0.02113
19.78	0.021104
19.79	0.021078
19.8	0.021053
19.81	0.021027
19.82	0.021001
19.83	0.020975
19.84	0.020949
19.85	0.020924
19.86	0.020898
19.87	0.020873
19.88	0.020847
19.89	0.020822
19.9	0.020796
19.91	0.020771
19.92	0.020745
19.93	0.02072
19.94	0.020695
19.95	0.02067
19.96	0.020644
19.97	0.020619
19.98	0.020594
19.99	0.020569
20.0	0.020544
20.01	0.020519
20.02	0.020494
20.03	0.020469
20.04	0.020445
20.05	0.02042
20.06	0.020395
20.07	0.02037
20.08	0.020346
20.09	0.020321
20.1	0.020297
20.11	0.020272
20.12	0.020248
20.13	0.020223
20.14	0.020199
20.15	0.020174
20.16	0.02015
20.17	0.020126
20.18	0.020102
20.19	0.020077
20.2	0.020053
20.21	0.020029
20.22	0.020005
20.23	0.019981
20.24	0.019957
20.25	0.019933
20.26	0.019909
20.27	0.019886
20.28	0.019862
20.29	0.019838
20.3	0.019814
20.31	0.019791
20.32	0.019767
20.33	0.019743
20.34	0.01972
20.35	0.019696
20.36	0.019673
20.37	0.019649
20.38	0.019626
20.39	0.019603
20.4	0.019579
20.41	0.019556
20.42	0.019533
20.43	0.01951
20.44	0.019486
20.45	0.019463
20.46	0.01944
20.47	0.019417
20.48	0.019394
20.49	0.019371
20.5	0.019348
20.51	0.019325
20.52	0.019303
20.53	0.01928
20.54	0.019257
20.55	0.019234
20.56	0.019212
20.57	0.019189
20.58	0.019166
20.59	0.019144
20.6	0.019121
20.61	0.019099
20.62	0.019076
20.63	0.019054
20.64	0.019031
20.65	0.019009
20.66	0.018987
20.67	0.018965
20.68	0.018942
20.69	0.01892
20.7	0.018898
20.71	0.018876
20.72	0.018854
20.73	0.018832
20.74	0.01881
20.75	0.018788
20.76	0.018766
20.77	0.018744
20.78	0.018722
20.79	0.0187
20.8	0.018679
20.81	0.018657
20.82	0.018635
20.83	0.018613
20.84	0.018592
20.85	0.01857
20.86	0.018549
20.87	0.018527
20.88	0.018506
20.89	0.018484
20.9	0.018463
20.91	0.018441
20.92	0.01842
20.93	0.018399
20.94	0.018377
20.95	0.018356
20.96	0.018335
20.97	0.018314
20.98	0.018293
20.99	0.018272
21.0	0.018251
21.01	0.01823
21.02	0.018209
21.03	0.018188
21.04	0.018167
21.05	0.018146
21.06	0.018125
21.07	0.018104
21.08	0.018083
21.09	0.018063
21.1	0.018042
21.11	0.018021
21.12	0.018001
21.13	0.01798
21.14	0.017959
21.15	0.017939
21.16	0.017918
21.17	0.017898
21.18	0.017877
21.19	0.017857
21.2	0.017837
21.21	0.017816
21.22	0.017796
21.23	0.017776
21.24	0.017755
21.25	0.017735
21.26	0.017715
21.27	0.017695
21.28	0.017675
21.29	0.017655
21.3	0.017635
21.31	0.017615
21.32	0.017595
21.33	0.017575
21.34	0.017555
21.35	0.017535
21.36	0.017515
21.37	0.017495
21.38	0.017476
21.39	0.017456
21.4	0.017436
21.41	0.017417
21.42	0.017397
21.43	0.017377
21.44	0.017358
21.45	0.017338
21.46	0.017319
21.47	0.017299
21.48	0.01728
21.49	0.01726
21.5	0.017241
21.51	0.017222
21.52	0.017202
21.53	0.017183
21.54	0.017164
21.55	0.017144
21.56	0.017125
21.57	0.017106
21.58	0.017087
21.59	0.017068
21.6	0.017049
21.61	0.01703
21.62	0.017011
21.63	0.016992
21.64	0.016973
21.65	0.016954
21.66	0.016935
21.67	0.016916
21.68	0.016897
21.69	0.016878
21.7	0.01686
21.71	0.016841
21.72	0.016822
21.73	0.016803
21.74	0.016785
21.75	0.016766
21.76	0.016748
21.77	0.016729
21.78	0.016711
21.79	0.016692
21.8	0.016674
21.81	0.016655
21.82	0.016637
21.83	0.016618
21.84	0.0166
21.85	0.016582
21.86	0.016563
21.87	0.016545
21.88	0.016527
21.89	0.016509
21.9	0.01649
21.91	0.016472
21.92	0.016454
21.93	0.016436
21.94	0.016418
21.95	0.0164
21.96	0.016382
21.97	0.016364
21.98	0.016346
21.99	0.016328
22.0	0.01631
22.01	0.016292
22.02	0.016275
22.03	0.016257
22.04	0.016239
22.05	0.016221
22.06	0.016204
22.07	0.016186
22.08	0.016168
22.09	0.016151
22.1	0.016133
22.11	0.016115
22.12	0.016098
22.13	0.01608
22.14	0.016063
22.15	0.016045
22.16	0.016028
22.17	0.016011
22.18	0.015993
22.19	0.015976
22.2	0.015958
22.21	0.015941
22.22	0.015924
22.23	0.015907
22.24	0.015889
22.25	0.015872
22.26	0.015855
22.27	0.015838
22.28	0.015821
22.29	0.015804
22.3	0.015787
22.31	0.01577
22.32	0.015753
22.33	0.015736
22.34	0.015719
22.35	0.015702
22.36	0.015685
22.37	0.015668
22.38	0.015651
22.39	0.015634
22.4	0.015618
22.41	0.015601
22.42	0.015584
22.43	0.015567
22.44	0.015551
22.45	0.015534
22.46	0.015517
22.47	0.015501
22.48	0.015484
22.49	0.015468
22.5	0.015451
22.51	0.015435
22.52	0.015418
22.53	0.015402
22.54	0.015385
22.55	0.015369
22.56	0.015352
22.57	0.015336
22.58	0.01532
22.59	0.015303
22.6	0.015287
22.61	0.015271
22.62	0.015255
22.63	0.015238
22.64	0.015222
22.65	0.015206
22.66	0.01519
22.67	0.015174
22.68	0.015158
22.69	0.015142
22.7	0.015126
22.71	0.01511
22.72	0.015094
22.73	0.015078
22.74	0.015062
22.75	0.015046
22.76	0.01503
22.77	0.015014
22.78	0.014998
22.79	0.014983
22.8	0.014967
22.81	0.014951
22.82	0.014935
22.83	0.01492
22.84	0.014904
22.85	0.014888
22.86	0.014873
22.87	0.014857
22.88	0.014841
22.89	0.014826
22.9	0.01481
22.91	0.014795
22.92	0.014779
22.93	0.014764
22.94	0.014748
22.95	0.014733
22.96	0.014717
22.97	0.014702
22.98	0.014687
22.99	0.014671
23.0	0.014656
23.01	0.014641
23.02	0.014626
23.03	0.01461
23.04	0.014595
23.05	0.01458
23.06	0.014565
23.07	0.01455
23.08	0.014534
23.09	0.014519
23.1	0.014504
23.11	0.014489
23.12	0.014474
23.13	0.014459
23.14	0.014444
23.15	0.014429
23.16	0.014414
23.17	0.014399
23.18	0.014384
23.19	0.01437
23.2	0.014355
23.21	0.01434
23.22	0.014325
23.23	0.01431
23.24	0.014296
23.25	0.014281
23.26	0.014266
23.27	0.014251
23.28	0.014237
23.29	0.014222
23.3	0.014207
23.31	0.014193
23.32	0.014178
23.33	0.014164
23.34	0.014149
23.35	0.014135
23.36	0.01412
23.37	0.014106
23.38	0.014091
23.39	0.014077
23.4	0.014062
23.41	0.014048
23.42	0.014034
23.43	0.014019
23.44	0.014005
23.45	0.013991
23.46	0.013976
23.47	0.013962
23.48	0.013948
23.49	0.013934
23.5	0.013919
23.51	0.013905
23.52	0.013891
23.53	0.013877
23.54	0.013863
23.55	0.013849
23.56	0.013835
23.57	0.013821
23.58	0.013807
23.59	0.013793
23.6	0.013779
23.61	0.013765
23.62	0.013751
23.63	0.013737
23.64	0.013723
23.65	0.013709
23.66	0.013695
23.67	0.013681
23.68	0.013667
23.69	0.013654
23.7	0.01364
23.71	0.013626
23.72	0.013612
23.73	0.013599
23.74	0.013585
23.75	0.013571
23.76	0.013558
23.77	0.013544
23.78	0.01353
23.79	0.013517
23.8	0.013503
23.81	0.01349
23.82	0.013476
23.83	0.013462
23.84	0.013449
23.85	0.013435
23.86	0.013422
23.87	0.013409
23.88	0.013395
23.89	0.013382
23.9	0.013368
23.91	0.013355
23.92	0.013342
23.93	0.013328
23.94	0.013315
23.95	0.013302
23.96	0.013288
23.97	0.013275
23.98	0.013262
23.99	0.013249
24.0	0.013236
24.01	0.013222
24.02	0.013209
24.03	0.013196
24.04	0.013183
24.05	0.01317
24.06	0.013157
24.07	0.013144
24.08	0.013131
24.09	0.013118
24.1	0.013105
24.11	0.013092
24.12	0.013079
24.13	0.013066
24.14	0.013053
24.15	0.01304
24.16	0.013027
24.17	0.013014
24.18	0.013001
24.19	0.012989
24.2	0.012976
24.21	0.012963
24.22	0.01295
24.23	0.012937
24.24	0.012925
24.25	0.012912
24.26	0.012899
24.27	0.012887
24.28	0.012874
24.29	0.012861
24.3	0.012849
24.31	0.012836
24.32	0.012823
24.33	0.012811
24.34	0.012798
24.35	0.012786
24.36	0.012773
24.37	0.012761
24.38	0.012748
24.39	0.012736
24.4	0.012723
24.41	0.012711
24.42	0.012698
24.43	0.012686
24.44	0.012674
24.45	0.012661
24.46	0.012649
24.47	0.012637
24.48	0.012624
24.49	0.012612
24.5	0.0126
24.51	0.012588
24.52	0.012575
24.53	0.012563
24.54	0.012551
24.55	0.012539
24.56	0.012526
24.57	0.012514
24.58	0.012502
24.59	0.01249
24.6	0.012478
24.61	0.012466
24.62	0.012454
24.63	0.012442
24.64	0.01243
24.65	0.012418
24.66	0.012406
24.67	0.012394
24.68	0.012382
24.69	0.01237
24.7	0.012358
24.71	0.012346
24.72	0.012334
24.73	0.012322
24.74	0.01231
24.75	0.012299
24.76	0.012287
24.77	0.012275
24.78	0.012263
24.79	0.012251
24.8	0.01224
24.81	0.012228
24.82	0.012216
24.83	0.012204
24.84	0.012193
24.85	0.012181
24.86	0.012169
24.87	0.012158
24.88	0.012146
24.89	0.012134
24.9	0.012123
24.91	0.012111
24.92	0.0121
24.93	0.012088
24.94	0.012077
24.95	0.012065
24.96	0.012054
24.97	0.012042
24.98	0.012031
24.99	0.012019
25.0	0.012008
25.01	0.011996
25.02	0.011985
25.03	0.011973
25.04	0.011962
25.05	0.011951
25.06	0.011939
25.07	0.011928
25.08	0.011917
25.09	0.011905
25.1	0.011894
25.11	0.011883
25.12	0.011872
25.13	0.01186
25.14	0.011849
25.15	0.011838
25.16	0.011827
25.17	0.011816
25.18	0.011804
25.19	0.011793
25.2	0.011782
25.21	0.011771
25.22	0.01176
25.23	0.011749
25.24	0.011738
25.25	0.011727
25.26	0.011716
25.27	0.011705
25.28	0.011694
25.29	0.011683
25.3	0.011672
25.31	0.011661
25.32	0.01165
25.33	0.011639
25.34	0.011628
25.35	0.011617
25.36	0.011606
25.37	0.011595
25.38	0.011585
25.39	0.011574
25.4	0.011563
25.41	0.011552
25.42	0.011541
25.43	0.011531
25.44	0.01152
25.45	0.011509
25.46	0.011498
25.47	0.011488
25.48	0.011477
25.49	0.011466
25.5	0.011455
25.51	0.011445
25.52	0.011434
25.53	0.011424
25.54	0.011413
25.55	0.011402
25.56	0.011392
25.57	0.011381
25.58	0.011371
25.59	0.01136
25.6	0.011349
25.61	0.011339
25.62	0.011328
25.63	0.011318
25.64	0.011308
25.65	0.011297
25.66	0.011287
25.67	0.011276
25.68	0.011266
25.69	0.011255
25.7	0.011245
25.71	0.011235
25.72	0.011224
25.73	0.011214
25.74	0.011204
25.75	0.011193
25.76	0.011183
25.77	0.011173
25.78	0.011162
25.79	0.011152
25.8	0.011142
25.81	0.011132
25.82	0.011121
25.83	0.011111
25.84	0.011101
25.85	0.011091
25.86	0.011081
25.87	0.01107
25.88	0.01106
25.89	0.01105
25.9	0.01104
25.91	0.01103
25.92	0.01102
25.93	0.01101
25.94	0.011
25.95	0.01099
25.96	0.01098
25.97	0.01097
25.98	0.01096
25.99	0.01095
26.0	0.01094
26.01	0.01093
26.02	0.01092
26.03	0.01091
26.04	0.0109
26.05	0.01089
26.06	0.01088
26.07	0.01087
26.08	0.01086
26.09	0.01085
26.1	0.010841
26.11	0.010831
26.12	0.010821
26.13	0.010811
26.14	0.010801
26.15	0.010792
26.16	0.010782
26.17	0.010772
26.18	0.010762
26.19	0.010753
26.2	0.010743
26.21	0.010733
26.22	0.010723
26.23	0.010714
26.24	0.010704
26.25	0.010695
26.26	0.010685
26.27	0.010675
26.28	0.010666
26.29	0.010656
26.3	0.010646
26.31	0.010637
26.32	0.010627
26.33	0.010618
26.34	0.010608
26.35	0.010599
26.36	0.010589
26.37	0.01058
26.38	0.01057
26.39	0.010561
26.4	0.010551
26.41	0.010542
26.42	0.010532
26.43	0.010523
26.44	0.010514
26.45	0.010504
26.46	0.010495
26.47	0.010485
26.48	0.010476
26.49	0.010467
26.5	0.010457
26.51	0.010448
26.52	0.010439
26.53	0.010429
26.54	0.01042
26.55	0.010411
26.56	0.010402
26.57	0.010392
26.58	0.010383
26.59	0.010374
26.6	0.010365
26.61	0.010355
26.62	0.010346
26.63	0.010337
26.64	0.010328
26.65	0.010319
26.66	0.01031
26.67	0.0103
26.68	0.010291
26.69	0.010282
26.7	0.010273
26.71	0.010264
26.72	0.010255
26.73	0.010246
26.74	0.010237
26.75	0.010228
26.76	0.010219
26.77	0.01021
26.78	0.010201
26.79	0.010192
26.8	0.010183
26.81	0.010174
26.82	0.010165
26.83	0.010156
26.84	0.010147
26.85	0.010138
26.86	0.010129
26.87	0.01012
26.88	0.010111
26.89	0.010102
26.9	0.010094
26.91	0.010085
26.92	0.010076
26.93	0.010067
26.94	0.010058
26.95	0.010049
26.96	0.010041
26.97	0.010032
26.98	0.010023
26.99	0.010014
27.0	0.010006
27.01	0.0099968
27.02	0.009988
27.03	0.0099793
27.04	0.0099706
27.05	0.0099619
27.06	0.0099532
27.07	0.0099446
27.08	0.0099359
27.09	0.0099272
27.1	0.0099186
27.11	0.00991
27.12	0.0099014
27.13	0.0098927
27.14	0.0098842
27.15	0.0098756
27.16	0.009867
27.17	0.0098584
27.18	0.0098499
27.19	0.0098413
27.2	0.0098328
27.21	0.0098243
27.22	0.0098158
27.23	0.0098073
27.24	0.0097988
27.25	0.0097903
27.26	0.0097818
27.27	0.0097734
27.28	0.0097649
27.29	0.0097565
27.3	0.0097481
27.31	0.0097397
27.32	0.0097313
27.33	0.0097229
27.34	0.0097145
27.35	0.0097061
27.36	0.0096978
27.37	0.0096894
27.38	0.0096811
27.39	0.0096728
27.4	0.0096644
27.41	0.0096561
27.42	0.0096478
27.43	0.0096396
27.44	0.0096313
27.45	0.009623
27.46	0.0096148
27.47	0.0096065
27.48	0.0095983
27.49	0.0095901
27.5	0.0095818
27.51	0.0095736
27.52	0.0095655
27.53	0.0095573
27.54	0.0095491
27.55	0.0095409
27.56	0.0095328
27.57	0.0095246
27.58	0.0095165
27.59	0.0095084
27.6	0.0095003
27.61	0.0094922
27.62	0.0094841
27.63	0.009476
27.64	0.0094679
27.65	0.0094599
27.66	0.0094518
27.67	0.0094438
27.68	0.0094358
27.69	0.0094278
27.7	0.0094197
27.71	0.0094117
27.72	0.0094038
27.73	0.0093958
27.74	0.0093878
27.75	0.0093798
27.76	0.0093719
27.77	0.009364
27.78	0.009356
27.79	0.0093481
27.8	0.0093402
27.81	0.0093323
27.82	0.0093244
27.83	0.0093165
27.84	0.0093087
27.85	0.0093008
27.86	0.0092929
27.87	0.0092851
27.88	0.0092773
27.89	0.0092695
27.9	0.0092616
27.91	0.0092538
27.92	0.009246
27.93	0.0092383
27.94	0.0092305
27.95	0.0092227
27.96	0.009215
27.97	0.0092072
27.98	0.0091995
27.99	0.0091918
28.0	0.0091841
28.01	0.0091763
28.02	0.0091686
28.03	0.009161
28.04	0.0091533
28.05	0.0091456
28.06	0.009138
28.07	0.0091303
28.08	0.0091227
28.09	0.009115
28.1	0.0091074
28.11	0.0090998
28.12	0.0090922
28.13	0.0090846
28.14	0.009077
28.15	0.0090695
28.16	0.0090619
28.17	0.0090543
28.18	0.0090468
28.19	0.0090392
28.2	0.0090317
28.21	0.0090242
28.22	0.0090167
28.23	0.0090092
28.24	0.0090017
28.25	0.0089942
28.26	0.0089867
28.27	0.0089793
28.28	0.0089718
28.29	0.0089644
28.3	0.0089569
28.31	0.0089495
28.32	0.0089421
28.33	0.0089347
28.34	0.0089273
28.35	0.0089199
28.36	0.0089125
28.37	0.0089051
28.38	0.0088978
28.39	0.0088904
28.4	0.0088831
28.41	0.0088757
28.42	0.0088684
28.43	0.0088611
28.44	0.0088538
28.45	0.0088465
28.46	0.0088392
28.47	0.0088319
28.48	0.0088246
28.49	0.0088174
28.5	0.0088101
28.51	0.0088029
28.52	0.0087956
28.53	0.0087884
28.54	0.0087812
28.55	0.0087739
28.56	0.0087667
28.57	0.0087595
28.58	0.0087524
28.59	0.0087452
28.6	0.008738
28.61	0.0087308
28.62	0.0087237
28.63	0.0087165
28.64	0.0087094
28.65	0.0087023
28.66	0.0086952
28.67	0.0086881
28.68	0.008681
28.69	0.0086739
28.7	0.0086668
28.71	0.0086597
28.72	0.0086526
28.73	0.0086456
28.74	0.0086385
28.75	0.0086315
28.76	0.0086245
28.77	0.0086174
28.78	0.0086104
28.79	0.0086034
28.8	0.0085964
28.81	0.0085894
28.82	0.0085824
28.83	0.0085755
28.84	0.0085685
28.85	0.0085615
28.86	0.0085546
28.87	0.0085476
28.88	0.0085407
28.89	0.0085338
28.9	0.0085269
28.91	0.00852
28.92	0.0085131
28.93	0.0085062
28.94	0.0084993
28.95	0.0084924
28.96	0.0084855
28.97	0.0084787
28.98	0.0084718
28.99	0.008465
29.0	0.0084582
29.01	0.0084513
29.02	0.0084445
29.03	0.0084377
29.04	0.0084309
29.05	0.0084241
29.06	0.0084173
29.07	0.0084105
29.08	0.0084038
29.09	0.008397
29.1	0.0083903
29.11	0.0083835
29.12	0.0083768
29.13	0.00837
29.14	0.0083633
29.15	0.0083566
29.16	0.0083499
29.17	0.0083432
29.18	0.0083365
29.19	0.0083298
29.2	0.0083232
29.21	0.0083165
29.22	0.0083098
29.23	0.0083032
29.24	0.0082965
29.25	0.0082899
29.26	0.0082833
29.27	0.0082767
29.28	0.0082701
29.29	0.0082634
29.3	0.0082569
29.31	0.0082503
29.32	0.0082437
29.33	0.0082371
29.34	0.0082305
29.35	0.008224
29.36	0.0082174
29.37	0.0082109
29.38	0.0082044
29.39	0.0081978
29.4	0.0081913
29.41	0.0081848
29.42	0.0081783
29.43	0.0081718
29.44	0.0081653
29.45	0.0081588
29.46	0.0081524
29.47	0.0081459
29.48	0.0081394
29.49	0.008133
29.5	0.0081266
29.51	0.0081201
29.52	0.0081137
29.53	0.0081073
29.54	0.0081009
29.55	0.0080944
29.56	0.0080881
29.57	0.0080817
29.58	0.0080753
29.59	0.0080689
29.6	0.0080625
29.61	0.0080562
29.62	0.0080498
29.63	0.0080435
29.64	0.0080371
29.65	0.0080308
29.66	0.0080245
29.67	0.0080182
29.68	0.0080119
29.69	0.0080056
29.7	0.0079993
29.71	0.007993
29.72	0.0079867
29.73	0.0079804
29.74	0.0079742
29.75	0.0079679
29.76	0.0079616
29.77	0.0079554
29.78	0.0079492
29.79	0.0079429
29.8	0.0079367
29.81	0.0079305
29.82	0.0079243
29.83	0.0079181
29.84	0.0079119
29.85	0.0079057
29.86	0.0078995
29.87	0.0078934
29.88	0.0078872
29.89	0.007881
29.9	0.0078749
29.91	0.0078687
29.92	0.0078626
29.93	0.0078565
29.94	0.0078504
29.95	0.0078442
29.96	0.0078381
29.97	0.007832
29.98	0.0078259
29.99	0.0078199
30.0	0.0078138
30.01	0.0078077
30.02	0.0078016
30.03	0.0077956
30.04	0.0077895
30.05	0.0077835
30.06	0.0077774
30.07	0.0077714
30.08	0.0077654
30.09	0.0077594
30.1	0.0077533
30.11	0.0077473
30.12	0.0077413
30.13	0.0077354
30.14	0.0077294
30.15	0.0077234
30.16	0.0077174
30.17	0.0077115
30.18	0.0077055
30.19	0.0076996
30.2	0.0076936
30.21	0.0076877
30.22	0.0076818
30.23	0.0076758
30.24	0.0076699
30.25	0.007664
30.26	0.0076581
30.27	0.0076522
30.28	0.0076463
30.29	0.0076404
30.3	0.0076346
30.31	0.0076287
30.32	0.0076228
30.33	0.007617
30.34	0.0076111
30.35	0.0076053
30.36	0.0075994
30.37	0.0075936
30.38	0.0075878
30.39	0.007582
30.4	0.0075762
30.41	0.0075704
30.42	0.0075646
30.43	0.0075588
30.44	0.007553
30.45	0.0075472
30.46	0.0075415
30.47	0.0075357
30.48	0.0075299
30.49	0.0075242
30.5	0.0075184
30.51	0.0075127
30.52	0.007507
30.53	0.0075012
30.54	0.0074955
30.55	0.0074898
30.56	0.0074841
30.57	0.0074784
30.58	0.0074727
30.59	0.007467
30.6	0.0074613
30.61	0.0074557
30.62	0.00745
30.63	0.0074443
30.64	0.0074387
30.65	0.007433
30.66	0.0074274
30.67	0.0074218
30.68	0.0074161
30.69	0.0074105
30.7	0.0074049
30.71	0.0073993
30.72	0.0073937
30.73	0.0073881
30.74	0.0073825
30.75	0.0073769
30.76	0.0073713
30.77	0.0073658
30.78	0.0073602
30.79	0.0073546
30.8	0.0073491
30.81	0.0073435
30.82	0.007338
30.83	0.0073325
30.84	0.0073269
30.85	0.0073214
30.86	0.0073159
30.87	0.0073104
30.88	0.0073049
30.89	0.0072994
30.9	0.0072939
30.91	0.0072884
30.92	0.0072829
30.93	0.0072774
30.94	0.007272
30.95	0.0072665
30.96	0.0072611
30.97	0.0072556
30.98	0.0072502
30.99	0.0072447
31.0	0.0072393
31.01	0.0072339
31.02	0.0072284
31.03	0.007223
31.04	0.0072176
31.05	0.0072122
31.06	0.0072068
31.07	0.0072014
31.08	0.0071961
31.09	0.0071907
31.1	0.0071853
31.11	0.0071799
31.12	0.0071746
31.13	0.0071692
31.14	0.0071639
31.15	0.0071585
31.16	0.0071532
31.17	0.0071479
31.18	0.0071425
31.19	0.0071372
31.2	0.0071319
31.21	0.0071266
31.22	0.0071213
31.23	0.007116
31.24	0.0071107
31.25	0.0071054
31.26	0.0071002
31.27	0.0070949
31.28	0.0070896
31.29	0.0070844
31.3	0.0070791
31.31	0.0070738
31.32	0.0070686
31.33	0.0070634
31.34	0.0070581
31.35	0.0070529
31.36	0.0070477
31.37	0.0070425
31.38	0.0070373
31.39	0.0070321
31.4	0.0070269
31.41	0.0070217
31.42	0.0070165
31.43	0.0070113
31.44	0.0070061
31.45	0.007001
31.46	0.0069958
31.47	0.0069906
31.48	0.0069855
31.49	0.0069803
31.5	0.0069752
31.51	0.0069701
31.52	0.0069649
31.53	0.0069598
31.54	0.0069547
31.55	0.0069496
31.56	0.0069445
31.57	0.0069394
31.58	0.0069343
31.59	0.0069292
31.6	0.0069241
31.61	0.006919
31.62	0.0069139
31.63	0.0069089
31.64	0.0069038
31.65	0.0068987
31.66	0.0068937
31.67	0.0068886
31.68	0.0068836
31.69	0.0068786
31.7	0.0068735
31.71	0.0068685
31.72	0.0068635
31.73	0.0068585
31.74	0.0068535
31.75	0.0068485
31.76	0.0068435
31.77	0.0068385
31.78	0.0068335
31.79	0.0068285
31.8	0.0068235
31.81	0.0068185
31.82	0.0068136
31.83	0.0068086
31.84	0.0068037
31.85	0.0067987
31.86	0.0067938
31.87	0.0067888
31.88	0.0067839
31.89	0.006779
31.9	0.006774
31.91	0.0067691
31.92	0.0067642
31.93	0.0067593
31.94	0.0067544
31.95	0.0067495
31.96	0.0067446
31.97	0.0067397
31.98	0.0067348
31.99	0.00673
32.0	0.0067251
32.01	0.0067202
32.02	0.0067154
32.03	0.0067105
32.04	0.0067057
32.05	0.0067008
32.06	0.006696
32.07	0.0066911
32.08	0.0066863
32.09	0.0066815
32.1	0.0066767
32.11	0.0066719
32.12	0.006667
32.13	0.0066622
32.14	0.0066574
32.15	0.0066526
32.16	0.0066479
32.17	0.0066431
32.18	0.0066383
32.19	0.0066335
32.2	0.0066288
32.21	0.006624
32.22	0.0066192
32.23	0.0066145
32.24	0.0066097
32.25	0.006605
32.26	0.0066002
32.27	0.0065955
32.28	0.0065908
32.29	0.0065861
32.3	0.0065813
32.31	0.0065766
32.32	0.0065719
32.33	0.0065672
32.34	0.0065625
32.35	0.0065578
32.36	0.0065531
32.37	0.0065485
32.38	0.0065438
32.39	0.0065391
32.4	0.0065344
32.41	0.0065298
32.42	0.0065251
32.43	0.0065205
32.44	0.0065158
32.45	0.0065112
32.46	0.0065065
32.47	0.0065019
32.48	0.0064973
32.49	0.0064926
32.5	0.006488
32.51	0.0064834
32.52	0.0064788
32.53	0.0064742
32.54	0.0064696
32.55	0.006465
32.56	0.0064604
32.57	0.0064558
32.58	0.0064512
32.59	0.0064467
32.6	0.0064421
32.61	0.0064375
32.62	0.006433
32.63	0.0064284
32.64	0.0064239
32.65	0.0064193
32.66	0.0064148
32.67	0.0064102
32.68	0.0064057
32.69	0.0064012
32.7	0.0063967
32.71	0.0063921
32.72	0.0063876
32.73	0.0063831
32.74	0.0063786
32.75	0.0063741
32.76	0.0063696
32.77	0.0063651
32.78	0.0063606
32.79	0.0063562
32.8	0.0063517
32.81	0.0063472
32.82	0.0063427
32.83	0.0063383
32.84	0.0063338
32.85	0.0063294
32.86	0.0063249
32.87	0.0063205
32.88	0.006316
32.89	0.0063116
32.9	0.0063072
32.91	0.0063027
32.92	0.0062983
32.93	0.0062939
32.94	0.0062895
32.95	0.0062851
32.96	0.0062807
32.97	0.0062763
32.98	0.0062719
32.99	0.0062675
33.0	0.0062631
33.01	0.0062587
33.02	0.0062544
33.03	0.00625
33.04	0.0062456
33.05	0.0062413
33.06	0.0062369
33.07	0.0062326
33.08	0.0062282
33.09	0.0062239
33.1	0.0062195
33.11	0.0062152
33.12	0.0062109
33.13	0.0062065
33.14	0.0062022
33.15	0.0061979
33.16	0.0061936
33.17	0.0061893
33.18	0.006185
33.19	0.0061807
33.2	0.0061764
33.21	0.0061721
33.22	0.0061678
33.23	0.0061635
33.24	0.0061592
33.25	0.006155
33.26	0.0061507
33.27	0.0061464
33.28	0.0061422
33.29	0.0061379
33.3	0.0061337
33.31	0.0061294
33.32	0.0061252
33.33	0.006121
33.34	0.0061167
33.35	0.0061125
33.36	0.0061083
33.37	0.006104
33.38	0.0060998
33.39	0.0060956
33.4	0.0060914
33.41	0.0060872
33.42	0.006083
33.43	0.0060788
33.44	0.0060746
33.45	0.0060704
33.46	0.0060663
33.47	0.0060621
33.48	0.0060579
33.49	0.0060537
33.5	0.0060496
33.51	0.0060454
33.52	0.0060413
33.53	0.0060371
33.54	0.006033
33.55	0.0060288
33.56	0.0060247
33.57	0.0060205
33.58	0.0060164
33.59	0.0060123
33.6	0.0060082
33.61	0.006004
33.62	0.0059999
33.63	0.0059958
33.64	0.0059917
33.65	0.0059876
33.66	0.0059835
33.67	0.0059794
33.68	0.0059753
33.69	0.0059712
33.7	0.0059672
33.71	0.0059631
33.72	0.005959
33.73	0.0059549
33.74	0.0059509
33.75	0.0059468
33.76	0.0059428
33.77	0.0059387
33.78	0.0059347
33.79	0.0059306
33.8	0.0059266
33.81	0.0059225
33.82	0.0059185
33.83	0.0059145
33.84	0.0059105
33.85	0.0059064
33.86	0.0059024
33.87	0.0058984
33.88	0.0058944
33.89	0.0058904
33.9	0.0058864
33.91	0.0058824
33.92	0.0058784
33.93	0.0058744
33.94	0.0058704
33.95	0.0058665
33.96	0.0058625
33.97	0.0058585
33.98	0.0058545
33.99	0.0058506
34.0	0.0058466
34.01	0.0058427
34.02	0.0058387
34.03	0.0058348
34.04	0.0058308
34.05	0.0058269
34.06	0.0058229
34.07	0.005819
34.08	0.0058151
34.09	0.0058112
34.1	0.0058072
34.11	0.0058033
34.12	0.0057994
34.13	0.0057955
34.14	0.0057916
34.15	0.0057877
34.16	0.0057838
34.17	0.0057799
34.18	0.005776
34.19	0.0057721
34.2	0.0057683
34.21	0.0057644
34.22	0.0057605
34.23	0.0057566
34.24	0.0057528
34.25	0.0057489
34.26	0.0057451
34.27	0.0057412
34.28	0.0057374
34.29	0.0057335
34.3	0.0057297
34.31	0.0057258
34.32	0.005722
34.33	0.0057182
34.34	0.0057143
34.35	0.0057105
34.36	0.0057067
34.37	0.0057029
34.38	0.0056991
34.39	0.0056952
34.4	0.0056914
34.41	0.0056876
34.42	0.0056838
34.43	0.0056801
34.44	0.0056763
34.45	0.0056725
34.46	0.0056687
34.47	0.0056649
34.48	0.0056611
34.49	0.0056574
34.5	0.0056536
34.51	0.0056498
34.52	0.0056461
34.53	0.0056423
34.54	0.0056386
34.55	0.0056348
34.56	0.0056311
34.57	0.0056273
34.58	0.0056236
34.59	0.0056199
34.6	0.0056161
34.61	0.0056124
34.62	0.0056087
34.63	0.005605
34.64	0.0056012
34.65	0.0055975
34.66	0.0055938
34.67	0.0055901
34.68	0.0055864
34.69	0.0055827
34.7	0.005579
34.71	0.0055753
34.72	0.0055717
34.73	0.005568
34.74	0.0055643
34.75	0.0055606
34.76	0.0055569
34.77	0.0055533
34.78	0.0055496
34.79	0.0055459
34.8	0.0055423
34.81	0.0055386
34.82	0.005535
34.83	0.0055313
34.84	0.0055277
34.85	0.0055241
34.86	0.0055204
34.87	0.0055168
34.88	0.0055132
34.89	0.0055095
34.9	0.0055059
34.91	0.0055023
34.92	0.0054987
34.93	0.0054951
34.94	0.0054915
34.95	0.0054878
34.96	0.0054842
34.97	0.0054806
34.98	0.0054771
34.99	0.0054735
35.0	0.0054699
35.01	0.0054663
35.02	0.0054627
35.03	0.0054591
35.04	0.0054556
35.05	0.005452
35.06	0.0054484
35.07	0.0054449
35.08	0.0054413
35.09	0.0054377
35.1	0.0054342
35.11	0.0054306
35.12	0.0054271
35.13	0.0054236
35.14	0.00542
35.15	0.0054165
35.16	0.005413
35.17	0.0054094
35.18	0.0054059
35.19	0.0054024
35.2	0.0053989
35.21	0.0053953
35.22	0.0053918
35.23	0.0053883
35.24	0.0053848
35.25	0.0053813
35.26	0.0053778
35.27	0.0053743
35.28	0.0053708
35.29	0.0053673
35.3	0.0053639
35.31	0.0053604
35.32	0.0053569
35.33	0.0053534
35.34	0.00535
35.35	0.0053465
35.36	0.005343
35.37	0.0053396
35.38	0.0053361
35.39	0.0053326
35.4	0.0053292
35.41	0.0053257
35.42	0.0053223
35.43	0.0053189
35.44	0.0053154
35.45	0.005312
35.46	0.0053086
35.47	0.0053051
35.48	0.0053017
35.49	0.0052983
35.5	0.0052949
35.51	0.0052915
35.52	0.005288
35.53	0.0052846
35.54	0.0052812
35.55	0.0052778
35.56	0.0052744
35.57	0.005271
35.58	0.0052676
35.59	0.0052642
35.6	0.0052609
35.61	0.0052575
35.62	0.0052541
35.63	0.0052507
35.64	0.0052473
35.65	0.005244
35.66	0.0052406
35.67	0.0052373
35.68	0.0052339
35.69	0.0052305
35.7	0.0052272
35.71	0.0052238
35.72	0.0052205
35.73	0.0052171
35.74	0.0052138
35.75	0.0052105
35.76	0.0052071
35.77	0.0052038
35.78	0.0052005
35.79	0.0051971
35.8	0.0051938
35.81	0.0051905
35.82	0.0051872
35.83	0.0051839
35.84	0.0051806
35.85	0.0051773
35.86	0.005174
35.87	0.0051707
35.88	0.0051674
35.89	0.0051641
35.9	0.0051608
35.91	0.0051575
35.92	0.0051542
35.93	0.0051509
35.94	0.0051476
35.95	0.0051444
35.96	0.0051411
35.97	0.0051378
35.98	0.0051346
35.99	0.0051313
36.0	0.005128
36.01	0.0051248
36.02	0.0051215
36.03	0.0051183
36.04	0.005115
36.05	0.0051118
36.06	0.0051085
36.07	0.0051053
36.08	0.0051021
36.09	0.0050988
36.1	0.0050956
36.11	0.0050924
36.12	0.0050892
36.13	0.0050859
36.14	0.0050827
36.15	0.0050795
36.16	0.0050763
36.17	0.0050731
36.18	0.0050699
36.19	0.0050667
36.2	0.0050635
36.21	0.0050603
36.22	0.0050571
36.23	0.0050539
36.24	0.0050507
36.25	0.0050475
36.26	0.0050443
36.27	0.0050412
36.28	0.005038
36.29	0.0050348
36.3	0.0050316
36.31	0.0050285
36.32	0.0050253
36.33	0.0050222
36.34	0.005019
36.35	0.0050158
36.36	0.0050127
36.37	0.0050095
36.38	0.0050064
36.39	0.0050033
36.4	0.0050001
36.41	0.004997
36.42	0.0049938
36.43	0.0049907
36.44	0.0049876
36.45	0.0049845
36.46	0.0049813
36.47	0.0049782
36.48	0.0049751
36.49	0.004972
36.5	0.0049689
36.51	0.0049658
36.52	0.0049627
36.53	0.0049596
36.54	0.0049565
36.55	0.0049534
36.56	0.0049503
36.57	0.0049472
36.58	0.0049441
36.59	0.004941
36.6	0.0049379
36.61	0.0049349
36.62	0.0049318
36.63	0.0049287
36.64	0.0049256
36.65	0.0049226
36.66	0.0049195
36.67	0.0049164
36.68	0.0049134
36.69	0.0049103
36.7	0.0049073
36.71	0.0049042
36.72	0.0049012
36.73	0.0048981
36.74	0.0048951
36.75	0.004892
36.76	0.004889
36.77	0.004886
36.78	0.0048829
36.79	0.0048799
36.8	0.0048769
36.81	0.0048739
36.82	0.0048708
36.83	0.0048678
36.84	0.0048648
36.85	0.0048618
36.86	0.0048588
36.87	0.0048558
36.88	0.0048528
36.89	0.0048498
36.9	0.0048468
36.91	0.0048438
36.92	0.0048408
36.93	0.0048378
36.94	0.0048348
36.95	0.0048318
36.96	0.0048288
36.97	0.0048259
36.98	0.0048229
36.99	0.0048199
37.0	0.0048169
37.01	0.004814
37.02	0.004811
37.03	0.0048081
37.04	0.0048051
37.05	0.0048021
37.06	0.0047992
37.07	0.0047962
37.08	0.0047933
37.09	0.0047903
37.1	0.0047874
37.11	0.0047844
37.12	0.0047815
37.13	0.0047786
37.14	0.0047756
37.15	0.0047727
37.16	0.0047698
37.17	0.0047669
37.18	0.0047639
37.19	0.004761
37.2	0.0047581
37.21	0.0047552
37.22	0.0047523
37.23	0.0047494
37.24	0.0047465
37.25	0.0047436
37.26	0.0047407
37.27	0.0047378
37.28	0.0047349
37.29	0.004732
37.3	0.0047291
37.31	0.0047262
37.32	0.0047233
37.33	0.0047204
37.34	0.0047175
37.35	0.0047147
37.36	0.0047118
37.37	0.0047089
37.38	0.004706
37.39	0.0047032
37.4	0.0047003
37.41	0.0046975
37.42	0.0046946
37.43	0.0046917
37.44	0.0046889
37.45	0.004686
37.46	0.0046832
37.47	0.0046803
37.48	0.0046775
37.49	0.0046747
37.5	0.0046718
37.51	0.004669
37.52	0.0046661
37.53	0.0046633
37.54	0.0046605
37.55	0.0046577
37.56	0.0046548
37.57	0.004652
37.58	0.0046492
37.59	0.0046464
37.6	0.0046436
37.61	0.0046408
37.62	0.0046379
37.63	0.0046351
37.64	0.0046323
37.65	0.0046295
37.66	0.0046267
37.67	0.0046239
37.68	0.0046211
37.69	0.0046184
37.7	0.0046156
37.71	0.0046128
37.72	0.00461
37.73	0.0046072
37.74	0.0046044
37.75	0.0046017
37.76	0.0045989
37.77	0.0045961
37.78	0.0045934
37.79	0.0045906
37.8	0.0045878
37.81	0.0045851
37.82	0.0045823
37.83	0.0045796
37.84	0.0045768
37.85	0.004574
37.86	0.0045713
37.87	0.0045686
37.88	0.0045658
37.89	0.0045631
37.9	0.0045603
37.91	0.0045576
37.92	0.0045549
37.93	0.0045521
37.94	0.0045494
37.95	0.0045467
37.96	0.0045439
37.97	0.0045412
37.98	0.0045385
37.99	0.0045358
38.0	0.0045331
38.01	0.0045304
38.02	0.0045277
38.03	0.0045249
38.04	0.0045222
38.05	0.0045195
38.06	0.0045168
38.07	0.0045141
38.08	0.0045114
38.09	0.0045088
38.1	0.0045061
38.11	0.0045034
38.12	0.0045007
38.13	0.004498
38.14	0.0044953
38.15	0.0044926
38.16	0.00449
38.17	0.0044873
38.18	0.0044846
38.19	0.004482
38.2	0.0044793
38.21	0.0044766
38.22	0.004474
38.23	0.0044713
38.24	0.0044686
38.25	0.004466
38.26	0.0044633
38.27	0.0044607
38.28	0.004458
38.29	0.0044554
38.3	0.0044528
38.31	0.0044501
38.32	0.0044475
38.33	0.0044448
38.34	0.0044422
38.35	0.0044396
38.36	0.0044369
38.37	0.0044343
38.38	0.0044317
38.39	0.0044291
38.4	0.0044264
38.41	0.0044238
38.42	0.0044212
38.43	0.0044186
38.44	0.004416
38.45	0.0044134
38.46	0.0044108
38.47	0.0044082
38.48	0.0044056
38.49	0.004403
38.5	0.0044004
38.51	0.0043978
38.52	0.0043952
38.53	0.0043926
38.54	0.00439
38.55	0.0043874
38.56	0.0043848
38.57	0.0043823
38.58	0.0043797
38.59	0.0043771
38.6	0.0043745
38.61	0.004372
38.62	0.0043694
38.63	0.0043668
38.64	0.0043642
38.65	0.0043617
38.66	0.0043591
38.67	0.0043566
38.68	0.004354
38.69	0.0043515
38.7	0.0043489
38.71	0.0043464
38.72	0.0043438
38.73	0.0043413
38.74	0.0043387
38.75	0.0043362
38.76	0.0043336
38.77	0.0043311
38.78	0.0043286
38.79	0.004326
38.8	0.0043235
38.81	0.004321
38.82	0.0043184
38.83	0.0043159
38.84	0.0043134
38.85	0.0043109
38.86	0.0043084
38.87	0.0043059
38.88	0.0043033
38.89	0.0043008
38.9	0.0042983
38.91	0.0042958
38.92	0.0042933
38.93	0.0042908
38.94	0.0042883
38.95	0.0042858
38.96	0.0042833
38.97	0.0042808
38.98	0.0042783
38.99	0.0042758
39.0	0.0042734
39.01	0.0042709
39.02	0.0042684
39.03	0.0042659
39.04	0.0042634
39.05	0.004261
39.06	0.0042585
39.07	0.004256
39.08	0.0042535
39.09	0.0042511
39.1	0.0042486
39.11	0.0042461
39.12	0.0042437
39.13	0.0042412
39.14	0.0042388
39.15	0.0042363
39.16	0.0042339
39.17	0.0042314
39.18	0.004229
39.19	0.0042265
39.2	0.0042241
39.21	0.0042216
39.22	0.0042192
39.23	0.0042168
39.24	0.0042143
39.25	0.0042119
39.26	0.0042095
39.27	0.004207
39.28	0.0042046
39.29	0.0042022
39.3	0.0041997
39.31	0.0041973
39.32	0.0041949
39.33	0.0041925
39.34	0.0041901
39.35	0.0041877
39.36	0.0041853
39.37	0.0041828
39.38	0.0041804
39.39	0.004178
39.4	0.0041756
39.41	0.0041732
39.42	0.0041708
39.43	0.0041684
39.44	0.004166
39.45	0.0041636
39.46	0.0041613
39.47	0.0041589
39.48	0.0041565
39.49	0.0041541
39.5	0.0041517
39.51	0.0041493
39.52	0.004147
39.53	0.0041446
39.54	0.0041422
39.55	0.0041398
39.56	0.0041375
39.57	0.0041351
39.58	0.0041327
39.59	0.0041304
39.6	0.004128
39.61	0.0041256
39.62	0.0041233
39.63	0.0041209
39.64	0.0041186
39.65	0.0041162
39.66	0.0041139
39.67	0.0041115
39.68	0.0041092
39.69	0.0041068
39.7	0.0041045
39.71	0.0041022
39.72	0.0040998
39.73	0.0040975
39.74	0.0040951
39.75	0.0040928
39.76	0.0040905
39.77	0.0040882
39.78	0.0040858
39.79	0.0040835
39.8	0.0040812
39.81	0.0040789
39.82	0.0040765
39.83	0.0040742
39.84	0.0040719
39.85	0.0040696
39.86	0.0040673
39.87	0.004065
39.88	0.0040627
39.89	0.0040604
39.9	0.0040581
39.91	0.0040558
39.92	0.0040535
39.93	0.0040512
39.94	0.0040489
39.95	0.0040466
39.96	0.0040443
39.97	0.004042
39.98	0.0040397
39.99	0.0040374
40.0	0.0040352
40.01	0.0040329
40.02	0.0040306
40.03	0.0040283
40.04	0.004026
40.05	0.0040238
40.06	0.0040215
40.07	0.0040192
40.08	0.004017
40.09	0.0040147
40.1	0.0040124
40.11	0.0040102
40.12	0.0040079
40.13	0.0040056
40.14	0.0040034
40.15	0.0040011
40.16	0.0039989
40.17	0.0039966
40.18	0.0039944
40.19	0.0039921
40.2	0.0039899
40.21	0.0039876
40.22	0.0039854
40.23	0.0039832
40.24	0.0039809
40.25	0.0039787
40.26	0.0039765
40.27	0.0039742
40.28	0.003972
40.29	0.0039698
40.3	0.0039675
40.31	0.0039653
40.32	0.0039631
40.33	0.0039609
40.34	0.0039586
40.35	0.0039564
40.36	0.0039542
40.37	0.003952
40.38	0.0039498
40.39	0.0039476
40.4	0.0039454
40.41	0.0039432
40.42	0.003941
40.43	0.0039388
40.44	0.0039366
40.45	0.0039344
40.46	0.0039322
40.47	0.00393
40.48	0.0039278
40.49	0.0039256
40.5	0.0039234
40.51	0.0039212
40.52	0.003919
40.53	0.0039168
40.54	0.0039146
40.55	0.0039125
40.56	0.0039103
40.57	0.0039081
40.58	0.0039059
40.59	0.0039038
40.6	0.0039016
40.61	0.0038994
40.62	0.0038972
40.63	0.0038951
40.64	0.0038929
40.65	0.0038908
40.66	0.0038886
40.67	0.0038864
40.68	0.0038843
40.69	0.0038821
40.7	0.00388
40.71	0.0038778
40.72	0.0038757
40.73	0.0038735
40.74	0.0038714
40.75	0.0038692
40.76	0.0038671
40.77	0.0038649
40.78	0.0038628
40.79	0.0038607
40.8	0.0038585
40.81	0.0038564
40.82	0.0038543
40.83	0.0038521
40.84	0.00385
40.85	0.0038479
40.86	0.0038457
40.87	0.0038436
40.88	0.0038415
40.89	0.0038394
40.9	0.0038373
40.91	0.0038351
40.92	0.003833
40.93	0.0038309
40.94	0.0038288
40.95	0.0038267
40.96	0.0038246
40.97	0.0038225
40.98	0.0038204
40.99	0.0038183
41.0	0.0038162
41.01	0.0038141
41.02	0.003812
41.03	0.0038099
41.04	0.0038078
41.05	0.0038057
41.06	0.0038036
41.07	0.0038015
41.08	0.0037994
41.09	0.0037973
41.1	0.0037952
41.11	0.0037932
41.12	0.0037911
41.13	0.003789
41.14	0.0037869
41.15	0.0037848
41.16	0.0037828
41.17	0.0037807
41.18	0.0037786
41.19	0.0037766
41.2	0.0037745
41.21	0.0037724
41.22	0.0037704
41.23	0.0037683
41.24	0.0037662
41.25	0.0037642
41.26	0.0037621
41.27	0.0037601
41.28	0.003758
41.29	0.003756
41.3	0.0037539
41.31	0.0037519
41.32	0.0037498
41.33	0.0037478
41.34	0.0037457
41.35	0.0037437
41.36	0.0037416
41.37	0.0037396
41.38	0.0037376
41.39	0.0037355
41.4	0.0037335
41.41	0.0037315
41.42	0.0037294
41.43	0.0037274
41.44	0.0037254
41.45	0.0037234
41.46	0.0037213
41.47	0.0037193
41.48	0.0037173
41.49	0.0037153
41.5	0.0037132
41.51	0.0037112
41.52	0.0037092
41.53	0.0037072
41.54	0.0037052
41.55	0.0037032
41.56	0.0037012
41.57	0.0036992
41.58	0.0036972
41.59	0.0036952
41.6	0.0036932
41.61	0.0036912
41.62	0.0036892
41.63	0.0036872
41.64	0.0036852
41.65	0.0036832
41.66	0.0036812
41.67	0.0036792
41.68	0.0036772
41.69	0.0036752
41.7	0.0036732
41.71	0.0036712
41.72	0.0036693
41.73	0.0036673
41.74	0.0036653
41.75	0.0036633
41.76	0.0036614
41.77	0.0036594
41.78	0.0036574
41.79	0.0036554
41.8	0.0036535
41.81	0.0036515
41.82	0.0036495
41.83	0.0036476
41.84	0.0036456
41.85	0.0036436
41.86	0.0036417
41.87	0.0036397
41.88	0.0036378
41.89	0.0036358
41.9	0.0036339
41.91	0.0036319
41.92	0.00363
41.93	0.003628
41.94	0.0036261
41.95	0.0036241
41.96	0.0036222
41.97	0.0036202
41.98	0.0036183
41.99	0.0036163
42.0	0.0036144
42.01	0.0036125
42.02	0.0036105
42.03	0.0036086
42.04	0.0036067
42.05	0.0036047
42.06	0.0036028
42.07	0.0036009
42.08	0.0035989
42.09	0.003597
42.1	0.0035951
42.11	0.0035932
42.12	0.0035913
42.13	0.0035893
42.14	0.0035874
42.15	0.0035855
42.16	0.0035836
42.17	0.0035817
42.18	0.0035798
42.19	0.0035779
42.2	0.003576
42.21	0.003574
42.22	0.0035721
42.23	0.0035702
42.24	0.0035683
42.25	0.0035664
42.26	0.0035645
42.27	0.0035626
42.28	0.0035607
42.29	0.0035589
42.3	0.003557
42.31	0.0035551
42.32	0.0035532
42.33	0.0035513
42.34	0.0035494
42.35	0.0035475
42.36	0.0035456
42.37	0.0035438
42.38	0.0035419
42.39	0.00354
42.4	0.0035381
42.41	0.0035362
42.42	0.0035344
42.43	0.0035325
42.44	0.0035306
42.45	0.0035288
42.46	0.0035269
42.47	0.003525
42.48	0.0035231
42.49	0.0035213
42.5	0.0035194
42.51	0.0035176
42.52	0.0035157
42.53	0.0035138
42.54	0.003512
42.55	0.0035101
42.56	0.0035083
42.57	0.0035064
42.58	0.0035046
42.59	0.0035027
42.6	0.0035009
42.61	0.003499
42.62	0.0034972
42.63	0.0034953
42.64	0.0034935
42.65	0.0034917
42.66	0.0034898
42.67	0.003488
42.68	0.0034861
42.69	0.0034843
42.7	0.0034825
42.71	0.0034806
42.72	0.0034788
42.73	0.003477
42.74	0.0034751
42.75	0.0034733
42.76	0.0034715
42.77	0.0034697
42.78	0.0034678
42.79	0.003466
42.8	0.0034642
42.81	0.0034624
42.82	0.0034606
42.83	0.0034588
42.84	0.0034569
42.85	0.0034551
42.86	0.0034533
42.87	0.0034515
42.88	0.0034497
42.89	0.0034479
42.9	0.0034461
42.91	0.0034443
42.92	0.0034425
42.93	0.0034407
42.94	0.0034389
42.95	0.0034371
42.96	0.0034353
42.97	0.0034335
42.98	0.0034317
42.99	0.0034299
43.0	0.0034281
43.01	0.0034263
43.02	0.0034245
43.03	0.0034227
43.04	0.003421
43.05	0.0034192
43.06	0.0034174
43.07	0.0034156
43.08	0.0034138
43.09	0.003412
43.1	0.0034103
43.11	0.0034085
43.12	0.0034067
43.13	0.0034049
43.14	0.0034032
43.15	0.0034014
43.16	0.0033996
43.17	0.0033979
43.18	0.0033961
43.19	0.0033943
43.2	0.0033926
43.21	0.0033908
43.22	0.003389
43.23	0.0033873
43.24	0.0033855
43.25	0.0033838
43.26	0.003382
43.27	0.0033803
43.28	0.0033785
43.29	0.0033768
43.3	0.003375
43.31	0.0033733
43.32	0.0033715
43.33	0.0033698
43.34	0.003368
43.35	0.0033663
43.36	0.0033645
43.37	0.0033628
43.38	0.0033611
43.39	0.0033593
43.4	0.0033576
43.41	0.0033558
43.42	0.0033541
43.43	0.0033524
43.44	0.0033506
43.45	0.0033489
43.46	0.0033472
43.47	0.0033455
43.48	0.0033437
43.49	0.003342
43.5	0.0033403
43.51	0.0033386
43.52	0.0033368
43.53	0.0033351
43.54	0.0033334
43.55	0.0033317
43.56	0.00333
43.57	0.0033283
43.58	0.0033265
43.59	0.0033248
43.6	0.0033231
43.61	0.0033214
43.62	0.0033197
43.63	0.003318
43.64	0.0033163
43.65	0.0033146
43.66	0.0033129
43.67	0.0033112
43.68	0.0033095
43.69	0.0033078
43.7	0.0033061
43.71	0.0033044
43.72	0.0033027
43.73	0.003301
43.74	0.0032993
43.75	0.0032976
43.76	0.0032959
43.77	0.0032942
43.78	0.0032926
43.79	0.0032909
43.8	0.0032892
43.81	0.0032875
43.82	0.0032858
43.83	0.0032841
43.84	0.0032825
43.85	0.0032808
43.86	0.0032791
43.87	0.0032774
43.88	0.0032758
43.89	0.0032741
43.9	0.0032724
43.91	0.0032707
43.92	0.0032691
43.93	0.0032674
43.94	0.0032657
43.95	0.0032641
43.96	0.0032624
43.97	0.0032607
43.98	0.0032591
43.99	0.0032574
44.0	0.0032558
44.01	0.0032541
44.02	0.0032524
44.03	0.0032508
44.04	0.0032491
44.05	0.0032475
44.06	0.0032458
44.07	0.0032442
44.08	0.0032425
44.09	0.0032409
44.1	0.0032392
44.11	0.0032376
44.12	0.0032359
44.13	0.0032343
44.14	0.0032327
44.15	0.003231
44.16	0.0032294
44.17	0.0032277
44.18	0.0032261
44.19	0.0032245
44.2	0.0032228
44.21	0.0032212
44.22	0.0032196
44.23	0.0032179
44.24	0.0032163
44.25	0.0032147
44.26	0.0032131
44.27	0.0032114
44.28	0.0032098
44.29	0.0032082
44.3	0.0032066
44.31	0.0032049
44.32	0.0032033
44.33	0.0032017
44.34	0.0032001
44.35	0.0031985
44.36	0.0031969
44.37	0.0031952
44.38	0.0031936
44.39	0.003192
44.4	0.0031904
44.41	0.0031888
44.42	0.0031872
44.43	0.0031856
44.44	0.003184
44.45	0.0031824
44.46	0.0031808
44.47	0.0031792
44.48	0.0031776
44.49	0.003176
44.5	0.0031744
44.51	0.0031728
44.52	0.0031712
44.53	0.0031696
44.54	0.003168
44.55	0.0031664
44.56	0.0031648
44.57	0.0031632
44.58	0.0031616
44.59	0.0031601
44.6	0.0031585
44.61	0.0031569
44.62	0.0031553
44.63	0.0031537
44.64	0.0031521
44.65	0.0031506
44.66	0.003149
44.67	0.0031474
44.68	0.0031458
44.69	0.0031443
44.7	0.0031427
44.71	0.0031411
44.72	0.0031395
44.73	0.003138
44.74	0.0031364
44.75	0.0031348
44.76	0.0031333
44.77	0.0031317
44.78	0.0031301
44.79	0.0031286
44.8	0.003127
44.81	0.0031254
44.82	0.0031239
44.83	0.0031223
44.84	0.0031208
44.85	0.0031192
44.86	0.0031177
44.87	0.0031161
44.88	0.0031146
44.89	0.003113
44.9	0.0031114
44.91	0.0031099
44.92	0.0031084
44.93	0.0031068
44.94	0.0031053
44.95	0.0031037
44.96	0.0031022
44.97	0.0031006
44.98	0.0030991
44.99	0.0030975
45.0	0.003096
45.01	0.0030945
45.02	0.0030929
45.03	0.0030914
45.04	0.0030899
45.05	0.0030883
45.06	0.0030868
45.07	0.0030853
45.08	0.0030837
45.09	0.0030822
45.1	0.0030807
45.11	0.0030791
45.12	0.0030776
45.13	0.0030761
45.14	0.0030746
45.15	0.0030731
45.16	0.0030715
45.17	0.00307
45.18	0.0030685
45.19	0.003067
45.2	0.0030655
45.21	0.0030639
45.22	0.0030624
45.23	0.0030609
45.24	0.0030594
45.25	0.0030579
45.26	0.0030564
45.27	0.0030549
45.28	0.0030534
45.29	0.0030519
45.3	0.0030504
45.31	0.0030488
45.32	0.0030473
45.33	0.0030458
45.34	0.0030443
45.35	0.0030428
45.36	0.0030413
45.37	0.0030398
45.38	0.0030383
45.39	0.0030369
45.4	0.0030354
45.41	0.0030339
45.42	0.0030324
45.43	0.0030309
45.44	0.0030294
45.45	0.0030279
45.46	0.0030264
45.47	0.0030249
45.48	0.0030234
45.49	0.003022
45.5	0.0030205
45.51	0.003019
45.52	0.0030175
45.53	0.003016
45.54	0.0030145
45.55	0.0030131
45.56	0.0030116
45.57	0.0030101
45.58	0.0030086
45.59	0.0030072
45.6	0.0030057
45.61	0.0030042
45.62	0.0030028
45.63	0.0030013
45.64	0.0029998
45.65	0.0029983
45.66	0.0029969
45.67	0.0029954
45.68	0.002994
45.69	0.0029925
45.7	0.002991
45.71	0.0029896
45.72	0.0029881
45.73	0.0029866
45.74	0.0029852
45.75	0.0029837
45.76	0.0029823
45.77	0.0029808
45.78	0.0029794
45.79	0.0029779
45.8	0.0029765
45.81	0.002975
45.82	0.0029736
45.83	0.0029721
45.84	0.0029707
45.85	0.0029692
45.86	0.0029678
45.87	0.0029663
45.88	0.0029649
45.89	0.0029634
45.9	0.002962
45.91	0.0029606
45.92	0.0029591
45.93	0.0029577
45.94	0.0029563
45.95	0.0029548
45.96	0.0029534
45.97	0.0029519
45.98	0.0029505
45.99	0.0029491
46.0	0.0029477
46.01	0.0029462
46.02	0.0029448
46.03	0.0029434
46.04	0.0029419
46.05	0.0029405
46.06	0.0029391
46.07	0.0029377
46.08	0.0029362
46.09	0.0029348
46.1	0.0029334
46.11	0.002932
46.12	0.0029306
46.13	0.0029291
46.14	0.0029277
46.15	0.0029263
46.16	0.0029249
46.17	0.0029235
46.18	0.0029221
46.19	0.0029207
46.2	0.0029193
46.21	0.0029178
46.22	0.0029164
46.23	0.002915
46.24	0.0029136
46.25	0.0029122
46.26	0.0029108
46.27	0.0029094
46.28	0.002908
46.29	0.0029066
46.3	0.0029052
46.31	0.0029038
46.32	0.0029024
46.33	0.002901
46.34	0.0028996
46.35	0.0028982
46.36	0.0028968
46.37	0.0028954
46.38	0.002894
46.39	0.0028927
46.4	0.0028913
46.41	0.0028899
46.42	0.0028885
46.43	0.0028871
46.44	0.0028857
46.45	0.0028843
46.46	0.0028829
46.47	0.0028816
46.48	0.0028802
46.49	0.0028788
46.5	0.0028774
46.51	0.002876
46.52	0.0028747
46.53	0.0028733
46.54	0.0028719
46.55	0.0028705
46.56	0.0028692
46.57	0.0028678
46.58	0.0028664
46.59	0.002865
46.6	0.0028637
46.61	0.0028623
46.62	0.0028609
46.63	0.0028596
46.64	0.0028582
46.65	0.0028568
46.66	0.0028555
46.67	0.0028541
46.68	0.0028527
46.69	0.0028514
46.7	0.00285
46.71	0.0028487
46.72	0.0028473
46.73	0.0028459
46.74	0.0028446
46.75	0.0028432
46.76	0.0028419
46.77	0.0028405
46.78	0.0028392
46.79	0.0028378
46.8	0.0028365
46.81	0.0028351
46.82	0.0028338
46.83	0.0028324
46.84	0.0028311
46.85	0.0028297
46.86	0.0028284
46.87	0.002827
46.88	0.0028257
46.89	0.0028244
46.9	0.002823
46.91	0.0028217
46.92	0.0028203
46.93	0.002819
46.94	0.0028177
46.95	0.0028163
46.96	0.002815
46.97	0.0028136
46.98	0.0028123
46.99	0.002811
47.0	0.0028097
47.01	0.0028083
47.02	0.002807
47.03	0.0028057
47.04	0.0028043
47.05	0.002803
47.06	0.0028017
47.07	0.0028004
47.08	0.002799
47.09	0.0027977
47.1	0.0027964
47.11	0.0027951
47.12	0.0027937
47.13	0.0027924
47.14	0.0027911
47.15	0.0027898
47.16	0.0027885
47.17	0.0027872
47.18	0.0027858
47.19	0.0027845
47.2	0.0027832
47.21	0.0027819
47.22	0.0027806
47.23	0.0027793
47.24	0.002778
47.25	0.0027767
47.26	0.0027753
47.27	0.002774
47.28	0.0027727
47.29	0.0027714
47.3	0.0027701
47.31	0.0027688
47.32	0.0027675
47.33	0.0027662
47.34	0.0027649
47.35	0.0027636
47.36	0.0027623
47.37	0.002761
47.38	0.0027597
47.39	0.0027584
47.4	0.0027571
47.41	0.0027558
47.42	0.0027545
47.43	0.0027533
47.44	0.002752
47.45	0.0027507
47.46	0.0027494
47.47	0.0027481
47.48	0.0027468
47.49	0.0027455
47.5	0.0027442
47.51	0.0027429
47.52	0.0027417
47.53	0.0027404
47.54	0.0027391
47.55	0.0027378
47.56	0.0027365
47.57	0.0027353
47.58	0.002734
47.59	0.0027327
47.6	0.0027314
47.61	0.0027301
47.62	0.0027289
47.63	0.0027276
47.64	0.0027263
47.65	0.0027251
47.66	0.0027238
47.67	0.0027225
47.68	0.0027212
47.69	0.00272
47.7	0.0027187
47.71	0.0027174
47.72	0.0027162
47.73	0.0027149
47.74	0.0027136
47.75	0.0027124
47.76	0.0027111
47.77	0.0027098
47.78	0.0027086
47.79	0.0027073
47.8	0.0027061
47.81	0.0027048
47.82	0.0027036
47.83	0.0027023
47.84	0.002701
47.85	0.0026998
47.86	0.0026985
47.87	0.0026973
47.88	0.002696
47.89	0.0026948
47.9	0.0026935
47.91	0.0026923
47.92	0.002691
47.93	0.0026898
47.94	0.0026885
47.95	0.0026873
47.96	0.002686
47.97	0.0026848
47.98	0.0026835
47.99	0.0026823
48.0	0.0026811
48.01	0.0026798
48.02	0.0026786
48.03	0.0026773
48.04	0.0026761
48.05	0.0026749
48.06	0.0026736
48.07	0.0026724
48.08	0.0026712
48.09	0.0026699
48.1	0.0026687
48.11	0.0026675
48.12	0.0026662
48.13	0.002665
48.14	0.0026638
48.15	0.0026625
48.16	0.0026613
48.17	0.0026601
48.18	0.0026589
48.19	0.0026576
48.2	0.0026564
48.21	0.0026552
48.22	0.002654
48.23	0.0026527
48.24	0.0026515
48.25	0.0026503
48.26	0.0026491
48.27	0.0026478
48.28	0.0026466
48.29	0.0026454
48.3	0.0026442
48.31	0.002643
48.32	0.0026418
48.33	0.0026406
48.34	0.0026393
48.35	0.0026381
48.36	0.0026369
48.37	0.0026357
48.38	0.0026345
48.39	0.0026333
48.4	0.0026321
48.41	0.0026309
48.42	0.0026297
48.43	0.0026285
48.44	0.0026272
48.45	0.002626
48.46	0.0026248
48.47	0.0026236
48.48	0.0026224
48.49	0.0026212
48.5	0.00262
48.51	0.0026188
48.52	0.0026176
48.53	0.0026164
48.54	0.0026152
48.55	0.002614
48.56	0.0026129
48.57	0.0026117
48.58	0.0026105
48.59	0.0026093
48.6	0.0026081
48.61	0.0026069
48.62	0.0026057
48.63	0.0026045
48.64	0.0026033
48.65	0.0026021
48.66	0.0026009
48.67	0.0025998
48.68	0.0025986
48.69	0.0025974
48.7	0.0025962
48.71	0.002595
48.72	0.0025938
48.73	0.0025927
48.74	0.0025915
48.75	0.0025903
48.76	0.0025891
48.77	0.0025879
48.78	0.0025868
48.79	0.0025856
48.8	0.0025844
48.81	0.0025832
48.82	0.0025821
48.83	0.0025809
48.84	0.0025797
48.85	0.0025785
48.86	0.0025774
48.87	0.0025762
48.88	0.002575
48.89	0.0025739
48.9	0.0025727
48.91	0.0025715
48.92	0.0025704
48.93	0.0025692
48.94	0.002568
48.95	0.0025669
48.96	0.0025657
48.97	0.0025645
48.98	0.0025634
48.99	0.0025622
49.0	0.0025611
49.01	0.0025599
49.02	0.0025587
49.03	0.0025576
49.04	0.0025564
49.05	0.0025553
49.06	0.0025541
49.07	0.002553
49.08	0.0025518
49.09	0.0025507
49.1	0.0025495
49.11	0.0025483
49.12	0.0025472
49.13	0.002546
49.14	0.0025449
49.15	0.0025438
49.16	0.0025426
49.17	0.0025415
49.18	0.0025403
49.19	0.0025392
49.2	0.002538
49.21	0.0025369
49.22	0.0025357
49.23	0.0025346
49.24	0.0025334
49.25	0.0025323
49.26	0.0025312
49.27	0.00253
49.28	0.0025289
49.29	0.0025278
49.3	0.0025266
49.31	0.0025255
49.32	0.0025243
49.33	0.0025232
49.34	0.0025221
49.35	0.0025209
49.36	0.0025198
49.37	0.0025187
49.38	0.0025175
49.39	0.0025164
49.4	0.0025153
49.41	0.0025142
49.42	0.002513
49.43	0.0025119
49.44	0.0025108
49.45	0.0025097
49.46	0.0025085
49.47	0.0025074
49.48	0.0025063
49.49	0.0025052
49.5	0.002504
49.51	0.0025029
49.52	0.0025018
49.53	0.0025007
49.54	0.0024996
49.55	0.0024984
49.56	0.0024973
49.57	0.0024962
49.58	0.0024951
49.59	0.002494
49.6	0.0024929
49.61	0.0024917
49.62	0.0024906
49.63	0.0024895
49.64	0.0024884
49.65	0.0024873
49.66	0.0024862
49.67	0.0024851
49.68	0.002484
49.69	0.0024829
49.7	0.0024818
49.71	0.0024807
49.72	0.0024795
49.73	0.0024784
49.74	0.0024773
49.75	0.0024762
49.76	0.0024751
49.77	0.002474
49.78	0.0024729
49.79	0.0024718
49.8	0.0024707
49.81	0.0024696
49.82	0.0024685
49.83	0.0024674
49.84	0.0024663
49.85	0.0024652
49.86	0.0024641
49.87	0.0024631
49.88	0.002462
49.89	0.0024609
49.9	0.0024598
49.91	0.0024587
49.92	0.0024576
49.93	0.0024565
49.94	0.0024554
49.95	0.0024543
49.96	0.0024532
49.97	0.0024521
49.98	0.0024511
49.99	0.00245
50.0	0.0024489
