eng	y_fit
0.34	0.0
0.35	0.22619
0.36	0.50577
0.37	0.74255
0.38	0.97658
0.39	1.2134
0.4	1.4515
0.41	1.686
0.42	1.9102
0.43	1.89936338028169
0.44	1.8885267605633802
0.45	1.8776901408450704
0.46	1.8668535211267605
0.47	1.8560169014084504
0.48	1.8451802816901408
0.49	1.834343661971831
0.5	1.8235070422535211
0.51	1.812670422535211
0.52	1.8018338028169012
0.53	1.7909971830985913
0.54	1.7801605633802815
0.55	1.7693239436619719
0.56	1.7584873239436618
0.57	1.7476507042253522
0.58	1.736814084507042
0.59	1.7259774647887323
0.6	1.7151408450704224
0.61	1.7043042253521126
0.62	1.6934676056338027
0.63	1.6826309859154929
0.64	1.671794366197183
0.65	1.6609577464788732
0.66	1.6501211267605633
0.67	1.6392845070422535
0.68	1.6284478873239439
0.69	1.6176112676056338
0.7	1.606774647887324
0.71	1.595938028169014
0.72	1.5851014084507042
0.73	1.5742647887323944
0.74	1.5634281690140845
0.75	1.5525915492957745
0.76	1.5417549295774646
0.77	1.530918309859155
0.78	1.5200816901408452
0.79	1.5092450704225353
0.8	1.4984084507042255
0.81	1.4875718309859156
0.82	1.4767352112676055
0.83	1.4658985915492957
0.84	1.455061971830986
0.85	1.444225352112676
0.86	1.4333887323943661
0.87	1.4225521126760563
0.88	1.4117154929577465
0.89	1.4008788732394366
0.9	1.3900422535211268
0.91	1.379205633802817
0.92	1.3683690140845073
0.93	1.357532394366197
0.94	1.3466957746478871
0.95	1.3358591549295775
0.96	1.3250225352112677
0.97	1.3141859154929578
0.98	1.303349295774648
0.99	1.292512676056338
1.0	1.2816760563380283
1.01	1.2708394366197182
1.02	1.2600028169014084
1.03	1.2491661971830987
1.04	1.2383295774647887
1.05	1.227492957746479
1.06	1.216656338028169
1.07	1.2058197183098591
1.08	1.1949830985915495
1.09	1.1841464788732394
1.1	1.1733098591549296
1.11	1.1624732394366197
1.12	1.1516366197183099
1.13	1.1408
1.14	1.1481
1.15	1.158
1.16	1.1654
1.17	1.1749
1.18	1.1833
1.19	1.1917
1.2	1.19965
1.21	1.2076
1.22	1.2158
1.23	1.2234
1.24	1.2306
1.25	1.2389
1.26	1.2464
1.27	1.2535
1.28	1.2611
1.29	1.2682
1.3	1.2747
1.31	1.2818
1.32	1.2888
1.33	1.2953
1.34	1.3019
1.35	1.3087
1.36	1.3149
1.37	1.3208
1.38	1.3268
1.39	1.3328
1.4	1.3383
1.41	1.3438
1.42	1.3496
1.43	1.3552
1.44	1.3606
1.45	1.3658
1.46	1.3711
1.47	1.3762
1.48	1.3809
1.49	1.3854
1.5	1.3899
1.51	1.3944
1.52	1.3986
1.53	1.4026
1.54	1.4067
1.55	1.4108
1.56	1.4148
1.57	1.4186
1.58	1.4222
1.59	1.4258
1.6	1.4293
1.61	1.4325
1.62	1.4356
1.63	1.4385
1.64	1.4414
1.65	1.4442
1.66	1.4469
1.67	1.4494
1.68	1.4518
1.69	1.4542
1.7	1.4565
1.71	1.4587
1.72	1.4607
1.73	1.4627
1.74	1.4646
1.75	1.4664
1.76	1.468
1.77	1.4695
1.78	1.4709
1.79	1.4722
1.8	1.4734
1.81	1.4746
1.82	1.4756
1.83	1.4764
1.84	1.4773
1.85	1.478
1.86	1.4787
1.87	1.4793
1.88	1.4798
1.89	1.4802
1.9	1.4805
1.91	1.4808
1.92	1.4809
1.93	1.481
1.94	1.481
1.95	1.4809
1.96	1.4807
1.97	1.4805
1.98	1.4802
1.99	1.4797
2.0	1.4792
2.01	1.4787
2.02	1.4781
2.03	1.4774
2.04	1.4767
2.05	1.4759
2.06	1.475
2.07	1.474
2.08	1.473
2.09	1.472
2.1	1.4709
2.11	1.4697
2.12	1.4685
2.13	1.4672
2.14	1.4658
2.15	1.4644
2.16	1.463
2.17	1.4615
2.18	1.46
2.19	1.4584
2.2	1.4568
2.21	1.4551
2.22	1.4534
2.23	1.4517
2.24	1.4499
2.25	1.4481
2.26	1.4462
2.27	1.4443
2.28	1.4424
2.29	1.4404
2.3	1.4384
2.31	1.4364
2.32	1.4343
2.33	1.4322
2.34	1.4301
2.35	1.428
2.36	1.4258
2.37	1.4236
2.38	1.4214
2.39	1.4192
2.4	1.4169
2.41	1.4146
2.42	1.4123
2.43	1.41
2.44	1.4077
2.45	1.4053
2.46	1.403
2.47	1.4006
2.48	1.3982
2.49	1.3958
2.5	1.3934
2.51	1.3909
2.52	1.3885
2.53	1.386
2.54	1.3836
2.55	1.3811
2.56	1.3786
2.57	1.3761
2.58	1.3736
2.59	1.3711
2.6	1.3686
2.61	1.3661
2.62	1.3636
2.63	1.3611
2.64	1.3586
2.65	1.3561
2.66	1.3535
2.67	1.351
2.68	1.3485
2.69	1.346
2.7	1.3435
2.71	1.3409
2.72	1.3384
2.73	1.3359
2.74	1.3334
2.75	1.3309
2.76	1.3284
2.77	1.3259
2.78	1.3234
2.79	1.3209
2.8	1.3184
2.81	1.3159
2.82	1.3134
2.83	1.3109
2.84	1.3084
2.85	1.306
2.86	1.3035
2.87	1.301
2.88	1.2986
2.89	1.2961
2.9	1.2937
2.91	1.2913
2.92	1.2889
2.93	1.2864
2.94	1.284
2.95	1.2816
2.96	1.2792
2.97	1.2769
2.98	1.2745
2.99	1.2721
3.0	1.2698
3.01	1.2674
3.02	1.2651
3.03	1.2627
3.04	1.2604
3.05	1.2581
3.06	1.2558
3.07	1.2535
3.08	1.2512
3.09	1.2489
3.1	1.2466
3.11	1.2444
3.12	1.2421
3.13	1.2399
3.14	1.2376
3.15	1.2354
3.16	1.2332
3.17	1.231
3.18	1.2288
3.19	1.2266
3.2	1.2244
3.21	1.2223
3.22	1.2201
3.23	1.218
3.24	1.2158
3.25	1.2137
3.26	1.2116
3.27	1.2094
3.28	1.2073
3.29	1.2052
3.3	1.2031
3.31	1.2011
3.32	1.199
3.33	1.1969
3.34	1.1949
3.35	1.1928
3.36	1.1908
3.37	1.1888
3.38	1.1868
3.39	1.1848
3.4	1.1828
3.41	1.1808
3.42	1.1788
3.43	1.1768
3.44	1.1748
3.45	1.1729
3.46	1.1709
3.47	1.169
3.48	1.167
3.49	1.1651
3.5	1.1632
3.51	1.1613
3.52	1.1594
3.53	1.1575
3.54	1.1556
3.55	1.1537
3.56	1.1518
3.57	1.15
3.58	1.1481
3.59	1.1462
3.6	1.1444
3.61	1.1425
3.62	1.1407
3.63	1.1389
3.64	1.137
3.65	1.1352
3.66	1.1334
3.67	1.1316
3.68	1.1298
3.69	1.128
3.7	1.1262
3.71	1.1244
3.72	1.1227
3.73	1.1209
3.74	1.1191
3.75	1.1174
3.76	1.1156
3.77	1.1138
3.78	1.1121
3.79	1.1103
3.8	1.1086
3.81	1.1069
3.82	1.1051
3.83	1.1034
3.84	1.1017
3.85	1.1
3.86	1.0982
3.87	1.0965
3.88	1.0948
3.89	1.0931
3.9	1.0914
3.91	1.0897
3.92	1.088
3.93	1.0863
3.94	1.0846
3.95	1.083
3.96	1.0813
3.97	1.0796
3.98	1.0779
3.99	1.0762
4.0	1.0746
4.01	1.0729
4.02	1.0712
4.03	1.0696
4.04	1.0679
4.05	1.0662
4.06	1.0646
4.07	1.0629
4.08	1.0613
4.09	1.0596
4.1	1.0579
4.11	1.0563
4.12	1.0546
4.13	1.053
4.14	1.0513
4.15	1.0497
4.16	1.048
4.17	1.0464
4.18	1.0448
4.19	1.0431
4.2	1.0415
4.21	1.0398
4.22	1.0382
4.23	1.0365
4.24	1.0349
4.25	1.0333
4.26	1.0316
4.27	1.03
4.28	1.0284
4.29	1.0267
4.3	1.0251
4.31	1.0235
4.32	1.0218
4.33	1.0202
4.34	1.0186
4.35	1.0169
4.36	1.0153
4.37	1.0137
4.38	1.012
4.39	1.0104
4.4	1.0088
4.41	1.0072
4.42	1.0055
4.43	1.0039
4.44	1.0023
4.45	1.0007
4.46	0.99904
4.47	0.99741
4.48	0.99579
4.49	0.99416
4.5	0.99254
4.51	0.99092
4.52	0.9893
4.53	0.98768
4.54	0.98606
4.55	0.98444
4.56	0.98282
4.57	0.9812
4.58	0.97958
4.59	0.97796
4.6	0.97635
4.61	0.97473
4.62	0.97311
4.63	0.9715
4.64	0.96989
4.65	0.96827
4.66	0.96666
4.67	0.96505
4.68	0.96344
4.69	0.96183
4.7	0.96022
4.71	0.95861
4.72	0.95701
4.73	0.9554
4.74	0.9538
4.75	0.95219
4.76	0.95059
4.77	0.94899
4.78	0.94739
4.79	0.94579
4.8	0.94419
4.81	0.9426
4.82	0.941
4.83	0.9394
4.84	0.93781
4.85	0.93622
4.86	0.93463
4.87	0.93304
4.88	0.93145
4.89	0.92986
4.9	0.92828
4.91	0.92669
4.92	0.92511
4.93	0.92353
4.94	0.92195
4.95	0.92037
4.96	0.9188
4.97	0.91722
4.98	0.91565
4.99	0.91407
5.0	0.9125
5.01	0.91093
5.02	0.90937
5.03	0.9078
5.04	0.90623
5.05	0.90467
5.06	0.90311
5.07	0.90155
5.08	0.89999
5.09	0.89844
5.1	0.89688
5.11	0.89533
5.12	0.89378
5.13	0.89223
5.14	0.89068
5.15	0.88913
5.16	0.88759
5.17	0.88605
5.18	0.88451
5.19	0.88297
5.2	0.88143
5.21	0.87989
5.22	0.87836
5.23	0.87683
5.24	0.8753
5.25	0.87377
5.26	0.87225
5.27	0.87072
5.28	0.8692
5.29	0.86768
5.3	0.86616
5.31	0.86464
5.32	0.86313
5.33	0.86161
5.34	0.8601
5.35	0.85859
5.36	0.85709
5.37	0.85558
5.38	0.85408
5.39	0.85257
5.4	0.85107
5.41	0.84958
5.42	0.84808
5.43	0.84659
5.44	0.84509
5.45	0.8436
5.46	0.84212
5.47	0.84063
5.48	0.83915
5.49	0.83766
5.5	0.83618
5.51	0.8347
5.52	0.83323
5.53	0.83175
5.54	0.83028
5.55	0.82881
5.56	0.82734
5.57	0.82588
5.58	0.82441
5.59	0.82295
5.6	0.82149
5.61	0.82003
5.62	0.81858
5.63	0.81712
5.64	0.81567
5.65	0.81422
5.66	0.81277
5.67	0.81133
5.68	0.80988
5.69	0.80844
5.7	0.807
5.71	0.80556
5.72	0.80413
5.73	0.80269
5.74	0.80126
5.75	0.79983
5.76	0.79841
5.77	0.79698
5.78	0.79556
5.79	0.79414
5.8	0.79272
5.81	0.7913
5.82	0.78989
5.83	0.78848
5.84	0.78707
5.85	0.78566
5.86	0.78425
5.87	0.78285
5.88	0.78145
5.89	0.78005
5.9	0.77865
5.91	0.77725
5.92	0.77586
5.93	0.77447
5.94	0.77308
5.95	0.77169
5.96	0.77031
5.97	0.76893
5.98	0.76755
5.99	0.76617
6.0	0.76479
6.01	0.76342
6.02	0.76205
6.03	0.76068
6.04	0.75931
6.05	0.75794
6.06	0.75658
6.07	0.75522
6.08	0.75386
6.09	0.7525
6.1	0.75115
6.11	0.7498
6.12	0.74845
6.13	0.7471
6.14	0.74575
6.15	0.74441
6.16	0.74307
6.17	0.74173
6.18	0.74039
6.19	0.73906
6.2	0.73772
6.21	0.73639
6.22	0.73506
6.23	0.73374
6.24	0.73241
6.25	0.73109
6.26	0.72977
6.27	0.72845
6.28	0.72713
6.29	0.72582
6.3	0.72451
6.31	0.7232
6.32	0.72189
6.33	0.72058
6.34	0.71928
6.35	0.71798
6.36	0.71668
6.37	0.71538
6.38	0.71409
6.39	0.71279
6.4	0.7115
6.41	0.71021
6.42	0.70893
6.43	0.70764
6.44	0.70636
6.45	0.70508
6.46	0.7038
6.47	0.70252
6.48	0.70125
6.49	0.69997
6.5	0.6987
6.51	0.69744
6.52	0.69617
6.53	0.6949
6.54	0.69364
6.55	0.69238
6.56	0.69112
6.57	0.68987
6.58	0.68861
6.59	0.68736
6.6	0.68611
6.61	0.68486
6.62	0.68361
6.63	0.68237
6.64	0.68112
6.65	0.67988
6.66	0.67864
6.67	0.67741
6.68	0.67617
6.69	0.67494
6.7	0.67371
6.71	0.67248
6.72	0.67125
6.73	0.67003
6.74	0.6688
6.75	0.66758
6.76	0.66636
6.77	0.66515
6.78	0.66393
6.79	0.66272
6.8	0.66151
6.81	0.6603
6.82	0.65909
6.83	0.65788
6.84	0.65668
6.85	0.65548
6.86	0.65428
6.87	0.65308
6.88	0.65188
6.89	0.65069
6.9	0.6495
6.91	0.64831
6.92	0.64712
6.93	0.64593
6.94	0.64475
6.95	0.64357
6.96	0.64238
6.97	0.64121
6.98	0.64003
6.99	0.63885
7.0	0.63768
7.01	0.63651
7.02	0.63534
7.03	0.63418
7.04	0.63301
7.05	0.63185
7.06	0.63069
7.07	0.62953
7.08	0.62837
7.09	0.62721
7.1	0.62606
7.11	0.62491
7.12	0.62376
7.13	0.62261
7.14	0.62147
7.15	0.62032
7.16	0.61918
7.17	0.61804
7.18	0.6169
7.19	0.61577
7.2	0.61463
7.21	0.6135
7.22	0.61237
7.23	0.61124
7.24	0.61012
7.25	0.60899
7.26	0.60787
7.27	0.60675
7.28	0.60563
7.29	0.60452
7.3	0.6034
7.31	0.60229
7.32	0.60118
7.33	0.60007
7.34	0.59897
7.35	0.59786
7.36	0.59676
7.37	0.59566
7.38	0.59456
7.39	0.59346
7.4	0.59237
7.41	0.59128
7.42	0.59018
7.43	0.5891
7.44	0.58801
7.45	0.58692
7.46	0.58584
7.47	0.58476
7.48	0.58368
7.49	0.5826
7.5	0.58153
7.51	0.58046
7.52	0.57939
7.53	0.57832
7.54	0.57725
7.55	0.57618
7.56	0.57512
7.57	0.57406
7.58	0.573
7.59	0.57194
7.6	0.57089
7.61	0.56983
7.62	0.56878
7.63	0.56773
7.64	0.56668
7.65	0.56564
7.66	0.5646
7.67	0.56355
7.68	0.56251
7.69	0.56148
7.7	0.56044
7.71	0.55941
7.72	0.55837
7.73	0.55734
7.74	0.55632
7.75	0.55529
7.76	0.55426
7.77	0.55324
7.78	0.55222
7.79	0.5512
7.8	0.55019
7.81	0.54917
7.82	0.54816
7.83	0.54715
7.84	0.54614
7.85	0.54513
7.86	0.54413
7.87	0.54312
7.88	0.54212
7.89	0.54112
7.9	0.54012
7.91	0.53913
7.92	0.53813
7.93	0.53714
7.94	0.53615
7.95	0.53516
7.96	0.53418
7.97	0.53319
7.98	0.53221
7.99	0.53123
8.0	0.53025
8.01	0.52927
8.02	0.5283
8.03	0.52732
8.04	0.52635
8.05	0.52538
8.06	0.52441
8.07	0.52345
8.08	0.52248
8.09	0.52152
8.1	0.52056
8.11	0.5196
8.12	0.51864
8.13	0.51769
8.14	0.51673
8.15	0.51578
8.16	0.51483
8.17	0.51388
8.18	0.51294
8.19	0.51199
8.2	0.51105
8.21	0.51011
8.22	0.50917
8.23	0.50824
8.24	0.5073
8.25	0.50637
8.26	0.50543
8.27	0.5045
8.28	0.50358
8.29	0.50265
8.3	0.50173
8.31	0.5008
8.32	0.49988
8.33	0.49896
8.34	0.49804
8.35	0.49713
8.36	0.49622
8.37	0.4953
8.38	0.49439
8.39	0.49348
8.4	0.49258
8.41	0.49167
8.42	0.49077
8.43	0.48987
8.44	0.48897
8.45	0.48807
8.46	0.48717
8.47	0.48628
8.48	0.48538
8.49	0.48449
8.5	0.4836
8.51	0.48272
8.52	0.48183
8.53	0.48095
8.54	0.48006
8.55	0.47918
8.56	0.4783
8.57	0.47743
8.58	0.47655
8.59	0.47568
8.6	0.47481
8.61	0.47394
8.62	0.47307
8.63	0.4722
8.64	0.47133
8.65	0.47047
8.66	0.46961
8.67	0.46875
8.68	0.46789
8.69	0.46704
8.7	0.46618
8.71	0.46533
8.72	0.46448
8.73	0.46363
8.74	0.46278
8.75	0.46193
8.76	0.46109
8.77	0.46025
8.78	0.45941
8.79	0.45857
8.8	0.45773
8.81	0.45689
8.82	0.45606
8.83	0.45523
8.84	0.4544
8.85	0.45357
8.86	0.45274
8.87	0.45192
8.88	0.45109
8.89	0.45027
8.9	0.44945
8.91	0.44864
8.92	0.44782
8.93	0.447
8.94	0.44619
8.95	0.44537
8.96	0.44456
8.97	0.44376
8.98	0.44295
8.99	0.44215
9.0	0.44135
9.01	0.44055
9.02	0.43975
9.03	0.43896
9.04	0.43817
9.05	0.43737
9.06	0.43659
9.07	0.4358
9.08	0.43502
9.09	0.43424
9.1	0.43346
9.11	0.43269
9.12	0.43192
9.13	0.43115
9.14	0.4304
9.15	0.42965
9.16	0.42891
9.17	0.42818
9.18	0.42749
9.19	0.42683
9.2	0.42624
9.21	0.42576
9.22	0.42484333333333335
9.23	0.4239266666666667
9.24	0.42301
9.25	0.4219
9.26	0.42102
9.27	0.42022
9.28	0.41945
9.29	0.41871
9.3	0.41797
9.31	0.41724
9.32	0.41652
9.33	0.4158
9.34	0.4151
9.35	0.4144
9.36	0.41371
9.37	0.41305
9.38	0.4124
9.39	0.41178
9.4	0.4112
9.41	0.41067
9.42	0.4099763157894737
9.43	0.40928263157894734
9.44	0.408588947368421
9.45	0.4078952631578947
9.46	0.4072015789473684
9.47	0.40650789473684207
9.48	0.4058142105263157
9.49	0.40512052631578943
9.5	0.40442684210526314
9.51	0.40373315789473685
9.52	0.40303947368421056
9.53	0.4023457894736842
9.54	0.40165210526315787
9.55	0.4009584210526316
9.56	0.4002647368421053
9.57	0.39957105263157894
9.58	0.39887736842105265
9.59	0.3981836842105263
9.6	0.39749
9.61	0.39655
9.62	0.39567
9.63	0.39483
9.64	0.39402
9.65	0.39322
9.66	0.39245
9.67	0.39169
9.68	0.39095
9.69	0.39021
9.7	0.38949
9.71	0.38877
9.72	0.38806
9.73	0.38735
9.74	0.38663
9.75	0.38586
9.76	0.38504
9.77	0.38422
9.78	0.38347
9.79	0.38278
9.8	0.38211
9.81	0.38144
9.82	0.38077
9.83	0.38009
9.84	0.37942
9.85	0.37875
9.86	0.37807
9.87	0.3774
9.88	0.37673
9.89	0.37606
9.9	0.37539
9.91	0.37472
9.92	0.37406
9.93	0.37339
9.94	0.37273
9.95	0.37208
9.96	0.37144
9.97	0.37081
9.98	0.37021
9.99	0.36966
10.0	0.36916
10.01	0.36867
10.02	0.36812
10.03	0.36747
10.04	0.36677
10.05	0.36606
10.06	0.36536
10.07	0.36468
10.08	0.364
10.09	0.36334
10.1	0.36268
10.11	0.36203
10.12	0.36138
10.13	0.36074
10.14	0.36011
10.15	0.35948
10.16	0.35886
10.17	0.35824
10.18	0.35763
10.19	0.35703
10.2	0.35644
10.21	0.35585
10.22	0.35526
10.23	0.35467
10.24	0.35404
10.25	0.35338
10.26	0.35267
10.27	0.35194
10.28	0.35123
10.29	0.35054
10.3	0.34988
10.31	0.34924
10.32	0.34861
10.33	0.34799
10.34	0.34737
10.35	0.34677
10.36	0.34616
10.37	0.34556
10.38	0.34496
10.39	0.34436
10.4	0.34376
10.41	0.34317
10.42	0.34257
10.43	0.34198
10.44	0.34139
10.45	0.34081
10.46	0.34022
10.47	0.33963
10.48	0.33904
10.49	0.33844
10.5	0.33784
10.51	0.33723
10.52	0.33663
10.53	0.33603
10.54	0.33544
10.55	0.33485
10.56	0.33427
10.57	0.33369
10.58	0.33311
10.59	0.33253
10.6	0.33195
10.61	0.33138
10.62	0.33081
10.63	0.33023
10.64	0.32966
10.65	0.32909
10.66	0.32852
10.67	0.32796
10.68	0.32739
10.69	0.32683
10.7	0.32628
10.71	0.32572
10.72	0.32517
10.73	0.32461
10.74	0.32406
10.75	0.3235
10.76	0.32294
10.77	0.32238
10.78	0.32183
10.79	0.32127
10.8	0.32072
10.81	0.32017
10.82	0.31962
10.83	0.31907
10.84	0.31852
10.85	0.31797
10.86	0.31743
10.87	0.31689
10.88	0.31635
10.89	0.31581
10.9	0.31528
10.91	0.31476
10.92	0.31422
10.93	0.31369
10.94	0.31315
10.95	0.31262
10.96	0.31208
10.97	0.31155
10.98	0.31102
10.99	0.31049
11.0	0.30997
11.01	0.30945
11.02	0.30892
11.03	0.3084
11.04	0.30788
11.05	0.30736
11.06	0.30683
11.07	0.30629
11.08	0.30575
11.09	0.30523
11.1	0.30471
11.11	0.3042
11.12	0.3037
11.13	0.3032
11.14	0.3027
11.15	0.30221
11.16	0.30171
11.17	0.3012
11.18	0.30064
11.19	0.30009
11.2	0.29958
11.21	0.29909
11.22	0.29862
11.23	0.29818
11.24	0.2976
11.25	0.29707
11.26	0.29659
11.27	0.29609
11.28	0.29559
11.29	0.29509
11.3	0.2946
11.31	0.2941
11.32	0.2936
11.33	0.29311
11.34	0.29261
11.35	0.29212
11.36	0.29163
11.37	0.29114
11.38	0.29065
11.39	0.29016
11.4	0.28967
11.41	0.28919
11.42	0.2887
11.43	0.28822
11.44	0.28773
11.45	0.28725
11.46	0.28677
11.47	0.28629
11.48	0.28581
11.49	0.28533
11.5	0.28486
11.51	0.28438
11.52	0.28391
11.53	0.28343
11.54	0.28296
11.55	0.28249
11.56	0.28202
11.57	0.28155
11.58	0.28108
11.59	0.28061
11.6	0.28014
11.61	0.27968
11.62	0.27921
11.63	0.27875
11.64	0.27829
11.65	0.27783
11.66	0.27737
11.67	0.27691
11.68	0.27645
11.69	0.27599
11.7	0.27554
11.71	0.27508
11.72	0.27463
11.73	0.27417
11.74	0.27372
11.75	0.27327
11.76	0.27282
11.77	0.27237
11.78	0.27192
11.79	0.27147
11.8	0.27103
11.81	0.27058
11.82	0.27014
11.83	0.2697
11.84	0.26925
11.85	0.26881
11.86	0.26837
11.87	0.26793
11.88	0.2675
11.89	0.26706
11.9	0.26662
11.91	0.26619
11.92	0.26575
11.93	0.26532
11.94	0.26489
11.95	0.26445
11.96	0.26402
11.97	0.26359
11.98	0.26317
11.99	0.26274
12.0	0.26231
12.01	0.26189
12.02	0.26146
12.03	0.26104
12.04	0.26061
12.05	0.26019
12.06	0.25977
12.07	0.25935
12.08	0.25893
12.09	0.25851
12.1	0.2581
12.11	0.25768
12.12	0.25726
12.13	0.25685
12.14	0.25644
12.15	0.25602
12.16	0.25561
12.17	0.2552
12.18	0.25479
12.19	0.25438
12.2	0.25397
12.21	0.25356
12.22	0.25316
12.23	0.25275
12.24	0.25235
12.25	0.25194
12.26	0.25154
12.27	0.25114
12.28	0.25074
12.29	0.25034
12.3	0.24994
12.31	0.24954
12.32	0.24914
12.33	0.24874
12.34	0.24834
12.35	0.24795
12.36	0.24755
12.37	0.24716
12.38	0.24677
12.39	0.24638
12.4	0.24598
12.41	0.24559
12.42	0.2452
12.43	0.24481
12.44	0.24443
12.45	0.24404
12.46	0.24365
12.47	0.24327
12.48	0.24288
12.49	0.2425
12.5	0.24211
12.51	0.24173
12.52	0.24135
12.53	0.24097
12.54	0.24059
12.55	0.24021
12.56	0.23983
12.57	0.23945
12.58	0.23908
12.59	0.2387
12.6	0.23832
12.61	0.23795
12.62	0.23757
12.63	0.2372
12.64	0.23683
12.65	0.23646
12.66	0.23609
12.67	0.23572
12.68	0.23535
12.69	0.23498
12.7	0.23461
12.71	0.23424
12.72	0.23388
12.73	0.23351
12.74	0.23314
12.75	0.23278
12.76	0.23242
12.77	0.23205
12.78	0.23169
12.79	0.23133
12.8	0.23097
12.81	0.23061
12.82	0.23025
12.83	0.22989
12.84	0.22953
12.85	0.22918
12.86	0.22882
12.87	0.22847
12.88	0.22811
12.89	0.22776
12.9	0.2274
12.91	0.22705
12.92	0.2267
12.93	0.22635
12.94	0.226
12.95	0.22565
12.96	0.2253
12.97	0.22495
12.98	0.2246
12.99	0.22425
13.0	0.22391
13.01	0.22356
13.02	0.22322
13.03	0.22287
13.04	0.22253
13.05	0.22218
13.06	0.22184
13.07	0.2215
13.08	0.22116
13.09	0.22082
13.1	0.22048
13.11	0.22014
13.12	0.2198
13.13	0.21946
13.14	0.21913
13.15	0.21879
13.16	0.21846
13.17	0.21812
13.18	0.21779
13.19	0.21745
13.2	0.21712
13.21	0.21679
13.22	0.21646
13.23	0.21612
13.24	0.21579
13.25	0.21546
13.26	0.21514
13.27	0.21481
13.28	0.21448
13.29	0.21415
13.3	0.21383
13.31	0.2135
13.32	0.21317
13.33	0.21285
13.34	0.21253
13.35	0.2122
13.36	0.21188
13.37	0.21156
13.38	0.21124
13.39	0.21092
13.4	0.2106
13.41	0.21028
13.42	0.20996
13.43	0.20964
13.44	0.20932
13.45	0.209
13.46	0.20869
13.47	0.20837
13.48	0.20806
13.49	0.20774
13.5	0.20743
13.51	0.20711
13.52	0.2068
13.53	0.20649
13.54	0.20618
13.55	0.20587
13.56	0.20556
13.57	0.20525
13.58	0.20494
13.59	0.20463
13.6	0.20432
13.61	0.20401
13.62	0.20371
13.63	0.2034
13.64	0.2031
13.65	0.20279
13.66	0.20249
13.67	0.20218
13.68	0.20188
13.69	0.20158
13.7	0.20128
13.71	0.20097
13.72	0.20067
13.73	0.20037
13.74	0.20007
13.75	0.19977
13.76	0.19948
13.77	0.19918
13.78	0.19888
13.79	0.19858
13.8	0.19829
13.81	0.19799
13.82	0.1977
13.83	0.1974
13.84	0.19711
13.85	0.19682
13.86	0.19652
13.87	0.19623
13.88	0.19594
13.89	0.19565
13.9	0.19536
13.91	0.19507
13.92	0.19478
13.93	0.19449
13.94	0.1942
13.95	0.19392
13.96	0.19363
13.97	0.19334
13.98	0.19306
13.99	0.19277
14.0	0.19249
14.01	0.1922
14.02	0.19192
14.03	0.19164
14.04	0.19135
14.05	0.19107
14.06	0.19079
14.07	0.19051
14.08	0.19023
14.09	0.18995
14.1	0.18967
14.11	0.18939
14.12	0.18911
14.13	0.18884
14.14	0.18856
14.15	0.18828
14.16	0.18801
14.17	0.18773
14.18	0.18746
14.19	0.18718
14.2	0.18691
14.21	0.18663
14.22	0.18636
14.23	0.18609
14.24	0.18582
14.25	0.18555
14.26	0.18528
14.27	0.18501
14.28	0.18474
14.29	0.18447
14.3	0.1842
14.31	0.18393
14.32	0.18366
14.33	0.1834
14.34	0.18313
14.35	0.18286
14.36	0.1826
14.37	0.18233
14.38	0.18207
14.39	0.1818
14.4	0.18154
14.41	0.18128
14.42	0.18102
14.43	0.18075
14.44	0.18049
14.45	0.18023
14.46	0.17997
14.47	0.17971
14.48	0.17945
14.49	0.17919
14.5	0.17894
14.51	0.17868
14.52	0.17842
14.53	0.17816
14.54	0.17791
14.55	0.17765
14.56	0.1774
14.57	0.17714
14.58	0.17689
14.59	0.17663
14.6	0.17638
14.61	0.17613
14.62	0.17587
14.63	0.17562
14.64	0.17537
14.65	0.17512
14.66	0.17487
14.67	0.17462
14.68	0.17437
14.69	0.17412
14.7	0.17387
14.71	0.17363
14.72	0.17338
14.73	0.17313
14.74	0.17288
14.75	0.17264
14.76	0.17239
14.77	0.17215
14.78	0.1719
14.79	0.17166
14.8	0.17142
14.81	0.17117
14.82	0.17093
14.83	0.17069
14.84	0.17044
14.85	0.1702
14.86	0.16996
14.87	0.16972
14.88	0.16948
14.89	0.16924
14.9	0.169
14.91	0.16877
14.92	0.16853
14.93	0.16829
14.94	0.16805
14.95	0.16782
14.96	0.16758
14.97	0.16734
14.98	0.16711
14.99	0.16687
15.0	0.16664
15.01	0.16641
15.02	0.16617
15.03	0.16594
15.04	0.16571
15.05	0.16547
15.06	0.16524
15.07	0.16501
15.08	0.16478
15.09	0.16455
15.1	0.16432
15.11	0.16409
15.12	0.16386
15.13	0.16363
15.14	0.1634
15.15	0.16318
15.16	0.16295
15.17	0.16272
15.18	0.1625
15.19	0.16227
15.2	0.16204
15.21	0.16182
15.22	0.16159
15.23	0.16137
15.24	0.16115
15.25	0.16092
15.26	0.1607
15.27	0.16048
15.28	0.16025
15.29	0.16003
15.3	0.15981
15.31	0.15959
15.32	0.15937
15.33	0.15915
15.34	0.15893
15.35	0.15871
15.36	0.15849
15.37	0.15827
15.38	0.15806
15.39	0.15784
15.4	0.15762
15.41	0.15741
15.42	0.15719
15.43	0.15697
15.44	0.15676
15.45	0.15654
15.46	0.15633
15.47	0.15611
15.48	0.1559
15.49	0.15569
15.5	0.15547
15.51	0.15526
15.52	0.15505
15.53	0.15484
15.54	0.15463
15.55	0.15441
15.56	0.1542
15.57	0.15399
15.58	0.15378
15.59	0.15357
15.6	0.15337
15.61	0.15316
15.62	0.15295
15.63	0.15274
15.64	0.15253
15.65	0.15233
15.66	0.15212
15.67	0.15191
15.68	0.15171
15.69	0.1515
15.7	0.1513
15.71	0.15109
15.72	0.15089
15.73	0.15068
15.74	0.15048
15.75	0.15028
15.76	0.15008
15.77	0.14987
15.78	0.14967
15.79	0.14947
15.8	0.14927
15.81	0.14907
15.82	0.14887
15.83	0.14867
15.84	0.14847
15.85	0.14827
15.86	0.14807
15.87	0.14787
15.88	0.14767
15.89	0.14747
15.9	0.14728
15.91	0.14708
15.92	0.14688
15.93	0.14669
15.94	0.14649
15.95	0.1463
15.96	0.1461
15.97	0.14591
15.98	0.14571
15.99	0.14552
16.0	0.14532
16.01	0.14513
16.02	0.14494
16.03	0.14474
16.04	0.14455
16.05	0.14436
16.06	0.14417
16.07	0.14398
16.08	0.14379
16.09	0.14359
16.1	0.1434
16.11	0.14321
16.12	0.14303
16.13	0.14284
16.14	0.14265
16.15	0.14246
16.16	0.14227
16.17	0.14208
16.18	0.1419
16.19	0.14171
16.2	0.14152
16.21	0.14134
16.22	0.14115
16.23	0.14096
16.24	0.14078
16.25	0.14059
16.26	0.14041
16.27	0.14022
16.28	0.14004
16.29	0.13986
16.3	0.13967
16.31	0.13949
16.32	0.13931
16.33	0.13913
16.34	0.13894
16.35	0.13876
16.36	0.13858
16.37	0.1384
16.38	0.13822
16.39	0.13804
16.4	0.13786
16.41	0.13768
16.42	0.1375
16.43	0.13732
16.44	0.13714
16.45	0.13696
16.46	0.13679
16.47	0.13661
16.48	0.13643
16.49	0.13625
16.5	0.13608
16.51	0.1359
16.52	0.13573
16.53	0.13555
16.54	0.13537
16.55	0.1352
16.56	0.13502
16.57	0.13485
16.58	0.13468
16.59	0.1345
16.6	0.13433
16.61	0.13416
16.62	0.13398
16.63	0.13381
16.64	0.13364
16.65	0.13347
16.66	0.13329
16.67	0.13312
16.68	0.13295
16.69	0.13278
16.7	0.13261
16.71	0.13244
16.72	0.13227
16.73	0.1321
16.74	0.13193
16.75	0.13176
16.76	0.1316
16.77	0.13143
16.78	0.13126
16.79	0.13109
16.8	0.13093
16.81	0.13076
16.82	0.13059
16.83	0.13043
16.84	0.13026
16.85	0.13009
16.86	0.12993
16.87	0.12976
16.88	0.1296
16.89	0.12943
16.9	0.12927
16.91	0.1291
16.92	0.12894
16.93	0.12878
16.94	0.12861
16.95	0.12845
16.96	0.12829
16.97	0.12813
16.98	0.12796
16.99	0.1278
17.0	0.12764
17.01	0.12748
17.02	0.12732
17.03	0.12716
17.04	0.127
17.05	0.12684
17.06	0.12668
17.07	0.12652
17.08	0.12636
17.09	0.1262
17.1	0.12604
17.11	0.12589
17.12	0.12573
17.13	0.12557
17.14	0.12541
17.15	0.12526
17.16	0.1251
17.17	0.12494
17.18	0.12479
17.19	0.12463
17.2	0.12447
17.21	0.12432
17.22	0.12416
17.23	0.12401
17.24	0.12385
17.25	0.1237
17.26	0.12355
17.27	0.12339
17.28	0.12324
17.29	0.12308
17.3	0.12293
17.31	0.12278
17.32	0.12263
17.33	0.12247
17.34	0.12232
17.35	0.12217
17.36	0.12202
17.37	0.12187
17.38	0.12172
17.39	0.12157
17.4	0.12142
17.41	0.12127
17.42	0.12112
17.43	0.12097
17.44	0.12082
17.45	0.12067
17.46	0.12052
17.47	0.12037
17.48	0.12022
17.49	0.12007
17.5	0.11993
17.51	0.11978
17.52	0.11963
17.53	0.11949
17.54	0.11934
17.55	0.11919
17.56	0.11905
17.57	0.1189
17.58	0.11875
17.59	0.11861
17.6	0.11846
17.61	0.11832
17.62	0.11817
17.63	0.11803
17.64	0.11789
17.65	0.11774
17.66	0.1176
17.67	0.11745
17.68	0.11731
17.69	0.11717
17.7	0.11703
17.71	0.11688
17.72	0.11674
17.73	0.1166
17.74	0.11646
17.75	0.11632
17.76	0.11617
17.77	0.11603
17.78	0.11589
17.79	0.11575
17.8	0.11561
17.81	0.11547
17.82	0.11533
17.83	0.11519
17.84	0.11505
17.85	0.11491
17.86	0.11478
17.87	0.11464
17.88	0.1145
17.89	0.11436
17.9	0.11422
17.91	0.11408
17.92	0.11395
17.93	0.11381
17.94	0.11367
17.95	0.11354
17.96	0.1134
17.97	0.11326
17.98	0.11313
17.99	0.11299
18.0	0.11286
18.01	0.11272
18.02	0.11259
18.03	0.11245
18.04	0.11232
18.05	0.11218
18.06	0.11205
18.07	0.11191
18.08	0.11178
18.09	0.11165
18.1	0.11151
18.11	0.11138
18.12	0.11125
18.13	0.11112
18.14	0.11098
18.15	0.11085
18.16	0.11072
18.17	0.11059
18.18	0.11046
18.19	0.11032
18.2	0.11019
18.21	0.11006
18.22	0.10993
18.23	0.1098
18.24	0.10967
18.25	0.10954
18.26	0.10941
18.27	0.10928
18.28	0.10915
18.29	0.10902
18.3	0.1089
18.31	0.10877
18.32	0.10864
18.33	0.10851
18.34	0.10838
18.35	0.10825
18.36	0.10813
18.37	0.108
18.38	0.10787
18.39	0.10775
18.4	0.10762
18.41	0.10749
18.42	0.10737
18.43	0.10724
18.44	0.10711
18.45	0.10699
18.46	0.10686
18.47	0.10674
18.48	0.10661
18.49	0.10649
18.5	0.10636
18.51	0.10624
18.52	0.10612
18.53	0.10599
18.54	0.10587
18.55	0.10574
18.56	0.10562
18.57	0.1055
18.58	0.10538
18.59	0.10525
18.6	0.10513
18.61	0.10501
18.62	0.10489
18.63	0.10476
18.64	0.10464
18.65	0.10452
18.66	0.1044
18.67	0.10428
18.68	0.10416
18.69	0.10404
18.7	0.10392
18.71	0.1038
18.72	0.10368
18.73	0.10356
18.74	0.10344
18.75	0.10332
18.76	0.1032
18.77	0.10308
18.78	0.10296
18.79	0.10284
18.8	0.10272
18.81	0.1026
18.82	0.10249
18.83	0.10237
18.84	0.10225
18.85	0.10213
18.86	0.10201
18.87	0.1019
18.88	0.10178
18.89	0.10166
18.9	0.10155
18.91	0.10143
18.92	0.10131
18.93	0.1012
18.94	0.10108
18.95	0.10097
18.96	0.10085
18.97	0.10074
18.98	0.10062
18.99	0.10051
19.0	0.10039
19.01	0.10028
19.02	0.10016
19.03	0.10005
19.04	0.099935
19.05	0.099821
19.06	0.099707
19.07	0.099594
19.08	0.099481
19.09	0.099368
19.1	0.099255
19.11	0.099142
19.12	0.09903
19.13	0.098917
19.14	0.098805
19.15	0.098693
19.16	0.098581
19.17	0.09847
19.18	0.098359
19.19	0.098247
19.2	0.098136
19.21	0.098025
19.22	0.097915
19.23	0.097804
19.24	0.097694
19.25	0.097584
19.26	0.097474
19.27	0.097364
19.28	0.097254
19.29	0.097145
19.3	0.097036
19.31	0.096927
19.32	0.096818
19.33	0.096709
19.34	0.0966
19.35	0.096492
19.36	0.096384
19.37	0.096276
19.38	0.096168
19.39	0.09606
19.4	0.095953
19.41	0.095845
19.42	0.095738
19.43	0.095631
19.44	0.095524
19.45	0.095418
19.46	0.095311
19.47	0.095205
19.48	0.095099
19.49	0.094993
19.5	0.094887
19.51	0.094781
19.52	0.094676
19.53	0.094571
19.54	0.094466
19.55	0.094361
19.56	0.094256
19.57	0.094151
19.58	0.094047
19.59	0.093942
19.6	0.093838
19.61	0.093734
19.62	0.093631
19.63	0.093527
19.64	0.093423
19.65	0.09332
19.66	0.093217
19.67	0.093114
19.68	0.093011
19.69	0.092909
19.7	0.092806
19.71	0.092704
19.72	0.092602
19.73	0.0925
19.74	0.092398
19.75	0.092296
19.76	0.092194
19.77	0.092093
19.78	0.091992
19.79	0.091891
19.8	0.09179
19.81	0.091689
19.82	0.091589
19.83	0.091488
19.84	0.091388
19.85	0.091288
19.86	0.091188
19.87	0.091088
19.88	0.090989
19.89	0.090889
19.9	0.09079
19.91	0.090691
19.92	0.090592
19.93	0.090493
19.94	0.090394
19.95	0.090296
19.96	0.090197
19.97	0.090099
19.98	0.090001
19.99	0.089903
20.0	0.089805
20.01	0.089708
20.02	0.08961
20.03	0.089513
20.04	0.089416
20.05	0.089319
20.06	0.089222
20.07	0.089125
20.08	0.089029
20.09	0.088932
20.1	0.088836
20.11	0.08874
20.12	0.088644
20.13	0.088548
20.14	0.088453
20.15	0.088357
20.16	0.088262
20.17	0.088166
20.18	0.088071
20.19	0.087976
20.2	0.087882
20.21	0.087787
20.22	0.087693
20.23	0.087598
20.24	0.087504
20.25	0.08741
20.26	0.087316
20.27	0.087222
20.28	0.087129
20.29	0.087035
20.3	0.086942
20.31	0.086849
20.32	0.086756
20.33	0.086663
20.34	0.08657
20.35	0.086478
20.36	0.086385
20.37	0.086293
20.38	0.086201
20.39	0.086109
20.4	0.086017
20.41	0.085925
20.42	0.085833
20.43	0.085742
20.44	0.085651
20.45	0.08556
20.46	0.085468
20.47	0.085378
20.48	0.085287
20.49	0.085196
20.5	0.085106
20.51	0.085015
20.52	0.084925
20.53	0.084835
20.54	0.084745
20.55	0.084655
20.56	0.084566
20.57	0.084476
20.58	0.084387
20.59	0.084298
20.6	0.084208
20.61	0.084119
20.62	0.084031
20.63	0.083942
20.64	0.083853
20.65	0.083765
20.66	0.083677
20.67	0.083588
20.68	0.0835
20.69	0.083412
20.7	0.083325
20.71	0.083237
20.72	0.08315
20.73	0.083062
20.74	0.082975
20.75	0.082888
20.76	0.082801
20.77	0.082714
20.78	0.082627
20.79	0.082541
20.8	0.082454
20.81	0.082368
20.82	0.082282
20.83	0.082196
20.84	0.08211
20.85	0.082024
20.86	0.081938
20.87	0.081853
20.88	0.081767
20.89	0.081682
20.9	0.081597
20.91	0.081512
20.92	0.081427
20.93	0.081342
20.94	0.081258
20.95	0.081173
20.96	0.081089
20.97	0.081004
20.98	0.08092
20.99	0.080836
21.0	0.080752
21.01	0.080669
21.02	0.080585
21.03	0.080502
21.04	0.080418
21.05	0.080335
21.06	0.080252
21.07	0.080169
21.08	0.080086
21.09	0.080003
21.1	0.07992
21.11	0.079838
21.12	0.079756
21.13	0.079673
21.14	0.079591
21.15	0.079509
21.16	0.079427
21.17	0.079345
21.18	0.079264
21.19	0.079182
21.2	0.079101
21.21	0.07902
21.22	0.078938
21.23	0.078857
21.24	0.078776
21.25	0.078696
21.26	0.078615
21.27	0.078534
21.28	0.078454
21.29	0.078374
21.3	0.078293
21.31	0.078213
21.32	0.078133
21.33	0.078053
21.34	0.077974
21.35	0.077894
21.36	0.077814
21.37	0.077735
21.38	0.077656
21.39	0.077577
21.4	0.077498
21.41	0.077419
21.42	0.07734
21.43	0.077261
21.44	0.077183
21.45	0.077104
21.46	0.077026
21.47	0.076948
21.48	0.076869
21.49	0.076791
21.5	0.076714
21.51	0.076636
21.52	0.076558
21.53	0.076481
21.54	0.076403
21.55	0.076326
21.56	0.076249
21.57	0.076172
21.58	0.076095
21.59	0.076018
21.6	0.075941
21.61	0.075864
21.62	0.075788
21.63	0.075711
21.64	0.075635
21.65	0.075559
21.66	0.075483
21.67	0.075407
21.68	0.075331
21.69	0.075255
21.7	0.07518
21.71	0.075104
21.72	0.075029
21.73	0.074953
21.74	0.074878
21.75	0.074803
21.76	0.074728
21.77	0.074653
21.78	0.074578
21.79	0.074504
21.8	0.074429
21.81	0.074355
21.82	0.07428
21.83	0.074206
21.84	0.074132
21.85	0.074058
21.86	0.073984
21.87	0.07391
21.88	0.073837
21.89	0.073763
21.9	0.07369
21.91	0.073616
21.92	0.073543
21.93	0.07347
21.94	0.073397
21.95	0.073324
21.96	0.073251
21.97	0.073178
21.98	0.073106
21.99	0.073033
22.0	0.072961
22.01	0.072888
22.02	0.072816
22.03	0.072744
22.04	0.072672
22.05	0.0726
22.06	0.072528
22.07	0.072457
22.08	0.072385
22.09	0.072313
22.1	0.072242
22.11	0.072171
22.12	0.0721
22.13	0.072028
22.14	0.071957
22.15	0.071887
22.16	0.071816
22.17	0.071745
22.18	0.071675
22.19	0.071604
22.2	0.071534
22.21	0.071463
22.22	0.071393
22.23	0.071323
22.24	0.071253
22.25	0.071183
22.26	0.071114
22.27	0.071044
22.28	0.070974
22.29	0.070905
22.3	0.070835
22.31	0.070766
22.32	0.070697
22.33	0.070628
22.34	0.070559
22.35	0.07049
22.36	0.070421
22.37	0.070352
22.38	0.070284
22.39	0.070215
22.4	0.070147
22.41	0.070079
22.42	0.07001
22.43	0.069942
22.44	0.069874
22.45	0.069806
22.46	0.069738
22.47	0.069671
22.48	0.069603
22.49	0.069536
22.5	0.069468
22.51	0.069401
22.52	0.069333
22.53	0.069266
22.54	0.069199
22.55	0.069132
22.56	0.069065
22.57	0.068999
22.58	0.068932
22.59	0.068865
22.6	0.068799
22.61	0.068732
22.62	0.068666
22.63	0.0686
22.64	0.068534
22.65	0.068468
22.66	0.068402
22.67	0.068336
22.68	0.06827
22.69	0.068204
22.7	0.068139
22.71	0.068073
22.72	0.068008
22.73	0.067943
22.74	0.067877
22.75	0.067812
22.76	0.067747
22.77	0.067682
22.78	0.067617
22.79	0.067553
22.8	0.067488
22.81	0.067423
22.82	0.067359
22.83	0.067295
22.84	0.06723
22.85	0.067166
22.86	0.067102
22.87	0.067038
22.88	0.066974
22.89	0.06691
22.9	0.066846
22.91	0.066783
22.92	0.066719
22.93	0.066655
22.94	0.066592
22.95	0.066529
22.96	0.066465
22.97	0.066402
22.98	0.066339
22.99	0.066276
23.0	0.066213
23.01	0.06615
23.02	0.066088
23.03	0.066025
23.04	0.065962
23.05	0.0659
23.06	0.065838
23.07	0.065775
23.08	0.065713
23.09	0.065651
23.1	0.065589
23.11	0.065527
23.12	0.065465
23.13	0.065403
23.14	0.065342
23.15	0.06528
23.16	0.065218
23.17	0.065157
23.18	0.065096
23.19	0.065034
23.2	0.064973
23.21	0.064912
23.22	0.064851
23.23	0.06479
23.24	0.064729
23.25	0.064668
23.26	0.064608
23.27	0.064547
23.28	0.064487
23.29	0.064426
23.3	0.064366
23.31	0.064306
23.32	0.064245
23.33	0.064185
23.34	0.064125
23.35	0.064065
23.36	0.064005
23.37	0.063946
23.38	0.063886
23.39	0.063826
23.4	0.063767
23.41	0.063707
23.42	0.063648
23.43	0.063588
23.44	0.063529
23.45	0.06347
23.46	0.063411
23.47	0.063352
23.48	0.063293
23.49	0.063234
23.5	0.063176
23.51	0.063117
23.52	0.063058
23.53	0.063
23.54	0.062941
23.55	0.062883
23.56	0.062825
23.57	0.062767
23.58	0.062708
23.59	0.06265
23.6	0.062592
23.61	0.062535
23.62	0.062477
23.63	0.062419
23.64	0.062361
23.65	0.062304
23.66	0.062246
23.67	0.062189
23.68	0.062132
23.69	0.062074
23.7	0.062017
23.71	0.06196
23.72	0.061903
23.73	0.061846
23.74	0.061789
23.75	0.061732
23.76	0.061676
23.77	0.061619
23.78	0.061562
23.79	0.061506
23.8	0.06145
23.81	0.061393
23.82	0.061337
23.83	0.061281
23.84	0.061225
23.85	0.061169
23.86	0.061113
23.87	0.061057
23.88	0.061001
23.89	0.060945
23.9	0.060889
23.91	0.060834
23.92	0.060778
23.93	0.060723
23.94	0.060668
23.95	0.060612
23.96	0.060557
23.97	0.060502
23.98	0.060447
23.99	0.060392
24.0	0.060337
24.01	0.060282
24.02	0.060227
24.03	0.060172
24.04	0.060118
24.05	0.060063
24.06	0.060009
24.07	0.059954
24.08	0.0599
24.09	0.059846
24.1	0.059791
24.11	0.059737
24.12	0.059683
24.13	0.059629
24.14	0.059575
24.15	0.059521
24.16	0.059468
24.17	0.059414
24.18	0.05936
24.19	0.059307
24.2	0.059253
24.21	0.0592
24.22	0.059146
24.23	0.059093
24.24	0.05904
24.25	0.058987
24.26	0.058934
24.27	0.058881
24.28	0.058828
24.29	0.058775
24.3	0.058722
24.31	0.058669
24.32	0.058617
24.33	0.058564
24.34	0.058512
24.35	0.058459
24.36	0.058407
24.37	0.058354
24.38	0.058302
24.39	0.05825
24.4	0.058198
24.41	0.058146
24.42	0.058094
24.43	0.058042
24.44	0.05799
24.45	0.057938
24.46	0.057887
24.47	0.057835
24.48	0.057783
24.49	0.057732
24.5	0.05768
24.51	0.057629
24.52	0.057578
24.53	0.057526
24.54	0.057475
24.55	0.057424
24.56	0.057373
24.57	0.057322
24.58	0.057271
24.59	0.05722
24.6	0.05717
24.61	0.057119
24.62	0.057068
24.63	0.057018
24.64	0.056967
24.65	0.056917
24.66	0.056866
24.67	0.056816
24.68	0.056766
24.69	0.056716
24.7	0.056666
24.71	0.056615
24.72	0.056565
24.73	0.056516
24.74	0.056466
24.75	0.056416
24.76	0.056366
24.77	0.056316
24.78	0.056267
24.79	0.056217
24.8	0.056168
24.81	0.056118
24.82	0.056069
24.83	0.05602
24.84	0.055971
24.85	0.055921
24.86	0.055872
24.87	0.055823
24.88	0.055774
24.89	0.055725
24.9	0.055677
24.91	0.055628
24.92	0.055579
24.93	0.05553
24.94	0.055482
24.95	0.055433
24.96	0.055385
24.97	0.055336
24.98	0.055288
24.99	0.05524
25.0	0.055191
25.01	0.055143
25.02	0.055095
25.03	0.055047
25.04	0.054999
25.05	0.054951
25.06	0.054903
25.07	0.054856
25.08	0.054808
25.09	0.05476
25.1	0.054713
25.11	0.054665
25.12	0.054618
25.13	0.05457
25.14	0.054523
25.15	0.054475
25.16	0.054428
25.17	0.054381
25.18	0.054334
25.19	0.054287
25.2	0.05424
25.21	0.054193
25.22	0.054146
25.23	0.054099
25.24	0.054052
25.25	0.054006
25.26	0.053959
25.27	0.053912
25.28	0.053866
25.29	0.053819
25.3	0.053773
25.31	0.053726
25.32	0.05368
25.33	0.053634
25.34	0.053588
25.35	0.053542
25.36	0.053496
25.37	0.053449
25.38	0.053404
25.39	0.053358
25.4	0.053312
25.41	0.053266
25.42	0.05322
25.43	0.053175
25.44	0.053129
25.45	0.053083
25.46	0.053038
25.47	0.052993
25.48	0.052947
25.49	0.052902
25.5	0.052857
25.51	0.052811
25.52	0.052766
25.53	0.052721
25.54	0.052676
25.55	0.052631
25.56	0.052586
25.57	0.052541
25.58	0.052496
25.59	0.052452
25.6	0.052407
25.61	0.052362
25.62	0.052318
25.63	0.052273
25.64	0.052229
25.65	0.052184
25.66	0.05214
25.67	0.052096
25.68	0.052051
25.69	0.052007
25.7	0.051963
25.71	0.051919
25.72	0.051875
25.73	0.051831
25.74	0.051787
25.75	0.051743
25.76	0.051699
25.77	0.051655
25.78	0.051612
25.79	0.051568
25.8	0.051524
25.81	0.051481
25.82	0.051437
25.83	0.051394
25.84	0.051351
25.85	0.051307
25.86	0.051264
25.87	0.051221
25.88	0.051177
25.89	0.051134
25.9	0.051091
25.91	0.051048
25.92	0.051005
25.93	0.050962
25.94	0.05092
25.95	0.050877
25.96	0.050834
25.97	0.050791
25.98	0.050749
25.99	0.050706
26.0	0.050663
26.01	0.050621
26.02	0.050579
26.03	0.050536
26.04	0.050494
26.05	0.050452
26.06	0.050409
26.07	0.050367
26.08	0.050325
26.09	0.050283
26.1	0.050241
26.11	0.050199
26.12	0.050157
26.13	0.050115
26.14	0.050073
26.15	0.050032
26.16	0.04999
26.17	0.049948
26.18	0.049907
26.19	0.049865
26.2	0.049823
26.21	0.049782
26.22	0.049741
26.23	0.049699
26.24	0.049658
26.25	0.049617
26.26	0.049575
26.27	0.049534
26.28	0.049493
26.29	0.049452
26.3	0.049411
26.31	0.04937
26.32	0.049329
26.33	0.049288
26.34	0.049248
26.35	0.049207
26.36	0.049166
26.37	0.049125
26.38	0.049085
26.39	0.049044
26.4	0.049004
26.41	0.048963
26.42	0.048923
26.43	0.048883
26.44	0.048842
26.45	0.048802
26.46	0.048762
26.47	0.048722
26.48	0.048681
26.49	0.048641
26.5	0.048601
26.51	0.048561
26.52	0.048521
26.53	0.048482
26.54	0.048442
26.55	0.048402
26.56	0.048362
26.57	0.048322
26.58	0.048283
26.59	0.048243
26.6	0.048204
26.61	0.048164
26.62	0.048125
26.63	0.048085
26.64	0.048046
26.65	0.048007
26.66	0.047967
26.67	0.047928
26.68	0.047889
26.69	0.04785
26.7	0.047811
26.71	0.047772
26.72	0.047733
26.73	0.047694
26.74	0.047655
26.75	0.047616
26.76	0.047577
26.77	0.047539
26.78	0.0475
26.79	0.047461
26.8	0.047423
26.81	0.047384
26.82	0.047346
26.83	0.047307
26.84	0.047269
26.85	0.04723
26.86	0.047192
26.87	0.047154
26.88	0.047115
26.89	0.047077
26.9	0.047039
26.91	0.047001
26.92	0.046963
26.93	0.046925
26.94	0.046887
26.95	0.046849
26.96	0.046811
26.97	0.046773
26.98	0.046735
26.99	0.046698
27.0	0.04666
27.01	0.046622
27.02	0.046585
27.03	0.046547
27.04	0.04651
27.05	0.046472
27.06	0.046435
27.07	0.046397
27.08	0.04636
27.09	0.046323
27.1	0.046285
27.11	0.046248
27.12	0.046211
27.13	0.046174
27.14	0.046137
27.15	0.0461
27.16	0.046063
27.17	0.046026
27.18	0.045989
27.19	0.045952
27.2	0.045915
27.21	0.045879
27.22	0.045842
27.23	0.045805
27.24	0.045768
27.25	0.045732
27.26	0.045695
27.27	0.045659
27.28	0.045622
27.29	0.045586
27.3	0.045549
27.31	0.045513
27.32	0.045477
27.33	0.045441
27.34	0.045404
27.35	0.045368
27.36	0.045332
27.37	0.045296
27.38	0.04526
27.39	0.045224
27.4	0.045188
27.41	0.045152
27.42	0.045116
27.43	0.04508
27.44	0.045044
27.45	0.045009
27.46	0.044973
27.47	0.044937
27.48	0.044902
27.49	0.044866
27.5	0.044831
27.51	0.044795
27.52	0.04476
27.53	0.044724
27.54	0.044689
27.55	0.044653
27.56	0.044618
27.57	0.044583
27.58	0.044548
27.59	0.044512
27.6	0.044477
27.61	0.044442
27.62	0.044407
27.63	0.044372
27.64	0.044337
27.65	0.044302
27.66	0.044267
27.67	0.044233
27.68	0.044198
27.69	0.044163
27.7	0.044128
27.71	0.044094
27.72	0.044059
27.73	0.044024
27.74	0.04399
27.75	0.043955
27.76	0.043921
27.77	0.043886
27.78	0.043852
27.79	0.043817
27.8	0.043783
27.81	0.043749
27.82	0.043715
27.83	0.04368
27.84	0.043646
27.85	0.043612
27.86	0.043578
27.87	0.043544
27.88	0.04351
27.89	0.043476
27.9	0.043442
27.91	0.043408
27.92	0.043374
27.93	0.04334
27.94	0.043307
27.95	0.043273
27.96	0.043239
27.97	0.043205
27.98	0.043172
27.99	0.043138
28.0	0.043105
28.01	0.043071
28.02	0.043038
28.03	0.043004
28.04	0.042971
28.05	0.042937
28.06	0.042904
28.07	0.042871
28.08	0.042838
28.09	0.042804
28.1	0.042771
28.11	0.042738
28.12	0.042705
28.13	0.042672
28.14	0.042639
28.15	0.042606
28.16	0.042573
28.17	0.04254
28.18	0.042507
28.19	0.042474
28.2	0.042442
28.21	0.042409
28.22	0.042376
28.23	0.042343
28.24	0.042311
28.25	0.042278
28.26	0.042246
28.27	0.042213
28.28	0.042181
28.29	0.042148
28.3	0.042116
28.31	0.042083
28.32	0.042051
28.33	0.042019
28.34	0.041986
28.35	0.041954
28.36	0.041922
28.37	0.04189
28.38	0.041858
28.39	0.041825
28.4	0.041793
28.41	0.041761
28.42	0.041729
28.43	0.041697
28.44	0.041666
28.45	0.041634
28.46	0.041602
28.47	0.04157
28.48	0.041538
28.49	0.041506
28.5	0.041475
28.51	0.041443
28.52	0.041411
28.53	0.04138
28.54	0.041348
28.55	0.041317
28.56	0.041285
28.57	0.041254
28.58	0.041222
28.59	0.041191
28.6	0.04116
28.61	0.041128
28.62	0.041097
28.63	0.041066
28.64	0.041035
28.65	0.041003
28.66	0.040972
28.67	0.040941
28.68	0.04091
28.69	0.040879
28.7	0.040848
28.71	0.040817
28.72	0.040786
28.73	0.040755
28.74	0.040724
28.75	0.040694
28.76	0.040663
28.77	0.040632
28.78	0.040601
28.79	0.040571
28.8	0.04054
28.81	0.040509
28.82	0.040479
28.83	0.040448
28.84	0.040418
28.85	0.040387
28.86	0.040357
28.87	0.040326
28.88	0.040296
28.89	0.040266
28.9	0.040235
28.91	0.040205
28.92	0.040175
28.93	0.040145
28.94	0.040114
28.95	0.040084
28.96	0.040054
28.97	0.040024
28.98	0.039994
28.99	0.039964
29.0	0.039934
29.01	0.039904
29.02	0.039874
29.03	0.039844
29.04	0.039814
29.05	0.039785
29.06	0.039755
29.07	0.039725
29.08	0.039695
29.09	0.039666
29.1	0.039636
29.11	0.039606
29.12	0.039577
29.13	0.039547
29.14	0.039518
29.15	0.039488
29.16	0.039459
29.17	0.039429
29.18	0.0394
29.19	0.039371
29.2	0.039341
29.21	0.039312
29.22	0.039283
29.23	0.039254
29.24	0.039224
29.25	0.039195
29.26	0.039166
29.27	0.039137
29.28	0.039108
29.29	0.039079
29.3	0.03905
29.31	0.039021
29.32	0.038992
29.33	0.038963
29.34	0.038934
29.35	0.038905
29.36	0.038876
29.37	0.038848
29.38	0.038819
29.39	0.03879
29.4	0.038761
29.41	0.038733
29.42	0.038704
29.43	0.038676
29.44	0.038647
29.45	0.038618
29.46	0.03859
29.47	0.038561
29.48	0.038533
29.49	0.038505
29.5	0.038476
29.51	0.038448
29.52	0.03842
29.53	0.038391
29.54	0.038363
29.55	0.038335
29.56	0.038307
29.57	0.038278
29.58	0.03825
29.59	0.038222
29.6	0.038194
29.61	0.038166
29.62	0.038138
29.63	0.03811
29.64	0.038082
29.65	0.038054
29.66	0.038026
29.67	0.037998
29.68	0.037971
29.69	0.037943
29.7	0.037915
29.71	0.037887
29.72	0.03786
29.73	0.037832
29.74	0.037804
29.75	0.037777
29.76	0.037749
29.77	0.037721
29.78	0.037694
29.79	0.037666
29.8	0.037639
29.81	0.037611
29.82	0.037584
29.83	0.037557
29.84	0.037529
29.85	0.037502
29.86	0.037475
29.87	0.037447
29.88	0.03742
29.89	0.037393
29.9	0.037366
29.91	0.037339
29.92	0.037311
29.93	0.037284
29.94	0.037257
29.95	0.03723
29.96	0.037203
29.97	0.037176
29.98	0.037149
29.99	0.037122
30.0	0.037096
30.01	0.037069
30.02	0.037042
30.03	0.037015
30.04	0.036988
30.05	0.036962
30.06	0.036935
30.07	0.036908
30.08	0.036881
30.09	0.036855
30.1	0.036828
30.11	0.036802
30.12	0.036775
30.13	0.036749
30.14	0.036722
30.15	0.036696
30.16	0.036669
30.17	0.036643
30.18	0.036616
30.19	0.03659
30.2	0.036564
30.21	0.036537
30.22	0.036511
30.23	0.036485
30.24	0.036459
30.25	0.036432
30.26	0.036406
30.27	0.03638
30.28	0.036354
30.29	0.036328
30.3	0.036302
30.31	0.036276
30.32	0.03625
30.33	0.036224
30.34	0.036198
30.35	0.036172
30.36	0.036146
30.37	0.03612
30.38	0.036095
30.39	0.036069
30.4	0.036043
30.41	0.036017
30.42	0.035992
30.43	0.035966
30.44	0.03594
30.45	0.035915
30.46	0.035889
30.47	0.035863
30.48	0.035838
30.49	0.035812
30.5	0.035787
30.51	0.035761
30.52	0.035736
30.53	0.03571
30.54	0.035685
30.55	0.03566
30.56	0.035634
30.57	0.035609
30.58	0.035584
30.59	0.035558
30.6	0.035533
30.61	0.035508
30.62	0.035483
30.63	0.035458
30.64	0.035433
30.65	0.035407
30.66	0.035382
30.67	0.035357
30.68	0.035332
30.69	0.035307
30.7	0.035282
30.71	0.035257
30.72	0.035232
30.73	0.035208
30.74	0.035183
30.75	0.035158
30.76	0.035133
30.77	0.035108
30.78	0.035083
30.79	0.035059
30.8	0.035034
30.81	0.035009
30.82	0.034985
30.83	0.03496
30.84	0.034935
30.85	0.034911
30.86	0.034886
30.87	0.034862
30.88	0.034837
30.89	0.034813
30.9	0.034788
30.91	0.034764
30.92	0.034739
30.93	0.034715
30.94	0.034691
30.95	0.034666
30.96	0.034642
30.97	0.034618
30.98	0.034593
30.99	0.034569
31.0	0.034545
31.01	0.034521
31.02	0.034497
31.03	0.034473
31.04	0.034448
31.05	0.034424
31.06	0.0344
31.07	0.034376
31.08	0.034352
31.09	0.034328
31.1	0.034304
31.11	0.03428
31.12	0.034257
31.13	0.034233
31.14	0.034209
31.15	0.034185
31.16	0.034161
31.17	0.034137
31.18	0.034114
31.19	0.03409
31.2	0.034066
31.21	0.034042
31.22	0.034019
31.23	0.033995
31.24	0.033972
31.25	0.033948
31.26	0.033924
31.27	0.033901
31.28	0.033877
31.29	0.033854
31.3	0.03383
31.31	0.033807
31.32	0.033783
31.33	0.03376
31.34	0.033737
31.35	0.033713
31.36	0.03369
31.37	0.033667
31.38	0.033643
31.39	0.03362
31.4	0.033597
31.41	0.033574
31.42	0.033551
31.43	0.033527
31.44	0.033504
31.45	0.033481
31.46	0.033458
31.47	0.033435
31.48	0.033412
31.49	0.033389
31.5	0.033366
31.51	0.033343
31.52	0.03332
31.53	0.033297
31.54	0.033274
31.55	0.033251
31.56	0.033228
31.57	0.033206
31.58	0.033183
31.59	0.03316
31.6	0.033137
31.61	0.033115
31.62	0.033092
31.63	0.033069
31.64	0.033046
31.65	0.033024
31.66	0.033001
31.67	0.032979
31.68	0.032956
31.69	0.032933
31.7	0.032911
31.71	0.032888
31.72	0.032866
31.73	0.032843
31.74	0.032821
31.75	0.032799
31.76	0.032776
31.77	0.032754
31.78	0.032731
31.79	0.032709
31.8	0.032687
31.81	0.032665
31.82	0.032642
31.83	0.03262
31.84	0.032598
31.85	0.032576
31.86	0.032553
31.87	0.032531
31.88	0.032509
31.89	0.032487
31.9	0.032465
31.91	0.032443
31.92	0.032421
31.93	0.032399
31.94	0.032377
31.95	0.032355
31.96	0.032333
31.97	0.032311
31.98	0.032289
31.99	0.032267
32.0	0.032245
32.01	0.032224
32.02	0.032202
32.03	0.03218
32.04	0.032158
32.05	0.032136
32.06	0.032115
32.07	0.032093
32.08	0.032071
32.09	0.03205
32.1	0.032028
32.11	0.032006
32.12	0.031985
32.13	0.031963
32.14	0.031942
32.15	0.03192
32.16	0.031899
32.17	0.031877
32.18	0.031856
32.19	0.031834
32.2	0.031813
32.21	0.031791
32.22	0.03177
32.23	0.031749
32.24	0.031727
32.25	0.031706
32.26	0.031685
32.27	0.031663
32.28	0.031642
32.29	0.031621
32.3	0.0316
32.31	0.031578
32.32	0.031557
32.33	0.031536
32.34	0.031515
32.35	0.031494
32.36	0.031473
32.37	0.031452
32.38	0.031431
32.39	0.03141
32.4	0.031389
32.41	0.031368
32.42	0.031347
32.43	0.031326
32.44	0.031305
32.45	0.031284
32.46	0.031263
32.47	0.031242
32.48	0.031221
32.49	0.0312
32.5	0.03118
32.51	0.031159
32.52	0.031138
32.53	0.031117
32.54	0.031097
32.55	0.031076
32.56	0.031055
32.57	0.031035
32.58	0.031014
32.59	0.030993
32.6	0.030973
32.61	0.030952
32.62	0.030932
32.63	0.030911
32.64	0.030891
32.65	0.03087
32.66	0.03085
32.67	0.030829
32.68	0.030809
32.69	0.030788
32.7	0.030768
32.71	0.030748
32.72	0.030727
32.73	0.030707
32.74	0.030687
32.75	0.030666
32.76	0.030646
32.77	0.030626
32.78	0.030605
32.79	0.030585
32.8	0.030565
32.81	0.030545
32.82	0.030525
32.83	0.030505
32.84	0.030484
32.85	0.030464
32.86	0.030444
32.87	0.030424
32.88	0.030404
32.89	0.030384
32.9	0.030364
32.91	0.030344
32.92	0.030324
32.93	0.030304
32.94	0.030284
32.95	0.030264
32.96	0.030245
32.97	0.030225
32.98	0.030205
32.99	0.030185
33.0	0.030165
33.01	0.030145
33.02	0.030126
33.03	0.030106
33.04	0.030086
33.05	0.030066
33.06	0.030047
33.07	0.030027
33.08	0.030007
33.09	0.029988
33.1	0.029968
33.11	0.029949
33.12	0.029929
33.13	0.029909
33.14	0.02989
33.15	0.02987
33.16	0.029851
33.17	0.029831
33.18	0.029812
33.19	0.029792
33.2	0.029773
33.21	0.029754
33.22	0.029734
33.23	0.029715
33.24	0.029696
33.25	0.029676
33.26	0.029657
33.27	0.029638
33.28	0.029618
33.29	0.029599
33.3	0.02958
33.31	0.029561
33.32	0.029541
33.33	0.029522
33.34	0.029503
33.35	0.029484
33.36	0.029465
33.37	0.029446
33.38	0.029427
33.39	0.029407
33.4	0.029388
33.41	0.029369
33.42	0.02935
33.43	0.029331
33.44	0.029312
33.45	0.029293
33.46	0.029274
33.47	0.029256
33.48	0.029237
33.49	0.029218
33.5	0.029199
33.51	0.02918
33.52	0.029161
33.53	0.029142
33.54	0.029124
33.55	0.029105
33.56	0.029086
33.57	0.029067
33.58	0.029049
33.59	0.02903
33.6	0.029011
33.61	0.028992
33.62	0.028974
33.63	0.028955
33.64	0.028937
33.65	0.028918
33.66	0.028899
33.67	0.028881
33.68	0.028862
33.69	0.028844
33.7	0.028825
33.71	0.028807
33.72	0.028788
33.73	0.02877
33.74	0.028751
33.75	0.028733
33.76	0.028714
33.77	0.028696
33.78	0.028678
33.79	0.028659
33.8	0.028641
33.81	0.028623
33.82	0.028604
33.83	0.028586
33.84	0.028568
33.85	0.028549
33.86	0.028531
33.87	0.028513
33.88	0.028495
33.89	0.028477
33.9	0.028458
33.91	0.02844
33.92	0.028422
33.93	0.028404
33.94	0.028386
33.95	0.028368
33.96	0.02835
33.97	0.028332
33.98	0.028314
33.99	0.028296
34.0	0.028278
34.01	0.02826
34.02	0.028242
34.03	0.028224
34.04	0.028206
34.05	0.028188
34.06	0.02817
34.07	0.028152
34.08	0.028134
34.09	0.028116
34.1	0.028099
34.11	0.028081
34.12	0.028063
34.13	0.028045
34.14	0.028027
34.15	0.02801
34.16	0.027992
34.17	0.027974
34.18	0.027957
34.19	0.027939
34.2	0.027921
34.21	0.027904
34.22	0.027886
34.23	0.027868
34.24	0.027851
34.25	0.027833
34.26	0.027816
34.27	0.027798
34.28	0.027781
34.29	0.027763
34.3	0.027746
34.31	0.027728
34.32	0.027711
34.33	0.027693
34.34	0.027676
34.35	0.027658
34.36	0.027641
34.37	0.027623
34.38	0.027606
34.39	0.027589
34.4	0.027571
34.41	0.027554
34.42	0.027537
34.43	0.02752
34.44	0.027502
34.45	0.027485
34.46	0.027468
34.47	0.027451
34.48	0.027433
34.49	0.027416
34.5	0.027399
34.51	0.027382
34.52	0.027365
34.53	0.027348
34.54	0.02733
34.55	0.027313
34.56	0.027296
34.57	0.027279
34.58	0.027262
34.59	0.027245
34.6	0.027228
34.61	0.027211
34.62	0.027194
34.63	0.027177
34.64	0.02716
34.65	0.027143
34.66	0.027126
34.67	0.027109
34.68	0.027093
34.69	0.027076
34.7	0.027059
34.71	0.027042
34.72	0.027025
34.73	0.027008
34.74	0.026991
34.75	0.026975
34.76	0.026958
34.77	0.026941
34.78	0.026924
34.79	0.026908
34.8	0.026891
34.81	0.026874
34.82	0.026858
34.83	0.026841
34.84	0.026824
34.85	0.026808
34.86	0.026791
34.87	0.026775
34.88	0.026758
34.89	0.026741
34.9	0.026725
34.91	0.026708
34.92	0.026692
34.93	0.026675
34.94	0.026659
34.95	0.026642
34.96	0.026626
34.97	0.026609
34.98	0.026593
34.99	0.026577
35.0	0.02656
35.01	0.026544
35.02	0.026527
35.03	0.026511
35.04	0.026495
35.05	0.026478
35.06	0.026462
35.07	0.026446
35.08	0.026429
35.09	0.026413
35.1	0.026397
35.11	0.026381
35.12	0.026364
35.13	0.026348
35.14	0.026332
35.15	0.026316
35.16	0.0263
35.17	0.026284
35.18	0.026267
35.19	0.026251
35.2	0.026235
35.21	0.026219
35.22	0.026203
35.23	0.026187
35.24	0.026171
35.25	0.026155
35.26	0.026139
35.27	0.026123
35.28	0.026107
35.29	0.026091
35.3	0.026075
35.31	0.026059
35.32	0.026043
35.33	0.026027
35.34	0.026011
35.35	0.025995
35.36	0.025979
35.37	0.025964
35.38	0.025948
35.39	0.025932
35.4	0.025916
35.41	0.0259
35.42	0.025885
35.43	0.025869
35.44	0.025853
35.45	0.025837
35.46	0.025822
35.47	0.025806
35.48	0.02579
35.49	0.025774
35.5	0.025759
35.51	0.025743
35.52	0.025727
35.53	0.025712
35.54	0.025696
35.55	0.025681
35.56	0.025665
35.57	0.025649
35.58	0.025634
35.59	0.025618
35.6	0.025603
35.61	0.025587
35.62	0.025572
35.63	0.025556
35.64	0.025541
35.65	0.025525
35.66	0.02551
35.67	0.025494
35.68	0.025479
35.69	0.025464
35.7	0.025448
35.71	0.025433
35.72	0.025418
35.73	0.025402
35.74	0.025387
35.75	0.025372
35.76	0.025356
35.77	0.025341
35.78	0.025326
35.79	0.02531
35.8	0.025295
35.81	0.02528
35.82	0.025265
35.83	0.025249
35.84	0.025234
35.85	0.025219
35.86	0.025204
35.87	0.025189
35.88	0.025174
35.89	0.025158
35.9	0.025143
35.91	0.025128
35.92	0.025113
35.93	0.025098
35.94	0.025083
35.95	0.025068
35.96	0.025053
35.97	0.025038
35.98	0.025023
35.99	0.025008
36.0	0.024993
36.01	0.024978
36.02	0.024963
36.03	0.024948
36.04	0.024933
36.05	0.024918
36.06	0.024903
36.07	0.024888
36.08	0.024873
36.09	0.024859
36.1	0.024844
36.11	0.024829
36.12	0.024814
36.13	0.024799
36.14	0.024784
36.15	0.02477
36.16	0.024755
36.17	0.02474
36.18	0.024725
36.19	0.024711
36.2	0.024696
36.21	0.024681
36.22	0.024666
36.23	0.024652
36.24	0.024637
36.25	0.024622
36.26	0.024608
36.27	0.024593
36.28	0.024579
36.29	0.024564
36.3	0.024549
36.31	0.024535
36.32	0.02452
36.33	0.024506
36.34	0.024491
36.35	0.024477
36.36	0.024462
36.37	0.024448
36.38	0.024433
36.39	0.024419
36.4	0.024404
36.41	0.02439
36.42	0.024375
36.43	0.024361
36.44	0.024346
36.45	0.024332
36.46	0.024318
36.47	0.024303
36.48	0.024289
36.49	0.024275
36.5	0.02426
36.51	0.024246
36.52	0.024232
36.53	0.024217
36.54	0.024203
36.55	0.024189
36.56	0.024174
36.57	0.02416
36.58	0.024146
36.59	0.024132
36.6	0.024117
36.61	0.024103
36.62	0.024089
36.63	0.024075
36.64	0.024061
36.65	0.024047
36.66	0.024032
36.67	0.024018
36.68	0.024004
36.69	0.02399
36.7	0.023976
36.71	0.023962
36.72	0.023948
36.73	0.023934
36.74	0.02392
36.75	0.023906
36.76	0.023892
36.77	0.023878
36.78	0.023864
36.79	0.02385
36.8	0.023836
36.81	0.023822
36.82	0.023808
36.83	0.023794
36.84	0.02378
36.85	0.023766
36.86	0.023752
36.87	0.023738
36.88	0.023725
36.89	0.023711
36.9	0.023697
36.91	0.023683
36.92	0.023669
36.93	0.023655
36.94	0.023642
36.95	0.023628
36.96	0.023614
36.97	0.0236
36.98	0.023586
36.99	0.023573
37.0	0.023559
37.01	0.023545
37.02	0.023532
37.03	0.023518
37.04	0.023504
37.05	0.023491
37.06	0.023477
37.07	0.023463
37.08	0.02345
37.09	0.023436
37.1	0.023422
37.11	0.023409
37.12	0.023395
37.13	0.023382
37.14	0.023368
37.15	0.023354
37.16	0.023341
37.17	0.023327
37.18	0.023314
37.19	0.0233
37.2	0.023287
37.21	0.023273
37.22	0.02326
37.23	0.023247
37.24	0.023233
37.25	0.02322
37.26	0.023206
37.27	0.023193
37.28	0.023179
37.29	0.023166
37.3	0.023153
37.31	0.023139
37.32	0.023126
37.33	0.023113
37.34	0.023099
37.35	0.023086
37.36	0.023073
37.37	0.023059
37.38	0.023046
37.39	0.023033
37.4	0.023019
37.41	0.023006
37.42	0.022993
37.43	0.02298
37.44	0.022967
37.45	0.022953
37.46	0.02294
37.47	0.022927
37.48	0.022914
37.49	0.022901
37.5	0.022887
37.51	0.022874
37.52	0.022861
37.53	0.022848
37.54	0.022835
37.55	0.022822
37.56	0.022809
37.57	0.022796
37.58	0.022783
37.59	0.02277
37.6	0.022757
37.61	0.022744
37.62	0.022731
37.63	0.022718
37.64	0.022705
37.65	0.022692
37.66	0.022679
37.67	0.022666
37.68	0.022653
37.69	0.02264
37.7	0.022627
37.71	0.022614
37.72	0.022601
37.73	0.022588
37.74	0.022575
37.75	0.022562
37.76	0.022549
37.77	0.022537
37.78	0.022524
37.79	0.022511
37.8	0.022498
37.81	0.022485
37.82	0.022473
37.83	0.02246
37.84	0.022447
37.85	0.022434
37.86	0.022421
37.87	0.022409
37.88	0.022396
37.89	0.022383
37.9	0.022371
37.91	0.022358
37.92	0.022345
37.93	0.022332
37.94	0.02232
37.95	0.022307
37.96	0.022294
37.97	0.022282
37.98	0.022269
37.99	0.022257
38.0	0.022244
38.01	0.022231
38.02	0.022219
38.03	0.022206
38.04	0.022194
38.05	0.022181
38.06	0.022169
38.07	0.022156
38.08	0.022144
38.09	0.022131
38.1	0.022119
38.11	0.022106
38.12	0.022094
38.13	0.022081
38.14	0.022069
38.15	0.022056
38.16	0.022044
38.17	0.022031
38.18	0.022019
38.19	0.022007
38.2	0.021994
38.21	0.021982
38.22	0.021969
38.23	0.021957
38.24	0.021945
38.25	0.021932
38.26	0.02192
38.27	0.021908
38.28	0.021895
38.29	0.021883
38.3	0.021871
38.31	0.021858
38.32	0.021846
38.33	0.021834
38.34	0.021822
38.35	0.021809
38.36	0.021797
38.37	0.021785
38.38	0.021773
38.39	0.021761
38.4	0.021748
38.41	0.021736
38.42	0.021724
38.43	0.021712
38.44	0.0217
38.45	0.021688
38.46	0.021675
38.47	0.021663
38.48	0.021651
38.49	0.021639
38.5	0.021627
38.51	0.021615
38.52	0.021603
38.53	0.021591
38.54	0.021579
38.55	0.021567
38.56	0.021555
38.57	0.021543
38.58	0.021531
38.59	0.021519
38.6	0.021507
38.61	0.021495
38.62	0.021483
38.63	0.021471
38.64	0.021459
38.65	0.021447
38.66	0.021435
38.67	0.021423
38.68	0.021411
38.69	0.021399
38.7	0.021387
38.71	0.021376
38.72	0.021364
38.73	0.021352
38.74	0.02134
38.75	0.021328
38.76	0.021316
38.77	0.021304
38.78	0.021293
38.79	0.021281
38.8	0.021269
38.81	0.021257
38.82	0.021245
38.83	0.021234
38.84	0.021222
38.85	0.02121
38.86	0.021198
38.87	0.021187
38.88	0.021175
38.89	0.021163
38.9	0.021152
38.91	0.02114
38.92	0.021128
38.93	0.021117
38.94	0.021105
38.95	0.021093
38.96	0.021082
38.97	0.02107
38.98	0.021058
38.99	0.021047
39.0	0.021035
39.01	0.021024
39.02	0.021012
39.03	0.021
39.04	0.020989
39.05	0.020977
39.06	0.020966
39.07	0.020954
39.08	0.020943
39.09	0.020931
39.1	0.02092
39.11	0.020908
39.12	0.020897
39.13	0.020885
39.14	0.020874
39.15	0.020862
39.16	0.020851
39.17	0.020839
39.18	0.020828
39.19	0.020817
39.2	0.020805
39.21	0.020794
39.22	0.020782
39.23	0.020771
39.24	0.02076
39.25	0.020748
39.26	0.020737
39.27	0.020726
39.28	0.020714
39.29	0.020703
39.3	0.020692
39.31	0.02068
39.32	0.020669
39.33	0.020658
39.34	0.020646
39.35	0.020635
39.36	0.020624
39.37	0.020613
39.38	0.020601
39.39	0.02059
39.4	0.020579
39.41	0.020568
39.42	0.020557
39.43	0.020545
39.44	0.020534
39.45	0.020523
39.46	0.020512
39.47	0.020501
39.48	0.020489
39.49	0.020478
39.5	0.020467
39.51	0.020456
39.52	0.020445
39.53	0.020434
39.54	0.020423
39.55	0.020412
39.56	0.020401
39.57	0.020389
39.58	0.020378
39.59	0.020367
39.6	0.020356
39.61	0.020345
39.62	0.020334
39.63	0.020323
39.64	0.020312
39.65	0.020301
39.66	0.02029
39.67	0.020279
39.68	0.020268
39.69	0.020257
39.7	0.020246
39.71	0.020235
39.72	0.020224
39.73	0.020213
39.74	0.020203
39.75	0.020192
39.76	0.020181
39.77	0.02017
39.78	0.020159
39.79	0.020148
39.8	0.020137
39.81	0.020126
39.82	0.020115
39.83	0.020105
39.84	0.020094
39.85	0.020083
39.86	0.020072
39.87	0.020061
39.88	0.020051
39.89	0.02004
39.9	0.020029
39.91	0.020018
39.92	0.020007
39.93	0.019997
39.94	0.019986
39.95	0.019975
39.96	0.019964
39.97	0.019954
39.98	0.019943
39.99	0.019932
40.0	0.019922
40.01	0.019911
40.02	0.0199
40.03	0.01989
40.04	0.019879
40.05	0.019868
40.06	0.019858
40.07	0.019847
40.08	0.019836
40.09	0.019826
40.1	0.019815
40.11	0.019804
40.12	0.019794
40.13	0.019783
40.14	0.019773
40.15	0.019762
40.16	0.019752
40.17	0.019741
40.18	0.01973
40.19	0.01972
40.2	0.019709
40.21	0.019699
40.22	0.019688
40.23	0.019678
40.24	0.019667
40.25	0.019657
40.26	0.019646
40.27	0.019636
40.28	0.019625
40.29	0.019615
40.3	0.019605
40.31	0.019594
40.32	0.019584
40.33	0.019573
40.34	0.019563
40.35	0.019552
40.36	0.019542
40.37	0.019532
40.38	0.019521
40.39	0.019511
40.4	0.019501
40.41	0.01949
40.42	0.01948
40.43	0.01947
40.44	0.019459
40.45	0.019449
40.46	0.019439
40.47	0.019428
40.48	0.019418
40.49	0.019408
40.5	0.019397
40.51	0.019387
40.52	0.019377
40.53	0.019367
40.54	0.019356
40.55	0.019346
40.56	0.019336
40.57	0.019326
40.58	0.019315
40.59	0.019305
40.6	0.019295
40.61	0.019285
40.62	0.019275
40.63	0.019264
40.64	0.019254
40.65	0.019244
40.66	0.019234
40.67	0.019224
40.68	0.019214
40.69	0.019204
40.7	0.019193
40.71	0.019183
40.72	0.019173
40.73	0.019163
40.74	0.019153
40.75	0.019143
40.76	0.019133
40.77	0.019123
40.78	0.019113
40.79	0.019103
40.8	0.019093
40.81	0.019083
40.82	0.019073
40.83	0.019063
40.84	0.019053
40.85	0.019043
40.86	0.019033
40.87	0.019023
40.88	0.019013
40.89	0.019003
40.9	0.018993
40.91	0.018983
40.92	0.018973
40.93	0.018963
40.94	0.018953
40.95	0.018943
40.96	0.018933
40.97	0.018923
40.98	0.018913
40.99	0.018903
41.0	0.018893
41.01	0.018884
41.02	0.018874
41.03	0.018864
41.04	0.018854
41.05	0.018844
41.06	0.018834
41.07	0.018824
41.08	0.018815
41.09	0.018805
41.1	0.018795
41.11	0.018785
41.12	0.018775
41.13	0.018766
41.14	0.018756
41.15	0.018746
41.16	0.018736
41.17	0.018727
41.18	0.018717
41.19	0.018707
41.2	0.018697
41.21	0.018688
41.22	0.018678
41.23	0.018668
41.24	0.018658
41.25	0.018649
41.26	0.018639
41.27	0.018629
41.28	0.01862
41.29	0.01861
41.3	0.0186
41.31	0.018591
41.32	0.018581
41.33	0.018571
41.34	0.018562
41.35	0.018552
41.36	0.018543
41.37	0.018533
41.38	0.018523
41.39	0.018514
41.4	0.018504
41.41	0.018495
41.42	0.018485
41.43	0.018476
41.44	0.018466
41.45	0.018456
41.46	0.018447
41.47	0.018437
41.48	0.018428
41.49	0.018418
41.5	0.018409
41.51	0.018399
41.52	0.01839
41.53	0.01838
41.54	0.018371
41.55	0.018361
41.56	0.018352
41.57	0.018342
41.58	0.018333
41.59	0.018324
41.6	0.018314
41.61	0.018305
41.62	0.018295
41.63	0.018286
41.64	0.018276
41.65	0.018267
41.66	0.018258
41.67	0.018248
41.68	0.018239
41.69	0.018229
41.7	0.01822
41.71	0.018211
41.72	0.018201
41.73	0.018192
41.74	0.018183
41.75	0.018173
41.76	0.018164
41.77	0.018155
41.78	0.018145
41.79	0.018136
41.8	0.018127
41.81	0.018118
41.82	0.018108
41.83	0.018099
41.84	0.01809
41.85	0.01808
41.86	0.018071
41.87	0.018062
41.88	0.018053
41.89	0.018043
41.9	0.018034
41.91	0.018025
41.92	0.018016
41.93	0.018007
41.94	0.017997
41.95	0.017988
41.96	0.017979
41.97	0.01797
41.98	0.017961
41.99	0.017952
42.0	0.017942
42.01	0.017933
42.02	0.017924
42.03	0.017915
42.04	0.017906
42.05	0.017897
42.06	0.017888
42.07	0.017878
42.08	0.017869
42.09	0.01786
42.1	0.017851
42.11	0.017842
42.12	0.017833
42.13	0.017824
42.14	0.017815
42.15	0.017806
42.16	0.017797
42.17	0.017788
42.18	0.017779
42.19	0.01777
42.2	0.017761
42.21	0.017752
42.22	0.017743
42.23	0.017734
42.24	0.017725
42.25	0.017716
42.26	0.017707
42.27	0.017698
42.28	0.017689
42.29	0.01768
42.3	0.017671
42.31	0.017662
42.32	0.017653
42.33	0.017644
42.34	0.017635
42.35	0.017626
42.36	0.017617
42.37	0.017608
42.38	0.0176
42.39	0.017591
42.4	0.017582
42.41	0.017573
42.42	0.017564
42.43	0.017555
42.44	0.017546
42.45	0.017538
42.46	0.017529
42.47	0.01752
42.48	0.017511
42.49	0.017502
42.5	0.017493
42.51	0.017485
42.52	0.017476
42.53	0.017467
42.54	0.017458
42.55	0.017449
42.56	0.017441
42.57	0.017432
42.58	0.017423
42.59	0.017414
42.6	0.017406
42.61	0.017397
42.62	0.017388
42.63	0.017379
42.64	0.017371
42.65	0.017362
42.66	0.017353
42.67	0.017345
42.68	0.017336
42.69	0.017327
42.7	0.017318
42.71	0.01731
42.72	0.017301
42.73	0.017292
42.74	0.017284
42.75	0.017275
42.76	0.017266
42.77	0.017258
42.78	0.017249
42.79	0.017241
42.8	0.017232
42.81	0.017223
42.82	0.017215
42.83	0.017206
42.84	0.017198
42.85	0.017189
42.86	0.01718
42.87	0.017172
42.88	0.017163
42.89	0.017155
42.9	0.017146
42.91	0.017138
42.92	0.017129
42.93	0.01712
42.94	0.017112
42.95	0.017103
42.96	0.017095
42.97	0.017086
42.98	0.017078
42.99	0.017069
43.0	0.017061
43.01	0.017052
43.02	0.017044
43.03	0.017035
43.04	0.017027
43.05	0.017019
43.06	0.01701
43.07	0.017002
43.08	0.016993
43.09	0.016985
43.1	0.016976
43.11	0.016968
43.12	0.016959
43.13	0.016951
43.14	0.016943
43.15	0.016934
43.16	0.016926
43.17	0.016917
43.18	0.016909
43.19	0.016901
43.2	0.016892
43.21	0.016884
43.22	0.016876
43.23	0.016867
43.24	0.016859
43.25	0.016851
43.26	0.016842
43.27	0.016834
43.28	0.016826
43.29	0.016817
43.3	0.016809
43.31	0.016801
43.32	0.016792
43.33	0.016784
43.34	0.016776
43.35	0.016768
43.36	0.016759
43.37	0.016751
43.38	0.016743
43.39	0.016735
43.4	0.016726
43.41	0.016718
43.42	0.01671
43.43	0.016702
43.44	0.016693
43.45	0.016685
43.46	0.016677
43.47	0.016669
43.48	0.016661
43.49	0.016652
43.5	0.016644
43.51	0.016636
43.52	0.016628
43.53	0.01662
43.54	0.016611
43.55	0.016603
43.56	0.016595
43.57	0.016587
43.58	0.016579
43.59	0.016571
43.6	0.016563
43.61	0.016554
43.62	0.016546
43.63	0.016538
43.64	0.01653
43.65	0.016522
43.66	0.016514
43.67	0.016506
43.68	0.016498
43.69	0.01649
43.7	0.016482
43.71	0.016474
43.72	0.016466
43.73	0.016457
43.74	0.016449
43.75	0.016441
43.76	0.016433
43.77	0.016425
43.78	0.016417
43.79	0.016409
43.8	0.016401
43.81	0.016393
43.82	0.016385
43.83	0.016377
43.84	0.016369
43.85	0.016361
43.86	0.016353
43.87	0.016345
43.88	0.016337
43.89	0.01633
43.9	0.016322
43.91	0.016314
43.92	0.016306
43.93	0.016298
43.94	0.01629
43.95	0.016282
43.96	0.016274
43.97	0.016266
43.98	0.016258
43.99	0.01625
44.0	0.016242
44.01	0.016234
44.02	0.016227
44.03	0.016219
44.04	0.016211
44.05	0.016203
44.06	0.016195
44.07	0.016187
44.08	0.016179
44.09	0.016172
44.1	0.016164
44.11	0.016156
44.12	0.016148
44.13	0.01614
44.14	0.016132
44.15	0.016125
44.16	0.016117
44.17	0.016109
44.18	0.016101
44.19	0.016093
44.2	0.016086
44.21	0.016078
44.22	0.01607
44.23	0.016062
44.24	0.016055
44.25	0.016047
44.26	0.016039
44.27	0.016031
44.28	0.016024
44.29	0.016016
44.3	0.016008
44.31	0.016
44.32	0.015993
44.33	0.015985
44.34	0.015977
44.35	0.01597
44.36	0.015962
44.37	0.015954
44.38	0.015947
44.39	0.015939
44.4	0.015931
44.41	0.015924
44.42	0.015916
44.43	0.015908
44.44	0.015901
44.45	0.015893
44.46	0.015885
44.47	0.015878
44.48	0.01587
44.49	0.015863
44.5	0.015855
44.51	0.015847
44.52	0.01584
44.53	0.015832
44.54	0.015824
44.55	0.015817
44.56	0.015809
44.57	0.015802
44.58	0.015794
44.59	0.015787
44.6	0.015779
44.61	0.015771
44.62	0.015764
44.63	0.015756
44.64	0.015749
44.65	0.015741
44.66	0.015734
44.67	0.015726
44.68	0.015719
44.69	0.015711
44.7	0.015704
44.71	0.015696
44.72	0.015689
44.73	0.015681
44.74	0.015674
44.75	0.015666
44.76	0.015659
44.77	0.015651
44.78	0.015644
44.79	0.015636
44.8	0.015629
44.81	0.015622
44.82	0.015614
44.83	0.015607
44.84	0.015599
44.85	0.015592
44.86	0.015584
44.87	0.015577
44.88	0.01557
44.89	0.015562
44.9	0.015555
44.91	0.015547
44.92	0.01554
44.93	0.015533
44.94	0.015525
44.95	0.015518
44.96	0.01551
44.97	0.015503
44.98	0.015496
44.99	0.015488
45.0	0.015481
45.01	0.015474
45.02	0.015466
45.03	0.015459
45.04	0.015452
45.05	0.015444
45.06	0.015437
45.07	0.01543
45.08	0.015422
45.09	0.015415
45.1	0.015408
45.11	0.015401
45.12	0.015393
45.13	0.015386
45.14	0.015379
45.15	0.015371
45.16	0.015364
45.17	0.015357
45.18	0.01535
45.19	0.015342
45.2	0.015335
45.21	0.015328
45.22	0.015321
45.23	0.015313
45.24	0.015306
45.25	0.015299
45.26	0.015292
45.27	0.015285
45.28	0.015277
45.29	0.01527
45.3	0.015263
45.31	0.015256
45.32	0.015249
45.33	0.015241
45.34	0.015234
45.35	0.015227
45.36	0.01522
45.37	0.015213
45.38	0.015206
45.39	0.015198
45.4	0.015191
45.41	0.015184
45.42	0.015177
45.43	0.01517
45.44	0.015163
45.45	0.015156
45.46	0.015149
45.47	0.015141
45.48	0.015134
45.49	0.015127
45.5	0.01512
45.51	0.015113
45.52	0.015106
45.53	0.015099
45.54	0.015092
45.55	0.015085
45.56	0.015078
45.57	0.015071
45.58	0.015064
45.59	0.015057
45.6	0.015049
45.61	0.015042
45.62	0.015035
45.63	0.015028
45.64	0.015021
45.65	0.015014
45.66	0.015007
45.67	0.015
45.68	0.014993
45.69	0.014986
45.7	0.014979
45.71	0.014972
45.72	0.014965
45.73	0.014958
45.74	0.014951
45.75	0.014944
45.76	0.014937
45.77	0.01493
45.78	0.014924
45.79	0.014917
45.8	0.01491
45.81	0.014903
45.82	0.014896
45.83	0.014889
45.84	0.014882
45.85	0.014875
45.86	0.014868
45.87	0.014861
45.88	0.014854
45.89	0.014847
45.9	0.01484
45.91	0.014834
45.92	0.014827
45.93	0.01482
45.94	0.014813
45.95	0.014806
45.96	0.014799
45.97	0.014792
45.98	0.014785
45.99	0.014779
46.0	0.014772
46.01	0.014765
46.02	0.014758
46.03	0.014751
46.04	0.014744
46.05	0.014738
46.06	0.014731
46.07	0.014724
46.08	0.014717
46.09	0.01471
46.1	0.014703
46.11	0.014697
46.12	0.01469
46.13	0.014683
46.14	0.014676
46.15	0.014669
46.16	0.014663
46.17	0.014656
46.18	0.014649
46.19	0.014642
46.2	0.014636
46.21	0.014629
46.22	0.014622
46.23	0.014615
46.24	0.014609
46.25	0.014602
46.26	0.014595
46.27	0.014588
46.28	0.014582
46.29	0.014575
46.3	0.014568
46.31	0.014562
46.32	0.014555
46.33	0.014548
46.34	0.014542
46.35	0.014535
46.36	0.014528
46.37	0.014521
46.38	0.014515
46.39	0.014508
46.4	0.014501
46.41	0.014495
46.42	0.014488
46.43	0.014482
46.44	0.014475
46.45	0.014468
46.46	0.014462
46.47	0.014455
46.48	0.014448
46.49	0.014442
46.5	0.014435
46.51	0.014428
46.52	0.014422
46.53	0.014415
46.54	0.014409
46.55	0.014402
46.56	0.014395
46.57	0.014389
46.58	0.014382
46.59	0.014376
46.6	0.014369
46.61	0.014363
46.62	0.014356
46.63	0.014349
46.64	0.014343
46.65	0.014336
46.66	0.01433
46.67	0.014323
46.68	0.014317
46.69	0.01431
46.7	0.014304
46.71	0.014297
46.72	0.014291
46.73	0.014284
46.74	0.014278
46.75	0.014271
46.76	0.014265
46.77	0.014258
46.78	0.014252
46.79	0.014245
46.8	0.014239
46.81	0.014232
46.82	0.014226
46.83	0.014219
46.84	0.014213
46.85	0.014206
46.86	0.0142
46.87	0.014193
46.88	0.014187
46.89	0.01418
46.9	0.014174
46.91	0.014168
46.92	0.014161
46.93	0.014155
46.94	0.014148
46.95	0.014142
46.96	0.014135
46.97	0.014129
46.98	0.014123
46.99	0.014116
47.0	0.01411
47.01	0.014103
47.02	0.014097
47.03	0.014091
47.04	0.014084
47.05	0.014078
47.06	0.014071
47.07	0.014065
47.08	0.014059
47.09	0.014052
47.1	0.014046
47.11	0.01404
47.12	0.014033
47.13	0.014027
47.14	0.014021
47.15	0.014014
47.16	0.014008
47.17	0.014002
47.18	0.013995
47.19	0.013989
47.2	0.013983
47.21	0.013976
47.22	0.01397
47.23	0.013964
47.24	0.013957
47.25	0.013951
47.26	0.013945
47.27	0.013939
47.28	0.013932
47.29	0.013926
47.3	0.01392
47.31	0.013914
47.32	0.013907
47.33	0.013901
47.34	0.013895
47.35	0.013889
47.36	0.013882
47.37	0.013876
47.38	0.01387
47.39	0.013864
47.4	0.013857
47.41	0.013851
47.42	0.013845
47.43	0.013839
47.44	0.013832
47.45	0.013826
47.46	0.01382
47.47	0.013814
47.48	0.013808
47.49	0.013801
47.5	0.013795
47.51	0.013789
47.52	0.013783
47.53	0.013777
47.54	0.013771
47.55	0.013764
47.56	0.013758
47.57	0.013752
47.58	0.013746
47.59	0.01374
47.6	0.013734
47.61	0.013727
47.62	0.013721
47.63	0.013715
47.64	0.013709
47.65	0.013703
47.66	0.013697
47.67	0.013691
47.68	0.013685
47.69	0.013679
47.7	0.013672
47.71	0.013666
47.72	0.01366
47.73	0.013654
47.74	0.013648
47.75	0.013642
47.76	0.013636
47.77	0.01363
47.78	0.013624
47.79	0.013618
47.8	0.013612
47.81	0.013606
47.82	0.013599
47.83	0.013593
47.84	0.013587
47.85	0.013581
47.86	0.013575
47.87	0.013569
47.88	0.013563
47.89	0.013557
47.9	0.013551
47.91	0.013545
47.92	0.013539
47.93	0.013533
47.94	0.013527
47.95	0.013521
47.96	0.013515
47.97	0.013509
47.98	0.013503
47.99	0.013497
48.0	0.013491
48.01	0.013485
48.02	0.013479
48.03	0.013473
48.04	0.013467
48.05	0.013461
48.06	0.013455
48.07	0.013449
48.08	0.013443
48.09	0.013437
48.1	0.013431
48.11	0.013426
48.12	0.01342
48.13	0.013414
48.14	0.013408
48.15	0.013402
48.16	0.013396
48.17	0.01339
48.18	0.013384
48.19	0.013378
48.2	0.013372
48.21	0.013366
48.22	0.01336
48.23	0.013355
48.24	0.013349
48.25	0.013343
48.26	0.013337
48.27	0.013331
48.28	0.013325
48.29	0.013319
48.3	0.013313
48.31	0.013308
48.32	0.013302
48.33	0.013296
48.34	0.01329
48.35	0.013284
48.36	0.013278
48.37	0.013272
48.38	0.013267
48.39	0.013261
48.4	0.013255
48.41	0.013249
48.42	0.013243
48.43	0.013237
48.44	0.013232
48.45	0.013226
48.46	0.01322
48.47	0.013214
48.48	0.013208
48.49	0.013203
48.5	0.013197
48.51	0.013191
48.52	0.013185
48.53	0.01318
48.54	0.013174
48.55	0.013168
48.56	0.013162
48.57	0.013156
48.58	0.013151
48.59	0.013145
48.6	0.013139
48.61	0.013133
48.62	0.013128
48.63	0.013122
48.64	0.013116
48.65	0.01311
48.66	0.013105
48.67	0.013099
48.68	0.013093
48.69	0.013088
48.7	0.013082
48.71	0.013076
48.72	0.01307
48.73	0.013065
48.74	0.013059
48.75	0.013053
48.76	0.013048
48.77	0.013042
48.78	0.013036
48.79	0.013031
48.8	0.013025
48.81	0.013019
48.82	0.013014
48.83	0.013008
48.84	0.013002
48.85	0.012997
48.86	0.012991
48.87	0.012985
48.88	0.01298
48.89	0.012974
48.9	0.012968
48.91	0.012963
48.92	0.012957
48.93	0.012951
48.94	0.012946
48.95	0.01294
48.96	0.012935
48.97	0.012929
48.98	0.012923
48.99	0.012918
49.0	0.012912
49.01	0.012907
49.02	0.012901
49.03	0.012895
49.04	0.01289
49.05	0.012884
49.06	0.012879
49.07	0.012873
49.08	0.012867
49.09	0.012862
49.1	0.012856
49.11	0.012851
49.12	0.012845
49.13	0.01284
49.14	0.012834
49.15	0.012828
49.16	0.012823
49.17	0.012817
49.18	0.012812
49.19	0.012806
49.2	0.012801
49.21	0.012795
49.22	0.01279
49.23	0.012784
49.24	0.012779
49.25	0.012773
49.26	0.012768
49.27	0.012762
49.28	0.012757
49.29	0.012751
49.3	0.012746
49.31	0.01274
49.32	0.012735
49.33	0.012729
49.34	0.012724
49.35	0.012718
49.36	0.012713
49.37	0.012707
49.38	0.012702
49.39	0.012696
49.4	0.012691
49.41	0.012685
49.42	0.01268
49.43	0.012674
49.44	0.012669
49.45	0.012664
49.46	0.012658
49.47	0.012653
49.48	0.012647
49.49	0.012642
49.5	0.012636
49.51	0.012631
49.52	0.012626
49.53	0.01262
49.54	0.012615
49.55	0.012609
49.56	0.012604
49.57	0.012599
49.58	0.012593
49.59	0.012588
49.6	0.012582
49.61	0.012577
49.62	0.012572
49.63	0.012566
49.64	0.012561
49.65	0.012555
49.66	0.01255
49.67	0.012545
49.68	0.012539
49.69	0.012534
49.7	0.012529
49.71	0.012523
49.72	0.012518
49.73	0.012513
49.74	0.012507
49.75	0.012502
49.76	0.012497
49.77	0.012491
49.78	0.012486
49.79	0.012481
49.8	0.012475
49.81	0.01247
49.82	0.012465
49.83	0.012459
49.84	0.012454
49.85	0.012449
49.86	0.012443
49.87	0.012438
49.88	0.012433
49.89	0.012427
49.9	0.012422
49.91	0.012417
49.92	0.012412
49.93	0.012406
49.94	0.012401
49.95	0.012396
49.96	0.01239
49.97	0.012385
49.98	0.01238
49.99	0.012375
50.0	0.012369
