eng	y_fit
0.01	0.31381
0.02	0.22564
0.03	0.18731
0.04	0.16491
0.05	0.14994
0.06	0.13912
0.07	0.1309
0.08	0.12443
0.09	0.1192
0.1	0.11489
0.11	0.11129
0.12	0.10824
0.13	0.10564
0.14	0.10339
0.15	0.10145
0.16	0.10033624999999999
0.17	0.0992225
0.18	0.09810875
0.19	0.096995
0.2	0.09588125
0.21	0.09476749999999999
0.22	0.09365375000000001
0.23	0.09254
0.24	0.09196
0.25	0.091458
0.26	0.091028
0.27	0.090663
0.28	0.090358
0.29	0.090107
0.3	0.089907
0.31	0.089754
0.32	0.089645
0.33	0.089576
0.34	0.089545
0.35	0.08955
0.36	0.089589
0.37	0.089659
0.38	0.089759
0.39	0.089888
0.4	0.090043
0.41	0.090225
0.42	0.090431
0.43	0.090661
0.44	0.090914
0.45	0.091188
0.46	0.091483
0.47	0.091798
0.48	0.092133
0.49	0.092487
0.5	0.092859
0.51	0.093249
0.52	0.093656
0.53	0.09408
0.54	0.09452
0.55	0.094977
0.56	0.095449
0.57	0.095936
0.58	0.096438
0.59	0.096955
0.6	0.097487
0.61	0.098032
0.62	0.098592
0.63	0.099165
0.64	0.099751
0.65	0.10035
0.66	0.10096
0.67	0.10159
0.68	0.10223
0.69	0.10288
0.7	0.10354
0.71	0.10422
0.72	0.10491
0.73	0.10561
0.74	0.10632
0.75	0.10704
0.76	0.10778
0.77	0.10852
0.78	0.10928
0.79	0.11005
0.8	0.11083
0.81	0.11163
0.82	0.11243
0.83	0.11324
0.84	0.11407
0.85	0.1149
0.86	0.11575
0.87	0.11661
0.88	0.11748
0.89	0.11836
0.9	0.11925
0.91	0.12015
0.92	0.12106
0.93	0.12198
0.94	0.12291
0.95	0.12385
0.96	0.1248
0.97	0.12576
0.98	0.12673
0.99	0.12771
1.0	0.1287
1.01	0.1297
1.02	0.13071
1.03	0.13173
1.04	0.13276
1.05	0.1338
1.06	0.13485
1.07	0.13591
1.08	0.13697
1.09	0.13805
1.1	0.13913
1.11	0.14023
1.12	0.14133
1.13	0.14244
1.14	0.14356
1.15	0.14469
1.16	0.14583
1.17	0.14697
1.18	0.14812
1.19	0.14929
1.2	0.15046
1.21	0.15164
1.22	0.15282
1.23	0.15402
1.24	0.15522
1.25	0.15643
1.26	0.15764
1.27	0.15887
1.28	0.1601
1.29	0.16134
1.3	0.16258
1.31	0.16383
1.32	0.16509
1.33	0.16636
1.34	0.16763
1.35	0.16891
1.36	0.17019
1.37	0.17149
1.38	0.17278
1.39	0.17408
1.4	0.17539
1.41	0.17671
1.42	0.17802
1.43	0.17935
1.44	0.18068
1.45	0.18201
1.46	0.18335
1.47	0.18469
1.48	0.18604
1.49	0.18739
1.5	0.18875
1.51	0.19011
1.52	0.19147
1.53	0.19284
1.54	0.1942
1.55	0.19558
1.56	0.19695
1.57	0.19833
1.58	0.19971
1.59	0.2011
1.6	0.20248
1.61	0.20387
1.62	0.20526
1.63	0.20665
1.64	0.20804
1.65	0.20944
1.66	0.21083
1.67	0.21223
1.68	0.21362
1.69	0.21502
1.7	0.21642
1.71	0.21781
1.72	0.21921
1.73	0.22061
1.74	0.222
1.75	0.2234
1.76	0.22479
1.77	0.22619
1.78	0.22758
1.79	0.22897
1.8	0.23036
1.81	0.23175
1.82	0.23314
1.83	0.23452
1.84	0.23591
1.85	0.23729
1.86	0.23866
1.87	0.24004
1.88	0.24141
1.89	0.24278
1.9	0.24415
1.91	0.24551
1.92	0.24687
1.93	0.24823
1.94	0.24958
1.95	0.25093
1.96	0.25227
1.97	0.25361
1.98	0.25495
1.99	0.25629
2.0	0.25761
2.01	0.25894
2.02	0.26026
2.03	0.26158
2.04	0.26289
2.05	0.26419
2.06	0.2655
2.07	0.26679
2.08	0.26809
2.09	0.26937
2.1	0.27066
2.11	0.27193
2.12	0.2732
2.13	0.27447
2.14	0.27573
2.15	0.27699
2.16	0.27824
2.17	0.27949
2.18	0.28072
2.19	0.28196
2.2	0.28319
2.21	0.28441
2.22	0.28562
2.23	0.28683
2.24	0.28804
2.25	0.28924
2.26	0.29043
2.27	0.29161
2.28	0.29279
2.29	0.29396
2.3	0.29512
2.31	0.29627
2.32	0.29742
2.33	0.29856
2.34	0.29969
2.35	0.30081
2.36	0.30192
2.37	0.30302
2.38	0.30411
2.39	0.3052
2.4	0.30627
2.41	0.30733
2.42	0.30838
2.43	0.30942
2.44	0.31046
2.45	0.31148
2.46	0.31249
2.47	0.31349
2.48	0.31449
2.49	0.31547
2.5	0.31645
2.51	0.31742
2.52	0.31839
2.53	0.31935
2.54	0.32031
2.55	0.32127
2.56	0.32222
2.57	0.32317
2.58	0.32412
2.59	0.32505
2.6	0.32599
2.61	0.32691
2.62	0.32782
2.63	0.32871
2.64	0.32959
2.65	0.33046
2.66	0.33131
2.67	0.33215
2.68	0.33297
2.69	0.33377
2.7	0.33456
2.71	0.33534
2.72	0.33611
2.73	0.33686
2.74	0.33762
2.75	0.33836
2.76	0.3391
2.77	0.33984
2.78	0.34058
2.79	0.34131
2.8	0.34205
2.81	0.34278
2.82	0.3435
2.83	0.34422
2.84	0.34493
2.85	0.34562
2.86	0.3463
2.87	0.34697
2.88	0.34761
2.89	0.34823
2.9	0.34883
2.91	0.34942
2.92	0.34999
2.93	0.35055
2.94	0.35111
2.95	0.35166
2.96	0.35222
2.97	0.35279
2.98	0.35335
2.99	0.35392
3.0	0.35448
3.01	0.35503
3.02	0.35557
3.03	0.35609
3.04	0.35658
3.05	0.35704
3.06	0.35748
3.07	0.3579
3.08	0.35832
3.09	0.35874
3.1	0.35918
3.11	0.35963
3.12	0.36009
3.13	0.36055
3.14	0.36097
3.15	0.36135
3.16	0.36169
3.17	0.362
3.18	0.36234
3.19	0.36275
3.2	0.36317
3.21	0.36343
3.22	0.36377
3.23	0.36409
3.24	0.3644
3.25	0.3647
3.26	0.36499
3.27	0.36527
3.28	0.36555
3.29	0.36581
3.3	0.36607
3.31	0.36632
3.32	0.36656
3.33	0.36679
3.34	0.36701
3.35	0.36723
3.36	0.36744
3.37	0.36763
3.38	0.36782
3.39	0.368
3.4	0.36818
3.41	0.36834
3.42	0.3685
3.43	0.36865
3.44	0.36879
3.45	0.36892
3.46	0.36905
3.47	0.36916
3.48	0.36927
3.49	0.36937
3.5	0.36947
3.51	0.36955
3.52	0.36963
3.53	0.3697
3.54	0.36976
3.55	0.36982
3.56	0.36986
3.57	0.3699
3.58	0.36993
3.59	0.36996
3.6	0.36998
3.61	0.36999
3.62	0.36999
3.63	0.36999
3.64	0.36997
3.65	0.36996
3.66	0.36993
3.67	0.3699
3.68	0.36986
3.69	0.36981
3.7	0.36976
3.71	0.3697
3.72	0.36963
3.73	0.36956
3.74	0.36948
3.75	0.36939
3.76	0.36929
3.77	0.36919
3.78	0.36909
3.79	0.36897
3.8	0.36885
3.81	0.36873
3.82	0.3686
3.83	0.36846
3.84	0.36831
3.85	0.36816
3.86	0.368
3.87	0.36784
3.88	0.36767
3.89	0.3675
3.9	0.36732
3.91	0.36713
3.92	0.36694
3.93	0.36674
3.94	0.36653
3.95	0.36632
3.96	0.36611
3.97	0.36589
3.98	0.36566
3.99	0.36543
4.0	0.36519
4.01	0.36495
4.02	0.3647
4.03	0.36445
4.04	0.36419
4.05	0.36392
4.06	0.36366
4.07	0.36338
4.08	0.3631
4.09	0.36282
4.1	0.36253
4.11	0.36223
4.12	0.36194
4.13	0.36163
4.14	0.36132
4.15	0.36101
4.16	0.36069
4.17	0.36037
4.18	0.36004
4.19	0.35971
4.2	0.35938
4.21	0.35904
4.22	0.35869
4.23	0.35834
4.24	0.35799
4.25	0.35763
4.26	0.35727
4.27	0.3569
4.28	0.35653
4.29	0.35616
4.3	0.35578
4.31	0.3554
4.32	0.35501
4.33	0.35462
4.34	0.35423
4.35	0.35383
4.36	0.35343
4.37	0.35303
4.38	0.35262
4.39	0.35221
4.4	0.35179
4.41	0.35137
4.42	0.35095
4.43	0.35052
4.44	0.35009
4.45	0.34966
4.46	0.34922
4.47	0.34878
4.48	0.34834
4.49	0.34789
4.5	0.34744
4.51	0.34699
4.52	0.34654
4.53	0.34608
4.54	0.34562
4.55	0.34515
4.56	0.34468
4.57	0.34421
4.58	0.34374
4.59	0.34326
4.6	0.34279
4.61	0.3423
4.62	0.34182
4.63	0.34133
4.64	0.34084
4.65	0.34035
4.66	0.33986
4.67	0.33936
4.68	0.33886
4.69	0.33836
4.7	0.33785
4.71	0.33735
4.72	0.33684
4.73	0.33633
4.74	0.33581
4.75	0.3353
4.76	0.33478
4.77	0.33426
4.78	0.33374
4.79	0.33321
4.8	0.33269
4.81	0.33216
4.82	0.33163
4.83	0.3311
4.84	0.33056
4.85	0.33003
4.86	0.32949
4.87	0.32895
4.88	0.32841
4.89	0.32786
4.9	0.32732
4.91	0.32677
4.92	0.32622
4.93	0.32567
4.94	0.32512
4.95	0.32457
4.96	0.32402
4.97	0.32346
4.98	0.3229
4.99	0.32234
5.0	0.32178
5.01	0.32122
5.02	0.32066
5.03	0.32009
5.04	0.31953
5.05	0.31896
5.06	0.31839
5.07	0.31783
5.08	0.31725
5.09	0.31668
5.1	0.31611
5.11	0.31554
5.12	0.31496
5.13	0.31439
5.14	0.31381
5.15	0.31323
5.16	0.31265
5.17	0.31207
5.18	0.31149
5.19	0.31091
5.2	0.31033
5.21	0.30974
5.22	0.30916
5.23	0.30858
5.24	0.30799
5.25	0.3074
5.26	0.30682
5.27	0.30623
5.28	0.30564
5.29	0.30505
5.3	0.30446
5.31	0.30387
5.32	0.30328
5.33	0.30269
5.34	0.3021
5.35	0.3015
5.36	0.30091
5.37	0.30032
5.38	0.29972
5.39	0.29913
5.4	0.29853
5.41	0.29794
5.42	0.29734
5.43	0.29675
5.44	0.29615
5.45	0.29556
5.46	0.29496
5.47	0.29436
5.48	0.29376
5.49	0.29317
5.5	0.29257
5.51	0.29197
5.52	0.29137
5.53	0.29078
5.54	0.29018
5.55	0.28958
5.56	0.28898
5.57	0.28838
5.58	0.28778
5.59	0.28718
5.6	0.28659
5.61	0.28599
5.62	0.28539
5.63	0.28479
5.64	0.28419
5.65	0.28359
5.66	0.28299
5.67	0.2824
5.68	0.2818
5.69	0.2812
5.7	0.2806
5.71	0.28
5.72	0.27941
5.73	0.27881
5.74	0.27821
5.75	0.27762
5.76	0.27702
5.77	0.27642
5.78	0.27583
5.79	0.27523
5.8	0.27463
5.81	0.27404
5.82	0.27344
5.83	0.27285
5.84	0.27225
5.85	0.27166
5.86	0.27107
5.87	0.27047
5.88	0.26988
5.89	0.26929
5.9	0.2687
5.91	0.2681
5.92	0.26751
5.93	0.26692
5.94	0.26633
5.95	0.26574
5.96	0.26515
5.97	0.26456
5.98	0.26398
5.99	0.26339
6.0	0.2628
6.01	0.26221
6.02	0.26163
6.03	0.26104
6.04	0.26046
6.05	0.25987
6.06	0.25929
6.07	0.25871
6.08	0.25812
6.09	0.25754
6.1	0.25696
6.11	0.25638
6.12	0.2558
6.13	0.25522
6.14	0.25464
6.15	0.25407
6.16	0.25349
6.17	0.25291
6.18	0.25234
6.19	0.25176
6.2	0.25119
6.21	0.25061
6.22	0.25004
6.23	0.24947
6.24	0.2489
6.25	0.24833
6.26	0.24776
6.27	0.24719
6.28	0.24662
6.29	0.24605
6.3	0.24549
6.31	0.24492
6.32	0.24436
6.33	0.24379
6.34	0.24323
6.35	0.24267
6.36	0.24211
6.37	0.24154
6.38	0.24098
6.39	0.24043
6.4	0.23987
6.41	0.23931
6.42	0.23875
6.43	0.2382
6.44	0.23765
6.45	0.23709
6.46	0.23654
6.47	0.23599
6.48	0.23544
6.49	0.23489
6.5	0.23434
6.51	0.23379
6.52	0.23324
6.53	0.2327
6.54	0.23215
6.55	0.23161
6.56	0.23107
6.57	0.23052
6.58	0.22998
6.59	0.22944
6.6	0.2289
6.61	0.22837
6.62	0.22783
6.63	0.22729
6.64	0.22676
6.65	0.22622
6.66	0.22569
6.67	0.22516
6.68	0.22463
6.69	0.2241
6.7	0.22357
6.71	0.22304
6.72	0.22252
6.73	0.22199
6.74	0.22147
6.75	0.22094
6.76	0.22042
6.77	0.2199
6.78	0.21938
6.79	0.21886
6.8	0.21834
6.81	0.21782
6.82	0.21731
6.83	0.21679
6.84	0.21628
6.85	0.21577
6.86	0.21525
6.87	0.21474
6.88	0.21423
6.89	0.21373
6.9	0.21322
6.91	0.21271
6.92	0.21221
6.93	0.2117
6.94	0.2112
6.95	0.2107
6.96	0.2102
6.97	0.2097
6.98	0.2092
6.99	0.2087
7.0	0.20821
7.01	0.20771
7.02	0.20722
7.03	0.20672
7.04	0.20623
7.05	0.20574
7.06	0.20525
7.07	0.20476
7.08	0.20428
7.09	0.20379
7.1	0.20331
7.11	0.20282
7.12	0.20234
7.13	0.20186
7.14	0.20138
7.15	0.2009
7.16	0.20042
7.17	0.19994
7.18	0.19947
7.19	0.19899
7.2	0.19852
7.21	0.19805
7.22	0.19758
7.23	0.19711
7.24	0.19664
7.25	0.19617
7.26	0.1957
7.27	0.19524
7.28	0.19477
7.29	0.19431
7.3	0.19385
7.31	0.19339
7.32	0.19293
7.33	0.19247
7.34	0.19201
7.35	0.19156
7.36	0.1911
7.37	0.19065
7.38	0.1902
7.39	0.18974
7.4	0.18929
7.41	0.18884
7.42	0.1884
7.43	0.18795
7.44	0.1875
7.45	0.18706
7.46	0.18662
7.47	0.18617
7.48	0.18573
7.49	0.18529
7.5	0.18485
7.51	0.18441
7.52	0.18398
7.53	0.18354
7.54	0.18311
7.55	0.18267
7.56	0.18224
7.57	0.18181
7.58	0.18138
7.59	0.18095
7.6	0.18052
7.61	0.1801
7.62	0.17967
7.63	0.17925
7.64	0.17883
7.65	0.1784
7.66	0.17798
7.67	0.17756
7.68	0.17714
7.69	0.17673
7.7	0.17631
7.71	0.17589
7.72	0.17548
7.73	0.17507
7.74	0.17466
7.75	0.17424
7.76	0.17384
7.77	0.17343
7.78	0.17302
7.79	0.17261
7.8	0.17221
7.81	0.1718
7.82	0.1714
7.83	0.171
7.84	0.1706
7.85	0.1702
7.86	0.1698
7.87	0.1694
7.88	0.169
7.89	0.16861
7.9	0.16821
7.91	0.16782
7.92	0.16743
7.93	0.16704
7.94	0.16665
7.95	0.16626
7.96	0.16587
7.97	0.16548
7.98	0.16509
7.99	0.16471
8.0	0.16433
8.01	0.16394
8.02	0.16356
8.03	0.16318
8.04	0.1628
8.05	0.16242
8.06	0.16204
8.07	0.16167
8.08	0.16129
8.09	0.16092
8.1	0.16054
8.11	0.16017
8.12	0.1598
8.13	0.15943
8.14	0.15906
8.15	0.15869
8.16	0.15832
8.17	0.15796
8.18	0.15759
8.19	0.15723
8.2	0.15686
8.21	0.1565
8.22	0.15614
8.23	0.15578
8.24	0.15542
8.25	0.15506
8.26	0.1547
8.27	0.15434
8.28	0.15399
8.29	0.15363
8.3	0.15328
8.31	0.15293
8.32	0.15257
8.33	0.15222
8.34	0.15187
8.35	0.15152
8.36	0.15118
8.37	0.15083
8.38	0.15048
8.39	0.15014
8.4	0.14979
8.41	0.14945
8.42	0.14911
8.43	0.14876
8.44	0.14842
8.45	0.14808
8.46	0.14775
8.47	0.14741
8.48	0.14707
8.49	0.14673
8.5	0.1464
8.51	0.14606
8.52	0.14573
8.53	0.1454
8.54	0.14507
8.55	0.14473
8.56	0.1444
8.57	0.14408
8.58	0.14375
8.59	0.14342
8.6	0.14309
8.61	0.14277
8.62	0.14244
8.63	0.14212
8.64	0.14179
8.65	0.14147
8.66	0.14115
8.67	0.14083
8.68	0.14051
8.69	0.14019
8.7	0.13987
8.71	0.13956
8.72	0.13924
8.73	0.13892
8.74	0.13861
8.75	0.13829
8.76	0.13798
8.77	0.13767
8.78	0.13736
8.79	0.13705
8.8	0.13674
8.81	0.13643
8.82	0.13612
8.83	0.13581
8.84	0.1355
8.85	0.1352
8.86	0.13489
8.87	0.13459
8.88	0.13428
8.89	0.13398
8.9	0.13368
8.91	0.13338
8.92	0.13308
8.93	0.13278
8.94	0.13248
8.95	0.13218
8.96	0.13188
8.97	0.13158
8.98	0.13129
8.99	0.13099
9.0	0.1307
9.01	0.1304
9.02	0.13011
9.03	0.12982
9.04	0.12952
9.05	0.12923
9.06	0.12894
9.07	0.12865
9.08	0.12836
9.09	0.12808
9.1	0.12779
9.11	0.1275
9.12	0.12722
9.13	0.12693
9.14	0.12664
9.15	0.12636
9.16	0.12608
9.17	0.12579
9.18	0.12551
9.19	0.12523
9.2	0.12495
9.21	0.12467
9.22	0.12439
9.23	0.12411
9.24	0.12384
9.25	0.12356
9.26	0.12328
9.27	0.12301
9.28	0.12273
9.29	0.12246
9.3	0.12218
9.31	0.12191
9.32	0.12164
9.33	0.12136
9.34	0.12109
9.35	0.12082
9.36	0.12055
9.37	0.12028
9.38	0.12001
9.39	0.11975
9.4	0.11948
9.41	0.11921
9.42	0.11895
9.43	0.11868
9.44	0.11842
9.45	0.11815
9.46	0.11789
9.47	0.11762
9.48	0.11736
9.49	0.1171
9.5	0.11684
9.51	0.11658
9.52	0.11632
9.53	0.11606
9.54	0.1158
9.55	0.11554
9.56	0.11529
9.57	0.11503
9.58	0.11477
9.59	0.11452
9.6	0.11426
9.61	0.11401
9.62	0.11375
9.63	0.1135
9.64	0.11325
9.65	0.113
9.66	0.11274
9.67	0.11249
9.68	0.11224
9.69	0.11199
9.7	0.11174
9.71	0.1115
9.72	0.11125
9.73	0.111
9.74	0.11075
9.75	0.11051
9.76	0.11026
9.77	0.11002
9.78	0.10977
9.79	0.10953
9.8	0.10929
9.81	0.10904
9.82	0.1088
9.83	0.10856
9.84	0.10832
9.85	0.10808
9.86	0.10784
9.87	0.1076
9.88	0.10736
9.89	0.10712
9.9	0.10689
9.91	0.10665
9.92	0.10641
9.93	0.10618
9.94	0.10594
9.95	0.10571
9.96	0.10547
9.97	0.10524
9.98	0.10501
9.99	0.10477
10.0	0.10454
10.01	0.10431
10.02	0.10408
10.03	0.10385
10.04	0.10362
10.05	0.10339
10.06	0.10316
10.07	0.10294
10.08	0.10271
10.09	0.10248
10.1	0.10226
10.11	0.10203
10.12	0.10181
10.13	0.10158
10.14	0.10136
10.15	0.10113
10.16	0.10091
10.17	0.10069
10.18	0.10047
10.19	0.10025
10.2	0.10003
10.21	0.099809
10.22	0.09959
10.23	0.099372
10.24	0.099154
10.25	0.098937
10.26	0.098721
10.27	0.098505
10.28	0.09829
10.29	0.098076
10.3	0.097862
10.31	0.097649
10.32	0.097437
10.33	0.097225
10.34	0.097014
10.35	0.096805
10.36	0.096595
10.37	0.096387
10.38	0.096179
10.39	0.095973
10.4	0.095767
10.41	0.095563
10.42	0.095359
10.43	0.095156
10.44	0.094955
10.45	0.094755
10.46	0.094556
10.47	0.094359
10.48	0.094163
10.49	0.093969
10.5	0.093777
10.51	0.093587
10.52	0.093399
10.53	0.093214
10.54	0.093032
10.55	0.092854
10.56	0.092679
10.57	0.09251
10.58	0.092346
10.59	0.092188
10.6	0.092038
10.61	0.091899
10.62	0.091771
10.63	0.091659
10.64	0.091567
10.65	0.0915
10.66	0.091467
10.67	0.09126360869565218
10.68	0.09106021739130435
10.69	0.09085682608695653
10.7	0.0906534347826087
10.71	0.09045004347826087
10.72	0.09024665217391303
10.73	0.09004326086956523
10.74	0.08983986956521739
10.75	0.08963647826086957
10.76	0.08943308695652175
10.77	0.08922969565217392
10.78	0.0890263043478261
10.79	0.08882291304347827
10.8	0.08861952173913044
10.81	0.08841613043478261
10.82	0.08821273913043479
10.83	0.08800934782608696
10.84	0.08780595652173914
10.85	0.0876025652173913
10.86	0.08739917391304348
10.87	0.08719578260869565
10.88	0.08699239130434783
10.89	0.086789
10.9	0.08642
10.91	0.08609
10.92	0.085789
10.93	0.08551
10.94	0.085247
10.95	0.085
10.96	0.084764
10.97	0.084541
10.98	0.084331
10.99	0.084136
11.0	0.08444815384615385
11.01	0.08476030769230769
11.02	0.08507246153846154
11.03	0.08538461538461539
11.04	0.08569676923076924
11.05	0.08600892307692307
11.06	0.08632107692307692
11.07	0.08663323076923077
11.08	0.08694538461538462
11.09	0.08725753846153847
11.1	0.08756969230769229
11.11	0.08788184615384614
11.12	0.088194
11.13	0.08732442857142857
11.14	0.08645485714285714
11.15	0.0855852857142857
11.16	0.08471571428571428
11.17	0.08384614285714286
11.18	0.08297657142857143
11.19	0.082107
11.2	0.081781
11.21	0.081486
11.22	0.081213
11.23	0.080958
11.24	0.080717
11.25	0.080488
11.26	0.080267
11.27	0.080054
11.28	0.079847
11.29	0.079646
11.3	0.079449
11.31	0.079257
11.32	0.079068
11.33	0.078883
11.34	0.078701
11.35	0.078523
11.36	0.078353
11.37	0.078198
11.38	0.078055
11.39	0.077889
11.4	0.07771
11.41	0.077535
11.42	0.077366
11.43	0.077201
11.44	0.077039
11.45	0.076881
11.46	0.076726
11.47	0.076575
11.48	0.076426
11.49	0.076281
11.5	0.07614
11.51	0.076004
11.52	0.075874
11.53	0.07575
11.54	0.075634
11.55	0.075529
11.56	0.075437
11.57	0.075365
11.58	0.075318
11.59	0.075309
11.6	0.075358
11.61	0.075499
11.62	0.075786
11.63	0.07542140000000001
11.64	0.0750568
11.65	0.07469220000000001
11.66	0.07432760000000001
11.67	0.073963
11.68	0.07359500000000001
11.69	0.07322700000000001
11.7	0.07285900000000001
11.71	0.07249100000000001
11.72	0.072123
11.73	0.071993
11.74	0.071872
11.75	0.071755
11.76	0.071642
11.77	0.071533
11.78	0.071428
11.79	0.071329
11.8	0.071236
11.81	0.071154
11.82	0.071084
11.83	0.071032
11.84	0.071007
11.85	0.07102
11.86	0.071091
11.87	0.071251
11.88	0.071546
11.89	0.07137600000000001
11.9	0.07120599999999999
11.91	0.07103599999999999
11.92	0.070866
11.93	0.070696
11.94	0.069802
11.95	0.069235
11.96	0.06895566666666667
11.97	0.06867633333333334
11.98	0.068397
11.99	0.068226
12.0	0.068074
12.01	0.067935
12.02	0.067806
12.03	0.067685
12.04	0.06757
12.05	0.067462
12.06	0.067362
12.07	0.067272
12.08	0.067194
12.09	0.067134
12.1	0.067098
12.11	0.067095
12.12	0.067139
12.13	0.067241
12.14	0.067392
12.15	0.067308
12.16	0.067224
12.17	0.06714
12.18	0.066658
12.19	0.066197
12.2	0.065824
12.21	0.06553
12.22	0.065294
12.23	0.065095
12.24	0.06492
12.25	0.064763
12.26	0.064617
12.27	0.06448
12.28	0.064351
12.29	0.064227
12.3	0.06411
12.31	0.063999
12.32	0.063896
12.33	0.063802
12.34	0.063719
12.35	0.063651
12.36	0.063601
12.37	0.063572
12.38	0.063559
12.39	0.063543
12.4	0.063487
12.41	0.063356
12.42	0.063153
12.43	0.062916
12.44	0.062681
12.45	0.062466
12.46	0.062273
12.47	0.062098
12.48	0.061938
12.49	0.061789
12.5	0.061648
12.51	0.061513
12.52	0.061384
12.53	0.06126
12.54	0.06114
12.55	0.061024
12.56	0.060913
12.57	0.060807
12.58	0.060709
12.59	0.060618
12.6	0.060538
12.61	0.060469
12.62	0.060408
12.63	0.060347
12.64	0.06027
12.65	0.060162
12.66	0.060021
12.67	0.05986
12.68	0.059695
12.69	0.059534
12.7	0.059381
12.71	0.059236
12.72	0.059099
12.73	0.058967
12.74	0.05884
12.75	0.058716
12.76	0.058597
12.77	0.05848
12.78	0.058367
12.79	0.058257
12.8	0.058151
12.81	0.058051
12.82	0.057957
12.83	0.057873
12.84	0.057797
12.85	0.057728
12.86	0.057655
12.87	0.057562
12.88	0.057443
12.89	0.057307
12.9	0.057167
12.91	0.057029
12.92	0.056897
12.93	0.05677
12.94	0.056648
12.95	0.056529
12.96	0.056414
12.97	0.056302
12.98	0.056192
12.99	0.056085
13.0	0.055982
13.01	0.055884
13.02	0.055792
13.03	0.055708
13.04	0.055632
13.05	0.055556
13.06	0.055467
13.07	0.055358
13.08	0.055238
13.09	0.055115
13.1	0.054994
13.11	0.054877
13.12	0.054763
13.13	0.054652
13.14	0.054543
13.15	0.054437
13.16	0.054334
13.17	0.054234
13.18	0.054139
13.19	0.05405
13.2	0.053971
13.21	0.053893
13.22	0.053803
13.23	0.053697
13.24	0.053583
13.25	0.053469
13.26	0.053359
13.27	0.053252
13.28	0.053147
13.29	0.053046
13.3	0.052951
13.31	0.052863
13.32	0.052788
13.33	0.052707
13.34	0.052603
13.35	0.05249
13.36	0.05238
13.37	0.052276
13.38	0.052187
13.39	0.052131
13.4	0.051998
13.41	0.051911
13.42	0.051816
13.43	0.051722
13.44	0.051628
13.45	0.051534
13.46	0.05144
13.47	0.051347
13.48	0.051254
13.49	0.051161
13.5	0.051069
13.51	0.050976
13.52	0.050884
13.53	0.050792
13.54	0.050701
13.55	0.050609
13.56	0.050518
13.57	0.050427
13.58	0.050337
13.59	0.050246
13.6	0.050156
13.61	0.050066
13.62	0.049977
13.63	0.049887
13.64	0.049798
13.65	0.049709
13.66	0.04962
13.67	0.049532
13.68	0.049443
13.69	0.049355
13.7	0.049268
13.71	0.04918
13.72	0.049093
13.73	0.049005
13.74	0.048919
13.75	0.048832
13.76	0.048745
13.77	0.048659
13.78	0.048573
13.79	0.048487
13.8	0.048402
13.81	0.048316
13.82	0.048231
13.83	0.048146
13.84	0.048062
13.85	0.047977
13.86	0.047893
13.87	0.047809
13.88	0.047725
13.89	0.047641
13.9	0.047558
13.91	0.047475
13.92	0.047392
13.93	0.047309
13.94	0.047226
13.95	0.047144
13.96	0.047062
13.97	0.04698
13.98	0.046898
13.99	0.046817
14.0	0.046735
14.01	0.046654
14.02	0.046573
14.03	0.046493
14.04	0.046412
14.05	0.046332
14.06	0.046252
14.07	0.046172
14.08	0.046092
14.09	0.046013
14.1	0.045933
14.11	0.045854
14.12	0.045775
14.13	0.045697
14.14	0.045618
14.15	0.04554
14.16	0.045462
14.17	0.045384
14.18	0.045306
14.19	0.045228
14.2	0.045151
14.21	0.045074
14.22	0.044997
14.23	0.04492
14.24	0.044843
14.25	0.044767
14.26	0.044691
14.27	0.044615
14.28	0.044539
14.29	0.044463
14.3	0.044388
14.31	0.044312
14.32	0.044237
14.33	0.044162
14.34	0.044088
14.35	0.044013
14.36	0.043939
14.37	0.043864
14.38	0.04379
14.39	0.043717
14.4	0.043643
14.41	0.043569
14.42	0.043496
14.43	0.043423
14.44	0.04335
14.45	0.043277
14.46	0.043205
14.47	0.043132
14.48	0.04306
14.49	0.042988
14.5	0.042916
14.51	0.042844
14.52	0.042773
14.53	0.042701
14.54	0.04263
14.55	0.042559
14.56	0.042488
14.57	0.042417
14.58	0.042347
14.59	0.042277
14.6	0.042206
14.61	0.042136
14.62	0.042066
14.63	0.041997
14.64	0.041927
14.65	0.041858
14.66	0.041789
14.67	0.04172
14.68	0.041651
14.69	0.041582
14.7	0.041513
14.71	0.041445
14.72	0.041377
14.73	0.041309
14.74	0.041241
14.75	0.041173
14.76	0.041105
14.77	0.041038
14.78	0.040971
14.79	0.040904
14.8	0.040837
14.81	0.04077
14.82	0.040703
14.83	0.040637
14.84	0.04057
14.85	0.040504
14.86	0.040438
14.87	0.040372
14.88	0.040307
14.89	0.040241
14.9	0.040176
14.91	0.04011
14.92	0.040045
14.93	0.03998
14.94	0.039916
14.95	0.039851
14.96	0.039786
14.97	0.039722
14.98	0.039658
14.99	0.039594
15.0	0.03953
15.01	0.039466
15.02	0.039403
15.03	0.039339
15.04	0.039276
15.05	0.039213
15.06	0.03915
15.07	0.039087
15.08	0.039024
15.09	0.038961
15.1	0.038899
15.11	0.038837
15.12	0.038774
15.13	0.038712
15.14	0.038651
15.15	0.038589
15.16	0.038527
15.17	0.038466
15.18	0.038404
15.19	0.038343
15.2	0.038282
15.21	0.038221
15.22	0.038161
15.23	0.0381
15.24	0.038039
15.25	0.037979
15.26	0.037919
15.27	0.037859
15.28	0.037799
15.29	0.037739
15.3	0.037679
15.31	0.03762
15.32	0.037561
15.33	0.037501
15.34	0.037442
15.35	0.037383
15.36	0.037324
15.37	0.037266
15.38	0.037207
15.39	0.037148
15.4	0.03709
15.41	0.037032
15.42	0.036974
15.43	0.036916
15.44	0.036858
15.45	0.0368
15.46	0.036743
15.47	0.036685
15.48	0.036628
15.49	0.036571
15.5	0.036514
15.51	0.036457
15.52	0.0364
15.53	0.036343
15.54	0.036287
15.55	0.036231
15.56	0.036174
15.57	0.036118
15.58	0.036062
15.59	0.036006
15.6	0.03595
15.61	0.035895
15.62	0.035839
15.63	0.035784
15.64	0.035728
15.65	0.035673
15.66	0.035618
15.67	0.035563
15.68	0.035508
15.69	0.035454
15.7	0.035399
15.71	0.035345
15.72	0.03529
15.73	0.035236
15.74	0.035182
15.75	0.035128
15.76	0.035074
15.77	0.03502
15.78	0.034967
15.79	0.034913
15.8	0.03486
15.81	0.034807
15.82	0.034753
15.83	0.0347
15.84	0.034647
15.85	0.034595
15.86	0.034542
15.87	0.034489
15.88	0.034437
15.89	0.034385
15.9	0.034332
15.91	0.03428
15.92	0.034228
15.93	0.034176
15.94	0.034124
15.95	0.034073
15.96	0.034021
15.97	0.03397
15.98	0.033918
15.99	0.033867
16.0	0.033816
16.01	0.033765
16.02	0.033714
16.03	0.033663
16.04	0.033613
16.05	0.033562
16.06	0.033512
16.07	0.033461
16.08	0.033411
16.09	0.033361
16.1	0.033311
16.11	0.033261
16.12	0.033211
16.13	0.033161
16.14	0.033112
16.15	0.033062
16.16	0.033013
16.17	0.032964
16.18	0.032914
16.19	0.032865
16.2	0.032816
16.21	0.032767
16.22	0.032719
16.23	0.03267
16.24	0.032621
16.25	0.032573
16.26	0.032525
16.27	0.032476
16.28	0.032428
16.29	0.03238
16.3	0.032332
16.31	0.032284
16.32	0.032237
16.33	0.032189
16.34	0.032141
16.35	0.032094
16.36	0.032047
16.37	0.031999
16.38	0.031952
16.39	0.031905
16.4	0.031858
16.41	0.031811
16.42	0.031765
16.43	0.031718
16.44	0.031671
16.45	0.031625
16.46	0.031579
16.47	0.031532
16.48	0.031486
16.49	0.03144
16.5	0.031394
16.51	0.031348
16.52	0.031302
16.53	0.031257
16.54	0.031211
16.55	0.031166
16.56	0.03112
16.57	0.031075
16.58	0.03103
16.59	0.030985
16.6	0.03094
16.61	0.030895
16.62	0.03085
16.63	0.030805
16.64	0.03076
16.65	0.030716
16.66	0.030671
16.67	0.030627
16.68	0.030583
16.69	0.030539
16.7	0.030494
16.71	0.03045
16.72	0.030406
16.73	0.030363
16.74	0.030319
16.75	0.030275
16.76	0.030232
16.77	0.030188
16.78	0.030145
16.79	0.030102
16.8	0.030058
16.81	0.030015
16.82	0.029972
16.83	0.029929
16.84	0.029886
16.85	0.029844
16.86	0.029801
16.87	0.029758
16.88	0.029716
16.89	0.029673
16.9	0.029631
16.91	0.029589
16.92	0.029547
16.93	0.029505
16.94	0.029463
16.95	0.029421
16.96	0.029379
16.97	0.029337
16.98	0.029296
16.99	0.029254
17.0	0.029213
17.01	0.029171
17.02	0.02913
17.03	0.029089
17.04	0.029047
17.05	0.029006
17.06	0.028965
17.07	0.028925
17.08	0.028884
17.09	0.028843
17.1	0.028802
17.11	0.028762
17.12	0.028721
17.13	0.028681
17.14	0.028641
17.15	0.0286
17.16	0.02856
17.17	0.02852
17.18	0.02848
17.19	0.02844
17.2	0.0284
17.21	0.028361
17.22	0.028321
17.23	0.028281
17.24	0.028242
17.25	0.028202
17.26	0.028163
17.27	0.028124
17.28	0.028085
17.29	0.028045
17.3	0.028006
17.31	0.027967
17.32	0.027928
17.33	0.02789
17.34	0.027851
17.35	0.027812
17.36	0.027774
17.37	0.027735
17.38	0.027697
17.39	0.027658
17.4	0.02762
17.41	0.027582
17.42	0.027544
17.43	0.027506
17.44	0.027468
17.45	0.02743
17.46	0.027392
17.47	0.027354
17.48	0.027317
17.49	0.027279
17.5	0.027241
17.51	0.027204
17.52	0.027167
17.53	0.027129
17.54	0.027092
17.55	0.027055
17.56	0.027018
17.57	0.026981
17.58	0.026944
17.59	0.026907
17.6	0.02687
17.61	0.026834
17.62	0.026797
17.63	0.02676
17.64	0.026724
17.65	0.026687
17.66	0.026651
17.67	0.026615
17.68	0.026578
17.69	0.026542
17.7	0.026506
17.71	0.02647
17.72	0.026434
17.73	0.026398
17.74	0.026363
17.75	0.026327
17.76	0.026291
17.77	0.026256
17.78	0.02622
17.79	0.026185
17.8	0.026149
17.81	0.026114
17.82	0.026079
17.83	0.026043
17.84	0.026008
17.85	0.025973
17.86	0.025938
17.87	0.025903
17.88	0.025869
17.89	0.025834
17.9	0.025799
17.91	0.025764
17.92	0.02573
17.93	0.025695
17.94	0.025661
17.95	0.025626
17.96	0.025592
17.97	0.025558
17.98	0.025524
17.99	0.02549
18.0	0.025456
18.01	0.025422
18.02	0.025388
18.03	0.025354
18.04	0.02532
18.05	0.025286
18.06	0.025253
18.07	0.025219
18.08	0.025185
18.09	0.025152
18.1	0.025119
18.11	0.025085
18.12	0.025052
18.13	0.025019
18.14	0.024986
18.15	0.024953
18.16	0.02492
18.17	0.024887
18.18	0.024854
18.19	0.024821
18.2	0.024788
18.21	0.024755
18.22	0.024723
18.23	0.02469
18.24	0.024658
18.25	0.024625
18.26	0.024593
18.27	0.02456
18.28	0.024528
18.29	0.024496
18.3	0.024464
18.31	0.024432
18.32	0.0244
18.33	0.024368
18.34	0.024336
18.35	0.024304
18.36	0.024272
18.37	0.02424
18.38	0.024209
18.39	0.024177
18.4	0.024145
18.41	0.024114
18.42	0.024082
18.43	0.024051
18.44	0.02402
18.45	0.023988
18.46	0.023957
18.47	0.023926
18.48	0.023895
18.49	0.023864
18.5	0.023833
18.51	0.023802
18.52	0.023771
18.53	0.02374
18.54	0.02371
18.55	0.023679
18.56	0.023648
18.57	0.023618
18.58	0.023587
18.59	0.023557
18.6	0.023526
18.61	0.023496
18.62	0.023466
18.63	0.023436
18.64	0.023405
18.65	0.023375
18.66	0.023345
18.67	0.023315
18.68	0.023285
18.69	0.023255
18.7	0.023225
18.71	0.023196
18.72	0.023166
18.73	0.023136
18.74	0.023107
18.75	0.023077
18.76	0.023048
18.77	0.023018
18.78	0.022989
18.79	0.022959
18.8	0.02293
18.81	0.022901
18.82	0.022872
18.83	0.022842
18.84	0.022813
18.85	0.022784
18.86	0.022755
18.87	0.022726
18.88	0.022698
18.89	0.022669
18.9	0.02264
18.91	0.022611
18.92	0.022583
18.93	0.022554
18.94	0.022525
18.95	0.022497
18.96	0.022468
18.97	0.02244
18.98	0.022412
18.99	0.022383
19.0	0.022355
19.01	0.022327
19.02	0.022299
19.03	0.022271
19.04	0.022243
19.05	0.022215
19.06	0.022187
19.07	0.022159
19.08	0.022131
19.09	0.022103
19.1	0.022075
19.11	0.022048
19.12	0.02202
19.13	0.021993
19.14	0.021965
19.15	0.021938
19.16	0.02191
19.17	0.021883
19.18	0.021855
19.19	0.021828
19.2	0.021801
19.21	0.021774
19.22	0.021747
19.23	0.021719
19.24	0.021692
19.25	0.021665
19.26	0.021638
19.27	0.021612
19.28	0.021585
19.29	0.021558
19.3	0.021531
19.31	0.021504
19.32	0.021478
19.33	0.021451
19.34	0.021425
19.35	0.021398
19.36	0.021372
19.37	0.021345
19.38	0.021319
19.39	0.021292
19.4	0.021266
19.41	0.02124
19.42	0.021214
19.43	0.021188
19.44	0.021161
19.45	0.021135
19.46	0.021109
19.47	0.021083
19.48	0.021058
19.49	0.021032
19.5	0.021006
19.51	0.02098
19.52	0.020954
19.53	0.020929
19.54	0.020903
19.55	0.020877
19.56	0.020852
19.57	0.020826
19.58	0.020801
19.59	0.020776
19.6	0.02075
19.61	0.020725
19.62	0.0207
19.63	0.020674
19.64	0.020649
19.65	0.020624
19.66	0.020599
19.67	0.020574
19.68	0.020549
19.69	0.020524
19.7	0.020499
19.71	0.020474
19.72	0.020449
19.73	0.020424
19.74	0.0204
19.75	0.020375
19.76	0.02035
19.77	0.020326
19.78	0.020301
19.79	0.020277
19.8	0.020252
19.81	0.020228
19.82	0.020203
19.83	0.020179
19.84	0.020155
19.85	0.02013
19.86	0.020106
19.87	0.020082
19.88	0.020058
19.89	0.020034
19.9	0.020009
19.91	0.019985
19.92	0.019961
19.93	0.019938
19.94	0.019914
19.95	0.01989
19.96	0.019866
19.97	0.019842
19.98	0.019818
19.99	0.019795
20.0	0.019771
20.01	0.019747
20.02	0.019724
20.03	0.0197
20.04	0.019677
20.05	0.019653
20.06	0.01963
20.07	0.019607
20.08	0.019583
20.09	0.01956
20.1	0.019537
20.11	0.019514
20.12	0.01949
20.13	0.019467
20.14	0.019444
20.15	0.019421
20.16	0.019398
20.17	0.019375
20.18	0.019352
20.19	0.019329
20.2	0.019306
20.21	0.019284
20.22	0.019261
20.23	0.019238
20.24	0.019215
20.25	0.019193
20.26	0.01917
20.27	0.019148
20.28	0.019125
20.29	0.019102
20.3	0.01908
20.31	0.019058
20.32	0.019035
20.33	0.019013
20.34	0.018991
20.35	0.018968
20.36	0.018946
20.37	0.018924
20.38	0.018902
20.39	0.01888
20.4	0.018857
20.41	0.018835
20.42	0.018813
20.43	0.018791
20.44	0.018769
20.45	0.018748
20.46	0.018726
20.47	0.018704
20.48	0.018682
20.49	0.01866
20.5	0.018639
20.51	0.018617
20.52	0.018595
20.53	0.018574
20.54	0.018552
20.55	0.018531
20.56	0.018509
20.57	0.018488
20.58	0.018466
20.59	0.018445
20.6	0.018423
20.61	0.018402
20.62	0.018381
20.63	0.01836
20.64	0.018338
20.65	0.018317
20.66	0.018296
20.67	0.018275
20.68	0.018254
20.69	0.018233
20.7	0.018212
20.71	0.018191
20.72	0.01817
20.73	0.018149
20.74	0.018128
20.75	0.018107
20.76	0.018086
20.77	0.018066
20.78	0.018045
20.79	0.018024
20.8	0.018004
20.81	0.017983
20.82	0.017962
20.83	0.017942
20.84	0.017921
20.85	0.017901
20.86	0.01788
20.87	0.01786
20.88	0.01784
20.89	0.017819
20.9	0.017799
20.91	0.017779
20.92	0.017758
20.93	0.017738
20.94	0.017718
20.95	0.017698
20.96	0.017678
20.97	0.017658
20.98	0.017638
20.99	0.017618
21.0	0.017598
21.01	0.017578
21.02	0.017558
21.03	0.017538
21.04	0.017518
21.05	0.017498
21.06	0.017478
21.07	0.017459
21.08	0.017439
21.09	0.017419
21.1	0.0174
21.11	0.01738
21.12	0.01736
21.13	0.017341
21.14	0.017321
21.15	0.017302
21.16	0.017282
21.17	0.017263
21.18	0.017244
21.19	0.017224
21.2	0.017205
21.21	0.017186
21.22	0.017166
21.23	0.017147
21.24	0.017128
21.25	0.017109
21.26	0.01709
21.27	0.01707
21.28	0.017051
21.29	0.017032
21.3	0.017013
21.31	0.016994
21.32	0.016975
21.33	0.016956
21.34	0.016937
21.35	0.016919
21.36	0.0169
21.37	0.016881
21.38	0.016862
21.39	0.016843
21.4	0.016825
21.41	0.016806
21.42	0.016787
21.43	0.016769
21.44	0.01675
21.45	0.016732
21.46	0.016713
21.47	0.016694
21.48	0.016676
21.49	0.016658
21.5	0.016639
21.51	0.016621
21.52	0.016602
21.53	0.016584
21.54	0.016566
21.55	0.016547
21.56	0.016529
21.57	0.016511
21.58	0.016493
21.59	0.016475
21.6	0.016457
21.61	0.016438
21.62	0.01642
21.63	0.016402
21.64	0.016384
21.65	0.016366
21.66	0.016348
21.67	0.01633
21.68	0.016313
21.69	0.016295
21.7	0.016277
21.71	0.016259
21.72	0.016241
21.73	0.016223
21.74	0.016206
21.75	0.016188
21.76	0.01617
21.77	0.016153
21.78	0.016135
21.79	0.016118
21.8	0.0161
21.81	0.016082
21.82	0.016065
21.83	0.016047
21.84	0.01603
21.85	0.016013
21.86	0.015995
21.87	0.015978
21.88	0.015961
21.89	0.015943
21.9	0.015926
21.91	0.015909
21.92	0.015891
21.93	0.015874
21.94	0.015857
21.95	0.01584
21.96	0.015823
21.97	0.015806
21.98	0.015789
21.99	0.015772
22.0	0.015755
22.01	0.015738
22.02	0.015721
22.03	0.015704
22.04	0.015687
22.05	0.01567
22.06	0.015653
22.07	0.015636
22.08	0.015619
22.09	0.015603
22.1	0.015586
22.11	0.015569
22.12	0.015552
22.13	0.015536
22.14	0.015519
22.15	0.015503
22.16	0.015486
22.17	0.015469
22.18	0.015453
22.19	0.015436
22.2	0.01542
22.21	0.015403
22.22	0.015387
22.23	0.015371
22.24	0.015354
22.25	0.015338
22.26	0.015321
22.27	0.015305
22.28	0.015289
22.29	0.015273
22.3	0.015256
22.31	0.01524
22.32	0.015224
22.33	0.015208
22.34	0.015192
22.35	0.015176
22.36	0.015159
22.37	0.015143
22.38	0.015127
22.39	0.015111
22.4	0.015095
22.41	0.015079
22.42	0.015063
22.43	0.015048
22.44	0.015032
22.45	0.015016
22.46	0.015
22.47	0.014984
22.48	0.014968
22.49	0.014953
22.5	0.014937
22.51	0.014921
22.52	0.014905
22.53	0.01489
22.54	0.014874
22.55	0.014859
22.56	0.014843
22.57	0.014827
22.58	0.014812
22.59	0.014796
22.6	0.014781
22.61	0.014765
22.62	0.01475
22.63	0.014734
22.64	0.014719
22.65	0.014704
22.66	0.014688
22.67	0.014673
22.68	0.014658
22.69	0.014642
22.7	0.014627
22.71	0.014612
22.72	0.014597
22.73	0.014581
22.74	0.014566
22.75	0.014551
22.76	0.014536
22.77	0.014521
22.78	0.014506
22.79	0.014491
22.8	0.014476
22.81	0.014461
22.82	0.014446
22.83	0.014431
22.84	0.014416
22.85	0.014401
22.86	0.014386
22.87	0.014371
22.88	0.014356
22.89	0.014341
22.9	0.014326
22.91	0.014312
22.92	0.014297
22.93	0.014282
22.94	0.014267
22.95	0.014253
22.96	0.014238
22.97	0.014223
22.98	0.014209
22.99	0.014194
23.0	0.01418
23.01	0.014165
23.02	0.01415
23.03	0.014136
23.04	0.014121
23.05	0.014107
23.06	0.014092
23.07	0.014078
23.08	0.014064
23.09	0.014049
23.1	0.014035
23.11	0.014021
23.12	0.014006
23.13	0.013992
23.14	0.013978
23.15	0.013963
23.16	0.013949
23.17	0.013935
23.18	0.013921
23.19	0.013906
23.2	0.013892
23.21	0.013878
23.22	0.013864
23.23	0.01385
23.24	0.013836
23.25	0.013822
23.26	0.013808
23.27	0.013794
23.28	0.01378
23.29	0.013766
23.3	0.013752
23.31	0.013738
23.32	0.013724
23.33	0.01371
23.34	0.013696
23.35	0.013682
23.36	0.013669
23.37	0.013655
23.38	0.013641
23.39	0.013627
23.4	0.013613
23.41	0.0136
23.42	0.013586
23.43	0.013572
23.44	0.013559
23.45	0.013545
23.46	0.013531
23.47	0.013518
23.48	0.013504
23.49	0.013491
23.5	0.013477
23.51	0.013464
23.52	0.01345
23.53	0.013437
23.54	0.013423
23.55	0.01341
23.56	0.013396
23.57	0.013383
23.58	0.013369
23.59	0.013356
23.6	0.013343
23.61	0.013329
23.62	0.013316
23.63	0.013303
23.64	0.013289
23.65	0.013276
23.66	0.013263
23.67	0.01325
23.68	0.013237
23.69	0.013223
23.7	0.01321
23.71	0.013197
23.72	0.013184
23.73	0.013171
23.74	0.013158
23.75	0.013145
23.76	0.013132
23.77	0.013119
23.78	0.013106
23.79	0.013093
23.8	0.01308
23.81	0.013067
23.82	0.013054
23.83	0.013041
23.84	0.013028
23.85	0.013015
23.86	0.013002
23.87	0.012989
23.88	0.012977
23.89	0.012964
23.9	0.012951
23.91	0.012938
23.92	0.012926
23.93	0.012913
23.94	0.0129
23.95	0.012887
23.96	0.012875
23.97	0.012862
23.98	0.012849
23.99	0.012837
24.0	0.012824
24.01	0.012812
24.02	0.012799
24.03	0.012787
24.04	0.012774
24.05	0.012761
24.06	0.012749
24.07	0.012737
24.08	0.012724
24.09	0.012712
24.1	0.012699
24.11	0.012687
24.12	0.012674
24.13	0.012662
24.14	0.01265
24.15	0.012637
24.16	0.012625
24.17	0.012613
24.18	0.0126
24.19	0.012588
24.2	0.012576
24.21	0.012564
24.22	0.012552
24.23	0.012539
24.24	0.012527
24.25	0.012515
24.26	0.012503
24.27	0.012491
24.28	0.012479
24.29	0.012467
24.3	0.012454
24.31	0.012442
24.32	0.01243
24.33	0.012418
24.34	0.012406
24.35	0.012394
24.36	0.012382
24.37	0.01237
24.38	0.012359
24.39	0.012347
24.4	0.012335
24.41	0.012323
24.42	0.012311
24.43	0.012299
24.44	0.012287
24.45	0.012275
24.46	0.012264
24.47	0.012252
24.48	0.01224
24.49	0.012228
24.5	0.012217
24.51	0.012205
24.52	0.012193
24.53	0.012182
24.54	0.01217
24.55	0.012158
24.56	0.012147
24.57	0.012135
24.58	0.012123
24.59	0.012112
24.6	0.0121
24.61	0.012089
24.62	0.012077
24.63	0.012066
24.64	0.012054
24.65	0.012043
24.66	0.012031
24.67	0.01202
24.68	0.012008
24.69	0.011997
24.7	0.011985
24.71	0.011974
24.72	0.011963
24.73	0.011951
24.74	0.01194
24.75	0.011929
24.76	0.011917
24.77	0.011906
24.78	0.011895
24.79	0.011883
24.8	0.011872
24.81	0.011861
24.82	0.01185
24.83	0.011838
24.84	0.011827
24.85	0.011816
24.86	0.011805
24.87	0.011794
24.88	0.011783
24.89	0.011772
24.9	0.01176
24.91	0.011749
24.92	0.011738
24.93	0.011727
24.94	0.011716
24.95	0.011705
24.96	0.011694
24.97	0.011683
24.98	0.011672
24.99	0.011661
25.0	0.01165
25.01	0.011639
25.02	0.011628
25.03	0.011618
25.04	0.011607
25.05	0.011596
25.06	0.011585
25.07	0.011574
25.08	0.011563
25.09	0.011552
25.1	0.011542
25.11	0.011531
25.12	0.01152
25.13	0.011509
25.14	0.011499
25.15	0.011488
25.16	0.011477
25.17	0.011466
25.18	0.011456
25.19	0.011445
25.2	0.011434
25.21	0.011424
25.22	0.011413
25.23	0.011403
25.24	0.011392
25.25	0.011381
25.26	0.011371
25.27	0.01136
25.28	0.01135
25.29	0.011339
25.3	0.011329
25.31	0.011318
25.32	0.011308
25.33	0.011297
25.34	0.011287
25.35	0.011276
25.36	0.011266
25.37	0.011256
25.38	0.011245
25.39	0.011235
25.4	0.011224
25.41	0.011214
25.42	0.011204
25.43	0.011193
25.44	0.011183
25.45	0.011173
25.46	0.011163
25.47	0.011152
25.48	0.011142
25.49	0.011132
25.5	0.011122
25.51	0.011111
25.52	0.011101
25.53	0.011091
25.54	0.011081
25.55	0.011071
25.56	0.01106
25.57	0.01105
25.58	0.01104
25.59	0.01103
25.6	0.01102
25.61	0.01101
25.62	0.011
25.63	0.01099
25.64	0.01098
25.65	0.01097
25.66	0.01096
25.67	0.01095
25.68	0.01094
25.69	0.01093
25.7	0.01092
25.71	0.01091
25.72	0.0109
25.73	0.01089
25.74	0.01088
25.75	0.01087
25.76	0.01086
25.77	0.010851
25.78	0.010841
25.79	0.010831
25.8	0.010821
25.81	0.010811
25.82	0.010801
25.83	0.010792
25.84	0.010782
25.85	0.010772
25.86	0.010762
25.87	0.010753
25.88	0.010743
25.89	0.010733
25.9	0.010724
25.91	0.010714
25.92	0.010704
25.93	0.010695
25.94	0.010685
25.95	0.010675
25.96	0.010666
25.97	0.010656
25.98	0.010646
25.99	0.010637
26.0	0.010627
26.01	0.010618
26.02	0.010608
26.03	0.010599
26.04	0.010589
26.05	0.01058
26.06	0.01057
26.07	0.010561
26.08	0.010551
26.09	0.010542
26.1	0.010532
26.11	0.010523
26.12	0.010514
26.13	0.010504
26.14	0.010495
26.15	0.010485
26.16	0.010476
26.17	0.010467
26.18	0.010457
26.19	0.010448
26.2	0.010439
26.21	0.010429
26.22	0.01042
26.23	0.010411
26.24	0.010401
26.25	0.010392
26.26	0.010383
26.27	0.010374
26.28	0.010365
26.29	0.010355
26.3	0.010346
26.31	0.010337
26.32	0.010328
26.33	0.010319
26.34	0.010309
26.35	0.0103
26.36	0.010291
26.37	0.010282
26.38	0.010273
26.39	0.010264
26.4	0.010255
26.41	0.010246
26.42	0.010237
26.43	0.010228
26.44	0.010219
26.45	0.01021
26.46	0.010201
26.47	0.010192
26.48	0.010183
26.49	0.010174
26.5	0.010165
26.51	0.010156
26.52	0.010147
26.53	0.010138
26.54	0.010129
26.55	0.01012
26.56	0.010111
26.57	0.010102
26.58	0.010093
26.59	0.010085
26.6	0.010076
26.61	0.010067
26.62	0.010058
26.63	0.010049
26.64	0.01004
26.65	0.010032
26.66	0.010023
26.67	0.010014
26.68	0.010005
26.69	0.0099966
26.7	0.0099879
26.71	0.0099792
26.72	0.0099704
26.73	0.0099617
26.74	0.0099531
26.75	0.0099444
26.76	0.0099357
26.77	0.0099271
26.78	0.0099184
26.79	0.0099098
26.8	0.0099012
26.81	0.0098926
26.82	0.009884
26.83	0.0098754
26.84	0.0098668
26.85	0.0098582
26.86	0.0098497
26.87	0.0098411
26.88	0.0098326
26.89	0.0098241
26.9	0.0098156
26.91	0.0098071
26.92	0.0097986
26.93	0.0097901
26.94	0.0097816
26.95	0.0097732
26.96	0.0097647
26.97	0.0097563
26.98	0.0097479
26.99	0.0097394
27.0	0.009731
27.01	0.0097226
27.02	0.0097143
27.03	0.0097059
27.04	0.0096975
27.05	0.0096892
27.06	0.0096808
27.07	0.0096725
27.08	0.0096642
27.09	0.0096559
27.1	0.0096476
27.11	0.0096393
27.12	0.009631
27.13	0.0096227
27.14	0.0096145
27.15	0.0096062
27.16	0.009598
27.17	0.0095898
27.18	0.0095816
27.19	0.0095734
27.2	0.0095652
27.21	0.009557
27.22	0.0095488
27.23	0.0095406
27.24	0.0095325
27.25	0.0095243
27.26	0.0095162
27.27	0.0095081
27.28	0.0095
27.29	0.0094919
27.3	0.0094838
27.31	0.0094757
27.32	0.0094676
27.33	0.0094596
27.34	0.0094515
27.35	0.0094435
27.36	0.0094354
27.37	0.0094274
27.38	0.0094194
27.39	0.0094114
27.4	0.0094034
27.41	0.0093954
27.42	0.0093875
27.43	0.0093795
27.44	0.0093715
27.45	0.0093636
27.46	0.0093557
27.47	0.0093478
27.48	0.0093398
27.49	0.0093319
27.5	0.009324
27.51	0.0093162
27.52	0.0093083
27.53	0.0093004
27.54	0.0092926
27.55	0.0092847
27.56	0.0092769
27.57	0.0092691
27.58	0.0092613
27.59	0.0092535
27.6	0.0092457
27.61	0.0092379
27.62	0.0092301
27.63	0.0092223
27.64	0.0092146
27.65	0.0092068
27.66	0.0091991
27.67	0.0091914
27.68	0.0091836
27.69	0.0091759
27.7	0.0091682
27.71	0.0091606
27.72	0.0091529
27.73	0.0091452
27.74	0.0091375
27.75	0.0091299
27.76	0.0091222
27.77	0.0091146
27.78	0.009107
27.79	0.0090994
27.8	0.0090918
27.81	0.0090842
27.82	0.0090766
27.83	0.009069
27.84	0.0090614
27.85	0.0090539
27.86	0.0090463
27.87	0.0090388
27.88	0.0090313
27.89	0.0090237
27.9	0.0090162
27.91	0.0090087
27.92	0.0090012
27.93	0.0089938
27.94	0.0089863
27.95	0.0089788
27.96	0.0089714
27.97	0.0089639
27.98	0.0089565
27.99	0.008949
28.0	0.0089416
28.01	0.0089342
28.02	0.0089268
28.03	0.0089194
28.04	0.008912
28.05	0.0089047
28.06	0.0088973
28.07	0.0088899
28.08	0.0088826
28.09	0.0088752
28.1	0.0088679
28.11	0.0088606
28.12	0.0088533
28.13	0.008846
28.14	0.0088387
28.15	0.0088314
28.16	0.0088241
28.17	0.0088169
28.18	0.0088096
28.19	0.0088023
28.2	0.0087951
28.21	0.0087879
28.22	0.0087806
28.23	0.0087734
28.24	0.0087662
28.25	0.008759
28.26	0.0087518
28.27	0.0087446
28.28	0.0087375
28.29	0.0087303
28.3	0.0087232
28.31	0.008716
28.32	0.0087089
28.33	0.0087017
28.34	0.0086946
28.35	0.0086875
28.36	0.0086804
28.37	0.0086733
28.38	0.0086662
28.39	0.0086592
28.4	0.0086521
28.41	0.008645
28.42	0.008638
28.43	0.0086309
28.44	0.0086239
28.45	0.0086169
28.46	0.0086098
28.47	0.0086028
28.48	0.0085958
28.49	0.0085888
28.5	0.0085819
28.51	0.0085749
28.52	0.0085679
28.53	0.008561
28.54	0.008554
28.55	0.0085471
28.56	0.0085401
28.57	0.0085332
28.58	0.0085263
28.59	0.0085194
28.6	0.0085125
28.61	0.0085056
28.62	0.0084987
28.63	0.0084918
28.64	0.0084849
28.65	0.0084781
28.66	0.0084712
28.67	0.0084644
28.68	0.0084575
28.69	0.0084507
28.7	0.0084439
28.71	0.0084371
28.72	0.0084303
28.73	0.0084235
28.74	0.0084167
28.75	0.0084099
28.76	0.0084032
28.77	0.0083964
28.78	0.0083896
28.79	0.0083829
28.8	0.0083761
28.81	0.0083694
28.82	0.0083627
28.83	0.008356
28.84	0.0083493
28.85	0.0083426
28.86	0.0083359
28.87	0.0083292
28.88	0.0083225
28.89	0.0083158
28.9	0.0083092
28.91	0.0083025
28.92	0.0082959
28.93	0.0082893
28.94	0.0082826
28.95	0.008276
28.96	0.0082694
28.97	0.0082628
28.98	0.0082562
28.99	0.0082496
29.0	0.008243
29.01	0.0082364
29.02	0.0082299
29.03	0.0082233
29.04	0.0082168
29.05	0.0082102
29.06	0.0082037
29.07	0.0081972
29.08	0.0081906
29.09	0.0081841
29.1	0.0081776
29.11	0.0081711
29.12	0.0081646
29.13	0.0081582
29.14	0.0081517
29.15	0.0081452
29.16	0.0081387
29.17	0.0081323
29.18	0.0081259
29.19	0.0081194
29.2	0.008113
29.21	0.0081066
29.22	0.0081001
29.23	0.0080937
29.24	0.0080873
29.25	0.008081
29.26	0.0080746
29.27	0.0080682
29.28	0.0080618
29.29	0.0080555
29.3	0.0080491
29.31	0.0080428
29.32	0.0080364
29.33	0.0080301
29.34	0.0080238
29.35	0.0080174
29.36	0.0080111
29.37	0.0080048
29.38	0.0079985
29.39	0.0079922
29.4	0.007986
29.41	0.0079797
29.42	0.0079734
29.43	0.0079672
29.44	0.0079609
29.45	0.0079547
29.46	0.0079484
29.47	0.0079422
29.48	0.007936
29.49	0.0079297
29.5	0.0079235
29.51	0.0079173
29.52	0.0079111
29.53	0.007905
29.54	0.0078988
29.55	0.0078926
29.56	0.0078864
29.57	0.0078803
29.58	0.0078741
29.59	0.007868
29.6	0.0078618
29.61	0.0078557
29.62	0.0078496
29.63	0.0078435
29.64	0.0078374
29.65	0.0078313
29.66	0.0078252
29.67	0.0078191
29.68	0.007813
29.69	0.0078069
29.7	0.0078008
29.71	0.0077948
29.72	0.0077887
29.73	0.0077827
29.74	0.0077766
29.75	0.0077706
29.76	0.0077646
29.77	0.0077586
29.78	0.0077526
29.79	0.0077465
29.8	0.0077405
29.81	0.0077346
29.82	0.0077286
29.83	0.0077226
29.84	0.0077166
29.85	0.0077107
29.86	0.0077047
29.87	0.0076987
29.88	0.0076928
29.89	0.0076869
29.9	0.0076809
29.91	0.007675
29.92	0.0076691
29.93	0.0076632
29.94	0.0076573
29.95	0.0076514
29.96	0.0076455
29.97	0.0076396
29.98	0.0076337
29.99	0.0076279
30.0	0.007622
30.01	0.0076161
30.02	0.0076103
30.03	0.0076044
30.04	0.0075986
30.05	0.0075928
30.06	0.007587
30.07	0.0075811
30.08	0.0075753
30.09	0.0075695
30.1	0.0075637
30.11	0.0075579
30.12	0.0075521
30.13	0.0075464
30.14	0.0075406
30.15	0.0075348
30.16	0.0075291
30.17	0.0075233
30.18	0.0075176
30.19	0.0075118
30.2	0.0075061
30.21	0.0075004
30.22	0.0074947
30.23	0.0074889
30.24	0.0074832
30.25	0.0074775
30.26	0.0074718
30.27	0.0074662
30.28	0.0074605
30.29	0.0074548
30.3	0.0074491
30.31	0.0074435
30.32	0.0074378
30.33	0.0074322
30.34	0.0074265
30.35	0.0074209
30.36	0.0074153
30.37	0.0074096
30.38	0.007404
30.39	0.0073984
30.4	0.0073928
30.41	0.0073872
30.42	0.0073816
30.43	0.007376
30.44	0.0073704
30.45	0.0073649
30.46	0.0073593
30.47	0.0073537
30.48	0.0073482
30.49	0.0073426
30.5	0.0073371
30.51	0.0073316
30.52	0.007326
30.53	0.0073205
30.54	0.007315
30.55	0.0073095
30.56	0.007304
30.57	0.0072985
30.58	0.007293
30.59	0.0072875
30.6	0.007282
30.61	0.0072765
30.62	0.0072711
30.63	0.0072656
30.64	0.0072601
30.65	0.0072547
30.66	0.0072492
30.67	0.0072438
30.68	0.0072384
30.69	0.0072329
30.7	0.0072275
30.71	0.0072221
30.72	0.0072167
30.73	0.0072113
30.74	0.0072059
30.75	0.0072005
30.76	0.0071951
30.77	0.0071897
30.78	0.0071844
30.79	0.007179
30.8	0.0071736
30.81	0.0071683
30.82	0.0071629
30.83	0.0071576
30.84	0.0071522
30.85	0.0071469
30.86	0.0071416
30.87	0.0071363
30.88	0.007131
30.89	0.0071256
30.9	0.0071203
30.91	0.007115
30.92	0.0071098
30.93	0.0071045
30.94	0.0070992
30.95	0.0070939
30.96	0.0070887
30.97	0.0070834
30.98	0.0070781
30.99	0.0070729
31.0	0.0070676
31.01	0.0070624
31.02	0.0070572
31.03	0.0070519
31.04	0.0070467
31.05	0.0070415
31.06	0.0070363
31.07	0.0070311
31.08	0.0070259
31.09	0.0070207
31.1	0.0070155
31.11	0.0070103
31.12	0.0070051
31.13	0.007
31.14	0.0069948
31.15	0.0069896
31.16	0.0069845
31.17	0.0069793
31.18	0.0069742
31.19	0.0069691
31.2	0.0069639
31.21	0.0069588
31.22	0.0069537
31.23	0.0069486
31.24	0.0069435
31.25	0.0069384
31.26	0.0069333
31.27	0.0069282
31.28	0.0069231
31.29	0.006918
31.3	0.0069129
31.31	0.0069079
31.32	0.0069028
31.33	0.0068977
31.34	0.0068927
31.35	0.0068876
31.36	0.0068826
31.37	0.0068775
31.38	0.0068725
31.39	0.0068675
31.4	0.0068625
31.41	0.0068575
31.42	0.0068524
31.43	0.0068474
31.44	0.0068424
31.45	0.0068374
31.46	0.0068325
31.47	0.0068275
31.48	0.0068225
31.49	0.0068175
31.5	0.0068126
31.51	0.0068076
31.52	0.0068026
31.53	0.0067977
31.54	0.0067927
31.55	0.0067878
31.56	0.0067829
31.57	0.0067779
31.58	0.006773
31.59	0.0067681
31.6	0.0067632
31.61	0.0067583
31.62	0.0067534
31.63	0.0067485
31.64	0.0067436
31.65	0.0067387
31.66	0.0067338
31.67	0.0067289
31.68	0.006724
31.69	0.0067192
31.7	0.0067143
31.71	0.0067095
31.72	0.0067046
31.73	0.0066998
31.74	0.0066949
31.75	0.0066901
31.76	0.0066853
31.77	0.0066804
31.78	0.0066756
31.79	0.0066708
31.8	0.006666
31.81	0.0066612
31.82	0.0066564
31.83	0.0066516
31.84	0.0066468
31.85	0.006642
31.86	0.0066372
31.87	0.0066325
31.88	0.0066277
31.89	0.0066229
31.9	0.0066182
31.91	0.0066134
31.92	0.0066087
31.93	0.0066039
31.94	0.0065992
31.95	0.0065944
31.96	0.0065897
31.97	0.006585
31.98	0.0065803
31.99	0.0065756
32.0	0.0065708
32.01	0.0065661
32.02	0.0065614
32.03	0.0065567
32.04	0.0065521
32.05	0.0065474
32.06	0.0065427
32.07	0.006538
32.08	0.0065333
32.09	0.0065287
32.1	0.006524
32.11	0.0065194
32.12	0.0065147
32.13	0.0065101
32.14	0.0065054
32.15	0.0065008
32.16	0.0064962
32.17	0.0064915
32.18	0.0064869
32.19	0.0064823
32.2	0.0064777
32.21	0.0064731
32.22	0.0064685
32.23	0.0064639
32.24	0.0064593
32.25	0.0064547
32.26	0.0064501
32.27	0.0064456
32.28	0.006441
32.29	0.0064364
32.3	0.0064319
32.31	0.0064273
32.32	0.0064227
32.33	0.0064182
32.34	0.0064137
32.35	0.0064091
32.36	0.0064046
32.37	0.0064001
32.38	0.0063955
32.39	0.006391
32.4	0.0063865
32.41	0.006382
32.42	0.0063775
32.43	0.006373
32.44	0.0063685
32.45	0.006364
32.46	0.0063595
32.47	0.006355
32.48	0.0063505
32.49	0.0063461
32.5	0.0063416
32.51	0.0063371
32.52	0.0063327
32.53	0.0063282
32.54	0.0063238
32.55	0.0063193
32.56	0.0063149
32.57	0.0063105
32.58	0.006306
32.59	0.0063016
32.6	0.0062972
32.61	0.0062928
32.62	0.0062884
32.63	0.0062839
32.64	0.0062795
32.65	0.0062751
32.66	0.0062707
32.67	0.0062664
32.68	0.006262
32.69	0.0062576
32.7	0.0062532
32.71	0.0062488
32.72	0.0062445
32.73	0.0062401
32.74	0.0062358
32.75	0.0062314
32.76	0.0062271
32.77	0.0062227
32.78	0.0062184
32.79	0.006214
32.8	0.0062097
32.81	0.0062054
32.82	0.0062011
32.83	0.0061967
32.84	0.0061924
32.85	0.0061881
32.86	0.0061838
32.87	0.0061795
32.88	0.0061752
32.89	0.0061709
32.9	0.0061666
32.91	0.0061624
32.92	0.0061581
32.93	0.0061538
32.94	0.0061495
32.95	0.0061453
32.96	0.006141
32.97	0.0061368
32.98	0.0061325
32.99	0.0061283
33.0	0.006124
33.01	0.0061198
33.02	0.0061155
33.03	0.0061113
33.04	0.0061071
33.05	0.0061029
33.06	0.0060986
33.07	0.0060944
33.08	0.0060902
33.09	0.006086
33.1	0.0060818
33.11	0.0060776
33.12	0.0060734
33.13	0.0060692
33.14	0.0060651
33.15	0.0060609
33.16	0.0060567
33.17	0.0060525
33.18	0.0060484
33.19	0.0060442
33.2	0.0060401
33.21	0.0060359
33.22	0.0060318
33.23	0.0060276
33.24	0.0060235
33.25	0.0060193
33.26	0.0060152
33.27	0.0060111
33.28	0.0060069
33.29	0.0060028
33.3	0.0059987
33.31	0.0059946
33.32	0.0059905
33.33	0.0059864
33.34	0.0059823
33.35	0.0059782
33.36	0.0059741
33.37	0.00597
33.38	0.0059659
33.39	0.0059619
33.4	0.0059578
33.41	0.0059537
33.42	0.0059497
33.43	0.0059456
33.44	0.0059415
33.45	0.0059375
33.46	0.0059334
33.47	0.0059294
33.48	0.0059254
33.49	0.0059213
33.5	0.0059173
33.51	0.0059133
33.52	0.0059092
33.53	0.0059052
33.54	0.0059012
33.55	0.0058972
33.56	0.0058932
33.57	0.0058892
33.58	0.0058852
33.59	0.0058812
33.6	0.0058772
33.61	0.0058732
33.62	0.0058692
33.63	0.0058652
33.64	0.0058612
33.65	0.0058573
33.66	0.0058533
33.67	0.0058493
33.68	0.0058454
33.69	0.0058414
33.7	0.0058375
33.71	0.0058335
33.72	0.0058296
33.73	0.0058256
33.74	0.0058217
33.75	0.0058178
33.76	0.0058138
33.77	0.0058099
33.78	0.005806
33.79	0.0058021
33.8	0.0057982
33.81	0.0057943
33.82	0.0057904
33.83	0.0057865
33.84	0.0057826
33.85	0.0057787
33.86	0.0057748
33.87	0.0057709
33.88	0.005767
33.89	0.0057631
33.9	0.0057593
33.91	0.0057554
33.92	0.0057515
33.93	0.0057477
33.94	0.0057438
33.95	0.0057399
33.96	0.0057361
33.97	0.0057322
33.98	0.0057284
33.99	0.0057246
34.0	0.0057207
34.01	0.0057169
34.02	0.0057131
34.03	0.0057092
34.04	0.0057054
34.05	0.0057016
34.06	0.0056978
34.07	0.005694
34.08	0.0056902
34.09	0.0056864
34.1	0.0056826
34.11	0.0056788
34.12	0.005675
34.13	0.0056712
34.14	0.0056674
34.15	0.0056636
34.16	0.0056599
34.17	0.0056561
34.18	0.0056523
34.19	0.0056486
34.2	0.0056448
34.21	0.005641
34.22	0.0056373
34.23	0.0056335
34.24	0.0056298
34.25	0.0056261
34.26	0.0056223
34.27	0.0056186
34.28	0.0056148
34.29	0.0056111
34.3	0.0056074
34.31	0.0056037
34.32	0.0056
34.33	0.0055962
34.34	0.0055925
34.35	0.0055888
34.36	0.0055851
34.37	0.0055814
34.38	0.0055777
34.39	0.005574
34.4	0.0055704
34.41	0.0055667
34.42	0.005563
34.43	0.0055593
34.44	0.0055556
34.45	0.005552
34.46	0.0055483
34.47	0.0055447
34.48	0.005541
34.49	0.0055373
34.5	0.0055337
34.51	0.00553
34.52	0.0055264
34.53	0.0055228
34.54	0.0055191
34.55	0.0055155
34.56	0.0055119
34.57	0.0055082
34.58	0.0055046
34.59	0.005501
34.6	0.0054974
34.61	0.0054938
34.62	0.0054901
34.63	0.0054865
34.64	0.0054829
34.65	0.0054793
34.66	0.0054757
34.67	0.0054722
34.68	0.0054686
34.69	0.005465
34.7	0.0054614
34.71	0.0054578
34.72	0.0054542
34.73	0.0054507
34.74	0.0054471
34.75	0.0054435
34.76	0.00544
34.77	0.0054364
34.78	0.0054329
34.79	0.0054293
34.8	0.0054258
34.81	0.0054222
34.82	0.0054187
34.83	0.0054152
34.84	0.0054116
34.85	0.0054081
34.86	0.0054046
34.87	0.0054011
34.88	0.0053975
34.89	0.005394
34.9	0.0053905
34.91	0.005387
34.92	0.0053835
34.93	0.00538
34.94	0.0053765
34.95	0.005373
34.96	0.0053695
34.97	0.005366
34.98	0.0053625
34.99	0.005359
35.0	0.0053556
35.01	0.0053521
35.02	0.0053486
35.03	0.0053452
35.04	0.0053417
35.05	0.0053382
35.06	0.0053348
35.07	0.0053313
35.08	0.0053279
35.09	0.0053244
35.1	0.005321
35.11	0.0053175
35.12	0.0053141
35.13	0.0053107
35.14	0.0053072
35.15	0.0053038
35.16	0.0053004
35.17	0.0052969
35.18	0.0052935
35.19	0.0052901
35.2	0.0052867
35.21	0.0052833
35.22	0.0052799
35.23	0.0052765
35.24	0.0052731
35.25	0.0052697
35.26	0.0052663
35.27	0.0052629
35.28	0.0052595
35.29	0.0052561
35.3	0.0052527
35.31	0.0052494
35.32	0.005246
35.33	0.0052426
35.34	0.0052393
35.35	0.0052359
35.36	0.0052325
35.37	0.0052292
35.38	0.0052258
35.39	0.0052225
35.4	0.0052191
35.41	0.0052158
35.42	0.0052124
35.43	0.0052091
35.44	0.0052058
35.45	0.0052024
35.46	0.0051991
35.47	0.0051958
35.48	0.0051925
35.49	0.0051891
35.5	0.0051858
35.51	0.0051825
35.52	0.0051792
35.53	0.0051759
35.54	0.0051726
35.55	0.0051693
35.56	0.005166
35.57	0.0051627
35.58	0.0051594
35.59	0.0051561
35.6	0.0051528
35.61	0.0051495
35.62	0.0051463
35.63	0.005143
35.64	0.0051397
35.65	0.0051365
35.66	0.0051332
35.67	0.0051299
35.68	0.0051267
35.69	0.0051234
35.7	0.0051201
35.71	0.0051169
35.72	0.0051137
35.73	0.0051104
35.74	0.0051072
35.75	0.0051039
35.76	0.0051007
35.77	0.0050975
35.78	0.0050942
35.79	0.005091
35.8	0.0050878
35.81	0.0050846
35.82	0.0050813
35.83	0.0050781
35.84	0.0050749
35.85	0.0050717
35.86	0.0050685
35.87	0.0050653
35.88	0.0050621
35.89	0.0050589
35.9	0.0050557
35.91	0.0050525
35.92	0.0050493
35.93	0.0050461
35.94	0.005043
35.95	0.0050398
35.96	0.0050366
35.97	0.0050334
35.98	0.0050303
35.99	0.0050271
36.0	0.0050239
36.01	0.0050208
36.02	0.0050176
36.03	0.0050145
36.04	0.0050113
36.05	0.0050082
36.06	0.005005
36.07	0.0050019
36.08	0.0049987
36.09	0.0049956
36.1	0.0049925
36.11	0.0049893
36.12	0.0049862
36.13	0.0049831
36.14	0.0049799
36.15	0.0049768
36.16	0.0049737
36.17	0.0049706
36.18	0.0049675
36.19	0.0049644
36.2	0.0049613
36.21	0.0049582
36.22	0.0049551
36.23	0.004952
36.24	0.0049489
36.25	0.0049458
36.26	0.0049427
36.27	0.0049396
36.28	0.0049365
36.29	0.0049334
36.3	0.0049304
36.31	0.0049273
36.32	0.0049242
36.33	0.0049212
36.34	0.0049181
36.35	0.004915
36.36	0.004912
36.37	0.0049089
36.38	0.0049059
36.39	0.0049028
36.4	0.0048998
36.41	0.0048967
36.42	0.0048937
36.43	0.0048906
36.44	0.0048876
36.45	0.0048846
36.46	0.0048815
36.47	0.0048785
36.48	0.0048755
36.49	0.0048724
36.5	0.0048694
36.51	0.0048664
36.52	0.0048634
36.53	0.0048604
36.54	0.0048574
36.55	0.0048544
36.56	0.0048514
36.57	0.0048484
36.58	0.0048454
36.59	0.0048424
36.6	0.0048394
36.61	0.0048364
36.62	0.0048334
36.63	0.0048304
36.64	0.0048274
36.65	0.0048244
36.66	0.0048215
36.67	0.0048185
36.68	0.0048155
36.69	0.0048126
36.7	0.0048096
36.71	0.0048066
36.72	0.0048037
36.73	0.0048007
36.74	0.0047978
36.75	0.0047948
36.76	0.0047919
36.77	0.0047889
36.78	0.004786
36.79	0.004783
36.8	0.0047801
36.81	0.0047771
36.82	0.0047742
36.83	0.0047713
36.84	0.0047684
36.85	0.0047654
36.86	0.0047625
36.87	0.0047596
36.88	0.0047567
36.89	0.0047538
36.9	0.0047508
36.91	0.0047479
36.92	0.004745
36.93	0.0047421
36.94	0.0047392
36.95	0.0047363
36.96	0.0047334
36.97	0.0047305
36.98	0.0047276
36.99	0.0047248
37.0	0.0047219
37.01	0.004719
37.02	0.0047161
37.03	0.0047132
37.04	0.0047104
37.05	0.0047075
37.06	0.0047046
37.07	0.0047017
37.08	0.0046989
37.09	0.004696
37.1	0.0046932
37.11	0.0046903
37.12	0.0046874
37.13	0.0046846
37.14	0.0046817
37.15	0.0046789
37.16	0.0046761
37.17	0.0046732
37.18	0.0046704
37.19	0.0046675
37.2	0.0046647
37.21	0.0046619
37.22	0.004659
37.23	0.0046562
37.24	0.0046534
37.25	0.0046506
37.26	0.0046477
37.27	0.0046449
37.28	0.0046421
37.29	0.0046393
37.3	0.0046365
37.31	0.0046337
37.32	0.0046309
37.33	0.0046281
37.34	0.0046253
37.35	0.0046225
37.36	0.0046197
37.37	0.0046169
37.38	0.0046141
37.39	0.0046113
37.4	0.0046086
37.41	0.0046058
37.42	0.004603
37.43	0.0046002
37.44	0.0045974
37.45	0.0045947
37.46	0.0045919
37.47	0.0045891
37.48	0.0045864
37.49	0.0045836
37.5	0.0045809
37.51	0.0045781
37.52	0.0045753
37.53	0.0045726
37.54	0.0045698
37.55	0.0045671
37.56	0.0045644
37.57	0.0045616
37.58	0.0045589
37.59	0.0045561
37.6	0.0045534
37.61	0.0045507
37.62	0.0045479
37.63	0.0045452
37.64	0.0045425
37.65	0.0045398
37.66	0.004537
37.67	0.0045343
37.68	0.0045316
37.69	0.0045289
37.7	0.0045262
37.71	0.0045235
37.72	0.0045208
37.73	0.0045181
37.74	0.0045154
37.75	0.0045127
37.76	0.00451
37.77	0.0045073
37.78	0.0045046
37.79	0.0045019
37.8	0.0044992
37.81	0.0044965
37.82	0.0044939
37.83	0.0044912
37.84	0.0044885
37.85	0.0044858
37.86	0.0044832
37.87	0.0044805
37.88	0.0044778
37.89	0.0044752
37.9	0.0044725
37.91	0.0044698
37.92	0.0044672
37.93	0.0044645
37.94	0.0044619
37.95	0.0044592
37.96	0.0044566
37.97	0.0044539
37.98	0.0044513
37.99	0.0044486
38.0	0.004446
38.01	0.0044434
38.02	0.0044407
38.03	0.0044381
38.04	0.0044355
38.05	0.0044328
38.06	0.0044302
38.07	0.0044276
38.08	0.004425
38.09	0.0044224
38.1	0.0044197
38.11	0.0044171
38.12	0.0044145
38.13	0.0044119
38.14	0.0044093
38.15	0.0044067
38.16	0.0044041
38.17	0.0044015
38.18	0.0043989
38.19	0.0043963
38.2	0.0043937
38.21	0.0043911
38.22	0.0043885
38.23	0.0043859
38.24	0.0043834
38.25	0.0043808
38.26	0.0043782
38.27	0.0043756
38.28	0.004373
38.29	0.0043705
38.3	0.0043679
38.31	0.0043653
38.32	0.0043628
38.33	0.0043602
38.34	0.0043576
38.35	0.0043551
38.36	0.0043525
38.37	0.00435
38.38	0.0043474
38.39	0.0043449
38.4	0.0043423
38.41	0.0043398
38.42	0.0043372
38.43	0.0043347
38.44	0.0043321
38.45	0.0043296
38.46	0.0043271
38.47	0.0043245
38.48	0.004322
38.49	0.0043195
38.5	0.004317
38.51	0.0043144
38.52	0.0043119
38.53	0.0043094
38.54	0.0043069
38.55	0.0043044
38.56	0.0043019
38.57	0.0042993
38.58	0.0042968
38.59	0.0042943
38.6	0.0042918
38.61	0.0042893
38.62	0.0042868
38.63	0.0042843
38.64	0.0042818
38.65	0.0042793
38.66	0.0042768
38.67	0.0042744
38.68	0.0042719
38.69	0.0042694
38.7	0.0042669
38.71	0.0042644
38.72	0.0042619
38.73	0.0042595
38.74	0.004257
38.75	0.0042545
38.76	0.004252
38.77	0.0042496
38.78	0.0042471
38.79	0.0042447
38.8	0.0042422
38.81	0.0042397
38.82	0.0042373
38.83	0.0042348
38.84	0.0042324
38.85	0.0042299
38.86	0.0042275
38.87	0.004225
38.88	0.0042226
38.89	0.0042201
38.9	0.0042177
38.91	0.0042153
38.92	0.0042128
38.93	0.0042104
38.94	0.004208
38.95	0.0042055
38.96	0.0042031
38.97	0.0042007
38.98	0.0041982
38.99	0.0041958
39.0	0.0041934
39.01	0.004191
39.02	0.0041886
39.03	0.0041862
39.04	0.0041838
39.05	0.0041813
39.06	0.0041789
39.07	0.0041765
39.08	0.0041741
39.09	0.0041717
39.1	0.0041693
39.11	0.0041669
39.12	0.0041645
39.13	0.0041621
39.14	0.0041598
39.15	0.0041574
39.16	0.004155
39.17	0.0041526
39.18	0.0041502
39.19	0.0041478
39.2	0.0041455
39.21	0.0041431
39.22	0.0041407
39.23	0.0041383
39.24	0.004136
39.25	0.0041336
39.26	0.0041312
39.27	0.0041289
39.28	0.0041265
39.29	0.0041241
39.3	0.0041218
39.31	0.0041194
39.32	0.0041171
39.33	0.0041147
39.34	0.0041124
39.35	0.00411
39.36	0.0041077
39.37	0.0041053
39.38	0.004103
39.39	0.0041006
39.4	0.0040983
39.41	0.004096
39.42	0.0040936
39.43	0.0040913
39.44	0.004089
39.45	0.0040866
39.46	0.0040843
39.47	0.004082
39.48	0.0040797
39.49	0.0040774
39.5	0.004075
39.51	0.0040727
39.52	0.0040704
39.53	0.0040681
39.54	0.0040658
39.55	0.0040635
39.56	0.0040612
39.57	0.0040589
39.58	0.0040566
39.59	0.0040543
39.6	0.004052
39.61	0.0040497
39.62	0.0040474
39.63	0.0040451
39.64	0.0040428
39.65	0.0040405
39.66	0.0040382
39.67	0.0040359
39.68	0.0040336
39.69	0.0040314
39.7	0.0040291
39.71	0.0040268
39.72	0.0040245
39.73	0.0040222
39.74	0.00402
39.75	0.0040177
39.76	0.0040154
39.77	0.0040132
39.78	0.0040109
39.79	0.0040086
39.8	0.0040064
39.81	0.0040041
39.82	0.0040019
39.83	0.0039996
39.84	0.0039974
39.85	0.0039951
39.86	0.0039929
39.87	0.0039906
39.88	0.0039884
39.89	0.0039861
39.9	0.0039839
39.91	0.0039816
39.92	0.0039794
39.93	0.0039772
39.94	0.0039749
39.95	0.0039727
39.96	0.0039705
39.97	0.0039682
39.98	0.003966
39.99	0.0039638
40.0	0.0039616
40.01	0.0039593
40.02	0.0039571
40.03	0.0039549
40.04	0.0039527
40.05	0.0039505
40.06	0.0039483
40.07	0.0039461
40.08	0.0039438
40.09	0.0039416
40.1	0.0039394
40.11	0.0039372
40.12	0.003935
40.13	0.0039328
40.14	0.0039306
40.15	0.0039284
40.16	0.0039262
40.17	0.0039241
40.18	0.0039219
40.19	0.0039197
40.2	0.0039175
40.21	0.0039153
40.22	0.0039131
40.23	0.0039109
40.24	0.0039088
40.25	0.0039066
40.26	0.0039044
40.27	0.0039022
40.28	0.0039001
40.29	0.0038979
40.3	0.0038957
40.31	0.0038936
40.32	0.0038914
40.33	0.0038892
40.34	0.0038871
40.35	0.0038849
40.36	0.0038827
40.37	0.0038806
40.38	0.0038784
40.39	0.0038763
40.4	0.0038741
40.41	0.003872
40.42	0.0038698
40.43	0.0038677
40.44	0.0038655
40.45	0.0038634
40.46	0.0038613
40.47	0.0038591
40.48	0.003857
40.49	0.0038549
40.5	0.0038527
40.51	0.0038506
40.52	0.0038485
40.53	0.0038463
40.54	0.0038442
40.55	0.0038421
40.56	0.00384
40.57	0.0038378
40.58	0.0038357
40.59	0.0038336
40.6	0.0038315
40.61	0.0038294
40.62	0.0038273
40.63	0.0038252
40.64	0.003823
40.65	0.0038209
40.66	0.0038188
40.67	0.0038167
40.68	0.0038146
40.69	0.0038125
40.7	0.0038104
40.71	0.0038083
40.72	0.0038062
40.73	0.0038041
40.74	0.0038021
40.75	0.0038
40.76	0.0037979
40.77	0.0037958
40.78	0.0037937
40.79	0.0037916
40.8	0.0037895
40.81	0.0037875
40.82	0.0037854
40.83	0.0037833
40.84	0.0037812
40.85	0.0037792
40.86	0.0037771
40.87	0.003775
40.88	0.003773
40.89	0.0037709
40.9	0.0037688
40.91	0.0037668
40.92	0.0037647
40.93	0.0037626
40.94	0.0037606
40.95	0.0037585
40.96	0.0037565
40.97	0.0037544
40.98	0.0037524
40.99	0.0037503
41.0	0.0037483
41.01	0.0037462
41.02	0.0037442
41.03	0.0037421
41.04	0.0037401
41.05	0.0037381
41.06	0.003736
41.07	0.003734
41.08	0.003732
41.09	0.0037299
41.1	0.0037279
41.11	0.0037259
41.12	0.0037238
41.13	0.0037218
41.14	0.0037198
41.15	0.0037178
41.16	0.0037157
41.17	0.0037137
41.18	0.0037117
41.19	0.0037097
41.2	0.0037077
41.21	0.0037057
41.22	0.0037036
41.23	0.0037016
41.24	0.0036996
41.25	0.0036976
41.26	0.0036956
41.27	0.0036936
41.28	0.0036916
41.29	0.0036896
41.3	0.0036876
41.31	0.0036856
41.32	0.0036836
41.33	0.0036816
41.34	0.0036796
41.35	0.0036776
41.36	0.0036757
41.37	0.0036737
41.38	0.0036717
41.39	0.0036697
41.4	0.0036677
41.41	0.0036657
41.42	0.0036638
41.43	0.0036618
41.44	0.0036598
41.45	0.0036578
41.46	0.0036559
41.47	0.0036539
41.48	0.0036519
41.49	0.0036499
41.5	0.003648
41.51	0.003646
41.52	0.0036441
41.53	0.0036421
41.54	0.0036401
41.55	0.0036382
41.56	0.0036362
41.57	0.0036343
41.58	0.0036323
41.59	0.0036304
41.6	0.0036284
41.61	0.0036265
41.62	0.0036245
41.63	0.0036226
41.64	0.0036206
41.65	0.0036187
41.66	0.0036167
41.67	0.0036148
41.68	0.0036129
41.69	0.0036109
41.7	0.003609
41.71	0.003607
41.72	0.0036051
41.73	0.0036032
41.74	0.0036013
41.75	0.0035993
41.76	0.0035974
41.77	0.0035955
41.78	0.0035936
41.79	0.0035916
41.8	0.0035897
41.81	0.0035878
41.82	0.0035859
41.83	0.003584
41.84	0.003582
41.85	0.0035801
41.86	0.0035782
41.87	0.0035763
41.88	0.0035744
41.89	0.0035725
41.9	0.0035706
41.91	0.0035687
41.92	0.0035668
41.93	0.0035649
41.94	0.003563
41.95	0.0035611
41.96	0.0035592
41.97	0.0035573
41.98	0.0035554
41.99	0.0035535
42.0	0.0035516
42.01	0.0035497
42.02	0.0035479
42.03	0.003546
42.04	0.0035441
42.05	0.0035422
42.06	0.0035403
42.07	0.0035384
42.08	0.0035366
42.09	0.0035347
42.1	0.0035328
42.11	0.0035309
42.12	0.0035291
42.13	0.0035272
42.14	0.0035253
42.15	0.0035235
42.16	0.0035216
42.17	0.0035197
42.18	0.0035179
42.19	0.003516
42.2	0.0035141
42.21	0.0035123
42.22	0.0035104
42.23	0.0035086
42.24	0.0035067
42.25	0.0035049
42.26	0.003503
42.27	0.0035012
42.28	0.0034993
42.29	0.0034975
42.3	0.0034956
42.31	0.0034938
42.32	0.0034919
42.33	0.0034901
42.34	0.0034883
42.35	0.0034864
42.36	0.0034846
42.37	0.0034827
42.38	0.0034809
42.39	0.0034791
42.4	0.0034772
42.41	0.0034754
42.42	0.0034736
42.43	0.0034718
42.44	0.0034699
42.45	0.0034681
42.46	0.0034663
42.47	0.0034645
42.48	0.0034626
42.49	0.0034608
42.5	0.003459
42.51	0.0034572
42.52	0.0034554
42.53	0.0034536
42.54	0.0034518
42.55	0.00345
42.56	0.0034481
42.57	0.0034463
42.58	0.0034445
42.59	0.0034427
42.6	0.0034409
42.61	0.0034391
42.62	0.0034373
42.63	0.0034355
42.64	0.0034337
42.65	0.0034319
42.66	0.0034301
42.67	0.0034283
42.68	0.0034266
42.69	0.0034248
42.7	0.003423
42.71	0.0034212
42.72	0.0034194
42.73	0.0034176
42.74	0.0034158
42.75	0.003414
42.76	0.0034123
42.77	0.0034105
42.78	0.0034087
42.79	0.0034069
42.8	0.0034052
42.81	0.0034034
42.82	0.0034016
42.83	0.0033998
42.84	0.0033981
42.85	0.0033963
42.86	0.0033945
42.87	0.0033928
42.88	0.003391
42.89	0.0033892
42.9	0.0033875
42.91	0.0033857
42.92	0.003384
42.93	0.0033822
42.94	0.0033805
42.95	0.0033787
42.96	0.0033769
42.97	0.0033752
42.98	0.0033734
42.99	0.0033717
43.0	0.0033699
43.01	0.0033682
43.02	0.0033665
43.03	0.0033647
43.04	0.003363
43.05	0.0033612
43.06	0.0033595
43.07	0.0033578
43.08	0.003356
43.09	0.0033543
43.1	0.0033525
43.11	0.0033508
43.12	0.0033491
43.13	0.0033474
43.14	0.0033456
43.15	0.0033439
43.16	0.0033422
43.17	0.0033404
43.18	0.0033387
43.19	0.003337
43.2	0.0033353
43.21	0.0033336
43.22	0.0033318
43.23	0.0033301
43.24	0.0033284
43.25	0.0033267
43.26	0.003325
43.27	0.0033233
43.28	0.0033216
43.29	0.0033198
43.3	0.0033181
43.31	0.0033164
43.32	0.0033147
43.33	0.003313
43.34	0.0033113
43.35	0.0033096
43.36	0.0033079
43.37	0.0033062
43.38	0.0033045
43.39	0.0033028
43.4	0.0033011
43.41	0.0032994
43.42	0.0032977
43.43	0.0032961
43.44	0.0032944
43.45	0.0032927
43.46	0.003291
43.47	0.0032893
43.48	0.0032876
43.49	0.0032859
43.5	0.0032843
43.51	0.0032826
43.52	0.0032809
43.53	0.0032792
43.54	0.0032775
43.55	0.0032759
43.56	0.0032742
43.57	0.0032725
43.58	0.0032708
43.59	0.0032692
43.6	0.0032675
43.61	0.0032658
43.62	0.0032642
43.63	0.0032625
43.64	0.0032608
43.65	0.0032592
43.66	0.0032575
43.67	0.0032559
43.68	0.0032542
43.69	0.0032525
43.7	0.0032509
43.71	0.0032492
43.72	0.0032476
43.73	0.0032459
43.74	0.0032443
43.75	0.0032426
43.76	0.003241
43.77	0.0032393
43.78	0.0032377
43.79	0.003236
43.8	0.0032344
43.81	0.0032327
43.82	0.0032311
43.83	0.0032295
43.84	0.0032278
43.85	0.0032262
43.86	0.0032245
43.87	0.0032229
43.88	0.0032213
43.89	0.0032196
43.9	0.003218
43.91	0.0032164
43.92	0.0032148
43.93	0.0032131
43.94	0.0032115
43.95	0.0032099
43.96	0.0032083
43.97	0.0032066
43.98	0.003205
43.99	0.0032034
44.0	0.0032018
44.01	0.0032001
44.02	0.0031985
44.03	0.0031969
44.04	0.0031953
44.05	0.0031937
44.06	0.0031921
44.07	0.0031905
44.08	0.0031889
44.09	0.0031872
44.1	0.0031856
44.11	0.003184
44.12	0.0031824
44.13	0.0031808
44.14	0.0031792
44.15	0.0031776
44.16	0.003176
44.17	0.0031744
44.18	0.0031728
44.19	0.0031712
44.2	0.0031696
44.21	0.003168
44.22	0.0031664
44.23	0.0031649
44.24	0.0031633
44.25	0.0031617
44.26	0.0031601
44.27	0.0031585
44.28	0.0031569
44.29	0.0031553
44.3	0.0031537
44.31	0.0031522
44.32	0.0031506
44.33	0.003149
44.34	0.0031474
44.35	0.0031458
44.36	0.0031443
44.37	0.0031427
44.38	0.0031411
44.39	0.0031395
44.4	0.003138
44.41	0.0031364
44.42	0.0031348
44.43	0.0031333
44.44	0.0031317
44.45	0.0031301
44.46	0.0031286
44.47	0.003127
44.48	0.0031254
44.49	0.0031239
44.5	0.0031223
44.51	0.0031208
44.52	0.0031192
44.53	0.0031177
44.54	0.0031161
44.55	0.0031145
44.56	0.003113
44.57	0.0031114
44.58	0.0031099
44.59	0.0031083
44.6	0.0031068
44.61	0.0031052
44.62	0.0031037
44.63	0.0031021
44.64	0.0031006
44.65	0.0030991
44.66	0.0030975
44.67	0.003096
44.68	0.0030944
44.69	0.0030929
44.7	0.0030914
44.71	0.0030898
44.72	0.0030883
44.73	0.0030868
44.74	0.0030852
44.75	0.0030837
44.76	0.0030822
44.77	0.0030806
44.78	0.0030791
44.79	0.0030776
44.8	0.0030761
44.81	0.0030745
44.82	0.003073
44.83	0.0030715
44.84	0.00307
44.85	0.0030684
44.86	0.0030669
44.87	0.0030654
44.88	0.0030639
44.89	0.0030624
44.9	0.0030609
44.91	0.0030594
44.92	0.0030578
44.93	0.0030563
44.94	0.0030548
44.95	0.0030533
44.96	0.0030518
44.97	0.0030503
44.98	0.0030488
44.99	0.0030473
45.0	0.0030458
45.01	0.0030443
45.02	0.0030428
45.03	0.0030413
45.04	0.0030398
45.05	0.0030383
45.06	0.0030368
45.07	0.0030353
45.08	0.0030338
45.09	0.0030323
45.1	0.0030308
45.11	0.0030293
45.12	0.0030278
45.13	0.0030263
45.14	0.0030249
45.15	0.0030234
45.16	0.0030219
45.17	0.0030204
45.18	0.0030189
45.19	0.0030174
45.2	0.0030159
45.21	0.0030145
45.22	0.003013
45.23	0.0030115
45.24	0.00301
45.25	0.0030086
45.26	0.0030071
45.27	0.0030056
45.28	0.0030041
45.29	0.0030027
45.3	0.0030012
45.31	0.0029997
45.32	0.0029983
45.33	0.0029968
45.34	0.0029953
45.35	0.0029939
45.36	0.0029924
45.37	0.0029909
45.38	0.0029895
45.39	0.002988
45.4	0.0029865
45.41	0.0029851
45.42	0.0029836
45.43	0.0029822
45.44	0.0029807
45.45	0.0029793
45.46	0.0029778
45.47	0.0029764
45.48	0.0029749
45.49	0.0029735
45.5	0.002972
45.51	0.0029706
45.52	0.0029691
45.53	0.0029677
45.54	0.0029662
45.55	0.0029648
45.56	0.0029633
45.57	0.0029619
45.58	0.0029604
45.59	0.002959
45.6	0.0029576
45.61	0.0029561
45.62	0.0029547
45.63	0.0029533
45.64	0.0029518
45.65	0.0029504
45.66	0.002949
45.67	0.0029475
45.68	0.0029461
45.69	0.0029447
45.7	0.0029432
45.71	0.0029418
45.72	0.0029404
45.73	0.002939
45.74	0.0029375
45.75	0.0029361
45.76	0.0029347
45.77	0.0029333
45.78	0.0029318
45.79	0.0029304
45.8	0.002929
45.81	0.0029276
45.82	0.0029262
45.83	0.0029248
45.84	0.0029233
45.85	0.0029219
45.86	0.0029205
45.87	0.0029191
45.88	0.0029177
45.89	0.0029163
45.9	0.0029149
45.91	0.0029135
45.92	0.0029121
45.93	0.0029107
45.94	0.0029093
45.95	0.0029079
45.96	0.0029065
45.97	0.0029051
45.98	0.0029037
45.99	0.0029023
46.0	0.0029009
46.01	0.0028995
46.02	0.0028981
46.03	0.0028967
46.04	0.0028953
46.05	0.0028939
46.06	0.0028925
46.07	0.0028911
46.08	0.0028897
46.09	0.0028883
46.1	0.0028869
46.11	0.0028855
46.12	0.0028842
46.13	0.0028828
46.14	0.0028814
46.15	0.00288
46.16	0.0028786
46.17	0.0028772
46.18	0.0028759
46.19	0.0028745
46.2	0.0028731
46.21	0.0028717
46.22	0.0028704
46.23	0.002869
46.24	0.0028676
46.25	0.0028662
46.26	0.0028649
46.27	0.0028635
46.28	0.0028621
46.29	0.0028607
46.3	0.0028594
46.31	0.002858
46.32	0.0028566
46.33	0.0028553
46.34	0.0028539
46.35	0.0028526
46.36	0.0028512
46.37	0.0028498
46.38	0.0028485
46.39	0.0028471
46.4	0.0028457
46.41	0.0028444
46.42	0.002843
46.43	0.0028417
46.44	0.0028403
46.45	0.002839
46.46	0.0028376
46.47	0.0028363
46.48	0.0028349
46.49	0.0028336
46.5	0.0028322
46.51	0.0028309
46.52	0.0028295
46.53	0.0028282
46.54	0.0028268
46.55	0.0028255
46.56	0.0028241
46.57	0.0028228
46.58	0.0028215
46.59	0.0028201
46.6	0.0028188
46.61	0.0028174
46.62	0.0028161
46.63	0.0028148
46.64	0.0028134
46.65	0.0028121
46.66	0.0028108
46.67	0.0028094
46.68	0.0028081
46.69	0.0028068
46.7	0.0028054
46.71	0.0028041
46.72	0.0028028
46.73	0.0028015
46.74	0.0028001
46.75	0.0027988
46.76	0.0027975
46.77	0.0027962
46.78	0.0027948
46.79	0.0027935
46.8	0.0027922
46.81	0.0027909
46.82	0.0027895
46.83	0.0027882
46.84	0.0027869
46.85	0.0027856
46.86	0.0027843
46.87	0.002783
46.88	0.0027817
46.89	0.0027803
46.9	0.002779
46.91	0.0027777
46.92	0.0027764
46.93	0.0027751
46.94	0.0027738
46.95	0.0027725
46.96	0.0027712
46.97	0.0027699
46.98	0.0027686
46.99	0.0027673
47.0	0.002766
47.01	0.0027647
47.02	0.0027634
47.03	0.0027621
47.04	0.0027608
47.05	0.0027595
47.06	0.0027582
47.07	0.0027569
47.08	0.0027556
47.09	0.0027543
47.1	0.002753
47.11	0.0027517
47.12	0.0027504
47.13	0.0027491
47.14	0.0027478
47.15	0.0027465
47.16	0.0027453
47.17	0.002744
47.18	0.0027427
47.19	0.0027414
47.2	0.0027401
47.21	0.0027388
47.22	0.0027375
47.23	0.0027363
47.24	0.002735
47.25	0.0027337
47.26	0.0027324
47.27	0.0027312
47.28	0.0027299
47.29	0.0027286
47.3	0.0027273
47.31	0.002726
47.32	0.0027248
47.33	0.0027235
47.34	0.0027222
47.35	0.002721
47.36	0.0027197
47.37	0.0027184
47.38	0.0027172
47.39	0.0027159
47.4	0.0027146
47.41	0.0027134
47.42	0.0027121
47.43	0.0027108
47.44	0.0027096
47.45	0.0027083
47.46	0.002707
47.47	0.0027058
47.48	0.0027045
47.49	0.0027033
47.5	0.002702
47.51	0.0027007
47.52	0.0026995
47.53	0.0026982
47.54	0.002697
47.55	0.0026957
47.56	0.0026945
47.57	0.0026932
47.58	0.002692
47.59	0.0026907
47.6	0.0026895
47.61	0.0026882
47.62	0.002687
47.63	0.0026857
47.64	0.0026845
47.65	0.0026832
47.66	0.002682
47.67	0.0026808
47.68	0.0026795
47.69	0.0026783
47.7	0.002677
47.71	0.0026758
47.72	0.0026746
47.73	0.0026733
47.74	0.0026721
47.75	0.0026708
47.76	0.0026696
47.77	0.0026684
47.78	0.0026671
47.79	0.0026659
47.8	0.0026647
47.81	0.0026634
47.82	0.0026622
47.83	0.002661
47.84	0.0026598
47.85	0.0026585
47.86	0.0026573
47.87	0.0026561
47.88	0.0026549
47.89	0.0026536
47.9	0.0026524
47.91	0.0026512
47.92	0.00265
47.93	0.0026487
47.94	0.0026475
47.95	0.0026463
47.96	0.0026451
47.97	0.0026439
47.98	0.0026427
47.99	0.0026414
48.0	0.0026402
48.01	0.002639
48.02	0.0026378
48.03	0.0026366
48.04	0.0026354
48.05	0.0026342
48.06	0.0026329
48.07	0.0026317
48.08	0.0026305
48.09	0.0026293
48.1	0.0026281
48.11	0.0026269
48.12	0.0026257
48.13	0.0026245
48.14	0.0026233
48.15	0.0026221
48.16	0.0026209
48.17	0.0026197
48.18	0.0026185
48.19	0.0026173
48.2	0.0026161
48.21	0.0026149
48.22	0.0026137
48.23	0.0026125
48.24	0.0026113
48.25	0.0026101
48.26	0.0026089
48.27	0.0026077
48.28	0.0026065
48.29	0.0026053
48.3	0.0026042
48.31	0.002603
48.32	0.0026018
48.33	0.0026006
48.34	0.0025994
48.35	0.0025982
48.36	0.002597
48.37	0.0025958
48.38	0.0025947
48.39	0.0025935
48.4	0.0025923
48.41	0.0025911
48.42	0.0025899
48.43	0.0025888
48.44	0.0025876
48.45	0.0025864
48.46	0.0025852
48.47	0.002584
48.48	0.0025829
48.49	0.0025817
48.5	0.0025805
48.51	0.0025793
48.52	0.0025782
48.53	0.002577
48.54	0.0025758
48.55	0.0025747
48.56	0.0025735
48.57	0.0025723
48.58	0.0025712
48.59	0.00257
48.6	0.0025688
48.61	0.0025677
48.62	0.0025665
48.63	0.0025653
48.64	0.0025642
48.65	0.002563
48.66	0.0025618
48.67	0.0025607
48.68	0.0025595
48.69	0.0025584
48.7	0.0025572
48.71	0.002556
48.72	0.0025549
48.73	0.0025537
48.74	0.0025526
48.75	0.0025514
48.76	0.0025503
48.77	0.0025491
48.78	0.002548
48.79	0.0025468
48.8	0.0025457
48.81	0.0025445
48.82	0.0025434
48.83	0.0025422
48.84	0.0025411
48.85	0.0025399
48.86	0.0025388
48.87	0.0025376
48.88	0.0025365
48.89	0.0025353
48.9	0.0025342
48.91	0.0025331
48.92	0.0025319
48.93	0.0025308
48.94	0.0025296
48.95	0.0025285
48.96	0.0025274
48.97	0.0025262
48.98	0.0025251
48.99	0.0025239
49.0	0.0025228
49.01	0.0025217
49.02	0.0025205
49.03	0.0025194
49.04	0.0025183
49.05	0.0025171
49.06	0.002516
49.07	0.0025149
49.08	0.0025138
49.09	0.0025126
49.1	0.0025115
49.11	0.0025104
49.12	0.0025092
49.13	0.0025081
49.14	0.002507
49.15	0.0025059
49.16	0.0025048
49.17	0.0025036
49.18	0.0025025
49.19	0.0025014
49.2	0.0025003
49.21	0.0024991
49.22	0.002498
49.23	0.0024969
49.24	0.0024958
49.25	0.0024947
49.26	0.0024936
49.27	0.0024924
49.28	0.0024913
49.29	0.0024902
49.3	0.0024891
49.31	0.002488
49.32	0.0024869
49.33	0.0024858
49.34	0.0024847
49.35	0.0024836
49.36	0.0024824
49.37	0.0024813
49.38	0.0024802
49.39	0.0024791
49.4	0.002478
49.41	0.0024769
49.42	0.0024758
49.43	0.0024747
49.44	0.0024736
49.45	0.0024725
49.46	0.0024714
49.47	0.0024703
49.48	0.0024692
49.49	0.0024681
49.5	0.002467
49.51	0.0024659
49.52	0.0024648
49.53	0.0024637
49.54	0.0024626
49.55	0.0024615
49.56	0.0024604
49.57	0.0024593
49.58	0.0024582
49.59	0.0024572
49.6	0.0024561
49.61	0.002455
49.62	0.0024539
49.63	0.0024528
49.64	0.0024517
49.65	0.0024506
49.66	0.0024495
49.67	0.0024485
49.68	0.0024474
49.69	0.0024463
49.7	0.0024452
49.71	0.0024441
49.72	0.002443
49.73	0.002442
49.74	0.0024409
49.75	0.0024398
49.76	0.0024387
49.77	0.0024376
49.78	0.0024366
49.79	0.0024355
49.8	0.0024344
49.81	0.0024333
49.82	0.0024323
49.83	0.0024312
49.84	0.0024301
49.85	0.002429
49.86	0.002428
49.87	0.0024269
49.88	0.0024258
49.89	0.0024247
49.9	0.0024237
49.91	0.0024226
49.92	0.0024215
49.93	0.0024205
49.94	0.0024194
49.95	0.0024183
49.96	0.0024173
49.97	0.0024162
49.98	0.0024151
49.99	0.0024141
50.0	0.002413
