eng	y_fit
0.31	0.0
0.32	0.23054
0.33	0.43083
0.34	0.49117
0.35	0.4792
0.36	0.48809761904761906
0.37	0.4969952380952381
0.38	0.5058928571428571
0.39	0.5147904761904762
0.4	0.5236880952380952
0.41	0.5325857142857143
0.42	0.5414833333333333
0.43	0.5503809523809524
0.44	0.5592785714285715
0.45	0.5681761904761904
0.46	0.5770738095238095
0.47	0.5859714285714286
0.48	0.5948690476190477
0.49	0.6037666666666668
0.5	0.6126642857142857
0.51	0.6215619047619048
0.52	0.6304595238095239
0.53	0.6393571428571428
0.54	0.648254761904762
0.55	0.6571523809523809
0.56	0.66605
0.57	0.674947619047619
0.58	0.6838452380952381
0.59	0.6927428571428571
0.6	0.7016404761904762
0.61	0.7105380952380952
0.62	0.7194357142857143
0.63	0.7283333333333334
0.64	0.7372309523809524
0.65	0.7461285714285715
0.66	0.7550261904761905
0.67	0.7639238095238096
0.68	0.7728214285714285
0.69	0.7817190476190476
0.7	0.7906166666666666
0.71	0.7995142857142857
0.72	0.8084119047619047
0.73	0.8173095238095238
0.74	0.8262071428571428
0.75	0.8351047619047619
0.76	0.844002380952381
0.77	0.8529
0.78	0.86035
0.79	0.86667
0.8	0.87338
0.81	0.87963
0.82	0.88643
0.83	0.89175
0.84	0.89838
0.85	0.90373
0.86	0.9101
0.87	0.91653
0.88	0.92215
0.89	0.92856
0.9	0.93427
0.91	0.93952
0.92	0.94548
0.93	0.95104
0.94	0.95633
0.95	0.96222
0.96	0.96786
0.97	0.97294
0.98	0.97831
0.99	0.98375
1.0	0.9887
1.01	0.9937
1.02	0.99912
1.03	1.0044
1.04	1.0094
1.05	1.0145
1.06	1.0198
1.07	1.0247
1.08	1.0293
1.09	1.034
1.1	1.0388
1.11	1.0434
1.12	1.0478
1.13	1.0524
1.14	1.0572
1.15	1.0619
1.16	1.0664
1.17	1.0709
1.18	1.0755
1.19	1.08
1.2	1.0842
1.21	1.0883
1.22	1.0925
1.23	1.0967
1.24	1.1008
1.25	1.1048
1.26	1.1087
1.27	1.1128
1.28	1.1169
1.29	1.1209
1.3	1.1248
1.31	1.1286
1.32	1.1325
1.33	1.1364
1.34	1.1401
1.35	1.1437
1.36	1.1472
1.37	1.1508
1.38	1.1543
1.39	1.1578
1.4	1.1611
1.41	1.1644
1.42	1.1677
1.43	1.1711
1.44	1.1743
1.45	1.1775
1.46	1.1806
1.47	1.1838
1.48	1.1869
1.49	1.19
1.5	1.193
1.51	1.1958
1.52	1.1987
1.53	1.2015
1.54	1.2043
1.55	1.207
1.56	1.2097
1.57	1.2123
1.58	1.2148
1.59	1.2174
1.6	1.2199
1.61	1.2224
1.62	1.2248
1.63	1.2271
1.64	1.2294
1.65	1.2317
1.66	1.234
1.67	1.2362
1.68	1.2384
1.69	1.2404
1.7	1.2425
1.71	1.2445
1.72	1.2465
1.73	1.2484
1.74	1.2503
1.75	1.2521
1.76	1.2538
1.77	1.2555
1.78	1.2572
1.79	1.2589
1.8	1.2605
1.81	1.262
1.82	1.2635
1.83	1.2649
1.84	1.2664
1.85	1.2677
1.86	1.2691
1.87	1.2704
1.88	1.2716
1.89	1.2728
1.9	1.2739
1.91	1.275
1.92	1.2761
1.93	1.2771
1.94	1.2781
1.95	1.279
1.96	1.2799
1.97	1.2807
1.98	1.2815
1.99	1.2822
2.0	1.283
2.01	1.2836
2.02	1.2842
2.03	1.2848
2.04	1.2853
2.05	1.2858
2.06	1.2863
2.07	1.2867
2.08	1.2871
2.09	1.2874
2.1	1.2877
2.11	1.2879
2.12	1.2881
2.13	1.2883
2.14	1.2884
2.15	1.2885
2.16	1.2885
2.17	1.2885
2.18	1.2885
2.19	1.2884
2.2	1.2883
2.21	1.2881
2.22	1.2879
2.23	1.2877
2.24	1.2874
2.25	1.2871
2.26	1.2868
2.27	1.2864
2.28	1.286
2.29	1.2855
2.3	1.2851
2.31	1.2846
2.32	1.284
2.33	1.2834
2.34	1.2828
2.35	1.2821
2.36	1.2814
2.37	1.2807
2.38	1.2799
2.39	1.2791
2.4	1.2783
2.41	1.2774
2.42	1.2766
2.43	1.2756
2.44	1.2747
2.45	1.2737
2.46	1.2727
2.47	1.2717
2.48	1.2706
2.49	1.2695
2.5	1.2684
2.51	1.2673
2.52	1.2661
2.53	1.2649
2.54	1.2637
2.55	1.2625
2.56	1.2612
2.57	1.2599
2.58	1.2586
2.59	1.2572
2.6	1.2559
2.61	1.2545
2.62	1.2531
2.63	1.2517
2.64	1.2502
2.65	1.2487
2.66	1.2473
2.67	1.2458
2.68	1.2442
2.69	1.2427
2.7	1.2411
2.71	1.2396
2.72	1.238
2.73	1.2363
2.74	1.2347
2.75	1.2331
2.76	1.2314
2.77	1.2298
2.78	1.2281
2.79	1.2264
2.8	1.2247
2.81	1.223
2.82	1.2212
2.83	1.2195
2.84	1.2177
2.85	1.216
2.86	1.2142
2.87	1.2124
2.88	1.2106
2.89	1.2088
2.9	1.207
2.91	1.2052
2.92	1.2033
2.93	1.2015
2.94	1.1996
2.95	1.1978
2.96	1.1959
2.97	1.1941
2.98	1.1922
2.99	1.1903
3.0	1.1884
3.01	1.1866
3.02	1.1847
3.03	1.1828
3.04	1.1809
3.05	1.179
3.06	1.1771
3.07	1.1751
3.08	1.1732
3.09	1.1713
3.1	1.1694
3.11	1.1675
3.12	1.1656
3.13	1.1636
3.14	1.1617
3.15	1.1598
3.16	1.1578
3.17	1.1559
3.18	1.154
3.19	1.1521
3.2	1.1501
3.21	1.1482
3.22	1.1463
3.23	1.1443
3.24	1.1424
3.25	1.1405
3.26	1.1385
3.27	1.1366
3.28	1.1347
3.29	1.1327
3.3	1.1308
3.31	1.1289
3.32	1.127
3.33	1.125
3.34	1.1231
3.35	1.1212
3.36	1.1193
3.37	1.1174
3.38	1.1155
3.39	1.1135
3.4	1.1116
3.41	1.1097
3.42	1.1078
3.43	1.1059
3.44	1.104
3.45	1.1021
3.46	1.1002
3.47	1.0983
3.48	1.0964
3.49	1.0945
3.5	1.0927
3.51	1.0908
3.52	1.0889
3.53	1.087
3.54	1.0852
3.55	1.0833
3.56	1.0814
3.57	1.0796
3.58	1.0777
3.59	1.0759
3.6	1.074
3.61	1.0722
3.62	1.0703
3.63	1.0685
3.64	1.0666
3.65	1.0648
3.66	1.063
3.67	1.0612
3.68	1.0593
3.69	1.0575
3.7	1.0557
3.71	1.0539
3.72	1.0521
3.73	1.0503
3.74	1.0485
3.75	1.0467
3.76	1.0449
3.77	1.0431
3.78	1.0414
3.79	1.0396
3.8	1.0378
3.81	1.036
3.82	1.0343
3.83	1.0325
3.84	1.0308
3.85	1.029
3.86	1.0273
3.87	1.0255
3.88	1.0238
3.89	1.0221
3.9	1.0203
3.91	1.0186
3.92	1.0169
3.93	1.0152
3.94	1.0135
3.95	1.0118
3.96	1.0101
3.97	1.0084
3.98	1.0067
3.99	1.005
4.0	1.0033
4.01	1.0016
4.02	0.99992
4.03	0.99825
4.04	0.99658
4.05	0.99491
4.06	0.99325
4.07	0.9916
4.08	0.98994
4.09	0.98829
4.1	0.98665
4.11	0.98501
4.12	0.98337
4.13	0.98173
4.14	0.9801
4.15	0.97848
4.16	0.97686
4.17	0.97524
4.18	0.97362
4.19	0.97201
4.2	0.9704
4.21	0.9688
4.22	0.9672
4.23	0.9656
4.24	0.96401
4.25	0.96242
4.26	0.96083
4.27	0.95925
4.28	0.95767
4.29	0.95609
4.3	0.95452
4.31	0.95295
4.32	0.95138
4.33	0.94981
4.34	0.94825
4.35	0.9467
4.36	0.94514
4.37	0.94359
4.38	0.94204
4.39	0.94049
4.4	0.93895
4.41	0.93741
4.42	0.93587
4.43	0.93434
4.44	0.9328
4.45	0.93127
4.46	0.92975
4.47	0.92822
4.48	0.9267
4.49	0.92518
4.5	0.92366
4.51	0.92215
4.52	0.92064
4.53	0.91913
4.54	0.91762
4.55	0.91611
4.56	0.91461
4.57	0.91311
4.58	0.91161
4.59	0.91012
4.6	0.90862
4.61	0.90713
4.62	0.90564
4.63	0.90416
4.64	0.90267
4.65	0.90119
4.66	0.89971
4.67	0.89823
4.68	0.89675
4.69	0.89528
4.7	0.89381
4.71	0.89233
4.72	0.89087
4.73	0.8894
4.74	0.88793
4.75	0.88647
4.76	0.88501
4.77	0.88355
4.78	0.88209
4.79	0.88064
4.8	0.87919
4.81	0.87773
4.82	0.87628
4.83	0.87483
4.84	0.87339
4.85	0.87194
4.86	0.8705
4.87	0.86906
4.88	0.86762
4.89	0.86618
4.9	0.86475
4.91	0.86331
4.92	0.86188
4.93	0.86045
4.94	0.85902
4.95	0.85759
4.96	0.85617
4.97	0.85474
4.98	0.85332
4.99	0.8519
5.0	0.85048
5.01	0.84906
5.02	0.84765
5.03	0.84623
5.04	0.84482
5.05	0.84341
5.06	0.842
5.07	0.84059
5.08	0.83919
5.09	0.83778
5.1	0.83638
5.11	0.83498
5.12	0.83358
5.13	0.83218
5.14	0.83079
5.15	0.82939
5.16	0.828
5.17	0.8266
5.18	0.82521
5.19	0.82383
5.2	0.82244
5.21	0.82105
5.22	0.81967
5.23	0.81829
5.24	0.81691
5.25	0.81553
5.26	0.81415
5.27	0.81277
5.28	0.8114
5.29	0.81002
5.3	0.80865
5.31	0.80728
5.32	0.80591
5.33	0.80455
5.34	0.80318
5.35	0.80182
5.36	0.80046
5.37	0.79909
5.38	0.79773
5.39	0.79638
5.4	0.79502
5.41	0.79367
5.42	0.79231
5.43	0.79096
5.44	0.78961
5.45	0.78826
5.46	0.78691
5.47	0.78557
5.48	0.78422
5.49	0.78288
5.5	0.78154
5.51	0.7802
5.52	0.77886
5.53	0.77752
5.54	0.77619
5.55	0.77485
5.56	0.77352
5.57	0.77219
5.58	0.77086
5.59	0.76953
5.6	0.76821
5.61	0.76688
5.62	0.76556
5.63	0.76424
5.64	0.76292
5.65	0.7616
5.66	0.76028
5.67	0.75897
5.68	0.75765
5.69	0.75634
5.7	0.75503
5.71	0.75372
5.72	0.75242
5.73	0.75111
5.74	0.74981
5.75	0.7485
5.76	0.7472
5.77	0.7459
5.78	0.7446
5.79	0.74331
5.8	0.74201
5.81	0.74072
5.82	0.73943
5.83	0.73814
5.84	0.73685
5.85	0.73556
5.86	0.73428
5.87	0.73299
5.88	0.73171
5.89	0.73043
5.9	0.72915
5.91	0.72788
5.92	0.7266
5.93	0.72533
5.94	0.72406
5.95	0.72279
5.96	0.72152
5.97	0.72025
5.98	0.71899
5.99	0.71773
6.0	0.71646
6.01	0.7152
6.02	0.71395
6.03	0.71269
6.04	0.71144
6.05	0.71018
6.06	0.70893
6.07	0.70768
6.08	0.70644
6.09	0.70519
6.1	0.70395
6.11	0.7027
6.12	0.70146
6.13	0.70023
6.14	0.69899
6.15	0.69775
6.16	0.69652
6.17	0.69529
6.18	0.69406
6.19	0.69283
6.2	0.69161
6.21	0.69038
6.22	0.68916
6.23	0.68794
6.24	0.68672
6.25	0.68551
6.26	0.68429
6.27	0.68308
6.28	0.68187
6.29	0.68066
6.3	0.67945
6.31	0.67824
6.32	0.67704
6.33	0.67584
6.34	0.67464
6.35	0.67344
6.36	0.67224
6.37	0.67105
6.38	0.66986
6.39	0.66867
6.4	0.66748
6.41	0.66629
6.42	0.6651
6.43	0.66392
6.44	0.66274
6.45	0.66156
6.46	0.66038
6.47	0.65921
6.48	0.65803
6.49	0.65686
6.5	0.65569
6.51	0.65452
6.52	0.65335
6.53	0.65219
6.54	0.65103
6.55	0.64987
6.56	0.64871
6.57	0.64755
6.58	0.64639
6.59	0.64524
6.6	0.64409
6.61	0.64294
6.62	0.64179
6.63	0.64064
6.64	0.6395
6.65	0.63836
6.66	0.63722
6.67	0.63608
6.68	0.63494
6.69	0.6338
6.7	0.63267
6.71	0.63154
6.72	0.63041
6.73	0.62928
6.74	0.62816
6.75	0.62703
6.76	0.62591
6.77	0.62479
6.78	0.62367
6.79	0.62255
6.8	0.62144
6.81	0.62033
6.82	0.61921
6.83	0.6181
6.84	0.617
6.85	0.61589
6.86	0.61479
6.87	0.61368
6.88	0.61258
6.89	0.61148
6.9	0.61039
6.91	0.60929
6.92	0.6082
6.93	0.60711
6.94	0.60602
6.95	0.60493
6.96	0.60384
6.97	0.60276
6.98	0.60168
6.99	0.6006
7.0	0.59952
7.01	0.59844
7.02	0.59736
7.03	0.59629
7.04	0.59522
7.05	0.59415
7.06	0.59308
7.07	0.59201
7.08	0.59095
7.09	0.58989
7.1	0.58883
7.11	0.58777
7.12	0.58671
7.13	0.58565
7.14	0.5846
7.15	0.58355
7.16	0.5825
7.17	0.58145
7.18	0.5804
7.19	0.57936
7.2	0.57831
7.21	0.57727
7.22	0.57623
7.23	0.5752
7.24	0.57416
7.25	0.57313
7.26	0.57209
7.27	0.57106
7.28	0.57003
7.29	0.56901
7.3	0.56798
7.31	0.56696
7.32	0.56594
7.33	0.56492
7.34	0.5639
7.35	0.56288
7.36	0.56187
7.37	0.56085
7.38	0.55984
7.39	0.55883
7.4	0.55783
7.41	0.55682
7.42	0.55582
7.43	0.55481
7.44	0.55381
7.45	0.55281
7.46	0.55182
7.47	0.55082
7.48	0.54983
7.49	0.54884
7.5	0.54785
7.51	0.54686
7.52	0.54587
7.53	0.54489
7.54	0.54391
7.55	0.54293
7.56	0.54195
7.57	0.54097
7.58	0.53999
7.59	0.53902
7.6	0.53805
7.61	0.53708
7.62	0.53611
7.63	0.53514
7.64	0.53418
7.65	0.53321
7.66	0.53225
7.67	0.53129
7.68	0.53033
7.69	0.52938
7.7	0.52842
7.71	0.52747
7.72	0.52652
7.73	0.52557
7.74	0.52462
7.75	0.52368
7.76	0.52273
7.77	0.52179
7.78	0.52085
7.79	0.51991
7.8	0.51897
7.81	0.51804
7.82	0.5171
7.83	0.51617
7.84	0.51524
7.85	0.51431
7.86	0.51339
7.87	0.51246
7.88	0.51154
7.89	0.51062
7.9	0.5097
7.91	0.50878
7.92	0.50786
7.93	0.50695
7.94	0.50603
7.95	0.50512
7.96	0.50421
7.97	0.5033
7.98	0.5024
7.99	0.50149
8.0	0.50059
8.01	0.49969
8.02	0.49879
8.03	0.49789
8.04	0.49699
8.05	0.4961
8.06	0.4952
8.07	0.49431
8.08	0.49342
8.09	0.49254
8.1	0.49165
8.11	0.49076
8.12	0.48988
8.13	0.489
8.14	0.48812
8.15	0.48724
8.16	0.48636
8.17	0.48549
8.18	0.48462
8.19	0.48374
8.2	0.48287
8.21	0.48201
8.22	0.48114
8.23	0.48027
8.24	0.47941
8.25	0.47855
8.26	0.47769
8.27	0.47683
8.28	0.47597
8.29	0.47512
8.3	0.47426
8.31	0.47341
8.32	0.47256
8.33	0.47171
8.34	0.47086
8.35	0.47002
8.36	0.46917
8.37	0.46833
8.38	0.46749
8.39	0.46665
8.4	0.46581
8.41	0.46498
8.42	0.46414
8.43	0.46331
8.44	0.46248
8.45	0.46165
8.46	0.46082
8.47	0.45999
8.48	0.45917
8.49	0.45834
8.5	0.45752
8.51	0.4567
8.52	0.45588
8.53	0.45507
8.54	0.45425
8.55	0.45344
8.56	0.45262
8.57	0.45181
8.58	0.451
8.59	0.4502
8.6	0.44939
8.61	0.44859
8.62	0.44778
8.63	0.44698
8.64	0.44618
8.65	0.44538
8.66	0.44459
8.67	0.44379
8.68	0.443
8.69	0.44221
8.7	0.44141
8.71	0.44063
8.72	0.43984
8.73	0.43905
8.74	0.43827
8.75	0.43749
8.76	0.43671
8.77	0.43593
8.78	0.43515
8.79	0.43437
8.8	0.4336
8.81	0.43283
8.82	0.43206
8.83	0.43129
8.84	0.43052
8.85	0.42976
8.86	0.429
8.87	0.42824
8.88	0.42747
8.89	0.42669
8.9	0.42593
8.91	0.42518
8.92	0.42443
8.93	0.42368
8.94	0.42293
8.95	0.42218
8.96	0.42144
8.97	0.4207
8.98	0.41996
8.99	0.41922
9.0	0.41849
9.01	0.41776
9.02	0.41704
9.03	0.41632
9.04	0.4156
9.05	0.41489
9.06	0.4142
9.07	0.41351
9.08	0.41284
9.09	0.41219
9.1	0.41158
9.11	0.41102
9.12	0.41055
9.13	0.41024
9.14	0.41014
9.15	0.40918333333333334
9.16	0.4082266666666667
9.17	0.40727
9.18	0.40581
9.19	0.40473
9.2	0.40386
9.21	0.40307
9.22	0.40233
9.23	0.40162
9.24	0.40092
9.25	0.40024
9.26	0.39957
9.27	0.39892
9.28	0.39828
9.29	0.39765
9.3	0.39706
9.31	0.3965
9.32	0.39598
9.33	0.39554
9.34	0.3952
9.35	0.39502
9.36	0.39680000000000004
9.37	0.39858
9.38	0.40036
9.39	0.40214
9.4	0.40392
9.41	0.40198625000000004
9.42	0.4000525
9.43	0.39811875
9.44	0.396185
9.45	0.39425125
9.46	0.39231750000000004
9.47	0.39038375
9.48	0.38845
9.49	0.38699
9.5	0.38576
9.51	0.38468
9.52	0.3837
9.53	0.3828
9.54	0.38196
9.55	0.38115
9.56	0.38039
9.57	0.37965
9.58	0.37894
9.59	0.37826
9.6	0.3776
9.61	0.37696
9.62	0.37635
9.63	0.37576
9.64	0.37515
9.65	0.37448
9.66	0.37365
9.67	0.37264
9.68	0.3716
9.69	0.37067
9.7	0.36986
9.71	0.36913
9.72	0.36844
9.73	0.36778
9.74	0.36713
9.75	0.36649
9.76	0.36585
9.77	0.36522
9.78	0.36458
9.79	0.36395
9.8	0.36332
9.81	0.36269
9.82	0.36206
9.83	0.36143
9.84	0.36081
9.85	0.36019
9.86	0.35958
9.87	0.35897
9.88	0.35839
9.89	0.35782
9.9	0.35727
9.91	0.35672
9.92	0.35614
9.93	0.35554
9.94	0.35492
9.95	0.35429
9.96	0.35366
9.97	0.35303
9.98	0.3524
9.99	0.35178
10.0	0.35116
10.01	0.35055
10.02	0.34994
10.03	0.34933
10.04	0.34873
10.05	0.34813
10.06	0.34753
10.07	0.34694
10.08	0.34635
10.09	0.34577
10.1	0.34518
10.11	0.3446
10.12	0.34402
10.13	0.34342
10.14	0.34281
10.15	0.34219
10.16	0.34155
10.17	0.34091
10.18	0.34029
10.19	0.33968
10.2	0.33908
10.21	0.33849
10.22	0.3379
10.23	0.33732
10.24	0.33675
10.25	0.33617
10.26	0.3356
10.27	0.33504
10.28	0.33447
10.29	0.33391
10.3	0.33335
10.31	0.3328
10.32	0.33225
10.33	0.33171
10.34	0.33117
10.35	0.33062
10.36	0.33006
10.37	0.32947
10.38	0.32886
10.39	0.32825
10.4	0.32764
10.41	0.32705
10.42	0.32647
10.43	0.3259
10.44	0.32534
10.45	0.32478
10.46	0.32422
10.47	0.32367
10.48	0.32312
10.49	0.32257
10.5	0.32202
10.51	0.32147
10.52	0.32093
10.53	0.32038
10.54	0.31984
10.55	0.3193
10.56	0.31875
10.57	0.3182
10.58	0.31766
10.59	0.31712
10.6	0.31658
10.61	0.31604
10.62	0.3155
10.63	0.31497
10.64	0.31444
10.65	0.3139
10.66	0.31337
10.67	0.31284
10.68	0.31231
10.69	0.31178
10.7	0.31126
10.71	0.31074
10.72	0.31022
10.73	0.3097
10.74	0.30918
10.75	0.30865
10.76	0.30813
10.77	0.30761
10.78	0.30709
10.79	0.30657
10.8	0.30606
10.81	0.30554
10.82	0.30503
10.83	0.30453
10.84	0.30403
10.85	0.30352
10.86	0.303
10.87	0.30249
10.88	0.30198
10.89	0.30148
10.9	0.30099
10.91	0.30047
10.92	0.29997
10.93	0.29947
10.94	0.29897
10.95	0.29847
10.96	0.29797
10.97	0.29748
10.98	0.29698
10.99	0.29649
11.0	0.29599
11.01	0.2955
11.02	0.29501
11.03	0.29452
11.04	0.29402
11.05	0.29354
11.06	0.29305
11.07	0.29256
11.08	0.29207
11.09	0.29159
11.1	0.2911
11.11	0.29062
11.12	0.29013
11.13	0.28965
11.14	0.28917
11.15	0.28869
11.16	0.28821
11.17	0.28773
11.18	0.28726
11.19	0.28678
11.2	0.2863
11.21	0.28583
11.22	0.28536
11.23	0.28488
11.24	0.28441
11.25	0.28394
11.26	0.28347
11.27	0.283
11.28	0.28253
11.29	0.28207
11.3	0.2816
11.31	0.28113
11.32	0.28067
11.33	0.28021
11.34	0.27974
11.35	0.27928
11.36	0.27882
11.37	0.27836
11.38	0.2779
11.39	0.27744
11.4	0.27699
11.41	0.27653
11.42	0.27608
11.43	0.27562
11.44	0.27517
11.45	0.27472
11.46	0.27427
11.47	0.27382
11.48	0.27337
11.49	0.27292
11.5	0.27247
11.51	0.27202
11.52	0.27158
11.53	0.27113
11.54	0.27069
11.55	0.27025
11.56	0.2698
11.57	0.26936
11.58	0.26892
11.59	0.26848
11.6	0.26805
11.61	0.26761
11.62	0.26717
11.63	0.26674
11.64	0.2663
11.65	0.26587
11.66	0.26544
11.67	0.26501
11.68	0.26458
11.69	0.26415
11.7	0.26372
11.71	0.26329
11.72	0.26286
11.73	0.26244
11.74	0.26201
11.75	0.26159
11.76	0.26116
11.77	0.26074
11.78	0.26032
11.79	0.2599
11.8	0.25948
11.81	0.25906
11.82	0.25864
11.83	0.25823
11.84	0.25781
11.85	0.2574
11.86	0.25698
11.87	0.25657
11.88	0.25616
11.89	0.25575
11.9	0.25533
11.91	0.25493
11.92	0.25452
11.93	0.25411
11.94	0.2537
11.95	0.2533
11.96	0.25289
11.97	0.25249
11.98	0.25208
11.99	0.25168
12.0	0.25128
12.01	0.25088
12.02	0.25048
12.03	0.25008
12.04	0.24968
12.05	0.24928
12.06	0.24889
12.07	0.24849
12.08	0.2481
12.09	0.2477
12.1	0.24731
12.11	0.24692
12.12	0.24652
12.13	0.24613
12.14	0.24574
12.15	0.24536
12.16	0.24497
12.17	0.24458
12.18	0.24419
12.19	0.24381
12.2	0.24342
12.21	0.24304
12.22	0.24266
12.23	0.24227
12.24	0.24189
12.25	0.24151
12.26	0.24113
12.27	0.24075
12.28	0.24037
12.29	0.24
12.3	0.23962
12.31	0.23924
12.32	0.23887
12.33	0.23849
12.34	0.23812
12.35	0.23775
12.36	0.23737
12.37	0.237
12.38	0.23663
12.39	0.23626
12.4	0.23589
12.41	0.23552
12.42	0.23516
12.43	0.23479
12.44	0.23442
12.45	0.23406
12.46	0.23369
12.47	0.23333
12.48	0.23297
12.49	0.2326
12.5	0.23224
12.51	0.23188
12.52	0.23152
12.53	0.23116
12.54	0.2308
12.55	0.23045
12.56	0.23009
12.57	0.22973
12.58	0.22938
12.59	0.22902
12.6	0.22867
12.61	0.22831
12.62	0.22796
12.63	0.22761
12.64	0.22726
12.65	0.22691
12.66	0.22656
12.67	0.22621
12.68	0.22586
12.69	0.22551
12.7	0.22516
12.71	0.22482
12.72	0.22447
12.73	0.22413
12.74	0.22378
12.75	0.22344
12.76	0.2231
12.77	0.22275
12.78	0.22241
12.79	0.22207
12.8	0.22173
12.81	0.22139
12.82	0.22105
12.83	0.22071
12.84	0.22038
12.85	0.22004
12.86	0.2197
12.87	0.21937
12.88	0.21903
12.89	0.2187
12.9	0.21836
12.91	0.21803
12.92	0.2177
12.93	0.21737
12.94	0.21704
12.95	0.21671
12.96	0.21638
12.97	0.21605
12.98	0.21572
12.99	0.21539
13.0	0.21506
13.01	0.21474
13.02	0.21441
13.03	0.21409
13.04	0.21376
13.05	0.21344
13.06	0.21311
13.07	0.21279
13.08	0.21247
13.09	0.21215
13.1	0.21183
13.11	0.21151
13.12	0.21119
13.13	0.21087
13.14	0.21055
13.15	0.21023
13.16	0.20992
13.17	0.2096
13.18	0.20928
13.19	0.20897
13.2	0.20865
13.21	0.20834
13.22	0.20803
13.23	0.20771
13.24	0.2074
13.25	0.20709
13.26	0.20678
13.27	0.20647
13.28	0.20616
13.29	0.20585
13.3	0.20554
13.31	0.20523
13.32	0.20493
13.33	0.20462
13.34	0.20431
13.35	0.20401
13.36	0.2037
13.37	0.2034
13.38	0.20309
13.39	0.20279
13.4	0.20249
13.41	0.20219
13.42	0.20188
13.43	0.20158
13.44	0.20128
13.45	0.20098
13.46	0.20068
13.47	0.20039
13.48	0.20009
13.49	0.19979
13.5	0.19949
13.51	0.1992
13.52	0.1989
13.53	0.19861
13.54	0.19831
13.55	0.19802
13.56	0.19772
13.57	0.19743
13.58	0.19714
13.59	0.19685
13.6	0.19656
13.61	0.19627
13.62	0.19598
13.63	0.19569
13.64	0.1954
13.65	0.19511
13.66	0.19482
13.67	0.19453
13.68	0.19425
13.69	0.19396
13.7	0.19367
13.71	0.19339
13.72	0.19311
13.73	0.19282
13.74	0.19254
13.75	0.19225
13.76	0.19197
13.77	0.19169
13.78	0.19141
13.79	0.19113
13.8	0.19085
13.81	0.19057
13.82	0.19029
13.83	0.19001
13.84	0.18973
13.85	0.18946
13.86	0.18918
13.87	0.1889
13.88	0.18863
13.89	0.18835
13.9	0.18808
13.91	0.1878
13.92	0.18753
13.93	0.18725
13.94	0.18698
13.95	0.18671
13.96	0.18644
13.97	0.18617
13.98	0.1859
13.99	0.18563
14.0	0.18536
14.01	0.18509
14.02	0.18482
14.03	0.18455
14.04	0.18428
14.05	0.18402
14.06	0.18375
14.07	0.18348
14.08	0.18322
14.09	0.18295
14.1	0.18269
14.11	0.18242
14.12	0.18216
14.13	0.1819
14.14	0.18163
14.15	0.18137
14.16	0.18111
14.17	0.18085
14.18	0.18059
14.19	0.18033
14.2	0.18007
14.21	0.17981
14.22	0.17955
14.23	0.17929
14.24	0.17904
14.25	0.17878
14.26	0.17852
14.27	0.17827
14.28	0.17801
14.29	0.17776
14.3	0.1775
14.31	0.17725
14.32	0.17699
14.33	0.17674
14.34	0.17649
14.35	0.17624
14.36	0.17598
14.37	0.17573
14.38	0.17548
14.39	0.17523
14.4	0.17498
14.41	0.17473
14.42	0.17448
14.43	0.17424
14.44	0.17399
14.45	0.17374
14.46	0.17349
14.47	0.17325
14.48	0.173
14.49	0.17275
14.5	0.17251
14.51	0.17226
14.52	0.17202
14.53	0.17178
14.54	0.17153
14.55	0.17129
14.56	0.17105
14.57	0.17081
14.58	0.17057
14.59	0.17032
14.6	0.17008
14.61	0.16984
14.62	0.1696
14.63	0.16937
14.64	0.16913
14.65	0.16889
14.66	0.16865
14.67	0.16841
14.68	0.16818
14.69	0.16794
14.7	0.1677
14.71	0.16747
14.72	0.16723
14.73	0.167
14.74	0.16677
14.75	0.16653
14.76	0.1663
14.77	0.16607
14.78	0.16583
14.79	0.1656
14.8	0.16537
14.81	0.16514
14.82	0.16491
14.83	0.16468
14.84	0.16445
14.85	0.16422
14.86	0.16399
14.87	0.16376
14.88	0.16353
14.89	0.16331
14.9	0.16308
14.91	0.16285
14.92	0.16263
14.93	0.1624
14.94	0.16218
14.95	0.16195
14.96	0.16173
14.97	0.1615
14.98	0.16128
14.99	0.16105
15.0	0.16083
15.01	0.16061
15.02	0.16039
15.03	0.16017
15.04	0.15994
15.05	0.15972
15.06	0.1595
15.07	0.15928
15.08	0.15906
15.09	0.15885
15.1	0.15863
15.11	0.15841
15.12	0.15819
15.13	0.15797
15.14	0.15776
15.15	0.15754
15.16	0.15732
15.17	0.15711
15.18	0.15689
15.19	0.15668
15.2	0.15646
15.21	0.15625
15.22	0.15603
15.23	0.15582
15.24	0.15561
15.25	0.1554
15.26	0.15518
15.27	0.15497
15.28	0.15476
15.29	0.15455
15.3	0.15434
15.31	0.15413
15.32	0.15392
15.33	0.15371
15.34	0.1535
15.35	0.15329
15.36	0.15308
15.37	0.15288
15.38	0.15267
15.39	0.15246
15.4	0.15226
15.41	0.15205
15.42	0.15184
15.43	0.15164
15.44	0.15143
15.45	0.15123
15.46	0.15102
15.47	0.15082
15.48	0.15062
15.49	0.15041
15.5	0.15021
15.51	0.15001
15.52	0.14981
15.53	0.1496
15.54	0.1494
15.55	0.1492
15.56	0.149
15.57	0.1488
15.58	0.1486
15.59	0.1484
15.6	0.1482
15.61	0.14801
15.62	0.14781
15.63	0.14761
15.64	0.14741
15.65	0.14721
15.66	0.14702
15.67	0.14682
15.68	0.14663
15.69	0.14643
15.7	0.14623
15.71	0.14604
15.72	0.14584
15.73	0.14565
15.74	0.14546
15.75	0.14526
15.76	0.14507
15.77	0.14488
15.78	0.14468
15.79	0.14449
15.8	0.1443
15.81	0.14411
15.82	0.14392
15.83	0.14373
15.84	0.14354
15.85	0.14335
15.86	0.14316
15.87	0.14297
15.88	0.14278
15.89	0.14259
15.9	0.1424
15.91	0.14222
15.92	0.14203
15.93	0.14184
15.94	0.14165
15.95	0.14147
15.96	0.14128
15.97	0.1411
15.98	0.14091
15.99	0.14073
16.0	0.14054
16.01	0.14036
16.02	0.14017
16.03	0.13999
16.04	0.1398
16.05	0.13962
16.06	0.13944
16.07	0.13926
16.08	0.13907
16.09	0.13889
16.1	0.13871
16.11	0.13853
16.12	0.13835
16.13	0.13817
16.14	0.13799
16.15	0.13781
16.16	0.13763
16.17	0.13745
16.18	0.13727
16.19	0.13709
16.2	0.13692
16.21	0.13674
16.22	0.13656
16.23	0.13638
16.24	0.13621
16.25	0.13603
16.26	0.13585
16.27	0.13568
16.28	0.1355
16.29	0.13533
16.3	0.13515
16.31	0.13498
16.32	0.1348
16.33	0.13463
16.34	0.13446
16.35	0.13428
16.36	0.13411
16.37	0.13394
16.38	0.13376
16.39	0.13359
16.4	0.13342
16.41	0.13325
16.42	0.13308
16.43	0.13291
16.44	0.13274
16.45	0.13257
16.46	0.1324
16.47	0.13223
16.48	0.13206
16.49	0.13189
16.5	0.13172
16.51	0.13155
16.52	0.13138
16.53	0.13122
16.54	0.13105
16.55	0.13088
16.56	0.13071
16.57	0.13055
16.58	0.13038
16.59	0.13022
16.6	0.13005
16.61	0.12989
16.62	0.12972
16.63	0.12956
16.64	0.12939
16.65	0.12923
16.66	0.12906
16.67	0.1289
16.68	0.12874
16.69	0.12857
16.7	0.12841
16.71	0.12825
16.72	0.12809
16.73	0.12792
16.74	0.12776
16.75	0.1276
16.76	0.12744
16.77	0.12728
16.78	0.12712
16.79	0.12696
16.8	0.1268
16.81	0.12664
16.82	0.12648
16.83	0.12632
16.84	0.12616
16.85	0.126
16.86	0.12585
16.87	0.12569
16.88	0.12553
16.89	0.12537
16.9	0.12522
16.91	0.12506
16.92	0.1249
16.93	0.12475
16.94	0.12459
16.95	0.12443
16.96	0.12428
16.97	0.12412
16.98	0.12397
16.99	0.12382
17.0	0.12366
17.01	0.12351
17.02	0.12335
17.03	0.1232
17.04	0.12305
17.05	0.12289
17.06	0.12274
17.07	0.12259
17.08	0.12244
17.09	0.12228
17.1	0.12213
17.11	0.12198
17.12	0.12183
17.13	0.12168
17.14	0.12153
17.15	0.12138
17.16	0.12123
17.17	0.12108
17.18	0.12093
17.19	0.12078
17.2	0.12063
17.21	0.12048
17.22	0.12033
17.23	0.12019
17.24	0.12004
17.25	0.11989
17.26	0.11974
17.27	0.1196
17.28	0.11945
17.29	0.1193
17.3	0.11916
17.31	0.11901
17.32	0.11886
17.33	0.11872
17.34	0.11857
17.35	0.11843
17.36	0.11828
17.37	0.11814
17.38	0.11799
17.39	0.11785
17.4	0.11771
17.41	0.11756
17.42	0.11742
17.43	0.11728
17.44	0.11713
17.45	0.11699
17.46	0.11685
17.47	0.11671
17.48	0.11656
17.49	0.11642
17.5	0.11628
17.51	0.11614
17.52	0.116
17.53	0.11586
17.54	0.11572
17.55	0.11558
17.56	0.11544
17.57	0.1153
17.58	0.11516
17.59	0.11502
17.6	0.11488
17.61	0.11474
17.62	0.1146
17.63	0.11446
17.64	0.11433
17.65	0.11419
17.66	0.11405
17.67	0.11391
17.68	0.11378
17.69	0.11364
17.7	0.1135
17.71	0.11337
17.72	0.11323
17.73	0.11309
17.74	0.11296
17.75	0.11282
17.76	0.11269
17.77	0.11255
17.78	0.11242
17.79	0.11228
17.8	0.11215
17.81	0.11201
17.82	0.11188
17.83	0.11175
17.84	0.11161
17.85	0.11148
17.86	0.11135
17.87	0.11121
17.88	0.11108
17.89	0.11095
17.9	0.11082
17.91	0.11069
17.92	0.11055
17.93	0.11042
17.94	0.11029
17.95	0.11016
17.96	0.11003
17.97	0.1099
17.98	0.10977
17.99	0.10964
18.0	0.10951
18.01	0.10938
18.02	0.10925
18.03	0.10912
18.04	0.10899
18.05	0.10886
18.06	0.10873
18.07	0.10861
18.08	0.10848
18.09	0.10835
18.1	0.10822
18.11	0.10809
18.12	0.10797
18.13	0.10784
18.14	0.10771
18.15	0.10759
18.16	0.10746
18.17	0.10733
18.18	0.10721
18.19	0.10708
18.2	0.10696
18.21	0.10683
18.22	0.10671
18.23	0.10658
18.24	0.10646
18.25	0.10633
18.26	0.10621
18.27	0.10608
18.28	0.10596
18.29	0.10584
18.3	0.10571
18.31	0.10559
18.32	0.10547
18.33	0.10534
18.34	0.10522
18.35	0.1051
18.36	0.10498
18.37	0.10485
18.38	0.10473
18.39	0.10461
18.4	0.10449
18.41	0.10437
18.42	0.10425
18.43	0.10412
18.44	0.104
18.45	0.10388
18.46	0.10376
18.47	0.10364
18.48	0.10352
18.49	0.1034
18.5	0.10328
18.51	0.10316
18.52	0.10305
18.53	0.10293
18.54	0.10281
18.55	0.10269
18.56	0.10257
18.57	0.10245
18.58	0.10234
18.59	0.10222
18.6	0.1021
18.61	0.10198
18.62	0.10187
18.63	0.10175
18.64	0.10163
18.65	0.10152
18.66	0.1014
18.67	0.10128
18.68	0.10117
18.69	0.10105
18.7	0.10093
18.71	0.10082
18.72	0.1007
18.73	0.10059
18.74	0.10047
18.75	0.10036
18.76	0.10025
18.77	0.10013
18.78	0.10002
18.79	0.099903
18.8	0.099789
18.81	0.099675
18.82	0.099562
18.83	0.099449
18.84	0.099336
18.85	0.099223
18.86	0.09911
18.87	0.098998
18.88	0.098885
18.89	0.098773
18.9	0.098661
18.91	0.098549
18.92	0.098438
18.93	0.098326
18.94	0.098215
18.95	0.098104
18.96	0.097993
18.97	0.097883
18.98	0.097772
18.99	0.097662
19.0	0.097552
19.01	0.097442
19.02	0.097332
19.03	0.097222
19.04	0.097113
19.05	0.097004
19.06	0.096894
19.07	0.096786
19.08	0.096677
19.09	0.096568
19.1	0.09646
19.11	0.096352
19.12	0.096244
19.13	0.096136
19.14	0.096028
19.15	0.09592
19.16	0.095813
19.17	0.095706
19.18	0.095599
19.19	0.095492
19.2	0.095385
19.21	0.095279
19.22	0.095173
19.23	0.095066
19.24	0.09496
19.25	0.094855
19.26	0.094749
19.27	0.094644
19.28	0.094538
19.29	0.094433
19.3	0.094328
19.31	0.094223
19.32	0.094119
19.33	0.094014
19.34	0.09391
19.35	0.093806
19.36	0.093702
19.37	0.093598
19.38	0.093494
19.39	0.093391
19.4	0.093287
19.41	0.093184
19.42	0.093081
19.43	0.092978
19.44	0.092876
19.45	0.092773
19.46	0.092671
19.47	0.092569
19.48	0.092467
19.49	0.092365
19.5	0.092263
19.51	0.092162
19.52	0.09206
19.53	0.091959
19.54	0.091858
19.55	0.091757
19.56	0.091656
19.57	0.091556
19.58	0.091455
19.59	0.091355
19.6	0.091255
19.61	0.091155
19.62	0.091055
19.63	0.090955
19.64	0.090856
19.65	0.090757
19.66	0.090657
19.67	0.090558
19.68	0.09046
19.69	0.090361
19.7	0.090262
19.71	0.090164
19.72	0.090066
19.73	0.089968
19.74	0.08987
19.75	0.089772
19.76	0.089674
19.77	0.089577
19.78	0.089479
19.79	0.089382
19.8	0.089285
19.81	0.089188
19.82	0.089092
19.83	0.088995
19.84	0.088899
19.85	0.088802
19.86	0.088706
19.87	0.08861
19.88	0.088514
19.89	0.088419
19.9	0.088323
19.91	0.088228
19.92	0.088133
19.93	0.088038
19.94	0.087943
19.95	0.087848
19.96	0.087753
19.97	0.087659
19.98	0.087564
19.99	0.08747
20.0	0.087376
20.01	0.087282
20.02	0.087188
20.03	0.087095
20.04	0.087001
20.05	0.086908
20.06	0.086815
20.07	0.086722
20.08	0.086629
20.09	0.086536
20.1	0.086443
20.11	0.086351
20.12	0.086259
20.13	0.086166
20.14	0.086074
20.15	0.085982
20.16	0.085891
20.17	0.085799
20.18	0.085708
20.19	0.085616
20.2	0.085525
20.21	0.085434
20.22	0.085343
20.23	0.085252
20.24	0.085162
20.25	0.085071
20.26	0.084981
20.27	0.08489
20.28	0.0848
20.29	0.08471
20.3	0.084621
20.31	0.084531
20.32	0.084441
20.33	0.084352
20.34	0.084263
20.35	0.084173
20.36	0.084084
20.37	0.083996
20.38	0.083907
20.39	0.083818
20.4	0.08373
20.41	0.083641
20.42	0.083553
20.43	0.083465
20.44	0.083377
20.45	0.083289
20.46	0.083202
20.47	0.083114
20.48	0.083027
20.49	0.08294
20.5	0.082852
20.51	0.082765
20.52	0.082679
20.53	0.082592
20.54	0.082505
20.55	0.082419
20.56	0.082332
20.57	0.082246
20.58	0.08216
20.59	0.082074
20.6	0.081988
20.61	0.081903
20.62	0.081817
20.63	0.081732
20.64	0.081646
20.65	0.081561
20.66	0.081476
20.67	0.081391
20.68	0.081306
20.69	0.081222
20.7	0.081137
20.71	0.081053
20.72	0.080968
20.73	0.080884
20.74	0.0808
20.75	0.080716
20.76	0.080633
20.77	0.080549
20.78	0.080465
20.79	0.080382
20.8	0.080299
20.81	0.080216
20.82	0.080132
20.83	0.08005
20.84	0.079967
20.85	0.079884
20.86	0.079802
20.87	0.079719
20.88	0.079637
20.89	0.079555
20.9	0.079473
20.91	0.079391
20.92	0.079309
20.93	0.079227
20.94	0.079146
20.95	0.079064
20.96	0.078983
20.97	0.078902
20.98	0.078821
20.99	0.07874
21.0	0.078659
21.01	0.078578
21.02	0.078497
21.03	0.078417
21.04	0.078337
21.05	0.078256
21.06	0.078176
21.07	0.078096
21.08	0.078016
21.09	0.077937
21.1	0.077857
21.11	0.077777
21.12	0.077698
21.13	0.077619
21.14	0.077539
21.15	0.07746
21.16	0.077381
21.17	0.077303
21.18	0.077224
21.19	0.077145
21.2	0.077067
21.21	0.076988
21.22	0.07691
21.23	0.076832
21.24	0.076754
21.25	0.076676
21.26	0.076598
21.27	0.076521
21.28	0.076443
21.29	0.076366
21.3	0.076288
21.31	0.076211
21.32	0.076134
21.33	0.076057
21.34	0.07598
21.35	0.075903
21.36	0.075826
21.37	0.07575
21.38	0.075673
21.39	0.075597
21.4	0.075521
21.41	0.075445
21.42	0.075369
21.43	0.075293
21.44	0.075217
21.45	0.075141
21.46	0.075066
21.47	0.07499
21.48	0.074915
21.49	0.07484
21.5	0.074765
21.51	0.07469
21.52	0.074615
21.53	0.07454
21.54	0.074465
21.55	0.074391
21.56	0.074316
21.57	0.074242
21.58	0.074168
21.59	0.074094
21.6	0.074019
21.61	0.073946
21.62	0.073872
21.63	0.073798
21.64	0.073724
21.65	0.073651
21.66	0.073577
21.67	0.073504
21.68	0.073431
21.69	0.073358
21.7	0.073285
21.71	0.073212
21.72	0.073139
21.73	0.073067
21.74	0.072994
21.75	0.072922
21.76	0.072849
21.77	0.072777
21.78	0.072705
21.79	0.072633
21.8	0.072561
21.81	0.072489
21.82	0.072417
21.83	0.072346
21.84	0.072274
21.85	0.072203
21.86	0.072131
21.87	0.07206
21.88	0.071989
21.89	0.071918
21.9	0.071847
21.91	0.071776
21.92	0.071706
21.93	0.071635
21.94	0.071565
21.95	0.071494
21.96	0.071424
21.97	0.071354
21.98	0.071283
21.99	0.071213
22.0	0.071144
22.01	0.071074
22.02	0.071004
22.03	0.070934
22.04	0.070865
22.05	0.070796
22.06	0.070726
22.07	0.070657
22.08	0.070588
22.09	0.070519
22.1	0.07045
22.11	0.070381
22.12	0.070312
22.13	0.070244
22.14	0.070175
22.15	0.070107
22.16	0.070038
22.17	0.06997
22.18	0.069902
22.19	0.069834
22.2	0.069766
22.21	0.069698
22.22	0.06963
22.23	0.069563
22.24	0.069495
22.25	0.069428
22.26	0.06936
22.27	0.069293
22.28	0.069226
22.29	0.069159
22.3	0.069092
22.31	0.069025
22.32	0.068958
22.33	0.068891
22.34	0.068825
22.35	0.068758
22.36	0.068692
22.37	0.068625
22.38	0.068559
22.39	0.068493
22.4	0.068427
22.41	0.068361
22.42	0.068295
22.43	0.068229
22.44	0.068164
22.45	0.068098
22.46	0.068032
22.47	0.067967
22.48	0.067902
22.49	0.067836
22.5	0.067771
22.51	0.067706
22.52	0.067641
22.53	0.067576
22.54	0.067512
22.55	0.067447
22.56	0.067382
22.57	0.067318
22.58	0.067253
22.59	0.067189
22.6	0.067125
22.61	0.067061
22.62	0.066996
22.63	0.066932
22.64	0.066869
22.65	0.066805
22.66	0.066741
22.67	0.066677
22.68	0.066614
22.69	0.06655
22.7	0.066487
22.71	0.066424
22.72	0.066361
22.73	0.066297
22.74	0.066234
22.75	0.066172
22.76	0.066109
22.77	0.066046
22.78	0.065983
22.79	0.065921
22.8	0.065858
22.81	0.065796
22.82	0.065733
22.83	0.065671
22.84	0.065609
22.85	0.065547
22.86	0.065485
22.87	0.065423
22.88	0.065361
22.89	0.0653
22.9	0.065238
22.91	0.065176
22.92	0.065115
22.93	0.065054
22.94	0.064992
22.95	0.064931
22.96	0.06487
22.97	0.064809
22.98	0.064748
22.99	0.064687
23.0	0.064626
23.01	0.064565
23.02	0.064505
23.03	0.064444
23.04	0.064384
23.05	0.064323
23.06	0.064263
23.07	0.064203
23.08	0.064143
23.09	0.064083
23.1	0.064023
23.11	0.063963
23.12	0.063903
23.13	0.063843
23.14	0.063784
23.15	0.063724
23.16	0.063665
23.17	0.063605
23.18	0.063546
23.19	0.063487
23.2	0.063427
23.21	0.063368
23.22	0.063309
23.23	0.06325
23.24	0.063191
23.25	0.063133
23.26	0.063074
23.27	0.063015
23.28	0.062957
23.29	0.062898
23.3	0.06284
23.31	0.062782
23.32	0.062724
23.33	0.062665
23.34	0.062607
23.35	0.062549
23.36	0.062491
23.37	0.062434
23.38	0.062376
23.39	0.062318
23.4	0.062261
23.41	0.062203
23.42	0.062146
23.43	0.062088
23.44	0.062031
23.45	0.061974
23.46	0.061917
23.47	0.06186
23.48	0.061803
23.49	0.061746
23.5	0.061689
23.51	0.061632
23.52	0.061576
23.53	0.061519
23.54	0.061462
23.55	0.061406
23.56	0.06135
23.57	0.061293
23.58	0.061237
23.59	0.061181
23.6	0.061125
23.61	0.061069
23.62	0.061013
23.63	0.060957
23.64	0.060901
23.65	0.060846
23.66	0.06079
23.67	0.060735
23.68	0.060679
23.69	0.060624
23.7	0.060568
23.71	0.060513
23.72	0.060458
23.73	0.060403
23.74	0.060348
23.75	0.060293
23.76	0.060238
23.77	0.060183
23.78	0.060128
23.79	0.060074
23.8	0.060019
23.81	0.059965
23.82	0.05991
23.83	0.059856
23.84	0.059802
23.85	0.059747
23.86	0.059693
23.87	0.059639
23.88	0.059585
23.89	0.059531
23.9	0.059477
23.91	0.059423
23.92	0.05937
23.93	0.059316
23.94	0.059262
23.95	0.059209
23.96	0.059155
23.97	0.059102
23.98	0.059049
23.99	0.058996
24.0	0.058942
24.01	0.058889
24.02	0.058836
24.03	0.058783
24.04	0.05873
24.05	0.058678
24.06	0.058625
24.07	0.058572
24.08	0.05852
24.09	0.058467
24.1	0.058414
24.11	0.058362
24.12	0.05831
24.13	0.058257
24.14	0.058205
24.15	0.058153
24.16	0.058101
24.17	0.058049
24.18	0.057997
24.19	0.057945
24.2	0.057894
24.21	0.057842
24.22	0.05779
24.23	0.057739
24.24	0.057687
24.25	0.057636
24.26	0.057584
24.27	0.057533
24.28	0.057482
24.29	0.05743
24.3	0.057379
24.31	0.057328
24.32	0.057277
24.33	0.057226
24.34	0.057175
24.35	0.057125
24.36	0.057074
24.37	0.057023
24.38	0.056973
24.39	0.056922
24.4	0.056872
24.41	0.056821
24.42	0.056771
24.43	0.056721
24.44	0.05667
24.45	0.05662
24.46	0.05657
24.47	0.05652
24.48	0.05647
24.49	0.05642
24.5	0.056371
24.51	0.056321
24.52	0.056271
24.53	0.056222
24.54	0.056172
24.55	0.056122
24.56	0.056073
24.57	0.056024
24.58	0.055974
24.59	0.055925
24.6	0.055876
24.61	0.055827
24.62	0.055778
24.63	0.055729
24.64	0.05568
24.65	0.055631
24.66	0.055582
24.67	0.055533
24.68	0.055485
24.69	0.055436
24.7	0.055388
24.71	0.055339
24.72	0.055291
24.73	0.055242
24.74	0.055194
24.75	0.055146
24.76	0.055098
24.77	0.055049
24.78	0.055001
24.79	0.054953
24.8	0.054906
24.81	0.054858
24.82	0.05481
24.83	0.054762
24.84	0.054714
24.85	0.054667
24.86	0.054619
24.87	0.054572
24.88	0.054524
24.89	0.054477
24.9	0.05443
24.91	0.054382
24.92	0.054335
24.93	0.054288
24.94	0.054241
24.95	0.054194
24.96	0.054147
24.97	0.0541
24.98	0.054053
24.99	0.054006
25.0	0.05396
25.01	0.053913
25.02	0.053866
25.03	0.05382
25.04	0.053773
25.05	0.053727
25.06	0.05368
25.07	0.053634
25.08	0.053588
25.09	0.053542
25.1	0.053495
25.11	0.053449
25.12	0.053403
25.13	0.053357
25.14	0.053311
25.15	0.053266
25.16	0.05322
25.17	0.053174
25.18	0.053128
25.19	0.053083
25.2	0.053037
25.21	0.052992
25.22	0.052946
25.23	0.052901
25.24	0.052855
25.25	0.05281
25.26	0.052765
25.27	0.05272
25.28	0.052675
25.29	0.05263
25.3	0.052585
25.31	0.05254
25.32	0.052495
25.33	0.05245
25.34	0.052405
25.35	0.05236
25.36	0.052316
25.37	0.052271
25.38	0.052227
25.39	0.052182
25.4	0.052138
25.41	0.052093
25.42	0.052049
25.43	0.052005
25.44	0.051961
25.45	0.051916
25.46	0.051872
25.47	0.051828
25.48	0.051784
25.49	0.05174
25.5	0.051696
25.51	0.051653
25.52	0.051609
25.53	0.051565
25.54	0.051521
25.55	0.051478
25.56	0.051434
25.57	0.051391
25.58	0.051347
25.59	0.051304
25.6	0.05126
25.61	0.051217
25.62	0.051174
25.63	0.051131
25.64	0.051088
25.65	0.051045
25.66	0.051001
25.67	0.050959
25.68	0.050916
25.69	0.050873
25.7	0.05083
25.71	0.050787
25.72	0.050744
25.73	0.050702
25.74	0.050659
25.75	0.050617
25.76	0.050574
25.77	0.050532
25.78	0.050489
25.79	0.050447
25.8	0.050405
25.81	0.050362
25.82	0.05032
25.83	0.050278
25.84	0.050236
25.85	0.050194
25.86	0.050152
25.87	0.05011
25.88	0.050068
25.89	0.050026
25.9	0.049985
25.91	0.049943
25.92	0.049901
25.93	0.04986
25.94	0.049818
25.95	0.049776
25.96	0.049735
25.97	0.049694
25.98	0.049652
25.99	0.049611
26.0	0.04957
26.01	0.049528
26.02	0.049487
26.03	0.049446
26.04	0.049405
26.05	0.049364
26.06	0.049323
26.07	0.049282
26.08	0.049241
26.09	0.0492
26.1	0.04916
26.11	0.049119
26.12	0.049078
26.13	0.049038
26.14	0.048997
26.15	0.048957
26.16	0.048916
26.17	0.048876
26.18	0.048835
26.19	0.048795
26.2	0.048755
26.21	0.048714
26.22	0.048674
26.23	0.048634
26.24	0.048594
26.25	0.048554
26.26	0.048514
26.27	0.048474
26.28	0.048434
26.29	0.048394
26.3	0.048355
26.31	0.048315
26.32	0.048275
26.33	0.048235
26.34	0.048196
26.35	0.048156
26.36	0.048117
26.37	0.048077
26.38	0.048038
26.39	0.047999
26.4	0.047959
26.41	0.04792
26.42	0.047881
26.43	0.047842
26.44	0.047802
26.45	0.047763
26.46	0.047724
26.47	0.047685
26.48	0.047646
26.49	0.047608
26.5	0.047569
26.51	0.04753
26.52	0.047491
26.53	0.047452
26.54	0.047414
26.55	0.047375
26.56	0.047337
26.57	0.047298
26.58	0.04726
26.59	0.047221
26.6	0.047183
26.61	0.047144
26.62	0.047106
26.63	0.047068
26.64	0.04703
26.65	0.046991
26.66	0.046953
26.67	0.046915
26.68	0.046877
26.69	0.046839
26.7	0.046801
26.71	0.046764
26.72	0.046726
26.73	0.046688
26.74	0.04665
26.75	0.046612
26.76	0.046575
26.77	0.046537
26.78	0.0465
26.79	0.046462
26.8	0.046425
26.81	0.046387
26.82	0.04635
26.83	0.046312
26.84	0.046275
26.85	0.046238
26.86	0.046201
26.87	0.046163
26.88	0.046126
26.89	0.046089
26.9	0.046052
26.91	0.046015
26.92	0.045978
26.93	0.045941
26.94	0.045904
26.95	0.045868
26.96	0.045831
26.97	0.045794
26.98	0.045757
26.99	0.045721
27.0	0.045684
27.01	0.045648
27.02	0.045611
27.03	0.045575
27.04	0.045538
27.05	0.045502
27.06	0.045465
27.07	0.045429
27.08	0.045393
27.09	0.045357
27.1	0.04532
27.11	0.045284
27.12	0.045248
27.13	0.045212
27.14	0.045176
27.15	0.04514
27.16	0.045104
27.17	0.045068
27.18	0.045032
27.19	0.044997
27.2	0.044961
27.21	0.044925
27.22	0.044889
27.23	0.044854
27.24	0.044818
27.25	0.044783
27.26	0.044747
27.27	0.044712
27.28	0.044676
27.29	0.044641
27.3	0.044606
27.31	0.04457
27.32	0.044535
27.33	0.0445
27.34	0.044465
27.35	0.044429
27.36	0.044394
27.37	0.044359
27.38	0.044324
27.39	0.044289
27.4	0.044254
27.41	0.044219
27.42	0.044185
27.43	0.04415
27.44	0.044115
27.45	0.04408
27.46	0.044046
27.47	0.044011
27.48	0.043976
27.49	0.043942
27.5	0.043907
27.51	0.043873
27.52	0.043838
27.53	0.043804
27.54	0.043769
27.55	0.043735
27.56	0.043701
27.57	0.043667
27.58	0.043632
27.59	0.043598
27.6	0.043564
27.61	0.04353
27.62	0.043496
27.63	0.043462
27.64	0.043428
27.65	0.043394
27.66	0.04336
27.67	0.043326
27.68	0.043292
27.69	0.043259
27.7	0.043225
27.71	0.043191
27.72	0.043157
27.73	0.043124
27.74	0.04309
27.75	0.043057
27.76	0.043023
27.77	0.04299
27.78	0.042956
27.79	0.042923
27.8	0.042889
27.81	0.042856
27.82	0.042823
27.83	0.04279
27.84	0.042756
27.85	0.042723
27.86	0.04269
27.87	0.042657
27.88	0.042624
27.89	0.042591
27.9	0.042558
27.91	0.042525
27.92	0.042492
27.93	0.042459
27.94	0.042426
27.95	0.042394
27.96	0.042361
27.97	0.042328
27.98	0.042295
27.99	0.042263
28.0	0.04223
28.01	0.042198
28.02	0.042165
28.03	0.042133
28.04	0.0421
28.05	0.042068
28.06	0.042035
28.07	0.042003
28.08	0.041971
28.09	0.041938
28.1	0.041906
28.11	0.041874
28.12	0.041842
28.13	0.04181
28.14	0.041777
28.15	0.041745
28.16	0.041713
28.17	0.041681
28.18	0.041649
28.19	0.041617
28.2	0.041586
28.21	0.041554
28.22	0.041522
28.23	0.04149
28.24	0.041458
28.25	0.041427
28.26	0.041395
28.27	0.041363
28.28	0.041332
28.29	0.0413
28.3	0.041269
28.31	0.041237
28.32	0.041206
28.33	0.041174
28.34	0.041143
28.35	0.041112
28.36	0.04108
28.37	0.041049
28.38	0.041018
28.39	0.040987
28.4	0.040955
28.41	0.040924
28.42	0.040893
28.43	0.040862
28.44	0.040831
28.45	0.0408
28.46	0.040769
28.47	0.040738
28.48	0.040707
28.49	0.040676
28.5	0.040646
28.51	0.040615
28.52	0.040584
28.53	0.040553
28.54	0.040523
28.55	0.040492
28.56	0.040461
28.57	0.040431
28.58	0.0404
28.59	0.04037
28.6	0.040339
28.61	0.040309
28.62	0.040278
28.63	0.040248
28.64	0.040218
28.65	0.040187
28.66	0.040157
28.67	0.040127
28.68	0.040097
28.69	0.040066
28.7	0.040036
28.71	0.040006
28.72	0.039976
28.73	0.039946
28.74	0.039916
28.75	0.039886
28.76	0.039856
28.77	0.039826
28.78	0.039796
28.79	0.039766
28.8	0.039737
28.81	0.039707
28.82	0.039677
28.83	0.039647
28.84	0.039618
28.85	0.039588
28.86	0.039558
28.87	0.039529
28.88	0.039499
28.89	0.03947
28.9	0.03944
28.91	0.039411
28.92	0.039381
28.93	0.039352
28.94	0.039323
28.95	0.039293
28.96	0.039264
28.97	0.039235
28.98	0.039206
28.99	0.039176
29.0	0.039147
29.01	0.039118
29.02	0.039089
29.03	0.03906
29.04	0.039031
29.05	0.039002
29.06	0.038973
29.07	0.038944
29.08	0.038915
29.09	0.038886
29.1	0.038857
29.11	0.038828
29.12	0.0388
29.13	0.038771
29.14	0.038742
29.15	0.038714
29.16	0.038685
29.17	0.038656
29.18	0.038628
29.19	0.038599
29.2	0.038571
29.21	0.038542
29.22	0.038514
29.23	0.038485
29.24	0.038457
29.25	0.038428
29.26	0.0384
29.27	0.038372
29.28	0.038343
29.29	0.038315
29.3	0.038287
29.31	0.038259
29.32	0.038231
29.33	0.038202
29.34	0.038174
29.35	0.038146
29.36	0.038118
29.37	0.03809
29.38	0.038062
29.39	0.038034
29.4	0.038006
29.41	0.037978
29.42	0.037951
29.43	0.037923
29.44	0.037895
29.45	0.037867
29.46	0.037839
29.47	0.037812
29.48	0.037784
29.49	0.037756
29.5	0.037729
29.51	0.037701
29.52	0.037674
29.53	0.037646
29.54	0.037619
29.55	0.037591
29.56	0.037564
29.57	0.037536
29.58	0.037509
29.59	0.037482
29.6	0.037454
29.61	0.037427
29.62	0.0374
29.63	0.037372
29.64	0.037345
29.65	0.037318
29.66	0.037291
29.67	0.037264
29.68	0.037237
29.69	0.03721
29.7	0.037183
29.71	0.037156
29.72	0.037129
29.73	0.037102
29.74	0.037075
29.75	0.037048
29.76	0.037021
29.77	0.036994
29.78	0.036967
29.79	0.036941
29.8	0.036914
29.81	0.036887
29.82	0.03686
29.83	0.036834
29.84	0.036807
29.85	0.036781
29.86	0.036754
29.87	0.036727
29.88	0.036701
29.89	0.036674
29.9	0.036648
29.91	0.036622
29.92	0.036595
29.93	0.036569
29.94	0.036542
29.95	0.036516
29.96	0.03649
29.97	0.036463
29.98	0.036437
29.99	0.036411
30.0	0.036385
30.01	0.036359
30.02	0.036333
30.03	0.036306
30.04	0.03628
30.05	0.036254
30.06	0.036228
30.07	0.036202
30.08	0.036176
30.09	0.03615
30.1	0.036125
30.11	0.036099
30.12	0.036073
30.13	0.036047
30.14	0.036021
30.15	0.035995
30.16	0.03597
30.17	0.035944
30.18	0.035918
30.19	0.035893
30.2	0.035867
30.21	0.035841
30.22	0.035816
30.23	0.03579
30.24	0.035765
30.25	0.035739
30.26	0.035714
30.27	0.035688
30.28	0.035663
30.29	0.035638
30.3	0.035612
30.31	0.035587
30.32	0.035562
30.33	0.035536
30.34	0.035511
30.35	0.035486
30.36	0.035461
30.37	0.035435
30.38	0.03541
30.39	0.035385
30.4	0.03536
30.41	0.035335
30.42	0.03531
30.43	0.035285
30.44	0.03526
30.45	0.035235
30.46	0.03521
30.47	0.035185
30.48	0.03516
30.49	0.035135
30.5	0.03511
30.51	0.035086
30.52	0.035061
30.53	0.035036
30.54	0.035011
30.55	0.034987
30.56	0.034962
30.57	0.034937
30.58	0.034913
30.59	0.034888
30.6	0.034863
30.61	0.034839
30.62	0.034814
30.63	0.03479
30.64	0.034765
30.65	0.034741
30.66	0.034717
30.67	0.034692
30.68	0.034668
30.69	0.034643
30.7	0.034619
30.71	0.034595
30.72	0.034571
30.73	0.034546
30.74	0.034522
30.75	0.034498
30.76	0.034474
30.77	0.034449
30.78	0.034425
30.79	0.034401
30.8	0.034377
30.81	0.034353
30.82	0.034329
30.83	0.034305
30.84	0.034281
30.85	0.034257
30.86	0.034233
30.87	0.034209
30.88	0.034185
30.89	0.034162
30.9	0.034138
30.91	0.034114
30.92	0.03409
30.93	0.034066
30.94	0.034043
30.95	0.034019
30.96	0.033995
30.97	0.033972
30.98	0.033948
30.99	0.033924
31.0	0.033901
31.01	0.033877
31.02	0.033854
31.03	0.03383
31.04	0.033807
31.05	0.033783
31.06	0.03376
31.07	0.033736
31.08	0.033713
31.09	0.03369
31.1	0.033666
31.11	0.033643
31.12	0.03362
31.13	0.033596
31.14	0.033573
31.15	0.03355
31.16	0.033527
31.17	0.033504
31.18	0.03348
31.19	0.033457
31.2	0.033434
31.21	0.033411
31.22	0.033388
31.23	0.033365
31.24	0.033342
31.25	0.033319
31.26	0.033296
31.27	0.033273
31.28	0.03325
31.29	0.033227
31.3	0.033204
31.31	0.033182
31.32	0.033159
31.33	0.033136
31.34	0.033113
31.35	0.03309
31.36	0.033068
31.37	0.033045
31.38	0.033022
31.39	0.033
31.4	0.032977
31.41	0.032954
31.42	0.032932
31.43	0.032909
31.44	0.032887
31.45	0.032864
31.46	0.032842
31.47	0.032819
31.48	0.032797
31.49	0.032774
31.5	0.032752
31.51	0.032729
31.52	0.032707
31.53	0.032685
31.54	0.032662
31.55	0.03264
31.56	0.032618
31.57	0.032596
31.58	0.032573
31.59	0.032551
31.6	0.032529
31.61	0.032507
31.62	0.032485
31.63	0.032463
31.64	0.03244
31.65	0.032418
31.66	0.032396
31.67	0.032374
31.68	0.032352
31.69	0.03233
31.7	0.032308
31.71	0.032286
31.72	0.032264
31.73	0.032243
31.74	0.032221
31.75	0.032199
31.76	0.032177
31.77	0.032155
31.78	0.032133
31.79	0.032112
31.8	0.03209
31.81	0.032068
31.82	0.032046
31.83	0.032025
31.84	0.032003
31.85	0.031982
31.86	0.03196
31.87	0.031938
31.88	0.031917
31.89	0.031895
31.9	0.031874
31.91	0.031852
31.92	0.031831
31.93	0.031809
31.94	0.031788
31.95	0.031766
31.96	0.031745
31.97	0.031724
31.98	0.031702
31.99	0.031681
32.0	0.03166
32.01	0.031638
32.02	0.031617
32.03	0.031596
32.04	0.031574
32.05	0.031553
32.06	0.031532
32.07	0.031511
32.08	0.03149
32.09	0.031469
32.1	0.031448
32.11	0.031426
32.12	0.031405
32.13	0.031384
32.14	0.031363
32.15	0.031342
32.16	0.031321
32.17	0.0313
32.18	0.031279
32.19	0.031259
32.2	0.031238
32.21	0.031217
32.22	0.031196
32.23	0.031175
32.24	0.031154
32.25	0.031133
32.26	0.031113
32.27	0.031092
32.28	0.031071
32.29	0.031051
32.3	0.03103
32.31	0.031009
32.32	0.030988
32.33	0.030968
32.34	0.030947
32.35	0.030927
32.36	0.030906
32.37	0.030886
32.38	0.030865
32.39	0.030845
32.4	0.030824
32.41	0.030804
32.42	0.030783
32.43	0.030763
32.44	0.030742
32.45	0.030722
32.46	0.030702
32.47	0.030681
32.48	0.030661
32.49	0.030641
32.5	0.03062
32.51	0.0306
32.52	0.03058
32.53	0.030559
32.54	0.030539
32.55	0.030519
32.56	0.030499
32.57	0.030479
32.58	0.030459
32.59	0.030439
32.6	0.030418
32.61	0.030398
32.62	0.030378
32.63	0.030358
32.64	0.030338
32.65	0.030318
32.66	0.030298
32.67	0.030278
32.68	0.030258
32.69	0.030239
32.7	0.030219
32.71	0.030199
32.72	0.030179
32.73	0.030159
32.74	0.030139
32.75	0.030119
32.76	0.0301
32.77	0.03008
32.78	0.03006
32.79	0.03004
32.8	0.030021
32.81	0.030001
32.82	0.029981
32.83	0.029962
32.84	0.029942
32.85	0.029923
32.86	0.029903
32.87	0.029883
32.88	0.029864
32.89	0.029844
32.9	0.029825
32.91	0.029805
32.92	0.029786
32.93	0.029766
32.94	0.029747
32.95	0.029727
32.96	0.029708
32.97	0.029689
32.98	0.029669
32.99	0.02965
33.0	0.029631
33.01	0.029611
33.02	0.029592
33.03	0.029573
33.04	0.029554
33.05	0.029534
33.06	0.029515
33.07	0.029496
33.08	0.029477
33.09	0.029458
33.1	0.029438
33.11	0.029419
33.12	0.0294
33.13	0.029381
33.14	0.029362
33.15	0.029343
33.16	0.029324
33.17	0.029305
33.18	0.029286
33.19	0.029267
33.2	0.029248
33.21	0.029229
33.22	0.02921
33.23	0.029191
33.24	0.029172
33.25	0.029154
33.26	0.029135
33.27	0.029116
33.28	0.029097
33.29	0.029078
33.3	0.029059
33.31	0.029041
33.32	0.029022
33.33	0.029003
33.34	0.028985
33.35	0.028966
33.36	0.028947
33.37	0.028929
33.38	0.02891
33.39	0.028891
33.4	0.028873
33.41	0.028854
33.42	0.028836
33.43	0.028817
33.44	0.028799
33.45	0.02878
33.46	0.028762
33.47	0.028743
33.48	0.028725
33.49	0.028706
33.5	0.028688
33.51	0.028669
33.52	0.028651
33.53	0.028633
33.54	0.028614
33.55	0.028596
33.56	0.028578
33.57	0.028559
33.58	0.028541
33.59	0.028523
33.6	0.028504
33.61	0.028486
33.62	0.028468
33.63	0.02845
33.64	0.028432
33.65	0.028414
33.66	0.028395
33.67	0.028377
33.68	0.028359
33.69	0.028341
33.7	0.028323
33.71	0.028305
33.72	0.028287
33.73	0.028269
33.74	0.028251
33.75	0.028233
33.76	0.028215
33.77	0.028197
33.78	0.028179
33.79	0.028161
33.8	0.028143
33.81	0.028125
33.82	0.028107
33.83	0.02809
33.84	0.028072
33.85	0.028054
33.86	0.028036
33.87	0.028018
33.88	0.028001
33.89	0.027983
33.9	0.027965
33.91	0.027947
33.92	0.02793
33.93	0.027912
33.94	0.027894
33.95	0.027877
33.96	0.027859
33.97	0.027841
33.98	0.027824
33.99	0.027806
34.0	0.027789
34.01	0.027771
34.02	0.027753
34.03	0.027736
34.04	0.027718
34.05	0.027701
34.06	0.027683
34.07	0.027666
34.08	0.027649
34.09	0.027631
34.1	0.027614
34.11	0.027596
34.12	0.027579
34.13	0.027562
34.14	0.027544
34.15	0.027527
34.16	0.02751
34.17	0.027492
34.18	0.027475
34.19	0.027458
34.2	0.027441
34.21	0.027423
34.22	0.027406
34.23	0.027389
34.24	0.027372
34.25	0.027355
34.26	0.027337
34.27	0.02732
34.28	0.027303
34.29	0.027286
34.3	0.027269
34.31	0.027252
34.32	0.027235
34.33	0.027218
34.34	0.027201
34.35	0.027184
34.36	0.027167
34.37	0.02715
34.38	0.027133
34.39	0.027116
34.4	0.027099
34.41	0.027082
34.42	0.027065
34.43	0.027048
34.44	0.027031
34.45	0.027015
34.46	0.026998
34.47	0.026981
34.48	0.026964
34.49	0.026947
34.5	0.026931
34.51	0.026914
34.52	0.026897
34.53	0.02688
34.54	0.026864
34.55	0.026847
34.56	0.02683
34.57	0.026814
34.58	0.026797
34.59	0.02678
34.6	0.026764
34.61	0.026747
34.62	0.026731
34.63	0.026714
34.64	0.026697
34.65	0.026681
34.66	0.026664
34.67	0.026648
34.68	0.026631
34.69	0.026615
34.7	0.026598
34.71	0.026582
34.72	0.026565
34.73	0.026549
34.74	0.026533
34.75	0.026516
34.76	0.0265
34.77	0.026483
34.78	0.026467
34.79	0.026451
34.8	0.026435
34.81	0.026418
34.82	0.026402
34.83	0.026386
34.84	0.026369
34.85	0.026353
34.86	0.026337
34.87	0.026321
34.88	0.026305
34.89	0.026288
34.9	0.026272
34.91	0.026256
34.92	0.02624
34.93	0.026224
34.94	0.026208
34.95	0.026192
34.96	0.026175
34.97	0.026159
34.98	0.026143
34.99	0.026127
35.0	0.026111
35.01	0.026095
35.02	0.026079
35.03	0.026063
35.04	0.026047
35.05	0.026031
35.06	0.026015
35.07	0.026
35.08	0.025984
35.09	0.025968
35.1	0.025952
35.11	0.025936
35.12	0.02592
35.13	0.025904
35.14	0.025888
35.15	0.025873
35.16	0.025857
35.17	0.025841
35.18	0.025825
35.19	0.02581
35.2	0.025794
35.21	0.025778
35.22	0.025762
35.23	0.025747
35.24	0.025731
35.25	0.025715
35.26	0.0257
35.27	0.025684
35.28	0.025669
35.29	0.025653
35.3	0.025637
35.31	0.025622
35.32	0.025606
35.33	0.025591
35.34	0.025575
35.35	0.02556
35.36	0.025544
35.37	0.025529
35.38	0.025513
35.39	0.025498
35.4	0.025482
35.41	0.025467
35.42	0.025451
35.43	0.025436
35.44	0.025421
35.45	0.025405
35.46	0.02539
35.47	0.025374
35.48	0.025359
35.49	0.025344
35.5	0.025328
35.51	0.025313
35.52	0.025298
35.53	0.025283
35.54	0.025267
35.55	0.025252
35.56	0.025237
35.57	0.025222
35.58	0.025206
35.59	0.025191
35.6	0.025176
35.61	0.025161
35.62	0.025146
35.63	0.025131
35.64	0.025115
35.65	0.0251
35.66	0.025085
35.67	0.02507
35.68	0.025055
35.69	0.02504
35.7	0.025025
35.71	0.02501
35.72	0.024995
35.73	0.02498
35.74	0.024965
35.75	0.02495
35.76	0.024935
35.77	0.02492
35.78	0.024905
35.79	0.02489
35.8	0.024875
35.81	0.02486
35.82	0.024846
35.83	0.024831
35.84	0.024816
35.85	0.024801
35.86	0.024786
35.87	0.024771
35.88	0.024757
35.89	0.024742
35.9	0.024727
35.91	0.024712
35.92	0.024697
35.93	0.024683
35.94	0.024668
35.95	0.024653
35.96	0.024639
35.97	0.024624
35.98	0.024609
35.99	0.024595
36.0	0.02458
36.01	0.024565
36.02	0.024551
36.03	0.024536
36.04	0.024521
36.05	0.024507
36.06	0.024492
36.07	0.024478
36.08	0.024463
36.09	0.024449
36.1	0.024434
36.11	0.02442
36.12	0.024405
36.13	0.024391
36.14	0.024376
36.15	0.024362
36.16	0.024347
36.17	0.024333
36.18	0.024318
36.19	0.024304
36.2	0.02429
36.21	0.024275
36.22	0.024261
36.23	0.024247
36.24	0.024232
36.25	0.024218
36.26	0.024204
36.27	0.024189
36.28	0.024175
36.29	0.024161
36.3	0.024146
36.31	0.024132
36.32	0.024118
36.33	0.024104
36.34	0.024089
36.35	0.024075
36.36	0.024061
36.37	0.024047
36.38	0.024033
36.39	0.024019
36.4	0.024004
36.41	0.02399
36.42	0.023976
36.43	0.023962
36.44	0.023948
36.45	0.023934
36.46	0.02392
36.47	0.023906
36.48	0.023892
36.49	0.023878
36.5	0.023864
36.51	0.02385
36.52	0.023836
36.53	0.023822
36.54	0.023808
36.55	0.023794
36.56	0.02378
36.57	0.023766
36.58	0.023752
36.59	0.023738
36.6	0.023724
36.61	0.02371
36.62	0.023696
36.63	0.023683
36.64	0.023669
36.65	0.023655
36.66	0.023641
36.67	0.023627
36.68	0.023613
36.69	0.0236
36.7	0.023586
36.71	0.023572
36.72	0.023558
36.73	0.023545
36.74	0.023531
36.75	0.023517
36.76	0.023504
36.77	0.02349
36.78	0.023476
36.79	0.023462
36.8	0.023449
36.81	0.023435
36.82	0.023422
36.83	0.023408
36.84	0.023394
36.85	0.023381
36.86	0.023367
36.87	0.023354
36.88	0.02334
36.89	0.023326
36.9	0.023313
36.91	0.023299
36.92	0.023286
36.93	0.023272
36.94	0.023259
36.95	0.023245
36.96	0.023232
36.97	0.023218
36.98	0.023205
36.99	0.023192
37.0	0.023178
37.01	0.023165
37.02	0.023151
37.03	0.023138
37.04	0.023125
37.05	0.023111
37.06	0.023098
37.07	0.023084
37.08	0.023071
37.09	0.023058
37.1	0.023045
37.11	0.023031
37.12	0.023018
37.13	0.023005
37.14	0.022991
37.15	0.022978
37.16	0.022965
37.17	0.022952
37.18	0.022938
37.19	0.022925
37.2	0.022912
37.21	0.022899
37.22	0.022886
37.23	0.022873
37.24	0.022859
37.25	0.022846
37.26	0.022833
37.27	0.02282
37.28	0.022807
37.29	0.022794
37.3	0.022781
37.31	0.022768
37.32	0.022755
37.33	0.022742
37.34	0.022729
37.35	0.022715
37.36	0.022702
37.37	0.022689
37.38	0.022676
37.39	0.022663
37.4	0.022651
37.41	0.022638
37.42	0.022625
37.43	0.022612
37.44	0.022599
37.45	0.022586
37.46	0.022573
37.47	0.02256
37.48	0.022547
37.49	0.022534
37.5	0.022521
37.51	0.022509
37.52	0.022496
37.53	0.022483
37.54	0.02247
37.55	0.022457
37.56	0.022444
37.57	0.022432
37.58	0.022419
37.59	0.022406
37.6	0.022393
37.61	0.022381
37.62	0.022368
37.63	0.022355
37.64	0.022342
37.65	0.02233
37.66	0.022317
37.67	0.022304
37.68	0.022292
37.69	0.022279
37.7	0.022266
37.71	0.022254
37.72	0.022241
37.73	0.022229
37.74	0.022216
37.75	0.022203
37.76	0.022191
37.77	0.022178
37.78	0.022166
37.79	0.022153
37.8	0.022141
37.81	0.022128
37.82	0.022115
37.83	0.022103
37.84	0.02209
37.85	0.022078
37.86	0.022066
37.87	0.022053
37.88	0.022041
37.89	0.022028
37.9	0.022016
37.91	0.022003
37.92	0.021991
37.93	0.021978
37.94	0.021966
37.95	0.021954
37.96	0.021941
37.97	0.021929
37.98	0.021917
37.99	0.021904
38.0	0.021892
38.01	0.02188
38.02	0.021867
38.03	0.021855
38.04	0.021843
38.05	0.02183
38.06	0.021818
38.07	0.021806
38.08	0.021794
38.09	0.021781
38.1	0.021769
38.11	0.021757
38.12	0.021745
38.13	0.021733
38.14	0.02172
38.15	0.021708
38.16	0.021696
38.17	0.021684
38.18	0.021672
38.19	0.02166
38.2	0.021647
38.21	0.021635
38.22	0.021623
38.23	0.021611
38.24	0.021599
38.25	0.021587
38.26	0.021575
38.27	0.021563
38.28	0.021551
38.29	0.021539
38.3	0.021527
38.31	0.021515
38.32	0.021503
38.33	0.021491
38.34	0.021479
38.35	0.021467
38.36	0.021455
38.37	0.021443
38.38	0.021431
38.39	0.021419
38.4	0.021407
38.41	0.021395
38.42	0.021383
38.43	0.021371
38.44	0.021359
38.45	0.021347
38.46	0.021336
38.47	0.021324
38.48	0.021312
38.49	0.0213
38.5	0.021288
38.51	0.021276
38.52	0.021265
38.53	0.021253
38.54	0.021241
38.55	0.021229
38.56	0.021217
38.57	0.021206
38.58	0.021194
38.59	0.021182
38.6	0.02117
38.61	0.021159
38.62	0.021147
38.63	0.021135
38.64	0.021124
38.65	0.021112
38.66	0.0211
38.67	0.021089
38.68	0.021077
38.69	0.021065
38.7	0.021054
38.71	0.021042
38.72	0.02103
38.73	0.021019
38.74	0.021007
38.75	0.020996
38.76	0.020984
38.77	0.020973
38.78	0.020961
38.79	0.020949
38.8	0.020938
38.81	0.020926
38.82	0.020915
38.83	0.020903
38.84	0.020892
38.85	0.02088
38.86	0.020869
38.87	0.020857
38.88	0.020846
38.89	0.020834
38.9	0.020823
38.91	0.020812
38.92	0.0208
38.93	0.020789
38.94	0.020777
38.95	0.020766
38.96	0.020754
38.97	0.020743
38.98	0.020732
38.99	0.02072
39.0	0.020709
39.01	0.020698
39.02	0.020686
39.03	0.020675
39.04	0.020664
39.05	0.020652
39.06	0.020641
39.07	0.02063
39.08	0.020618
39.09	0.020607
39.1	0.020596
39.11	0.020585
39.12	0.020573
39.13	0.020562
39.14	0.020551
39.15	0.02054
39.16	0.020529
39.17	0.020517
39.18	0.020506
39.19	0.020495
39.2	0.020484
39.21	0.020473
39.22	0.020462
39.23	0.02045
39.24	0.020439
39.25	0.020428
39.26	0.020417
39.27	0.020406
39.28	0.020395
39.29	0.020384
39.3	0.020373
39.31	0.020362
39.32	0.02035
39.33	0.020339
39.34	0.020328
39.35	0.020317
39.36	0.020306
39.37	0.020295
39.38	0.020284
39.39	0.020273
39.4	0.020262
39.41	0.020251
39.42	0.02024
39.43	0.020229
39.44	0.020218
39.45	0.020207
39.46	0.020197
39.47	0.020186
39.48	0.020175
39.49	0.020164
39.5	0.020153
39.51	0.020142
39.52	0.020131
39.53	0.02012
39.54	0.020109
39.55	0.020098
39.56	0.020088
39.57	0.020077
39.58	0.020066
39.59	0.020055
39.6	0.020044
39.61	0.020034
39.62	0.020023
39.63	0.020012
39.64	0.020001
39.65	0.01999
39.66	0.01998
39.67	0.019969
39.68	0.019958
39.69	0.019947
39.7	0.019937
39.71	0.019926
39.72	0.019915
39.73	0.019905
39.74	0.019894
39.75	0.019883
39.76	0.019872
39.77	0.019862
39.78	0.019851
39.79	0.01984
39.8	0.01983
39.81	0.019819
39.82	0.019809
39.83	0.019798
39.84	0.019787
39.85	0.019777
39.86	0.019766
39.87	0.019756
39.88	0.019745
39.89	0.019734
39.9	0.019724
39.91	0.019713
39.92	0.019703
39.93	0.019692
39.94	0.019682
39.95	0.019671
39.96	0.019661
39.97	0.01965
39.98	0.01964
39.99	0.019629
40.0	0.019619
40.01	0.019608
40.02	0.019598
40.03	0.019587
40.04	0.019577
40.05	0.019566
40.06	0.019556
40.07	0.019546
40.08	0.019535
40.09	0.019525
40.1	0.019514
40.11	0.019504
40.12	0.019494
40.13	0.019483
40.14	0.019473
40.15	0.019463
40.16	0.019452
40.17	0.019442
40.18	0.019432
40.19	0.019421
40.2	0.019411
40.21	0.019401
40.22	0.01939
40.23	0.01938
40.24	0.01937
40.25	0.019359
40.26	0.019349
40.27	0.019339
40.28	0.019329
40.29	0.019318
40.3	0.019308
40.31	0.019298
40.32	0.019288
40.33	0.019278
40.34	0.019267
40.35	0.019257
40.36	0.019247
40.37	0.019237
40.38	0.019227
40.39	0.019217
40.4	0.019206
40.41	0.019196
40.42	0.019186
40.43	0.019176
40.44	0.019166
40.45	0.019156
40.46	0.019146
40.47	0.019136
40.48	0.019125
40.49	0.019115
40.5	0.019105
40.51	0.019095
40.52	0.019085
40.53	0.019075
40.54	0.019065
40.55	0.019055
40.56	0.019045
40.57	0.019035
40.58	0.019025
40.59	0.019015
40.6	0.019005
40.61	0.018995
40.62	0.018985
40.63	0.018975
40.64	0.018965
40.65	0.018955
40.66	0.018945
40.67	0.018935
40.68	0.018925
40.69	0.018915
40.7	0.018906
40.71	0.018896
40.72	0.018886
40.73	0.018876
40.74	0.018866
40.75	0.018856
40.76	0.018846
40.77	0.018836
40.78	0.018827
40.79	0.018817
40.8	0.018807
40.81	0.018797
40.82	0.018787
40.83	0.018777
40.84	0.018768
40.85	0.018758
40.86	0.018748
40.87	0.018738
40.88	0.018728
40.89	0.018719
40.9	0.018709
40.91	0.018699
40.92	0.018689
40.93	0.01868
40.94	0.01867
40.95	0.01866
40.96	0.01865
40.97	0.018641
40.98	0.018631
40.99	0.018621
41.0	0.018612
41.01	0.018602
41.02	0.018592
41.03	0.018583
41.04	0.018573
41.05	0.018563
41.06	0.018554
41.07	0.018544
41.08	0.018534
41.09	0.018525
41.1	0.018515
41.11	0.018506
41.12	0.018496
41.13	0.018486
41.14	0.018477
41.15	0.018467
41.16	0.018458
41.17	0.018448
41.18	0.018439
41.19	0.018429
41.2	0.01842
41.21	0.01841
41.22	0.0184
41.23	0.018391
41.24	0.018381
41.25	0.018372
41.26	0.018362
41.27	0.018353
41.28	0.018343
41.29	0.018334
41.3	0.018325
41.31	0.018315
41.32	0.018306
41.33	0.018296
41.34	0.018287
41.35	0.018277
41.36	0.018268
41.37	0.018258
41.38	0.018249
41.39	0.01824
41.4	0.01823
41.41	0.018221
41.42	0.018212
41.43	0.018202
41.44	0.018193
41.45	0.018183
41.46	0.018174
41.47	0.018165
41.48	0.018155
41.49	0.018146
41.5	0.018137
41.51	0.018127
41.52	0.018118
41.53	0.018109
41.54	0.0181
41.55	0.01809
41.56	0.018081
41.57	0.018072
41.58	0.018062
41.59	0.018053
41.6	0.018044
41.61	0.018035
41.62	0.018025
41.63	0.018016
41.64	0.018007
41.65	0.017998
41.66	0.017989
41.67	0.017979
41.68	0.01797
41.69	0.017961
41.7	0.017952
41.71	0.017943
41.72	0.017934
41.73	0.017924
41.74	0.017915
41.75	0.017906
41.76	0.017897
41.77	0.017888
41.78	0.017879
41.79	0.01787
41.8	0.01786
41.81	0.017851
41.82	0.017842
41.83	0.017833
41.84	0.017824
41.85	0.017815
41.86	0.017806
41.87	0.017797
41.88	0.017788
41.89	0.017779
41.9	0.01777
41.91	0.017761
41.92	0.017752
41.93	0.017743
41.94	0.017734
41.95	0.017725
41.96	0.017716
41.97	0.017707
41.98	0.017698
41.99	0.017689
42.0	0.01768
42.01	0.017671
42.02	0.017662
42.03	0.017653
42.04	0.017644
42.05	0.017635
42.06	0.017626
42.07	0.017617
42.08	0.017608
42.09	0.017599
42.1	0.01759
42.11	0.017581
42.12	0.017573
42.13	0.017564
42.14	0.017555
42.15	0.017546
42.16	0.017537
42.17	0.017528
42.18	0.017519
42.19	0.017511
42.2	0.017502
42.21	0.017493
42.22	0.017484
42.23	0.017475
42.24	0.017466
42.25	0.017458
42.26	0.017449
42.27	0.01744
42.28	0.017431
42.29	0.017422
42.3	0.017414
42.31	0.017405
42.32	0.017396
42.33	0.017387
42.34	0.017379
42.35	0.01737
42.36	0.017361
42.37	0.017352
42.38	0.017344
42.39	0.017335
42.4	0.017326
42.41	0.017318
42.42	0.017309
42.43	0.0173
42.44	0.017292
42.45	0.017283
42.46	0.017274
42.47	0.017266
42.48	0.017257
42.49	0.017248
42.5	0.01724
42.51	0.017231
42.52	0.017222
42.53	0.017214
42.54	0.017205
42.55	0.017196
42.56	0.017188
42.57	0.017179
42.58	0.017171
42.59	0.017162
42.6	0.017154
42.61	0.017145
42.62	0.017136
42.63	0.017128
42.64	0.017119
42.65	0.017111
42.66	0.017102
42.67	0.017094
42.68	0.017085
42.69	0.017077
42.7	0.017068
42.71	0.01706
42.72	0.017051
42.73	0.017043
42.74	0.017034
42.75	0.017026
42.76	0.017017
42.77	0.017009
42.78	0.017
42.79	0.016992
42.8	0.016983
42.81	0.016975
42.82	0.016966
42.83	0.016958
42.84	0.01695
42.85	0.016941
42.86	0.016933
42.87	0.016924
42.88	0.016916
42.89	0.016908
42.9	0.016899
42.91	0.016891
42.92	0.016882
42.93	0.016874
42.94	0.016866
42.95	0.016857
42.96	0.016849
42.97	0.016841
42.98	0.016832
42.99	0.016824
43.0	0.016816
43.01	0.016807
43.02	0.016799
43.03	0.016791
43.04	0.016782
43.05	0.016774
43.06	0.016766
43.07	0.016757
43.08	0.016749
43.09	0.016741
43.1	0.016733
43.11	0.016724
43.12	0.016716
43.13	0.016708
43.14	0.0167
43.15	0.016691
43.16	0.016683
43.17	0.016675
43.18	0.016667
43.19	0.016659
43.2	0.01665
43.21	0.016642
43.22	0.016634
43.23	0.016626
43.24	0.016618
43.25	0.016609
43.26	0.016601
43.27	0.016593
43.28	0.016585
43.29	0.016577
43.3	0.016569
43.31	0.01656
43.32	0.016552
43.33	0.016544
43.34	0.016536
43.35	0.016528
43.36	0.01652
43.37	0.016512
43.38	0.016504
43.39	0.016496
43.4	0.016487
43.41	0.016479
43.42	0.016471
43.43	0.016463
43.44	0.016455
43.45	0.016447
43.46	0.016439
43.47	0.016431
43.48	0.016423
43.49	0.016415
43.5	0.016407
43.51	0.016399
43.52	0.016391
43.53	0.016383
43.54	0.016375
43.55	0.016367
43.56	0.016359
43.57	0.016351
43.58	0.016343
43.59	0.016335
43.6	0.016327
43.61	0.016319
43.62	0.016311
43.63	0.016303
43.64	0.016295
43.65	0.016287
43.66	0.016279
43.67	0.016271
43.68	0.016263
43.69	0.016256
43.7	0.016248
43.71	0.01624
43.72	0.016232
43.73	0.016224
43.74	0.016216
43.75	0.016208
43.76	0.0162
43.77	0.016192
43.78	0.016185
43.79	0.016177
43.8	0.016169
43.81	0.016161
43.82	0.016153
43.83	0.016145
43.84	0.016137
43.85	0.01613
43.86	0.016122
43.87	0.016114
43.88	0.016106
43.89	0.016098
43.9	0.016091
43.91	0.016083
43.92	0.016075
43.93	0.016067
43.94	0.016059
43.95	0.016052
43.96	0.016044
43.97	0.016036
43.98	0.016028
43.99	0.016021
44.0	0.016013
44.01	0.016005
44.02	0.015997
44.03	0.01599
44.04	0.015982
44.05	0.015974
44.06	0.015967
44.07	0.015959
44.08	0.015951
44.09	0.015943
44.1	0.015936
44.11	0.015928
44.12	0.01592
44.13	0.015913
44.14	0.015905
44.15	0.015897
44.16	0.01589
44.17	0.015882
44.18	0.015874
44.19	0.015867
44.2	0.015859
44.21	0.015852
44.22	0.015844
44.23	0.015836
44.24	0.015829
44.25	0.015821
44.26	0.015814
44.27	0.015806
44.28	0.015798
44.29	0.015791
44.3	0.015783
44.31	0.015776
44.32	0.015768
44.33	0.015761
44.34	0.015753
44.35	0.015745
44.36	0.015738
44.37	0.01573
44.38	0.015723
44.39	0.015715
44.4	0.015708
44.41	0.0157
44.42	0.015693
44.43	0.015685
44.44	0.015678
44.45	0.01567
44.46	0.015663
44.47	0.015655
44.48	0.015648
44.49	0.01564
44.5	0.015633
44.51	0.015625
44.52	0.015618
44.53	0.01561
44.54	0.015603
44.55	0.015596
44.56	0.015588
44.57	0.015581
44.58	0.015573
44.59	0.015566
44.6	0.015558
44.61	0.015551
44.62	0.015544
44.63	0.015536
44.64	0.015529
44.65	0.015521
44.66	0.015514
44.67	0.015507
44.68	0.015499
44.69	0.015492
44.7	0.015485
44.71	0.015477
44.72	0.01547
44.73	0.015462
44.74	0.015455
44.75	0.015448
44.76	0.01544
44.77	0.015433
44.78	0.015426
44.79	0.015418
44.8	0.015411
44.81	0.015404
44.82	0.015397
44.83	0.015389
44.84	0.015382
44.85	0.015375
44.86	0.015367
44.87	0.01536
44.88	0.015353
44.89	0.015346
44.9	0.015338
44.91	0.015331
44.92	0.015324
44.93	0.015317
44.94	0.015309
44.95	0.015302
44.96	0.015295
44.97	0.015288
44.98	0.01528
44.99	0.015273
45.0	0.015266
45.01	0.015259
45.02	0.015252
45.03	0.015244
45.04	0.015237
45.05	0.01523
45.06	0.015223
45.07	0.015216
45.08	0.015209
45.09	0.015201
45.1	0.015194
45.11	0.015187
45.12	0.01518
45.13	0.015173
45.14	0.015166
45.15	0.015158
45.16	0.015151
45.17	0.015144
45.18	0.015137
45.19	0.01513
45.2	0.015123
45.21	0.015116
45.22	0.015109
45.23	0.015102
45.24	0.015095
45.25	0.015087
45.26	0.01508
45.27	0.015073
45.28	0.015066
45.29	0.015059
45.3	0.015052
45.31	0.015045
45.32	0.015038
45.33	0.015031
45.34	0.015024
45.35	0.015017
45.36	0.01501
45.37	0.015003
45.38	0.014996
45.39	0.014989
45.4	0.014982
45.41	0.014975
45.42	0.014968
45.43	0.014961
45.44	0.014954
45.45	0.014947
45.46	0.01494
45.47	0.014933
45.48	0.014926
45.49	0.014919
45.5	0.014912
45.51	0.014905
45.52	0.014898
45.53	0.014891
45.54	0.014884
45.55	0.014877
45.56	0.01487
45.57	0.014863
45.58	0.014856
45.59	0.014849
45.6	0.014843
45.61	0.014836
45.62	0.014829
45.63	0.014822
45.64	0.014815
45.65	0.014808
45.66	0.014801
45.67	0.014794
45.68	0.014787
45.69	0.014781
45.7	0.014774
45.71	0.014767
45.72	0.01476
45.73	0.014753
45.74	0.014746
45.75	0.014739
45.76	0.014733
45.77	0.014726
45.78	0.014719
45.79	0.014712
45.8	0.014705
45.81	0.014698
45.82	0.014692
45.83	0.014685
45.84	0.014678
45.85	0.014671
45.86	0.014664
45.87	0.014658
45.88	0.014651
45.89	0.014644
45.9	0.014637
45.91	0.014631
45.92	0.014624
45.93	0.014617
45.94	0.01461
45.95	0.014604
45.96	0.014597
45.97	0.01459
45.98	0.014583
45.99	0.014577
46.0	0.01457
46.01	0.014563
46.02	0.014556
46.03	0.01455
46.04	0.014543
46.05	0.014536
46.06	0.01453
46.07	0.014523
46.08	0.014516
46.09	0.01451
46.1	0.014503
46.11	0.014496
46.12	0.01449
46.13	0.014483
46.14	0.014476
46.15	0.01447
46.16	0.014463
46.17	0.014456
46.18	0.01445
46.19	0.014443
46.2	0.014436
46.21	0.01443
46.22	0.014423
46.23	0.014417
46.24	0.01441
46.25	0.014403
46.26	0.014397
46.27	0.01439
46.28	0.014383
46.29	0.014377
46.3	0.01437
46.31	0.014364
46.32	0.014357
46.33	0.014351
46.34	0.014344
46.35	0.014337
46.36	0.014331
46.37	0.014324
46.38	0.014318
46.39	0.014311
46.4	0.014305
46.41	0.014298
46.42	0.014292
46.43	0.014285
46.44	0.014279
46.45	0.014272
46.46	0.014266
46.47	0.014259
46.48	0.014252
46.49	0.014246
46.5	0.014239
46.51	0.014233
46.52	0.014227
46.53	0.01422
46.54	0.014214
46.55	0.014207
46.56	0.014201
46.57	0.014194
46.58	0.014188
46.59	0.014181
46.6	0.014175
46.61	0.014168
46.62	0.014162
46.63	0.014155
46.64	0.014149
46.65	0.014143
46.66	0.014136
46.67	0.01413
46.68	0.014123
46.69	0.014117
46.7	0.01411
46.71	0.014104
46.72	0.014098
46.73	0.014091
46.74	0.014085
46.75	0.014078
46.76	0.014072
46.77	0.014066
46.78	0.014059
46.79	0.014053
46.8	0.014047
46.81	0.01404
46.82	0.014034
46.83	0.014028
46.84	0.014021
46.85	0.014015
46.86	0.014008
46.87	0.014002
46.88	0.013996
46.89	0.013989
46.9	0.013983
46.91	0.013977
46.92	0.013971
46.93	0.013964
46.94	0.013958
46.95	0.013952
46.96	0.013945
46.97	0.013939
46.98	0.013933
46.99	0.013926
47.0	0.01392
47.01	0.013914
47.02	0.013908
47.03	0.013901
47.04	0.013895
47.05	0.013889
47.06	0.013883
47.07	0.013876
47.08	0.01387
47.09	0.013864
47.1	0.013858
47.11	0.013851
47.12	0.013845
47.13	0.013839
47.14	0.013833
47.15	0.013826
47.16	0.01382
47.17	0.013814
47.18	0.013808
47.19	0.013802
47.2	0.013795
47.21	0.013789
47.22	0.013783
47.23	0.013777
47.24	0.013771
47.25	0.013764
47.26	0.013758
47.27	0.013752
47.28	0.013746
47.29	0.01374
47.3	0.013734
47.31	0.013727
47.32	0.013721
47.33	0.013715
47.34	0.013709
47.35	0.013703
47.36	0.013697
47.37	0.013691
47.38	0.013684
47.39	0.013678
47.4	0.013672
47.41	0.013666
47.42	0.01366
47.43	0.013654
47.44	0.013648
47.45	0.013642
47.46	0.013636
47.47	0.01363
47.48	0.013623
47.49	0.013617
47.5	0.013611
47.51	0.013605
47.52	0.013599
47.53	0.013593
47.54	0.013587
47.55	0.013581
47.56	0.013575
47.57	0.013569
47.58	0.013563
47.59	0.013557
47.6	0.013551
47.61	0.013545
47.62	0.013539
47.63	0.013533
47.64	0.013527
47.65	0.013521
47.66	0.013515
47.67	0.013509
47.68	0.013503
47.69	0.013497
47.7	0.013491
47.71	0.013485
47.72	0.013479
47.73	0.013473
47.74	0.013467
47.75	0.013461
47.76	0.013455
47.77	0.013449
47.78	0.013443
47.79	0.013437
47.8	0.013431
47.81	0.013425
47.82	0.013419
47.83	0.013413
47.84	0.013407
47.85	0.013401
47.86	0.013395
47.87	0.013389
47.88	0.013383
47.89	0.013377
47.9	0.013372
47.91	0.013366
47.92	0.01336
47.93	0.013354
47.94	0.013348
47.95	0.013342
47.96	0.013336
47.97	0.01333
47.98	0.013324
47.99	0.013319
48.0	0.013313
48.01	0.013307
48.02	0.013301
48.03	0.013295
48.04	0.013289
48.05	0.013283
48.06	0.013277
48.07	0.013272
48.08	0.013266
48.09	0.01326
48.1	0.013254
48.11	0.013248
48.12	0.013242
48.13	0.013237
48.14	0.013231
48.15	0.013225
48.16	0.013219
48.17	0.013213
48.18	0.013207
48.19	0.013202
48.2	0.013196
48.21	0.01319
48.22	0.013184
48.23	0.013179
48.24	0.013173
48.25	0.013167
48.26	0.013161
48.27	0.013155
48.28	0.01315
48.29	0.013144
48.3	0.013138
48.31	0.013132
48.32	0.013127
48.33	0.013121
48.34	0.013115
48.35	0.013109
48.36	0.013104
48.37	0.013098
48.38	0.013092
48.39	0.013086
48.4	0.013081
48.41	0.013075
48.42	0.013069
48.43	0.013064
48.44	0.013058
48.45	0.013052
48.46	0.013046
48.47	0.013041
48.48	0.013035
48.49	0.013029
48.5	0.013024
48.51	0.013018
48.52	0.013012
48.53	0.013007
48.54	0.013001
48.55	0.012995
48.56	0.01299
48.57	0.012984
48.58	0.012978
48.59	0.012973
48.6	0.012967
48.61	0.012961
48.62	0.012956
48.63	0.01295
48.64	0.012944
48.65	0.012939
48.66	0.012933
48.67	0.012927
48.68	0.012922
48.69	0.012916
48.7	0.012911
48.71	0.012905
48.72	0.012899
48.73	0.012894
48.74	0.012888
48.75	0.012883
48.76	0.012877
48.77	0.012871
48.78	0.012866
48.79	0.01286
48.8	0.012855
48.81	0.012849
48.82	0.012844
48.83	0.012838
48.84	0.012832
48.85	0.012827
48.86	0.012821
48.87	0.012816
48.88	0.01281
48.89	0.012805
48.9	0.012799
48.91	0.012794
48.92	0.012788
48.93	0.012782
48.94	0.012777
48.95	0.012771
48.96	0.012766
48.97	0.01276
48.98	0.012755
48.99	0.012749
49.0	0.012744
49.01	0.012738
49.02	0.012733
49.03	0.012727
49.04	0.012722
49.05	0.012716
49.06	0.012711
49.07	0.012705
49.08	0.0127
49.09	0.012694
49.1	0.012689
49.11	0.012684
49.12	0.012678
49.13	0.012673
49.14	0.012667
49.15	0.012662
49.16	0.012656
49.17	0.012651
49.18	0.012645
49.19	0.01264
49.2	0.012634
49.21	0.012629
49.22	0.012624
49.23	0.012618
49.24	0.012613
49.25	0.012607
49.26	0.012602
49.27	0.012597
49.28	0.012591
49.29	0.012586
49.3	0.01258
49.31	0.012575
49.32	0.01257
49.33	0.012564
49.34	0.012559
49.35	0.012553
49.36	0.012548
49.37	0.012543
49.38	0.012537
49.39	0.012532
49.4	0.012526
49.41	0.012521
49.42	0.012516
49.43	0.01251
49.44	0.012505
49.45	0.0125
49.46	0.012494
49.47	0.012489
49.48	0.012484
49.49	0.012478
49.5	0.012473
49.51	0.012468
49.52	0.012462
49.53	0.012457
49.54	0.012452
49.55	0.012446
49.56	0.012441
49.57	0.012436
49.58	0.01243
49.59	0.012425
49.6	0.01242
49.61	0.012415
49.62	0.012409
49.63	0.012404
49.64	0.012399
49.65	0.012393
49.66	0.012388
49.67	0.012383
49.68	0.012378
49.69	0.012372
49.7	0.012367
49.71	0.012362
49.72	0.012357
49.73	0.012351
49.74	0.012346
49.75	0.012341
49.76	0.012336
49.77	0.01233
49.78	0.012325
49.79	0.01232
49.8	0.012315
49.81	0.012309
49.82	0.012304
49.83	0.012299
49.84	0.012294
49.85	0.012288
49.86	0.012283
49.87	0.012278
49.88	0.012273
49.89	0.012268
49.9	0.012262
49.91	0.012257
49.92	0.012252
49.93	0.012247
49.94	0.012242
49.95	0.012237
49.96	0.012231
49.97	0.012226
49.98	0.012221
49.99	0.012216
50.0	0.012211
