eng	y_fit
0.01	0.7711
0.02	0.55605
0.03	0.46295
0.04	0.40877
0.05	0.37273
0.06	0.34684
0.07	0.3273
0.08	0.31203
0.09	0.2998
0.1	0.28981
0.11	0.28156
0.12	0.27465
0.13	0.26883
0.14	0.2639
0.15	0.2597
0.16	0.25740857142857143
0.17	0.2551171428571428
0.18	0.25282571428571426
0.19	0.2505342857142857
0.2	0.24824285714285713
0.21	0.24595142857142854
0.22	0.24366
0.23	0.24265
0.24	0.24186
0.25	0.24127
0.26	0.24087
0.27	0.24063
0.28	0.24055
0.29	0.24062
0.3	0.24082
0.31	0.24114
0.32	0.24159
0.33	0.24214
0.34	0.2428
0.35	0.24356
0.36	0.24441
0.37	0.24535
0.38	0.24638
0.39	0.24749
0.4	0.24868
0.41	0.24995
0.42	0.25129
0.43	0.2527
0.44	0.25418
0.45	0.25572
0.46	0.25734
0.47	0.25901
0.48	0.26075
0.49	0.26254
0.5	0.2644
0.51	0.26631
0.52	0.26828
0.53	0.27031
0.54	0.27239
0.55	0.27452
0.56	0.27671
0.57	0.27894
0.58	0.28123
0.59	0.28357
0.6	0.28597
0.61	0.28841
0.62	0.29089
0.63	0.29343
0.64	0.29602
0.65	0.29865
0.66	0.30133
0.67	0.30405
0.68	0.30682
0.69	0.30964
0.7	0.3125
0.71	0.3154
0.72	0.31835
0.73	0.32134
0.74	0.32437
0.75	0.32745
0.76	0.33057
0.77	0.33373
0.78	0.33693
0.79	0.34018
0.8	0.34346
0.81	0.34678
0.82	0.35014
0.83	0.35354
0.84	0.35698
0.85	0.36046
0.86	0.36397
0.87	0.36752
0.88	0.3711
0.89	0.37472
0.9	0.37838
0.91	0.38207
0.92	0.38579
0.93	0.38954
0.94	0.39333
0.95	0.39715
0.96	0.401
0.97	0.40487
0.98	0.40878
0.99	0.41271
1.0	0.41667
1.01	0.42066
1.02	0.42467
1.03	0.42871
1.04	0.43277
1.05	0.43685
1.06	0.44095
1.07	0.44507
1.08	0.44921
1.09	0.45337
1.1	0.45755
1.11	0.46174
1.12	0.46594
1.13	0.47016
1.14	0.47438
1.15	0.47862
1.16	0.48287
1.17	0.48712
1.18	0.49138
1.19	0.49564
1.2	0.49991
1.21	0.50418
1.22	0.50845
1.23	0.51271
1.24	0.51698
1.25	0.52124
1.26	0.52549
1.27	0.52973
1.28	0.53397
1.29	0.53819
1.3	0.5424
1.31	0.54659
1.32	0.55077
1.33	0.55493
1.34	0.55907
1.35	0.56319
1.36	0.56729
1.37	0.57136
1.38	0.57541
1.39	0.57943
1.4	0.58342
1.41	0.58737
1.42	0.5913
1.43	0.59519
1.44	0.59905
1.45	0.60287
1.46	0.60666
1.47	0.6104
1.48	0.61411
1.49	0.61777
1.5	0.62139
1.51	0.62497
1.52	0.62851
1.53	0.632
1.54	0.63545
1.55	0.63886
1.56	0.64222
1.57	0.64554
1.58	0.64881
1.59	0.65204
1.6	0.65522
1.61	0.65836
1.62	0.66146
1.63	0.66452
1.64	0.66754
1.65	0.67052
1.66	0.67346
1.67	0.67637
1.68	0.67925
1.69	0.6821
1.7	0.68492
1.71	0.68771
1.72	0.69048
1.73	0.69323
1.74	0.69597
1.75	0.69869
1.76	0.7014
1.77	0.70411
1.78	0.70681
1.79	0.70951
1.8	0.71221
1.81	0.71492
1.82	0.71763
1.83	0.72035
1.84	0.72308
1.85	0.72582
1.86	0.72857
1.87	0.73132
1.88	0.73408
1.89	0.73683
1.9	0.73958
1.91	0.74231
1.92	0.74501
1.93	0.74767
1.94	0.75028
1.95	0.75281
1.96	0.75526
1.97	0.75759
1.98	0.75979
1.99	0.76184
2.0	0.76373
2.01	0.76544
2.02	0.76697
2.03	0.76833
2.04	0.76951
2.05	0.77056
2.06	0.7715
2.07	0.77238
2.08	0.77325
2.09	0.77416
2.1	0.77518
2.11	0.77633
2.12	0.77766
2.13	0.77919
2.14	0.78092
2.15	0.78284
2.16	0.78492
2.17	0.78712
2.18	0.78939
2.19	0.79167
2.2	0.79392
2.21	0.79606
2.22	0.79805
2.23	0.79985
2.24	0.80142
2.25	0.80274
2.26	0.80379
2.27	0.80457
2.28	0.80512
2.29	0.80546
2.3	0.80564
2.31	0.80573
2.32	0.80579
2.33	0.80591
2.34	0.80617
2.35	0.80663
2.36	0.80735
2.37	0.80835
2.38	0.80964
2.39	0.81118
2.4	0.81289
2.41	0.81467
2.42	0.8164
2.43	0.81794
2.44	0.81918
2.45	0.82004
2.46	0.82047
2.47	0.82049
2.48	0.82018
2.49	0.81966
2.5	0.81908
2.51	0.81861
2.52	0.81842
2.53	0.81863
2.54	0.8193
2.55	0.82041
2.56	0.82185
2.57	0.82339
2.58	0.82476
2.59	0.82566
2.6	0.82589
2.61	0.82539
2.62	0.82434
2.63	0.82314
2.64	0.82234
2.65	0.8224
2.66	0.82349
2.67	0.82527
2.68	0.8268
2.69	0.82678
2.7	0.8247
2.71	0.82299
2.72	0.82706
2.73	0.82508
2.74	0.82501
2.75	0.82495
2.76	0.82488
2.77	0.82479
2.78	0.82468
2.79	0.82456
2.8	0.82441
2.81	0.82425
2.82	0.82407
2.83	0.82387
2.84	0.82365
2.85	0.82342
2.86	0.82317
2.87	0.8229
2.88	0.82262
2.89	0.82232
2.9	0.822
2.91	0.82167
2.92	0.82132
2.93	0.82095
2.94	0.82057
2.95	0.82017
2.96	0.81976
2.97	0.81933
2.98	0.81889
2.99	0.81843
3.0	0.81796
3.01	0.81747
3.02	0.81697
3.03	0.81646
3.04	0.81593
3.05	0.81539
3.06	0.81483
3.07	0.81426
3.08	0.81368
3.09	0.81308
3.1	0.81247
3.11	0.81185
3.12	0.81121
3.13	0.81057
3.14	0.80991
3.15	0.80923
3.16	0.80855
3.17	0.80786
3.18	0.80715
3.19	0.80643
3.2	0.8057
3.21	0.80496
3.22	0.80421
3.23	0.80344
3.24	0.80267
3.25	0.80188
3.26	0.80109
3.27	0.80028
3.28	0.79947
3.29	0.79864
3.3	0.7978
3.31	0.79696
3.32	0.7961
3.33	0.79524
3.34	0.79436
3.35	0.79348
3.36	0.79259
3.37	0.79169
3.38	0.79078
3.39	0.78986
3.4	0.78893
3.41	0.788
3.42	0.78705
3.43	0.7861
3.44	0.78514
3.45	0.78417
3.46	0.78319
3.47	0.78221
3.48	0.78122
3.49	0.78022
3.5	0.77921
3.51	0.7782
3.52	0.77718
3.53	0.77615
3.54	0.77512
3.55	0.77407
3.56	0.77303
3.57	0.77197
3.58	0.77091
3.59	0.76984
3.6	0.76877
3.61	0.76769
3.62	0.7666
3.63	0.76551
3.64	0.76441
3.65	0.76331
3.66	0.7622
3.67	0.76109
3.68	0.75997
3.69	0.75884
3.7	0.75771
3.71	0.75658
3.72	0.75543
3.73	0.75429
3.74	0.75314
3.75	0.75198
3.76	0.75082
3.77	0.74966
3.78	0.74849
3.79	0.74731
3.8	0.74613
3.81	0.74495
3.82	0.74377
3.83	0.74257
3.84	0.74138
3.85	0.74018
3.86	0.73898
3.87	0.73777
3.88	0.73656
3.89	0.73535
3.9	0.73413
3.91	0.73291
3.92	0.73168
3.93	0.73046
3.94	0.72922
3.95	0.72799
3.96	0.72675
3.97	0.72551
3.98	0.72427
3.99	0.72302
4.0	0.72177
4.01	0.72052
4.02	0.71927
4.03	0.71801
4.04	0.71675
4.05	0.71549
4.06	0.71422
4.07	0.71295
4.08	0.71168
4.09	0.71041
4.1	0.70914
4.11	0.70786
4.12	0.70658
4.13	0.7053
4.14	0.70402
4.15	0.70274
4.16	0.70145
4.17	0.70016
4.18	0.69887
4.19	0.69758
4.2	0.69629
4.21	0.69499
4.22	0.6937
4.23	0.6924
4.24	0.6911
4.25	0.6898
4.26	0.6885
4.27	0.6872
4.28	0.68589
4.29	0.68459
4.3	0.68328
4.31	0.68197
4.32	0.68066
4.33	0.67935
4.34	0.67804
4.35	0.67673
4.36	0.67542
4.37	0.67411
4.38	0.67279
4.39	0.67148
4.4	0.67016
4.41	0.66885
4.42	0.66753
4.43	0.66621
4.44	0.6649
4.45	0.66358
4.46	0.66226
4.47	0.66094
4.48	0.65962
4.49	0.6583
4.5	0.65698
4.51	0.65566
4.52	0.65434
4.53	0.65302
4.54	0.6517
4.55	0.65038
4.56	0.64906
4.57	0.64774
4.58	0.64642
4.59	0.6451
4.6	0.64378
4.61	0.64246
4.62	0.64114
4.63	0.63982
4.64	0.6385
4.65	0.63719
4.66	0.63587
4.67	0.63455
4.68	0.63323
4.69	0.63191
4.7	0.63059
4.71	0.62928
4.72	0.62796
4.73	0.62665
4.74	0.62533
4.75	0.62402
4.76	0.6227
4.77	0.62139
4.78	0.62008
4.79	0.61876
4.8	0.61745
4.81	0.61614
4.82	0.61483
4.83	0.61352
4.84	0.61221
4.85	0.61091
4.86	0.6096
4.87	0.6083
4.88	0.60699
4.89	0.60569
4.9	0.60438
4.91	0.60308
4.92	0.60178
4.93	0.60048
4.94	0.59918
4.95	0.59789
4.96	0.59659
4.97	0.59529
4.98	0.594
4.99	0.59271
5.0	0.59141
5.01	0.59012
5.02	0.58883
5.03	0.58755
5.04	0.58626
5.05	0.58497
5.06	0.58369
5.07	0.58241
5.08	0.58112
5.09	0.57984
5.1	0.57856
5.11	0.57729
5.12	0.57601
5.13	0.57474
5.14	0.57346
5.15	0.57219
5.16	0.57092
5.17	0.56965
5.18	0.56839
5.19	0.56712
5.2	0.56586
5.21	0.56459
5.22	0.56333
5.23	0.56207
5.24	0.56082
5.25	0.55956
5.26	0.5583
5.27	0.55705
5.28	0.5558
5.29	0.55455
5.3	0.5533
5.31	0.55206
5.32	0.55081
5.33	0.54957
5.34	0.54833
5.35	0.54709
5.36	0.54586
5.37	0.54462
5.38	0.54339
5.39	0.54215
5.4	0.54092
5.41	0.5397
5.42	0.53847
5.43	0.53725
5.44	0.53602
5.45	0.5348
5.46	0.53359
5.47	0.53237
5.48	0.53115
5.49	0.52994
5.5	0.52873
5.51	0.52752
5.52	0.52632
5.53	0.52511
5.54	0.52391
5.55	0.52271
5.56	0.52151
5.57	0.52031
5.58	0.51912
5.59	0.51792
5.6	0.51673
5.61	0.51554
5.62	0.51436
5.63	0.51317
5.64	0.51199
5.65	0.51081
5.66	0.50963
5.67	0.50846
5.68	0.50728
5.69	0.50611
5.7	0.50494
5.71	0.50377
5.72	0.50261
5.73	0.50144
5.74	0.50028
5.75	0.49912
5.76	0.49797
5.77	0.49681
5.78	0.49566
5.79	0.49451
5.8	0.49336
5.81	0.49222
5.82	0.49107
5.83	0.48993
5.84	0.48879
5.85	0.48765
5.86	0.48652
5.87	0.48539
5.88	0.48426
5.89	0.48313
5.9	0.482
5.91	0.48088
5.92	0.47976
5.93	0.47864
5.94	0.47752
5.95	0.4764
5.96	0.47529
5.97	0.47418
5.98	0.47307
5.99	0.47197
6.0	0.47086
6.01	0.46976
6.02	0.46866
6.03	0.46757
6.04	0.46647
6.05	0.46538
6.06	0.46429
6.07	0.4632
6.08	0.46212
6.09	0.46103
6.1	0.45995
6.11	0.45888
6.12	0.4578
6.13	0.45673
6.14	0.45565
6.15	0.45458
6.16	0.45352
6.17	0.45245
6.18	0.45139
6.19	0.45033
6.2	0.44927
6.21	0.44822
6.22	0.44716
6.23	0.44611
6.24	0.44506
6.25	0.44402
6.26	0.44297
6.27	0.44193
6.28	0.44089
6.29	0.43985
6.3	0.43882
6.31	0.43779
6.32	0.43675
6.33	0.43573
6.34	0.4347
6.35	0.43368
6.36	0.43266
6.37	0.43164
6.38	0.43062
6.39	0.4296
6.4	0.42859
6.41	0.42758
6.42	0.42657
6.43	0.42557
6.44	0.42457
6.45	0.42356
6.46	0.42257
6.47	0.42157
6.48	0.42057
6.49	0.41958
6.5	0.41859
6.51	0.41761
6.52	0.41662
6.53	0.41564
6.54	0.41466
6.55	0.41368
6.56	0.4127
6.57	0.41173
6.58	0.41075
6.59	0.40978
6.6	0.40882
6.61	0.40785
6.62	0.40689
6.63	0.40593
6.64	0.40497
6.65	0.40401
6.66	0.40306
6.67	0.4021
6.68	0.40115
6.69	0.40021
6.7	0.39926
6.71	0.39832
6.72	0.39737
6.73	0.39644
6.74	0.3955
6.75	0.39456
6.76	0.39363
6.77	0.3927
6.78	0.39177
6.79	0.39084
6.8	0.38992
6.81	0.389
6.82	0.38808
6.83	0.38716
6.84	0.38624
6.85	0.38533
6.86	0.38442
6.87	0.38351
6.88	0.3826
6.89	0.38169
6.9	0.38079
6.91	0.37989
6.92	0.37899
6.93	0.37809
6.94	0.3772
6.95	0.3763
6.96	0.37541
6.97	0.37452
6.98	0.37363
6.99	0.37275
7.0	0.37187
7.01	0.37099
7.02	0.37011
7.03	0.36923
7.04	0.36835
7.05	0.36748
7.06	0.36661
7.07	0.36574
7.08	0.36487
7.09	0.36401
7.1	0.36315
7.11	0.36228
7.12	0.36142
7.13	0.36057
7.14	0.35971
7.15	0.35886
7.16	0.35801
7.17	0.35716
7.18	0.35631
7.19	0.35546
7.2	0.35462
7.21	0.35378
7.22	0.35294
7.23	0.3521
7.24	0.35126
7.25	0.35043
7.26	0.3496
7.27	0.34877
7.28	0.34794
7.29	0.34711
7.3	0.34629
7.31	0.34547
7.32	0.34464
7.33	0.34383
7.34	0.34301
7.35	0.34219
7.36	0.34138
7.37	0.34057
7.38	0.33976
7.39	0.33895
7.4	0.33814
7.41	0.33734
7.42	0.33654
7.43	0.33574
7.44	0.33494
7.45	0.33414
7.46	0.33335
7.47	0.33255
7.48	0.33176
7.49	0.33097
7.5	0.33019
7.51	0.3294
7.52	0.32862
7.53	0.32783
7.54	0.32705
7.55	0.32627
7.56	0.3255
7.57	0.32472
7.58	0.32395
7.59	0.32318
7.6	0.32241
7.61	0.32164
7.62	0.32087
7.63	0.32011
7.64	0.31935
7.65	0.31859
7.66	0.31783
7.67	0.31707
7.68	0.31632
7.69	0.31556
7.7	0.31481
7.71	0.31406
7.72	0.31331
7.73	0.31257
7.74	0.31182
7.75	0.31108
7.76	0.31034
7.77	0.3096
7.78	0.30886
7.79	0.30812
7.8	0.30739
7.81	0.30666
7.82	0.30593
7.83	0.3052
7.84	0.30447
7.85	0.30375
7.86	0.30302
7.87	0.3023
7.88	0.30158
7.89	0.30086
7.9	0.30014
7.91	0.29943
7.92	0.29872
7.93	0.29801
7.94	0.2973
7.95	0.29659
7.96	0.29588
7.97	0.29518
7.98	0.29447
7.99	0.29377
8.0	0.29307
8.01	0.29238
8.02	0.29168
8.03	0.29099
8.04	0.29029
8.05	0.2896
8.06	0.28892
8.07	0.28823
8.08	0.28754
8.09	0.28686
8.1	0.28618
8.11	0.2855
8.12	0.28482
8.13	0.28414
8.14	0.28347
8.15	0.28279
8.16	0.28212
8.17	0.28145
8.18	0.28079
8.19	0.28012
8.2	0.27945
8.21	0.27879
8.22	0.27813
8.23	0.27747
8.24	0.27681
8.25	0.27616
8.26	0.2755
8.27	0.27485
8.28	0.2742
8.29	0.27355
8.3	0.2729
8.31	0.27226
8.32	0.27162
8.33	0.27097
8.34	0.27033
8.35	0.26969
8.36	0.26906
8.37	0.26842
8.38	0.26779
8.39	0.26716
8.4	0.26653
8.41	0.2659
8.42	0.26527
8.43	0.26465
8.44	0.26402
8.45	0.2634
8.46	0.26278
8.47	0.26217
8.48	0.26155
8.49	0.26093
8.5	0.26032
8.51	0.25971
8.52	0.2591
8.53	0.25849
8.54	0.25789
8.55	0.25728
8.56	0.25668
8.57	0.25608
8.58	0.25548
8.59	0.25488
8.6	0.25429
8.61	0.25369
8.62	0.2531
8.63	0.25251
8.64	0.25192
8.65	0.25133
8.66	0.25075
8.67	0.25016
8.68	0.24958
8.69	0.249
8.7	0.24842
8.71	0.24784
8.72	0.24727
8.73	0.2467
8.74	0.24612
8.75	0.24555
8.76	0.24498
8.77	0.24442
8.78	0.24385
8.79	0.24329
8.8	0.24273
8.81	0.24216
8.82	0.24161
8.83	0.24105
8.84	0.24049
8.85	0.23994
8.86	0.23939
8.87	0.23884
8.88	0.23829
8.89	0.23774
8.9	0.23719
8.91	0.23665
8.92	0.23611
8.93	0.23557
8.94	0.23503
8.95	0.23449
8.96	0.23395
8.97	0.23342
8.98	0.23289
8.99	0.23236
9.0	0.23183
9.01	0.2313
9.02	0.23077
9.03	0.23025
9.04	0.22972
9.05	0.2292
9.06	0.22868
9.07	0.22817
9.08	0.22765
9.09	0.22713
9.1	0.22662
9.11	0.22611
9.12	0.2256
9.13	0.22509
9.14	0.22458
9.15	0.22407
9.16	0.22357
9.17	0.22307
9.18	0.22257
9.19	0.22207
9.2	0.22157
9.21	0.22107
9.22	0.22058
9.23	0.22008
9.24	0.21959
9.25	0.2191
9.26	0.21861
9.27	0.21812
9.28	0.21764
9.29	0.21715
9.3	0.21667
9.31	0.21619
9.32	0.21571
9.33	0.21523
9.34	0.21475
9.35	0.21428
9.36	0.2138
9.37	0.21333
9.38	0.21286
9.39	0.21239
9.4	0.21192
9.41	0.21145
9.42	0.21099
9.43	0.21052
9.44	0.21006
9.45	0.2096
9.46	0.20914
9.47	0.20868
9.48	0.20822
9.49	0.20777
9.5	0.20731
9.51	0.20686
9.52	0.20641
9.53	0.20596
9.54	0.20551
9.55	0.20506
9.56	0.20462
9.57	0.20417
9.58	0.20373
9.59	0.20329
9.6	0.20285
9.61	0.20241
9.62	0.20197
9.63	0.20153
9.64	0.2011
9.65	0.20066
9.66	0.20023
9.67	0.1998
9.68	0.19937
9.69	0.19894
9.7	0.19852
9.71	0.19809
9.72	0.19767
9.73	0.19724
9.74	0.19682
9.75	0.1964
9.76	0.19598
9.77	0.19557
9.78	0.19515
9.79	0.19474
9.8	0.19432
9.81	0.19391
9.82	0.1935
9.83	0.19309
9.84	0.19269
9.85	0.19228
9.86	0.19188
9.87	0.19147
9.88	0.19107
9.89	0.19067
9.9	0.19028
9.91	0.18988
9.92	0.18949
9.93	0.18909
9.94	0.1887
9.95	0.18831
9.96	0.18793
9.97	0.18755
9.98	0.18716
9.99	0.18679
10.0	0.18641
10.01	0.18604
10.02	0.18567
10.03	0.1853
10.04	0.18494
10.05	0.18459
10.06	0.18424
10.07	0.18389
10.08	0.18355
10.09	0.18323
10.1	0.18291
10.11	0.1826
10.12	0.18231
10.13	0.18204
10.14	0.18179
10.15	0.18158
10.16	0.1814
10.17	0.18128
10.18	0.18123
10.19	0.1809
10.2	0.18057
10.21	0.18024
10.22	0.17991000000000001
10.23	0.17958
10.24	0.17925
10.25	0.17892
10.26	0.17859
10.27	0.17826000000000003
10.28	0.17793
10.29	0.17759999999999998
10.3	0.17726999999999998
10.31	0.17694
10.32	0.17661
10.33	0.17628
10.34	0.17595
10.35	0.17561999999999997
10.36	0.17529
10.37	0.17496
10.38	0.17462999999999998
10.39	0.17429999999999998
10.4	0.17396999999999999
10.41	0.17364
10.42	0.17296
10.43	0.17236
10.44	0.17181
10.45	0.1713
10.46	0.17082
10.47	0.17037
10.48	0.16995
10.49	0.16954
10.5	0.16916
10.51	0.1688
10.52	0.16846
10.53	0.16815
10.54	0.16788
10.55	0.16767
10.56	0.16754
10.57	0.16756
10.58	0.16784
10.59	0.16717666666666667
10.6	0.16651333333333335
10.61	0.16585
10.62	0.16437
10.63	0.16363
10.64	0.16317
10.65	0.1628
10.66	0.16246
10.67	0.16213
10.68	0.16181
10.69	0.16149
10.7	0.16117
10.71	0.16085
10.72	0.16053
10.73	0.16021
10.74	0.15988
10.75	0.15956
10.76	0.15924
10.77	0.15892
10.78	0.1586
10.79	0.15828
10.8	0.15796
10.81	0.15765
10.82	0.15733
10.83	0.15701
10.84	0.15669
10.85	0.15638
10.86	0.15606
10.87	0.15575
10.88	0.15543
10.89	0.15511
10.9	0.1548
10.91	0.15449
10.92	0.15418
10.93	0.15387
10.94	0.15356
10.95	0.15325
10.96	0.15294
10.97	0.15263
10.98	0.15232
10.99	0.15202
11.0	0.15171
11.01	0.15141
11.02	0.1511
11.03	0.1508
11.04	0.1505
11.05	0.15019
11.06	0.14989
11.07	0.14959
11.08	0.1493
11.09	0.149
11.1	0.14872
11.11	0.14844
11.12	0.14819
11.13	0.14799
11.14	0.14788
11.15	0.148
11.16	0.14838
11.17	0.14847
11.18	0.14786
11.19	0.14715
11.2	0.14656
11.21	0.14609
11.22	0.14568
11.23	0.14531
11.24	0.14496
11.25	0.14463
11.26	0.14431
11.27	0.144
11.28	0.14369
11.29	0.14339
11.3	0.14309
11.31	0.14279
11.32	0.1425
11.33	0.1422
11.34	0.14191
11.35	0.14162
11.36	0.14133
11.37	0.14104
11.38	0.14076
11.39	0.14049
11.4	0.14024
11.41	0.14006
11.42	0.13997
11.43	0.13989
11.44	0.13968
11.45	0.13936
11.46	0.13903
11.47	0.1387
11.48	0.13839
11.49	0.13809
11.5	0.1378
11.51	0.13751
11.52	0.13723
11.53	0.13695
11.54	0.13668
11.55	0.13641
11.56	0.13614
11.57	0.13588
11.58	0.13562
11.59	0.13536
11.6	0.13511
11.61	0.13486
11.62	0.13461
11.63	0.13437
11.64	0.13413
11.65	0.13389
11.66	0.13363
11.67	0.13333
11.68	0.133
11.69	0.13268
11.7	0.13237
11.71	0.1321
11.72	0.13184
11.73	0.13159
11.74	0.13134
11.75	0.1311
11.76	0.13086
11.77	0.13062
11.78	0.13039
11.79	0.13015
11.8	0.12992
11.81	0.1297
11.82	0.12947
11.83	0.12925
11.84	0.12904
11.85	0.12884
11.86	0.12864
11.87	0.12845
11.88	0.12826
11.89	0.12806
11.9	0.12785
11.91	0.12758
11.92	0.12725
11.93	0.12688
11.94	0.12651
11.95	0.12617
11.96	0.12587
11.97	0.12559
11.98	0.12534
11.99	0.12509
12.0	0.12486
12.01	0.12463
12.02	0.1244
12.03	0.12419
12.04	0.12397
12.05	0.12376
12.06	0.12356
12.07	0.12336
12.08	0.12316
12.09	0.12298
12.1	0.12281
12.11	0.12264
12.12	0.12248
12.13	0.12232
12.14	0.12213
12.15	0.1219
12.16	0.12161
12.17	0.12127
12.18	0.12092
12.19	0.12059
12.2	0.12028
12.21	0.12
12.22	0.11974
12.23	0.11949
12.24	0.11926
12.25	0.11903
12.26	0.11881
12.27	0.1186
12.28	0.1184
12.29	0.1182
12.3	0.11801
12.31	0.11783
12.32	0.11766
12.33	0.1175
12.34	0.11735
12.35	0.11722
12.36	0.11708
12.37	0.1169
12.38	0.11666
12.39	0.11635
12.4	0.11602
12.41	0.11569
12.42	0.1154
12.43	0.11512
12.44	0.11487
12.45	0.11464
12.46	0.11442
12.47	0.1142
12.48	0.114
12.49	0.1138
12.5	0.11361
12.51	0.11343
12.52	0.11327
12.53	0.11312
12.54	0.11299
12.55	0.11287
12.56	0.11272
12.57	0.11251
12.58	0.11224
12.59	0.11193
12.6	0.11164
12.61	0.11136
12.62	0.11111
12.63	0.11088
12.64	0.11066
12.65	0.11045
12.66	0.11025
12.67	0.11006
12.68	0.10989
12.69	0.10973
12.7	0.10959
12.71	0.10947
12.72	0.10933
12.73	0.10913
12.74	0.10886
12.75	0.10858
12.76	0.10831
12.77	0.10807
12.78	0.10785
12.79	0.10765
12.8	0.10746
12.81	0.1073
12.82	0.10716
12.83	0.10705
12.84	0.1069
12.85	0.10664
12.86	0.10635
12.87	0.1061
12.88	0.1059
12.89	0.10576
12.9	0.10574
12.91	0.10537
12.92	0.10521
12.93	0.105
12.94	0.10481
12.95	0.10462
12.96	0.10443
12.97	0.10424
12.98	0.10405
12.99	0.10386
13.0	0.10367
13.01	0.10349
13.02	0.1033
13.03	0.10311
13.04	0.10293
13.05	0.10274
13.06	0.10256
13.07	0.10237
13.08	0.10219
13.09	0.102
13.1	0.10182
13.11	0.10164
13.12	0.10145
13.13	0.10127
13.14	0.10109
13.15	0.10091
13.16	0.10073
13.17	0.10055
13.18	0.10037
13.19	0.10019
13.2	0.10001
13.21	0.099833
13.22	0.099655
13.23	0.099478
13.24	0.099301
13.25	0.099124
13.26	0.098948
13.27	0.098773
13.28	0.098597
13.29	0.098422
13.3	0.098248
13.31	0.098074
13.32	0.097901
13.33	0.097728
13.34	0.097555
13.35	0.097383
13.36	0.097212
13.37	0.09704
13.38	0.096869
13.39	0.096699
13.4	0.096529
13.41	0.096359
13.42	0.09619
13.43	0.096021
13.44	0.095853
13.45	0.095685
13.46	0.095517
13.47	0.09535
13.48	0.095184
13.49	0.095018
13.5	0.094852
13.51	0.094686
13.52	0.094521
13.53	0.094356
13.54	0.094192
13.55	0.094028
13.56	0.093865
13.57	0.093702
13.58	0.093539
13.59	0.093377
13.6	0.093215
13.61	0.093054
13.62	0.092893
13.63	0.092732
13.64	0.092572
13.65	0.092412
13.66	0.092253
13.67	0.092094
13.68	0.091935
13.69	0.091777
13.7	0.091619
13.71	0.091461
13.72	0.091304
13.73	0.091147
13.74	0.090991
13.75	0.090835
13.76	0.090679
13.77	0.090524
13.78	0.090369
13.79	0.090215
13.8	0.090061
13.81	0.089907
13.82	0.089754
13.83	0.089601
13.84	0.089448
13.85	0.089296
13.86	0.089144
13.87	0.088992
13.88	0.088841
13.89	0.08869
13.9	0.08854
13.91	0.08839
13.92	0.08824
13.93	0.088091
13.94	0.087942
13.95	0.087793
13.96	0.087645
13.97	0.087497
13.98	0.08735
13.99	0.087203
14.0	0.087056
14.01	0.086909
14.02	0.086763
14.03	0.086617
14.04	0.086472
14.05	0.086327
14.06	0.086182
14.07	0.086038
14.08	0.085894
14.09	0.08575
14.1	0.085607
14.11	0.085464
14.12	0.085321
14.13	0.085179
14.14	0.085037
14.15	0.084895
14.16	0.084753
14.17	0.084612
14.18	0.084472
14.19	0.084331
14.2	0.084191
14.21	0.084052
14.22	0.083912
14.23	0.083773
14.24	0.083635
14.25	0.083496
14.26	0.083358
14.27	0.083221
14.28	0.083083
14.29	0.082946
14.3	0.082809
14.31	0.082673
14.32	0.082537
14.33	0.082401
14.34	0.082266
14.35	0.082131
14.36	0.081996
14.37	0.081861
14.38	0.081727
14.39	0.081593
14.4	0.08146
14.41	0.081326
14.42	0.081193
14.43	0.081061
14.44	0.080928
14.45	0.080796
14.46	0.080665
14.47	0.080533
14.48	0.080402
14.49	0.080271
14.5	0.080141
14.51	0.080011
14.52	0.079881
14.53	0.079751
14.54	0.079622
14.55	0.079493
14.56	0.079364
14.57	0.079236
14.58	0.079108
14.59	0.07898
14.6	0.078852
14.61	0.078725
14.62	0.078598
14.63	0.078471
14.64	0.078345
14.65	0.078219
14.66	0.078093
14.67	0.077968
14.68	0.077843
14.69	0.077718
14.7	0.077593
14.71	0.077469
14.72	0.077345
14.73	0.077221
14.74	0.077097
14.75	0.076974
14.76	0.076851
14.77	0.076729
14.78	0.076606
14.79	0.076484
14.8	0.076362
14.81	0.076241
14.82	0.07612
14.83	0.075999
14.84	0.075878
14.85	0.075757
14.86	0.075637
14.87	0.075517
14.88	0.075398
14.89	0.075278
14.9	0.075159
14.91	0.07504
14.92	0.074922
14.93	0.074804
14.94	0.074686
14.95	0.074568
14.96	0.07445
14.97	0.074333
14.98	0.074216
14.99	0.074099
15.0	0.073983
15.01	0.073867
15.02	0.073751
15.03	0.073635
15.04	0.07352
15.05	0.073405
15.06	0.07329
15.07	0.073175
15.08	0.073061
15.09	0.072947
15.1	0.072833
15.11	0.072719
15.12	0.072606
15.13	0.072493
15.14	0.07238
15.15	0.072267
15.16	0.072155
15.17	0.072043
15.18	0.071931
15.19	0.071819
15.2	0.071708
15.21	0.071597
15.22	0.071486
15.23	0.071375
15.24	0.071265
15.25	0.071155
15.26	0.071045
15.27	0.070935
15.28	0.070826
15.29	0.070717
15.3	0.070608
15.31	0.070499
15.32	0.070391
15.33	0.070282
15.34	0.070174
15.35	0.070067
15.36	0.069959
15.37	0.069852
15.38	0.069745
15.39	0.069638
15.4	0.069531
15.41	0.069425
15.42	0.069319
15.43	0.069213
15.44	0.069107
15.45	0.069002
15.46	0.068897
15.47	0.068792
15.48	0.068687
15.49	0.068583
15.5	0.068478
15.51	0.068374
15.52	0.068271
15.53	0.068167
15.54	0.068064
15.55	0.06796
15.56	0.067857
15.57	0.067755
15.58	0.067652
15.59	0.06755
15.6	0.067448
15.61	0.067346
15.62	0.067244
15.63	0.067143
15.64	0.067042
15.65	0.066941
15.66	0.06684
15.67	0.06674
15.68	0.066639
15.69	0.066539
15.7	0.066439
15.71	0.06634
15.72	0.06624
15.73	0.066141
15.74	0.066042
15.75	0.065943
15.76	0.065845
15.77	0.065746
15.78	0.065648
15.79	0.06555
15.8	0.065452
15.81	0.065355
15.82	0.065257
15.83	0.06516
15.84	0.065063
15.85	0.064967
15.86	0.06487
15.87	0.064774
15.88	0.064678
15.89	0.064582
15.9	0.064486
15.91	0.06439
15.92	0.064295
15.93	0.0642
15.94	0.064105
15.95	0.06401
15.96	0.063916
15.97	0.063821
15.98	0.063727
15.99	0.063633
16.0	0.06354
16.01	0.063446
16.02	0.063353
16.03	0.06326
16.04	0.063167
16.05	0.063074
16.06	0.062982
16.07	0.062889
16.08	0.062797
16.09	0.062705
16.1	0.062613
16.11	0.062522
16.12	0.06243
16.13	0.062339
16.14	0.062248
16.15	0.062157
16.16	0.062067
16.17	0.061976
16.18	0.061886
16.19	0.061796
16.2	0.061706
16.21	0.061616
16.22	0.061527
16.23	0.061437
16.24	0.061348
16.25	0.061259
16.26	0.061171
16.27	0.061082
16.28	0.060994
16.29	0.060905
16.3	0.060817
16.31	0.060729
16.32	0.060642
16.33	0.060554
16.34	0.060467
16.35	0.06038
16.36	0.060293
16.37	0.060206
16.38	0.060119
16.39	0.060033
16.4	0.059947
16.41	0.059861
16.42	0.059775
16.43	0.059689
16.44	0.059603
16.45	0.059518
16.46	0.059433
16.47	0.059348
16.48	0.059263
16.49	0.059178
16.5	0.059094
16.51	0.05901
16.52	0.058925
16.53	0.058841
16.54	0.058758
16.55	0.058674
16.56	0.05859
16.57	0.058507
16.58	0.058424
16.59	0.058341
16.6	0.058258
16.61	0.058176
16.62	0.058093
16.63	0.058011
16.64	0.057929
16.65	0.057847
16.66	0.057765
16.67	0.057683
16.68	0.057602
16.69	0.05752
16.7	0.057439
16.71	0.057358
16.72	0.057277
16.73	0.057197
16.74	0.057116
16.75	0.057036
16.76	0.056956
16.77	0.056876
16.78	0.056796
16.79	0.056716
16.8	0.056637
16.81	0.056557
16.82	0.056478
16.83	0.056399
16.84	0.05632
16.85	0.056241
16.86	0.056163
16.87	0.056084
16.88	0.056006
16.89	0.055928
16.9	0.05585
16.91	0.055772
16.92	0.055695
16.93	0.055617
16.94	0.05554
16.95	0.055463
16.96	0.055386
16.97	0.055309
16.98	0.055232
16.99	0.055155
17.0	0.055079
17.01	0.055003
17.02	0.054927
17.03	0.054851
17.04	0.054775
17.05	0.054699
17.06	0.054624
17.07	0.054548
17.08	0.054473
17.09	0.054398
17.1	0.054323
17.11	0.054248
17.12	0.054174
17.13	0.054099
17.14	0.054025
17.15	0.053951
17.16	0.053877
17.17	0.053803
17.18	0.053729
17.19	0.053655
17.2	0.053582
17.21	0.053508
17.22	0.053435
17.23	0.053362
17.24	0.053289
17.25	0.053217
17.26	0.053144
17.27	0.053072
17.28	0.052999
17.29	0.052927
17.3	0.052855
17.31	0.052783
17.32	0.052711
17.33	0.05264
17.34	0.052568
17.35	0.052497
17.36	0.052426
17.37	0.052355
17.38	0.052284
17.39	0.052213
17.4	0.052142
17.41	0.052072
17.42	0.052001
17.43	0.051931
17.44	0.051861
17.45	0.051791
17.46	0.051721
17.47	0.051651
17.48	0.051582
17.49	0.051512
17.5	0.051443
17.51	0.051374
17.52	0.051305
17.53	0.051236
17.54	0.051167
17.55	0.051098
17.56	0.05103
17.57	0.050962
17.58	0.050893
17.59	0.050825
17.6	0.050757
17.61	0.050689
17.62	0.050622
17.63	0.050554
17.64	0.050486
17.65	0.050419
17.66	0.050352
17.67	0.050285
17.68	0.050218
17.69	0.050151
17.7	0.050084
17.71	0.050018
17.72	0.049951
17.73	0.049885
17.74	0.049819
17.75	0.049753
17.76	0.049687
17.77	0.049621
17.78	0.049555
17.79	0.04949
17.8	0.049424
17.81	0.049359
17.82	0.049294
17.83	0.049229
17.84	0.049164
17.85	0.049099
17.86	0.049034
17.87	0.04897
17.88	0.048905
17.89	0.048841
17.9	0.048777
17.91	0.048712
17.92	0.048649
17.93	0.048585
17.94	0.048521
17.95	0.048457
17.96	0.048394
17.97	0.04833
17.98	0.048267
17.99	0.048204
18.0	0.048141
18.01	0.048078
18.02	0.048015
18.03	0.047953
18.04	0.04789
18.05	0.047828
18.06	0.047765
18.07	0.047703
18.08	0.047641
18.09	0.047579
18.1	0.047517
18.11	0.047455
18.12	0.047394
18.13	0.047332
18.14	0.047271
18.15	0.04721
18.16	0.047149
18.17	0.047087
18.18	0.047027
18.19	0.046966
18.2	0.046905
18.21	0.046844
18.22	0.046784
18.23	0.046724
18.24	0.046663
18.25	0.046603
18.26	0.046543
18.27	0.046483
18.28	0.046423
18.29	0.046364
18.3	0.046304
18.31	0.046245
18.32	0.046185
18.33	0.046126
18.34	0.046067
18.35	0.046008
18.36	0.045949
18.37	0.04589
18.38	0.045831
18.39	0.045773
18.4	0.045714
18.41	0.045656
18.42	0.045597
18.43	0.045539
18.44	0.045481
18.45	0.045423
18.46	0.045365
18.47	0.045307
18.48	0.04525
18.49	0.045192
18.5	0.045135
18.51	0.045077
18.52	0.04502
18.53	0.044963
18.54	0.044906
18.55	0.044849
18.56	0.044792
18.57	0.044736
18.58	0.044679
18.59	0.044622
18.6	0.044566
18.61	0.04451
18.62	0.044454
18.63	0.044397
18.64	0.044341
18.65	0.044286
18.66	0.04423
18.67	0.044174
18.68	0.044118
18.69	0.044063
18.7	0.044008
18.71	0.043952
18.72	0.043897
18.73	0.043842
18.74	0.043787
18.75	0.043732
18.76	0.043677
18.77	0.043623
18.78	0.043568
18.79	0.043513
18.8	0.043459
18.81	0.043405
18.82	0.043351
18.83	0.043296
18.84	0.043242
18.85	0.043188
18.86	0.043135
18.87	0.043081
18.88	0.043027
18.89	0.042974
18.9	0.04292
18.91	0.042867
18.92	0.042814
18.93	0.042761
18.94	0.042708
18.95	0.042655
18.96	0.042602
18.97	0.042549
18.98	0.042496
18.99	0.042444
19.0	0.042391
19.01	0.042339
19.02	0.042286
19.03	0.042234
19.04	0.042182
19.05	0.04213
19.06	0.042078
19.07	0.042026
19.08	0.041975
19.09	0.041923
19.1	0.041871
19.11	0.04182
19.12	0.041769
19.13	0.041717
19.14	0.041666
19.15	0.041615
19.16	0.041564
19.17	0.041513
19.18	0.041462
19.19	0.041411
19.2	0.041361
19.21	0.04131
19.22	0.04126
19.23	0.041209
19.24	0.041159
19.25	0.041109
19.26	0.041059
19.27	0.041009
19.28	0.040959
19.29	0.040909
19.3	0.040859
19.31	0.040809
19.32	0.04076
19.33	0.04071
19.34	0.040661
19.35	0.040611
19.36	0.040562
19.37	0.040513
19.38	0.040464
19.39	0.040415
19.4	0.040366
19.41	0.040317
19.42	0.040268
19.43	0.04022
19.44	0.040171
19.45	0.040123
19.46	0.040074
19.47	0.040026
19.48	0.039978
19.49	0.03993
19.5	0.039881
19.51	0.039834
19.52	0.039786
19.53	0.039738
19.54	0.03969
19.55	0.039642
19.56	0.039595
19.57	0.039547
19.58	0.0395
19.59	0.039453
19.6	0.039405
19.61	0.039358
19.62	0.039311
19.63	0.039264
19.64	0.039217
19.65	0.03917
19.66	0.039124
19.67	0.039077
19.68	0.03903
19.69	0.038984
19.7	0.038937
19.71	0.038891
19.72	0.038845
19.73	0.038799
19.74	0.038752
19.75	0.038706
19.76	0.03866
19.77	0.038615
19.78	0.038569
19.79	0.038523
19.8	0.038477
19.81	0.038432
19.82	0.038386
19.83	0.038341
19.84	0.038296
19.85	0.03825
19.86	0.038205
19.87	0.03816
19.88	0.038115
19.89	0.03807
19.9	0.038025
19.91	0.03798
19.92	0.037936
19.93	0.037891
19.94	0.037847
19.95	0.037802
19.96	0.037758
19.97	0.037713
19.98	0.037669
19.99	0.037625
20.0	0.037581
20.01	0.037537
20.02	0.037493
20.03	0.037449
20.04	0.037405
20.05	0.037361
20.06	0.037318
20.07	0.037274
20.08	0.03723
20.09	0.037187
20.1	0.037144
20.11	0.0371
20.12	0.037057
20.13	0.037014
20.14	0.036971
20.15	0.036928
20.16	0.036885
20.17	0.036842
20.18	0.036799
20.19	0.036757
20.2	0.036714
20.21	0.036671
20.22	0.036629
20.23	0.036586
20.24	0.036544
20.25	0.036502
20.26	0.036459
20.27	0.036417
20.28	0.036375
20.29	0.036333
20.3	0.036291
20.31	0.036249
20.32	0.036208
20.33	0.036166
20.34	0.036124
20.35	0.036083
20.36	0.036041
20.37	0.036
20.38	0.035958
20.39	0.035917
20.4	0.035876
20.41	0.035835
20.42	0.035793
20.43	0.035752
20.44	0.035711
20.45	0.035671
20.46	0.03563
20.47	0.035589
20.48	0.035548
20.49	0.035508
20.5	0.035467
20.51	0.035426
20.52	0.035386
20.53	0.035346
20.54	0.035305
20.55	0.035265
20.56	0.035225
20.57	0.035185
20.58	0.035145
20.59	0.035105
20.6	0.035065
20.61	0.035025
20.62	0.034985
20.63	0.034946
20.64	0.034906
20.65	0.034866
20.66	0.034827
20.67	0.034787
20.68	0.034748
20.69	0.034709
20.7	0.03467
20.71	0.03463
20.72	0.034591
20.73	0.034552
20.74	0.034513
20.75	0.034474
20.76	0.034435
20.77	0.034397
20.78	0.034358
20.79	0.034319
20.8	0.03428
20.81	0.034242
20.82	0.034203
20.83	0.034165
20.84	0.034127
20.85	0.034088
20.86	0.03405
20.87	0.034012
20.88	0.033974
20.89	0.033936
20.9	0.033898
20.91	0.03386
20.92	0.033822
20.93	0.033784
20.94	0.033746
20.95	0.033709
20.96	0.033671
20.97	0.033634
20.98	0.033596
20.99	0.033559
21.0	0.033521
21.01	0.033484
21.02	0.033447
21.03	0.033409
21.04	0.033372
21.05	0.033335
21.06	0.033298
21.07	0.033261
21.08	0.033224
21.09	0.033187
21.1	0.033151
21.11	0.033114
21.12	0.033077
21.13	0.033041
21.14	0.033004
21.15	0.032968
21.16	0.032931
21.17	0.032895
21.18	0.032859
21.19	0.032822
21.2	0.032786
21.21	0.03275
21.22	0.032714
21.23	0.032678
21.24	0.032642
21.25	0.032606
21.26	0.03257
21.27	0.032534
21.28	0.032499
21.29	0.032463
21.3	0.032427
21.31	0.032392
21.32	0.032356
21.33	0.032321
21.34	0.032285
21.35	0.03225
21.36	0.032215
21.37	0.032179
21.38	0.032144
21.39	0.032109
21.4	0.032074
21.41	0.032039
21.42	0.032004
21.43	0.031969
21.44	0.031934
21.45	0.0319
21.46	0.031865
21.47	0.03183
21.48	0.031796
21.49	0.031761
21.5	0.031727
21.51	0.031692
21.52	0.031658
21.53	0.031623
21.54	0.031589
21.55	0.031555
21.56	0.031521
21.57	0.031486
21.58	0.031452
21.59	0.031418
21.6	0.031384
21.61	0.03135
21.62	0.031317
21.63	0.031283
21.64	0.031249
21.65	0.031215
21.66	0.031182
21.67	0.031148
21.68	0.031114
21.69	0.031081
21.7	0.031048
21.71	0.031014
21.72	0.030981
21.73	0.030948
21.74	0.030914
21.75	0.030881
21.76	0.030848
21.77	0.030815
21.78	0.030782
21.79	0.030749
21.8	0.030716
21.81	0.030683
21.82	0.03065
21.83	0.030618
21.84	0.030585
21.85	0.030552
21.86	0.03052
21.87	0.030487
21.88	0.030454
21.89	0.030422
21.9	0.03039
21.91	0.030357
21.92	0.030325
21.93	0.030293
21.94	0.03026
21.95	0.030228
21.96	0.030196
21.97	0.030164
21.98	0.030132
21.99	0.0301
22.0	0.030068
22.01	0.030036
22.02	0.030004
22.03	0.029973
22.04	0.029941
22.05	0.029909
22.06	0.029878
22.07	0.029846
22.08	0.029815
22.09	0.029783
22.1	0.029752
22.11	0.02972
22.12	0.029689
22.13	0.029658
22.14	0.029626
22.15	0.029595
22.16	0.029564
22.17	0.029533
22.18	0.029502
22.19	0.029471
22.2	0.02944
22.21	0.029409
22.22	0.029378
22.23	0.029347
22.24	0.029317
22.25	0.029286
22.26	0.029255
22.27	0.029225
22.28	0.029194
22.29	0.029163
22.3	0.029133
22.31	0.029103
22.32	0.029072
22.33	0.029042
22.34	0.029011
22.35	0.028981
22.36	0.028951
22.37	0.028921
22.38	0.028891
22.39	0.028861
22.4	0.028831
22.41	0.028801
22.42	0.028771
22.43	0.028741
22.44	0.028711
22.45	0.028681
22.46	0.028651
22.47	0.028622
22.48	0.028592
22.49	0.028562
22.5	0.028533
22.51	0.028503
22.52	0.028474
22.53	0.028444
22.54	0.028415
22.55	0.028386
22.56	0.028356
22.57	0.028327
22.58	0.028298
22.59	0.028269
22.6	0.02824
22.61	0.028211
22.62	0.028181
22.63	0.028152
22.64	0.028124
22.65	0.028095
22.66	0.028066
22.67	0.028037
22.68	0.028008
22.69	0.027979
22.7	0.027951
22.71	0.027922
22.72	0.027893
22.73	0.027865
22.74	0.027836
22.75	0.027808
22.76	0.027779
22.77	0.027751
22.78	0.027723
22.79	0.027694
22.8	0.027666
22.81	0.027638
22.82	0.02761
22.83	0.027581
22.84	0.027553
22.85	0.027525
22.86	0.027497
22.87	0.027469
22.88	0.027441
22.89	0.027413
22.9	0.027386
22.91	0.027358
22.92	0.02733
22.93	0.027302
22.94	0.027275
22.95	0.027247
22.96	0.027219
22.97	0.027192
22.98	0.027164
22.99	0.027137
23.0	0.027109
23.01	0.027082
23.02	0.027055
23.03	0.027027
23.04	0.027
23.05	0.026973
23.06	0.026945
23.07	0.026918
23.08	0.026891
23.09	0.026864
23.1	0.026837
23.11	0.02681
23.12	0.026783
23.13	0.026756
23.14	0.026729
23.15	0.026702
23.16	0.026676
23.17	0.026649
23.18	0.026622
23.19	0.026595
23.2	0.026569
23.21	0.026542
23.22	0.026516
23.23	0.026489
23.24	0.026463
23.25	0.026436
23.26	0.02641
23.27	0.026383
23.28	0.026357
23.29	0.026331
23.3	0.026304
23.31	0.026278
23.32	0.026252
23.33	0.026226
23.34	0.0262
23.35	0.026174
23.36	0.026148
23.37	0.026122
23.38	0.026096
23.39	0.02607
23.4	0.026044
23.41	0.026018
23.42	0.025992
23.43	0.025966
23.44	0.025941
23.45	0.025915
23.46	0.025889
23.47	0.025864
23.48	0.025838
23.49	0.025812
23.5	0.025787
23.51	0.025761
23.52	0.025736
23.53	0.025711
23.54	0.025685
23.55	0.02566
23.56	0.025635
23.57	0.025609
23.58	0.025584
23.59	0.025559
23.6	0.025534
23.61	0.025509
23.62	0.025484
23.63	0.025459
23.64	0.025434
23.65	0.025409
23.66	0.025384
23.67	0.025359
23.68	0.025334
23.69	0.025309
23.7	0.025284
23.71	0.02526
23.72	0.025235
23.73	0.02521
23.74	0.025186
23.75	0.025161
23.76	0.025136
23.77	0.025112
23.78	0.025087
23.79	0.025063
23.8	0.025038
23.81	0.025014
23.82	0.02499
23.83	0.024965
23.84	0.024941
23.85	0.024917
23.86	0.024892
23.87	0.024868
23.88	0.024844
23.89	0.02482
23.9	0.024796
23.91	0.024772
23.92	0.024748
23.93	0.024724
23.94	0.0247
23.95	0.024676
23.96	0.024652
23.97	0.024628
23.98	0.024604
23.99	0.024581
24.0	0.024557
24.01	0.024533
24.02	0.024509
24.03	0.024486
24.04	0.024462
24.05	0.024439
24.06	0.024415
24.07	0.024391
24.08	0.024368
24.09	0.024345
24.1	0.024321
24.11	0.024298
24.12	0.024274
24.13	0.024251
24.14	0.024228
24.15	0.024204
24.16	0.024181
24.17	0.024158
24.18	0.024135
24.19	0.024112
24.2	0.024089
24.21	0.024066
24.22	0.024043
24.23	0.02402
24.24	0.023997
24.25	0.023974
24.26	0.023951
24.27	0.023928
24.28	0.023905
24.29	0.023882
24.3	0.023859
24.31	0.023837
24.32	0.023814
24.33	0.023791
24.34	0.023769
24.35	0.023746
24.36	0.023723
24.37	0.023701
24.38	0.023678
24.39	0.023656
24.4	0.023633
24.41	0.023611
24.42	0.023589
24.43	0.023566
24.44	0.023544
24.45	0.023522
24.46	0.023499
24.47	0.023477
24.48	0.023455
24.49	0.023433
24.5	0.023411
24.51	0.023388
24.52	0.023366
24.53	0.023344
24.54	0.023322
24.55	0.0233
24.56	0.023278
24.57	0.023256
24.58	0.023234
24.59	0.023213
24.6	0.023191
24.61	0.023169
24.62	0.023147
24.63	0.023125
24.64	0.023104
24.65	0.023082
24.66	0.02306
24.67	0.023039
24.68	0.023017
24.69	0.022995
24.7	0.022974
24.71	0.022952
24.72	0.022931
24.73	0.022909
24.74	0.022888
24.75	0.022867
24.76	0.022845
24.77	0.022824
24.78	0.022803
24.79	0.022781
24.8	0.02276
24.81	0.022739
24.82	0.022718
24.83	0.022696
24.84	0.022675
24.85	0.022654
24.86	0.022633
24.87	0.022612
24.88	0.022591
24.89	0.02257
24.9	0.022549
24.91	0.022528
24.92	0.022507
24.93	0.022486
24.94	0.022466
24.95	0.022445
24.96	0.022424
24.97	0.022403
24.98	0.022382
24.99	0.022362
25.0	0.022341
25.01	0.02232
25.02	0.0223
25.03	0.022279
25.04	0.022259
25.05	0.022238
25.06	0.022217
25.07	0.022197
25.08	0.022177
25.09	0.022156
25.1	0.022136
25.11	0.022115
25.12	0.022095
25.13	0.022075
25.14	0.022054
25.15	0.022034
25.16	0.022014
25.17	0.021994
25.18	0.021973
25.19	0.021953
25.2	0.021933
25.21	0.021913
25.22	0.021893
25.23	0.021873
25.24	0.021853
25.25	0.021833
25.26	0.021813
25.27	0.021793
25.28	0.021773
25.29	0.021753
25.3	0.021733
25.31	0.021713
25.32	0.021694
25.33	0.021674
25.34	0.021654
25.35	0.021634
25.36	0.021615
25.37	0.021595
25.38	0.021575
25.39	0.021556
25.4	0.021536
25.41	0.021517
25.42	0.021497
25.43	0.021477
25.44	0.021458
25.45	0.021439
25.46	0.021419
25.47	0.0214
25.48	0.02138
25.49	0.021361
25.5	0.021342
25.51	0.021322
25.52	0.021303
25.53	0.021284
25.54	0.021264
25.55	0.021245
25.56	0.021226
25.57	0.021207
25.58	0.021188
25.59	0.021169
25.6	0.02115
25.61	0.02113
25.62	0.021111
25.63	0.021092
25.64	0.021073
25.65	0.021054
25.66	0.021036
25.67	0.021017
25.68	0.020998
25.69	0.020979
25.7	0.02096
25.71	0.020941
25.72	0.020922
25.73	0.020904
25.74	0.020885
25.75	0.020866
25.76	0.020848
25.77	0.020829
25.78	0.02081
25.79	0.020792
25.8	0.020773
25.81	0.020754
25.82	0.020736
25.83	0.020717
25.84	0.020699
25.85	0.02068
25.86	0.020662
25.87	0.020644
25.88	0.020625
25.89	0.020607
25.9	0.020588
25.91	0.02057
25.92	0.020552
25.93	0.020534
25.94	0.020515
25.95	0.020497
25.96	0.020479
25.97	0.020461
25.98	0.020443
25.99	0.020424
26.0	0.020406
26.01	0.020388
26.02	0.02037
26.03	0.020352
26.04	0.020334
26.05	0.020316
26.06	0.020298
26.07	0.02028
26.08	0.020262
26.09	0.020244
26.1	0.020227
26.11	0.020209
26.12	0.020191
26.13	0.020173
26.14	0.020155
26.15	0.020137
26.16	0.02012
26.17	0.020102
26.18	0.020084
26.19	0.020067
26.2	0.020049
26.21	0.020031
26.22	0.020014
26.23	0.019996
26.24	0.019979
26.25	0.019961
26.26	0.019944
26.27	0.019926
26.28	0.019909
26.29	0.019891
26.3	0.019874
26.31	0.019856
26.32	0.019839
26.33	0.019822
26.34	0.019804
26.35	0.019787
26.36	0.01977
26.37	0.019752
26.38	0.019735
26.39	0.019718
26.4	0.019701
26.41	0.019684
26.42	0.019666
26.43	0.019649
26.44	0.019632
26.45	0.019615
26.46	0.019598
26.47	0.019581
26.48	0.019564
26.49	0.019547
26.5	0.01953
26.51	0.019513
26.52	0.019496
26.53	0.019479
26.54	0.019462
26.55	0.019445
26.56	0.019429
26.57	0.019412
26.58	0.019395
26.59	0.019378
26.6	0.019361
26.61	0.019345
26.62	0.019328
26.63	0.019311
26.64	0.019295
26.65	0.019278
26.66	0.019261
26.67	0.019245
26.68	0.019228
26.69	0.019212
26.7	0.019195
26.71	0.019178
26.72	0.019162
26.73	0.019145
26.74	0.019129
26.75	0.019113
26.76	0.019096
26.77	0.01908
26.78	0.019063
26.79	0.019047
26.8	0.019031
26.81	0.019014
26.82	0.018998
26.83	0.018982
26.84	0.018965
26.85	0.018949
26.86	0.018933
26.87	0.018917
26.88	0.018901
26.89	0.018884
26.9	0.018868
26.91	0.018852
26.92	0.018836
26.93	0.01882
26.94	0.018804
26.95	0.018788
26.96	0.018772
26.97	0.018756
26.98	0.01874
26.99	0.018724
27.0	0.018708
27.01	0.018692
27.02	0.018676
27.03	0.01866
27.04	0.018644
27.05	0.018629
27.06	0.018613
27.07	0.018597
27.08	0.018581
27.09	0.018565
27.1	0.01855
27.11	0.018534
27.12	0.018518
27.13	0.018503
27.14	0.018487
27.15	0.018471
27.16	0.018456
27.17	0.01844
27.18	0.018424
27.19	0.018409
27.2	0.018393
27.21	0.018378
27.22	0.018362
27.23	0.018347
27.24	0.018331
27.25	0.018316
27.26	0.0183
27.27	0.018285
27.28	0.01827
27.29	0.018254
27.3	0.018239
27.31	0.018224
27.32	0.018208
27.33	0.018193
27.34	0.018178
27.35	0.018162
27.36	0.018147
27.37	0.018132
27.38	0.018117
27.39	0.018102
27.4	0.018086
27.41	0.018071
27.42	0.018056
27.43	0.018041
27.44	0.018026
27.45	0.018011
27.46	0.017996
27.47	0.017981
27.48	0.017966
27.49	0.017951
27.5	0.017936
27.51	0.017921
27.52	0.017906
27.53	0.017891
27.54	0.017876
27.55	0.017861
27.56	0.017846
27.57	0.017831
27.58	0.017817
27.59	0.017802
27.6	0.017787
27.61	0.017772
27.62	0.017757
27.63	0.017743
27.64	0.017728
27.65	0.017713
27.66	0.017699
27.67	0.017684
27.68	0.017669
27.69	0.017655
27.7	0.01764
27.71	0.017625
27.72	0.017611
27.73	0.017596
27.74	0.017582
27.75	0.017567
27.76	0.017553
27.77	0.017538
27.78	0.017524
27.79	0.017509
27.8	0.017495
27.81	0.01748
27.82	0.017466
27.83	0.017452
27.84	0.017437
27.85	0.017423
27.86	0.017408
27.87	0.017394
27.88	0.01738
27.89	0.017366
27.9	0.017351
27.91	0.017337
27.92	0.017323
27.93	0.017309
27.94	0.017294
27.95	0.01728
27.96	0.017266
27.97	0.017252
27.98	0.017238
27.99	0.017224
28.0	0.01721
28.01	0.017195
28.02	0.017181
28.03	0.017167
28.04	0.017153
28.05	0.017139
28.06	0.017125
28.07	0.017111
28.08	0.017097
28.09	0.017083
28.1	0.01707
28.11	0.017056
28.12	0.017042
28.13	0.017028
28.14	0.017014
28.15	0.017
28.16	0.016986
28.17	0.016973
28.18	0.016959
28.19	0.016945
28.2	0.016931
28.21	0.016917
28.22	0.016904
28.23	0.01689
28.24	0.016876
28.25	0.016863
28.26	0.016849
28.27	0.016835
28.28	0.016822
28.29	0.016808
28.3	0.016794
28.31	0.016781
28.32	0.016767
28.33	0.016754
28.34	0.01674
28.35	0.016727
28.36	0.016713
28.37	0.0167
28.38	0.016686
28.39	0.016673
28.4	0.016659
28.41	0.016646
28.42	0.016633
28.43	0.016619
28.44	0.016606
28.45	0.016592
28.46	0.016579
28.47	0.016566
28.48	0.016552
28.49	0.016539
28.5	0.016526
28.51	0.016513
28.52	0.016499
28.53	0.016486
28.54	0.016473
28.55	0.01646
28.56	0.016447
28.57	0.016433
28.58	0.01642
28.59	0.016407
28.6	0.016394
28.61	0.016381
28.62	0.016368
28.63	0.016355
28.64	0.016342
28.65	0.016329
28.66	0.016316
28.67	0.016303
28.68	0.01629
28.69	0.016277
28.7	0.016264
28.71	0.016251
28.72	0.016238
28.73	0.016225
28.74	0.016212
28.75	0.016199
28.76	0.016186
28.77	0.016173
28.78	0.01616
28.79	0.016148
28.8	0.016135
28.81	0.016122
28.82	0.016109
28.83	0.016096
28.84	0.016084
28.85	0.016071
28.86	0.016058
28.87	0.016045
28.88	0.016033
28.89	0.01602
28.9	0.016007
28.91	0.015995
28.92	0.015982
28.93	0.015969
28.94	0.015957
28.95	0.015944
28.96	0.015932
28.97	0.015919
28.98	0.015906
28.99	0.015894
29.0	0.015881
29.01	0.015869
29.02	0.015856
29.03	0.015844
29.04	0.015831
29.05	0.015819
29.06	0.015807
29.07	0.015794
29.08	0.015782
29.09	0.015769
29.1	0.015757
29.11	0.015745
29.12	0.015732
29.13	0.01572
29.14	0.015708
29.15	0.015695
29.16	0.015683
29.17	0.015671
29.18	0.015658
29.19	0.015646
29.2	0.015634
29.21	0.015622
29.22	0.01561
29.23	0.015597
29.24	0.015585
29.25	0.015573
29.26	0.015561
29.27	0.015549
29.28	0.015537
29.29	0.015525
29.3	0.015512
29.31	0.0155
29.32	0.015488
29.33	0.015476
29.34	0.015464
29.35	0.015452
29.36	0.01544
29.37	0.015428
29.38	0.015416
29.39	0.015404
29.4	0.015392
29.41	0.01538
29.42	0.015368
29.43	0.015356
29.44	0.015345
29.45	0.015333
29.46	0.015321
29.47	0.015309
29.48	0.015297
29.49	0.015285
29.5	0.015273
29.51	0.015262
29.52	0.01525
29.53	0.015238
29.54	0.015226
29.55	0.015214
29.56	0.015203
29.57	0.015191
29.58	0.015179
29.59	0.015168
29.6	0.015156
29.61	0.015144
29.62	0.015133
29.63	0.015121
29.64	0.015109
29.65	0.015098
29.66	0.015086
29.67	0.015074
29.68	0.015063
29.69	0.015051
29.7	0.01504
29.71	0.015028
29.72	0.015017
29.73	0.015005
29.74	0.014994
29.75	0.014982
29.76	0.014971
29.77	0.014959
29.78	0.014948
29.79	0.014936
29.8	0.014925
29.81	0.014913
29.82	0.014902
29.83	0.014891
29.84	0.014879
29.85	0.014868
29.86	0.014857
29.87	0.014845
29.88	0.014834
29.89	0.014823
29.9	0.014811
29.91	0.0148
29.92	0.014789
29.93	0.014778
29.94	0.014766
29.95	0.014755
29.96	0.014744
29.97	0.014733
29.98	0.014721
29.99	0.01471
30.0	0.014699
30.01	0.014688
30.02	0.014677
30.03	0.014666
30.04	0.014654
30.05	0.014643
30.06	0.014632
30.07	0.014621
30.08	0.01461
30.09	0.014599
30.1	0.014588
30.11	0.014577
30.12	0.014566
30.13	0.014555
30.14	0.014544
30.15	0.014533
30.16	0.014522
30.17	0.014511
30.18	0.0145
30.19	0.014489
30.2	0.014478
30.21	0.014467
30.22	0.014456
30.23	0.014446
30.24	0.014435
30.25	0.014424
30.26	0.014413
30.27	0.014402
30.28	0.014391
30.29	0.01438
30.3	0.01437
30.31	0.014359
30.32	0.014348
30.33	0.014337
30.34	0.014327
30.35	0.014316
30.36	0.014305
30.37	0.014294
30.38	0.014284
30.39	0.014273
30.4	0.014262
30.41	0.014252
30.42	0.014241
30.43	0.01423
30.44	0.01422
30.45	0.014209
30.46	0.014198
30.47	0.014188
30.48	0.014177
30.49	0.014167
30.5	0.014156
30.51	0.014145
30.52	0.014135
30.53	0.014124
30.54	0.014114
30.55	0.014103
30.56	0.014093
30.57	0.014082
30.58	0.014072
30.59	0.014061
30.6	0.014051
30.61	0.014041
30.62	0.01403
30.63	0.01402
30.64	0.014009
30.65	0.013999
30.66	0.013989
30.67	0.013978
30.68	0.013968
30.69	0.013957
30.7	0.013947
30.71	0.013937
30.72	0.013926
30.73	0.013916
30.74	0.013906
30.75	0.013896
30.76	0.013885
30.77	0.013875
30.78	0.013865
30.79	0.013855
30.8	0.013844
30.81	0.013834
30.82	0.013824
30.83	0.013814
30.84	0.013804
30.85	0.013793
30.86	0.013783
30.87	0.013773
30.88	0.013763
30.89	0.013753
30.9	0.013743
30.91	0.013733
30.92	0.013723
30.93	0.013712
30.94	0.013702
30.95	0.013692
30.96	0.013682
30.97	0.013672
30.98	0.013662
30.99	0.013652
31.0	0.013642
31.01	0.013632
31.02	0.013622
31.03	0.013612
31.04	0.013602
31.05	0.013592
31.06	0.013582
31.07	0.013572
31.08	0.013563
31.09	0.013553
31.1	0.013543
31.11	0.013533
31.12	0.013523
31.13	0.013513
31.14	0.013503
31.15	0.013493
31.16	0.013484
31.17	0.013474
31.18	0.013464
31.19	0.013454
31.2	0.013444
31.21	0.013435
31.22	0.013425
31.23	0.013415
31.24	0.013405
31.25	0.013395
31.26	0.013386
31.27	0.013376
31.28	0.013366
31.29	0.013357
31.3	0.013347
31.31	0.013337
31.32	0.013328
31.33	0.013318
31.34	0.013308
31.35	0.013299
31.36	0.013289
31.37	0.013279
31.38	0.01327
31.39	0.01326
31.4	0.013251
31.41	0.013241
31.42	0.013232
31.43	0.013222
31.44	0.013212
31.45	0.013203
31.46	0.013193
31.47	0.013184
31.48	0.013174
31.49	0.013165
31.5	0.013155
31.51	0.013146
31.52	0.013136
31.53	0.013127
31.54	0.013118
31.55	0.013108
31.56	0.013099
31.57	0.013089
31.58	0.01308
31.59	0.01307
31.6	0.013061
31.61	0.013052
31.62	0.013042
31.63	0.013033
31.64	0.013024
31.65	0.013014
31.66	0.013005
31.67	0.012996
31.68	0.012986
31.69	0.012977
31.7	0.012968
31.71	0.012959
31.72	0.012949
31.73	0.01294
31.74	0.012931
31.75	0.012922
31.76	0.012912
31.77	0.012903
31.78	0.012894
31.79	0.012885
31.8	0.012876
31.81	0.012866
31.82	0.012857
31.83	0.012848
31.84	0.012839
31.85	0.01283
31.86	0.012821
31.87	0.012811
31.88	0.012802
31.89	0.012793
31.9	0.012784
31.91	0.012775
31.92	0.012766
31.93	0.012757
31.94	0.012748
31.95	0.012739
31.96	0.01273
31.97	0.012721
31.98	0.012712
31.99	0.012703
32.0	0.012694
32.01	0.012685
32.02	0.012676
32.03	0.012667
32.04	0.012658
32.05	0.012649
32.06	0.01264
32.07	0.012631
32.08	0.012622
32.09	0.012613
32.1	0.012604
32.11	0.012595
32.12	0.012587
32.13	0.012578
32.14	0.012569
32.15	0.01256
32.16	0.012551
32.17	0.012542
32.18	0.012534
32.19	0.012525
32.2	0.012516
32.21	0.012507
32.22	0.012498
32.23	0.01249
32.24	0.012481
32.25	0.012472
32.26	0.012463
32.27	0.012454
32.28	0.012446
32.29	0.012437
32.3	0.012428
32.31	0.01242
32.32	0.012411
32.33	0.012402
32.34	0.012394
32.35	0.012385
32.36	0.012376
32.37	0.012368
32.38	0.012359
32.39	0.01235
32.4	0.012342
32.41	0.012333
32.42	0.012324
32.43	0.012316
32.44	0.012307
32.45	0.012299
32.46	0.01229
32.47	0.012281
32.48	0.012273
32.49	0.012264
32.5	0.012256
32.51	0.012247
32.52	0.012239
32.53	0.01223
32.54	0.012222
32.55	0.012213
32.56	0.012205
32.57	0.012196
32.58	0.012188
32.59	0.012179
32.6	0.012171
32.61	0.012162
32.62	0.012154
32.63	0.012146
32.64	0.012137
32.65	0.012129
32.66	0.01212
32.67	0.012112
32.68	0.012104
32.69	0.012095
32.7	0.012087
32.71	0.012079
32.72	0.01207
32.73	0.012062
32.74	0.012053
32.75	0.012045
32.76	0.012037
32.77	0.012029
32.78	0.01202
32.79	0.012012
32.8	0.012004
32.81	0.011995
32.82	0.011987
32.83	0.011979
32.84	0.011971
32.85	0.011962
32.86	0.011954
32.87	0.011946
32.88	0.011938
32.89	0.01193
32.9	0.011921
32.91	0.011913
32.92	0.011905
32.93	0.011897
32.94	0.011889
32.95	0.01188
32.96	0.011872
32.97	0.011864
32.98	0.011856
32.99	0.011848
33.0	0.01184
33.01	0.011832
33.02	0.011824
33.03	0.011816
33.04	0.011807
33.05	0.011799
33.06	0.011791
33.07	0.011783
33.08	0.011775
33.09	0.011767
33.1	0.011759
33.11	0.011751
33.12	0.011743
33.13	0.011735
33.14	0.011727
33.15	0.011719
33.16	0.011711
33.17	0.011703
33.18	0.011695
33.19	0.011687
33.2	0.011679
33.21	0.011671
33.22	0.011663
33.23	0.011655
33.24	0.011648
33.25	0.01164
33.26	0.011632
33.27	0.011624
33.28	0.011616
33.29	0.011608
33.3	0.0116
33.31	0.011592
33.32	0.011584
33.33	0.011577
33.34	0.011569
33.35	0.011561
33.36	0.011553
33.37	0.011545
33.38	0.011537
33.39	0.01153
33.4	0.011522
33.41	0.011514
33.42	0.011506
33.43	0.011499
33.44	0.011491
33.45	0.011483
33.46	0.011475
33.47	0.011468
33.48	0.01146
33.49	0.011452
33.5	0.011444
33.51	0.011437
33.52	0.011429
33.53	0.011421
33.54	0.011414
33.55	0.011406
33.56	0.011398
33.57	0.011391
33.58	0.011383
33.59	0.011375
33.6	0.011368
33.61	0.01136
33.62	0.011352
33.63	0.011345
33.64	0.011337
33.65	0.01133
33.66	0.011322
33.67	0.011314
33.68	0.011307
33.69	0.011299
33.7	0.011292
33.71	0.011284
33.72	0.011277
33.73	0.011269
33.74	0.011261
33.75	0.011254
33.76	0.011246
33.77	0.011239
33.78	0.011231
33.79	0.011224
33.8	0.011216
33.81	0.011209
33.82	0.011201
33.83	0.011194
33.84	0.011187
33.85	0.011179
33.86	0.011172
33.87	0.011164
33.88	0.011157
33.89	0.011149
33.9	0.011142
33.91	0.011135
33.92	0.011127
33.93	0.01112
33.94	0.011112
33.95	0.011105
33.96	0.011098
33.97	0.01109
33.98	0.011083
33.99	0.011076
34.0	0.011068
34.01	0.011061
34.02	0.011054
34.03	0.011046
34.04	0.011039
34.05	0.011032
34.06	0.011024
34.07	0.011017
34.08	0.01101
34.09	0.011002
34.1	0.010995
34.11	0.010988
34.12	0.010981
34.13	0.010973
34.14	0.010966
34.15	0.010959
34.16	0.010952
34.17	0.010944
34.18	0.010937
34.19	0.01093
34.2	0.010923
34.21	0.010916
34.22	0.010908
34.23	0.010901
34.24	0.010894
34.25	0.010887
34.26	0.01088
34.27	0.010873
34.28	0.010866
34.29	0.010858
34.3	0.010851
34.31	0.010844
34.32	0.010837
34.33	0.01083
34.34	0.010823
34.35	0.010816
34.36	0.010809
34.37	0.010802
34.38	0.010794
34.39	0.010787
34.4	0.01078
34.41	0.010773
34.42	0.010766
34.43	0.010759
34.44	0.010752
34.45	0.010745
34.46	0.010738
34.47	0.010731
34.48	0.010724
34.49	0.010717
34.5	0.01071
34.51	0.010703
34.52	0.010696
34.53	0.010689
34.54	0.010682
34.55	0.010675
34.56	0.010668
34.57	0.010661
34.58	0.010654
34.59	0.010647
34.6	0.01064
34.61	0.010634
34.62	0.010627
34.63	0.01062
34.64	0.010613
34.65	0.010606
34.66	0.010599
34.67	0.010592
34.68	0.010585
34.69	0.010578
34.7	0.010572
34.71	0.010565
34.72	0.010558
34.73	0.010551
34.74	0.010544
34.75	0.010537
34.76	0.010531
34.77	0.010524
34.78	0.010517
34.79	0.01051
34.8	0.010503
34.81	0.010497
34.82	0.01049
34.83	0.010483
34.84	0.010476
34.85	0.010469
34.86	0.010463
34.87	0.010456
34.88	0.010449
34.89	0.010443
34.9	0.010436
34.91	0.010429
34.92	0.010422
34.93	0.010416
34.94	0.010409
34.95	0.010402
34.96	0.010396
34.97	0.010389
34.98	0.010382
34.99	0.010375
35.0	0.010369
35.01	0.010362
35.02	0.010356
35.03	0.010349
35.04	0.010342
35.05	0.010336
35.06	0.010329
35.07	0.010322
35.08	0.010316
35.09	0.010309
35.1	0.010303
35.11	0.010296
35.12	0.010289
35.13	0.010283
35.14	0.010276
35.15	0.01027
35.16	0.010263
35.17	0.010256
35.18	0.01025
35.19	0.010243
35.2	0.010237
35.21	0.01023
35.22	0.010224
35.23	0.010217
35.24	0.010211
35.25	0.010204
35.26	0.010198
35.27	0.010191
35.28	0.010185
35.29	0.010178
35.3	0.010172
35.31	0.010165
35.32	0.010159
35.33	0.010152
35.34	0.010146
35.35	0.010139
35.36	0.010133
35.37	0.010127
35.38	0.01012
35.39	0.010114
35.4	0.010107
35.41	0.010101
35.42	0.010095
35.43	0.010088
35.44	0.010082
35.45	0.010075
35.46	0.010069
35.47	0.010063
35.48	0.010056
35.49	0.01005
35.5	0.010043
35.51	0.010037
35.52	0.010031
35.53	0.010024
35.54	0.010018
35.55	0.010012
35.56	0.010005
35.57	0.0099991
35.58	0.0099928
35.59	0.0099865
35.6	0.0099802
35.61	0.0099739
35.62	0.0099676
35.63	0.0099614
35.64	0.0099551
35.65	0.0099488
35.66	0.0099425
35.67	0.0099363
35.68	0.00993
35.69	0.0099238
35.7	0.0099176
35.71	0.0099113
35.72	0.0099051
35.73	0.0098989
35.74	0.0098927
35.75	0.0098864
35.76	0.0098802
35.77	0.009874
35.78	0.0098678
35.79	0.0098617
35.8	0.0098555
35.81	0.0098493
35.82	0.0098431
35.83	0.009837
35.84	0.0098308
35.85	0.0098246
35.86	0.0098185
35.87	0.0098124
35.88	0.0098062
35.89	0.0098001
35.9	0.009794
35.91	0.0097878
35.92	0.0097817
35.93	0.0097756
35.94	0.0097695
35.95	0.0097634
35.96	0.0097573
35.97	0.0097512
35.98	0.0097452
35.99	0.0097391
36.0	0.009733
36.01	0.009727
36.02	0.0097209
36.03	0.0097149
36.04	0.0097088
36.05	0.0097028
36.06	0.0096967
36.07	0.0096907
36.08	0.0096847
36.09	0.0096787
36.1	0.0096726
36.11	0.0096666
36.12	0.0096606
36.13	0.0096546
36.14	0.0096487
36.15	0.0096427
36.16	0.0096367
36.17	0.0096307
36.18	0.0096247
36.19	0.0096188
36.2	0.0096128
36.21	0.0096069
36.22	0.0096009
36.23	0.009595
36.24	0.009589
36.25	0.0095831
36.26	0.0095772
36.27	0.0095713
36.28	0.0095654
36.29	0.0095594
36.3	0.0095535
36.31	0.0095476
36.32	0.0095418
36.33	0.0095359
36.34	0.00953
36.35	0.0095241
36.36	0.0095182
36.37	0.0095124
36.38	0.0095065
36.39	0.0095007
36.4	0.0094948
36.41	0.009489
36.42	0.0094831
36.43	0.0094773
36.44	0.0094715
36.45	0.0094656
36.46	0.0094598
36.47	0.009454
36.48	0.0094482
36.49	0.0094424
36.5	0.0094366
36.51	0.0094308
36.52	0.009425
36.53	0.0094192
36.54	0.0094135
36.55	0.0094077
36.56	0.0094019
36.57	0.0093962
36.58	0.0093904
36.59	0.0093847
36.6	0.0093789
36.61	0.0093732
36.62	0.0093675
36.63	0.0093617
36.64	0.009356
36.65	0.0093503
36.66	0.0093446
36.67	0.0093389
36.68	0.0093332
36.69	0.0093275
36.7	0.0093218
36.71	0.0093161
36.72	0.0093104
36.73	0.0093047
36.74	0.0092991
36.75	0.0092934
36.76	0.0092877
36.77	0.0092821
36.78	0.0092764
36.79	0.0092708
36.8	0.0092651
36.81	0.0092595
36.82	0.0092539
36.83	0.0092483
36.84	0.0092426
36.85	0.009237
36.86	0.0092314
36.87	0.0092258
36.88	0.0092202
36.89	0.0092146
36.9	0.009209
36.91	0.0092034
36.92	0.0091979
36.93	0.0091923
36.94	0.0091867
36.95	0.0091811
36.96	0.0091756
36.97	0.00917
36.98	0.0091645
36.99	0.0091589
37.0	0.0091534
37.01	0.0091479
37.02	0.0091423
37.03	0.0091368
37.04	0.0091313
37.05	0.0091258
37.06	0.0091203
37.07	0.0091148
37.08	0.0091093
37.09	0.0091038
37.1	0.0090983
37.11	0.0090928
37.12	0.0090873
37.13	0.0090818
37.14	0.0090764
37.15	0.0090709
37.16	0.0090654
37.17	0.00906
37.18	0.0090545
37.19	0.0090491
37.2	0.0090436
37.21	0.0090382
37.22	0.0090328
37.23	0.0090273
37.24	0.0090219
37.25	0.0090165
37.26	0.0090111
37.27	0.0090057
37.28	0.0090003
37.29	0.0089949
37.3	0.0089895
37.31	0.0089841
37.32	0.0089787
37.33	0.0089733
37.34	0.008968
37.35	0.0089626
37.36	0.0089572
37.37	0.0089519
37.38	0.0089465
37.39	0.0089412
37.4	0.0089358
37.41	0.0089305
37.42	0.0089251
37.43	0.0089198
37.44	0.0089145
37.45	0.0089092
37.46	0.0089038
37.47	0.0088985
37.48	0.0088932
37.49	0.0088879
37.5	0.0088826
37.51	0.0088773
37.52	0.008872
37.53	0.0088667
37.54	0.0088615
37.55	0.0088562
37.56	0.0088509
37.57	0.0088457
37.58	0.0088404
37.59	0.0088351
37.6	0.0088299
37.61	0.0088246
37.62	0.0088194
37.63	0.0088142
37.64	0.0088089
37.65	0.0088037
37.66	0.0087985
37.67	0.0087933
37.68	0.008788
37.69	0.0087828
37.7	0.0087776
37.71	0.0087724
37.72	0.0087672
37.73	0.008762
37.74	0.0087568
37.75	0.0087517
37.76	0.0087465
37.77	0.0087413
37.78	0.0087361
37.79	0.008731
37.8	0.0087258
37.81	0.0087207
37.82	0.0087155
37.83	0.0087104
37.84	0.0087052
37.85	0.0087001
37.86	0.008695
37.87	0.0086898
37.88	0.0086847
37.89	0.0086796
37.9	0.0086745
37.91	0.0086694
37.92	0.0086642
37.93	0.0086591
37.94	0.0086541
37.95	0.008649
37.96	0.0086439
37.97	0.0086388
37.98	0.0086337
37.99	0.0086286
38.0	0.0086236
38.01	0.0086185
38.02	0.0086134
38.03	0.0086084
38.04	0.0086033
38.05	0.0085983
38.06	0.0085932
38.07	0.0085882
38.08	0.0085832
38.09	0.0085781
38.1	0.0085731
38.11	0.0085681
38.12	0.0085631
38.13	0.008558
38.14	0.008553
38.15	0.008548
38.16	0.008543
38.17	0.008538
38.18	0.008533
38.19	0.0085281
38.2	0.0085231
38.21	0.0085181
38.22	0.0085131
38.23	0.0085082
38.24	0.0085032
38.25	0.0084982
38.26	0.0084933
38.27	0.0084883
38.28	0.0084834
38.29	0.0084784
38.3	0.0084735
38.31	0.0084685
38.32	0.0084636
38.33	0.0084587
38.34	0.0084538
38.35	0.0084488
38.36	0.0084439
38.37	0.008439
38.38	0.0084341
38.39	0.0084292
38.4	0.0084243
38.41	0.0084194
38.42	0.0084145
38.43	0.0084097
38.44	0.0084048
38.45	0.0083999
38.46	0.008395
38.47	0.0083902
38.48	0.0083853
38.49	0.0083804
38.5	0.0083756
38.51	0.0083707
38.52	0.0083659
38.53	0.008361
38.54	0.0083562
38.55	0.0083514
38.56	0.0083465
38.57	0.0083417
38.58	0.0083369
38.59	0.0083321
38.6	0.0083273
38.61	0.0083224
38.62	0.0083176
38.63	0.0083128
38.64	0.008308
38.65	0.0083032
38.66	0.0082985
38.67	0.0082937
38.68	0.0082889
38.69	0.0082841
38.7	0.0082793
38.71	0.0082746
38.72	0.0082698
38.73	0.008265
38.74	0.0082603
38.75	0.0082555
38.76	0.0082508
38.77	0.008246
38.78	0.0082413
38.79	0.0082366
38.8	0.0082318
38.81	0.0082271
38.82	0.0082224
38.83	0.0082177
38.84	0.0082129
38.85	0.0082082
38.86	0.0082035
38.87	0.0081988
38.88	0.0081941
38.89	0.0081894
38.9	0.0081847
38.91	0.0081801
38.92	0.0081754
38.93	0.0081707
38.94	0.008166
38.95	0.0081613
38.96	0.0081567
38.97	0.008152
38.98	0.0081473
38.99	0.0081427
39.0	0.008138
39.01	0.0081334
39.02	0.0081287
39.03	0.0081241
39.04	0.0081195
39.05	0.0081148
39.06	0.0081102
39.07	0.0081056
39.08	0.008101
39.09	0.0080963
39.1	0.0080917
39.11	0.0080871
39.12	0.0080825
39.13	0.0080779
39.14	0.0080733
39.15	0.0080687
39.16	0.0080641
39.17	0.0080596
39.18	0.008055
39.19	0.0080504
39.2	0.0080458
39.21	0.0080412
39.22	0.0080367
39.23	0.0080321
39.24	0.0080276
39.25	0.008023
39.26	0.0080185
39.27	0.0080139
39.28	0.0080094
39.29	0.0080048
39.3	0.0080003
39.31	0.0079958
39.32	0.0079912
39.33	0.0079867
39.34	0.0079822
39.35	0.0079777
39.36	0.0079732
39.37	0.0079686
39.38	0.0079641
39.39	0.0079596
39.4	0.0079551
39.41	0.0079507
39.42	0.0079462
39.43	0.0079417
39.44	0.0079372
39.45	0.0079327
39.46	0.0079282
39.47	0.0079238
39.48	0.0079193
39.49	0.0079148
39.5	0.0079104
39.51	0.0079059
39.52	0.0079015
39.53	0.007897
39.54	0.0078926
39.55	0.0078881
39.56	0.0078837
39.57	0.0078793
39.58	0.0078748
39.59	0.0078704
39.6	0.007866
39.61	0.0078616
39.62	0.0078571
39.63	0.0078527
39.64	0.0078483
39.65	0.0078439
39.66	0.0078395
39.67	0.0078351
39.68	0.0078307
39.69	0.0078263
39.7	0.007822
39.71	0.0078176
39.72	0.0078132
39.73	0.0078088
39.74	0.0078044
39.75	0.0078001
39.76	0.0077957
39.77	0.0077914
39.78	0.007787
39.79	0.0077826
39.8	0.0077783
39.81	0.007774
39.82	0.0077696
39.83	0.0077653
39.84	0.0077609
39.85	0.0077566
39.86	0.0077523
39.87	0.0077479
39.88	0.0077436
39.89	0.0077393
39.9	0.007735
39.91	0.0077307
39.92	0.0077264
39.93	0.0077221
39.94	0.0077178
39.95	0.0077135
39.96	0.0077092
39.97	0.0077049
39.98	0.0077006
39.99	0.0076963
40.0	0.0076921
40.01	0.0076878
40.02	0.0076835
40.03	0.0076792
40.04	0.007675
40.05	0.0076707
40.06	0.0076665
40.07	0.0076622
40.08	0.007658
40.09	0.0076537
40.1	0.0076495
40.11	0.0076452
40.12	0.007641
40.13	0.0076368
40.14	0.0076325
40.15	0.0076283
40.16	0.0076241
40.17	0.0076199
40.18	0.0076156
40.19	0.0076114
40.2	0.0076072
40.21	0.007603
40.22	0.0075988
40.23	0.0075946
40.24	0.0075904
40.25	0.0075862
40.26	0.0075821
40.27	0.0075779
40.28	0.0075737
40.29	0.0075695
40.3	0.0075653
40.31	0.0075612
40.32	0.007557
40.33	0.0075528
40.34	0.0075487
40.35	0.0075445
40.36	0.0075404
40.37	0.0075362
40.38	0.0075321
40.39	0.0075279
40.4	0.0075238
40.41	0.0075197
40.42	0.0075155
40.43	0.0075114
40.44	0.0075073
40.45	0.0075031
40.46	0.007499
40.47	0.0074949
40.48	0.0074908
40.49	0.0074867
40.5	0.0074826
40.51	0.0074785
40.52	0.0074744
40.53	0.0074703
40.54	0.0074662
40.55	0.0074621
40.56	0.007458
40.57	0.0074539
40.58	0.0074498
40.59	0.0074458
40.6	0.0074417
40.61	0.0074376
40.62	0.0074336
40.63	0.0074295
40.64	0.0074254
40.65	0.0074214
40.66	0.0074173
40.67	0.0074133
40.68	0.0074092
40.69	0.0074052
40.7	0.0074012
40.71	0.0073971
40.72	0.0073931
40.73	0.0073891
40.74	0.007385
40.75	0.007381
40.76	0.007377
40.77	0.007373
40.78	0.007369
40.79	0.0073649
40.8	0.0073609
40.81	0.0073569
40.82	0.0073529
40.83	0.0073489
40.84	0.0073449
40.85	0.0073409
40.86	0.007337
40.87	0.007333
40.88	0.007329
40.89	0.007325
40.9	0.007321
40.91	0.0073171
40.92	0.0073131
40.93	0.0073091
40.94	0.0073052
40.95	0.0073012
40.96	0.0072973
40.97	0.0072933
40.98	0.0072894
40.99	0.0072854
41.0	0.0072815
41.01	0.0072775
41.02	0.0072736
41.03	0.0072697
41.04	0.0072657
41.05	0.0072618
41.06	0.0072579
41.07	0.007254
41.08	0.00725
41.09	0.0072461
41.1	0.0072422
41.11	0.0072383
41.12	0.0072344
41.13	0.0072305
41.14	0.0072266
41.15	0.0072227
41.16	0.0072188
41.17	0.0072149
41.18	0.007211
41.19	0.0072071
41.2	0.0072033
41.21	0.0071994
41.22	0.0071955
41.23	0.0071916
41.24	0.0071878
41.25	0.0071839
41.26	0.0071801
41.27	0.0071762
41.28	0.0071723
41.29	0.0071685
41.3	0.0071646
41.31	0.0071608
41.32	0.0071569
41.33	0.0071531
41.34	0.0071493
41.35	0.0071454
41.36	0.0071416
41.37	0.0071378
41.38	0.007134
41.39	0.0071301
41.4	0.0071263
41.41	0.0071225
41.42	0.0071187
41.43	0.0071149
41.44	0.0071111
41.45	0.0071073
41.46	0.0071035
41.47	0.0070997
41.48	0.0070959
41.49	0.0070921
41.5	0.0070883
41.51	0.0070845
41.52	0.0070807
41.53	0.0070769
41.54	0.0070732
41.55	0.0070694
41.56	0.0070656
41.57	0.0070619
41.58	0.0070581
41.59	0.0070543
41.6	0.0070506
41.61	0.0070468
41.62	0.0070431
41.63	0.0070393
41.64	0.0070356
41.65	0.0070318
41.66	0.0070281
41.67	0.0070244
41.68	0.0070206
41.69	0.0070169
41.7	0.0070132
41.71	0.0070094
41.72	0.0070057
41.73	0.007002
41.74	0.0069983
41.75	0.0069946
41.76	0.0069908
41.77	0.0069871
41.78	0.0069834
41.79	0.0069797
41.8	0.006976
41.81	0.0069723
41.82	0.0069686
41.83	0.006965
41.84	0.0069613
41.85	0.0069576
41.86	0.0069539
41.87	0.0069502
41.88	0.0069465
41.89	0.0069429
41.9	0.0069392
41.91	0.0069355
41.92	0.0069319
41.93	0.0069282
41.94	0.0069245
41.95	0.0069209
41.96	0.0069172
41.97	0.0069136
41.98	0.0069099
41.99	0.0069063
42.0	0.0069027
42.01	0.006899
42.02	0.0068954
42.03	0.0068917
42.04	0.0068881
42.05	0.0068845
42.06	0.0068809
42.07	0.0068772
42.08	0.0068736
42.09	0.00687
42.1	0.0068664
42.11	0.0068628
42.12	0.0068592
42.13	0.0068556
42.14	0.006852
42.15	0.0068484
42.16	0.0068448
42.17	0.0068412
42.18	0.0068376
42.19	0.006834
42.2	0.0068304
42.21	0.0068268
42.22	0.0068233
42.23	0.0068197
42.24	0.0068161
42.25	0.0068125
42.26	0.006809
42.27	0.0068054
42.28	0.0068018
42.29	0.0067983
42.3	0.0067947
42.31	0.0067912
42.32	0.0067876
42.33	0.0067841
42.34	0.0067805
42.35	0.006777
42.36	0.0067734
42.37	0.0067699
42.38	0.0067664
42.39	0.0067628
42.4	0.0067593
42.41	0.0067558
42.42	0.0067522
42.43	0.0067487
42.44	0.0067452
42.45	0.0067417
42.46	0.0067382
42.47	0.0067347
42.48	0.0067312
42.49	0.0067277
42.5	0.0067242
42.51	0.0067207
42.52	0.0067172
42.53	0.0067137
42.54	0.0067102
42.55	0.0067067
42.56	0.0067032
42.57	0.0066997
42.58	0.0066962
42.59	0.0066928
42.6	0.0066893
42.61	0.0066858
42.62	0.0066823
42.63	0.0066789
42.64	0.0066754
42.65	0.0066719
42.66	0.0066685
42.67	0.006665
42.68	0.0066616
42.69	0.0066581
42.7	0.0066547
42.71	0.0066512
42.72	0.0066478
42.73	0.0066443
42.74	0.0066409
42.75	0.0066375
42.76	0.006634
42.77	0.0066306
42.78	0.0066272
42.79	0.0066238
42.8	0.0066203
42.81	0.0066169
42.82	0.0066135
42.83	0.0066101
42.84	0.0066067
42.85	0.0066033
42.86	0.0065999
42.87	0.0065964
42.88	0.006593
42.89	0.0065896
42.9	0.0065863
42.91	0.0065829
42.92	0.0065795
42.93	0.0065761
42.94	0.0065727
42.95	0.0065693
42.96	0.0065659
42.97	0.0065626
42.98	0.0065592
42.99	0.0065558
43.0	0.0065524
43.01	0.0065491
43.02	0.0065457
43.03	0.0065423
43.04	0.006539
43.05	0.0065356
43.06	0.0065323
43.07	0.0065289
43.08	0.0065256
43.09	0.0065222
43.1	0.0065189
43.11	0.0065155
43.12	0.0065122
43.13	0.0065089
43.14	0.0065055
43.15	0.0065022
43.16	0.0064989
43.17	0.0064955
43.18	0.0064922
43.19	0.0064889
43.2	0.0064856
43.21	0.0064823
43.22	0.0064789
43.23	0.0064756
43.24	0.0064723
43.25	0.006469
43.26	0.0064657
43.27	0.0064624
43.28	0.0064591
43.29	0.0064558
43.3	0.0064525
43.31	0.0064492
43.32	0.0064459
43.33	0.0064427
43.34	0.0064394
43.35	0.0064361
43.36	0.0064328
43.37	0.0064295
43.38	0.0064263
43.39	0.006423
43.4	0.0064197
43.41	0.0064165
43.42	0.0064132
43.43	0.0064099
43.44	0.0064067
43.45	0.0064034
43.46	0.0064002
43.47	0.0063969
43.48	0.0063937
43.49	0.0063904
43.5	0.0063872
43.51	0.0063839
43.52	0.0063807
43.53	0.0063775
43.54	0.0063742
43.55	0.006371
43.56	0.0063678
43.57	0.0063645
43.58	0.0063613
43.59	0.0063581
43.6	0.0063549
43.61	0.0063516
43.62	0.0063484
43.63	0.0063452
43.64	0.006342
43.65	0.0063388
43.66	0.0063356
43.67	0.0063324
43.68	0.0063292
43.69	0.006326
43.7	0.0063228
43.71	0.0063196
43.72	0.0063164
43.73	0.0063132
43.74	0.00631
43.75	0.0063069
43.76	0.0063037
43.77	0.0063005
43.78	0.0062973
43.79	0.0062941
43.8	0.006291
43.81	0.0062878
43.82	0.0062846
43.83	0.0062815
43.84	0.0062783
43.85	0.0062751
43.86	0.006272
43.87	0.0062688
43.88	0.0062657
43.89	0.0062625
43.9	0.0062594
43.91	0.0062562
43.92	0.0062531
43.93	0.00625
43.94	0.0062468
43.95	0.0062437
43.96	0.0062405
43.97	0.0062374
43.98	0.0062343
43.99	0.0062312
44.0	0.006228
44.01	0.0062249
44.02	0.0062218
44.03	0.0062187
44.04	0.0062156
44.05	0.0062124
44.06	0.0062093
44.07	0.0062062
44.08	0.0062031
44.09	0.0062
44.1	0.0061969
44.11	0.0061938
44.12	0.0061907
44.13	0.0061876
44.14	0.0061845
44.15	0.0061814
44.16	0.0061784
44.17	0.0061753
44.18	0.0061722
44.19	0.0061691
44.2	0.006166
44.21	0.006163
44.22	0.0061599
44.23	0.0061568
44.24	0.0061537
44.25	0.0061507
44.26	0.0061476
44.27	0.0061445
44.28	0.0061415
44.29	0.0061384
44.3	0.0061354
44.31	0.0061323
44.32	0.0061293
44.33	0.0061262
44.34	0.0061232
44.35	0.0061201
44.36	0.0061171
44.37	0.006114
44.38	0.006111
44.39	0.006108
44.4	0.0061049
44.41	0.0061019
44.42	0.0060989
44.43	0.0060959
44.44	0.0060928
44.45	0.0060898
44.46	0.0060868
44.47	0.0060838
44.48	0.0060808
44.49	0.0060777
44.5	0.0060747
44.51	0.0060717
44.52	0.0060687
44.53	0.0060657
44.54	0.0060627
44.55	0.0060597
44.56	0.0060567
44.57	0.0060537
44.58	0.0060507
44.59	0.0060477
44.6	0.0060447
44.61	0.0060418
44.62	0.0060388
44.63	0.0060358
44.64	0.0060328
44.65	0.0060298
44.66	0.0060269
44.67	0.0060239
44.68	0.0060209
44.69	0.0060179
44.7	0.006015
44.71	0.006012
44.72	0.0060091
44.73	0.0060061
44.74	0.0060031
44.75	0.0060002
44.76	0.0059972
44.77	0.0059943
44.78	0.0059913
44.79	0.0059884
44.8	0.0059854
44.81	0.0059825
44.82	0.0059795
44.83	0.0059766
44.84	0.0059737
44.85	0.0059707
44.86	0.0059678
44.87	0.0059649
44.88	0.005962
44.89	0.005959
44.9	0.0059561
44.91	0.0059532
44.92	0.0059503
44.93	0.0059473
44.94	0.0059444
44.95	0.0059415
44.96	0.0059386
44.97	0.0059357
44.98	0.0059328
44.99	0.0059299
45.0	0.005927
45.01	0.0059241
45.02	0.0059212
45.03	0.0059183
45.04	0.0059154
45.05	0.0059125
45.06	0.0059096
45.07	0.0059067
45.08	0.0059038
45.09	0.005901
45.1	0.0058981
45.11	0.0058952
45.12	0.0058923
45.13	0.0058894
45.14	0.0058866
45.15	0.0058837
45.16	0.0058808
45.17	0.005878
45.18	0.0058751
45.19	0.0058722
45.2	0.0058694
45.21	0.0058665
45.22	0.0058637
45.23	0.0058608
45.24	0.005858
45.25	0.0058551
45.26	0.0058523
45.27	0.0058494
45.28	0.0058466
45.29	0.0058437
45.3	0.0058409
45.31	0.0058381
45.32	0.0058352
45.33	0.0058324
45.34	0.0058296
45.35	0.0058267
45.36	0.0058239
45.37	0.0058211
45.38	0.0058182
45.39	0.0058154
45.4	0.0058126
45.41	0.0058098
45.42	0.005807
45.43	0.0058042
45.44	0.0058013
45.45	0.0057985
45.46	0.0057957
45.47	0.0057929
45.48	0.0057901
45.49	0.0057873
45.5	0.0057845
45.51	0.0057817
45.52	0.0057789
45.53	0.0057761
45.54	0.0057734
45.55	0.0057706
45.56	0.0057678
45.57	0.005765
45.58	0.0057622
45.59	0.0057594
45.6	0.0057566
45.61	0.0057539
45.62	0.0057511
45.63	0.0057483
45.64	0.0057456
45.65	0.0057428
45.66	0.00574
45.67	0.0057373
45.68	0.0057345
45.69	0.0057317
45.7	0.005729
45.71	0.0057262
45.72	0.0057235
45.73	0.0057207
45.74	0.005718
45.75	0.0057152
45.76	0.0057125
45.77	0.0057097
45.78	0.005707
45.79	0.0057042
45.8	0.0057015
45.81	0.0056987
45.82	0.005696
45.83	0.0056933
45.84	0.0056905
45.85	0.0056878
45.86	0.0056851
45.87	0.0056824
45.88	0.0056796
45.89	0.0056769
45.9	0.0056742
45.91	0.0056715
45.92	0.0056688
45.93	0.0056661
45.94	0.0056633
45.95	0.0056606
45.96	0.0056579
45.97	0.0056552
45.98	0.0056525
45.99	0.0056498
46.0	0.0056471
46.01	0.0056444
46.02	0.0056417
46.03	0.005639
46.04	0.0056363
46.05	0.0056336
46.06	0.0056309
46.07	0.0056283
46.08	0.0056256
46.09	0.0056229
46.1	0.0056202
46.11	0.0056175
46.12	0.0056149
46.13	0.0056122
46.14	0.0056095
46.15	0.0056068
46.16	0.0056042
46.17	0.0056015
46.18	0.0055988
46.19	0.0055962
46.2	0.0055935
46.21	0.0055908
46.22	0.0055882
46.23	0.0055855
46.24	0.0055829
46.25	0.0055802
46.26	0.0055776
46.27	0.0055749
46.28	0.0055723
46.29	0.0055696
46.3	0.005567
46.31	0.0055643
46.32	0.0055617
46.33	0.0055591
46.34	0.0055564
46.35	0.0055538
46.36	0.0055512
46.37	0.0055485
46.38	0.0055459
46.39	0.0055433
46.4	0.0055407
46.41	0.005538
46.42	0.0055354
46.43	0.0055328
46.44	0.0055302
46.45	0.0055276
46.46	0.0055249
46.47	0.0055223
46.48	0.0055197
46.49	0.0055171
46.5	0.0055145
46.51	0.0055119
46.52	0.0055093
46.53	0.0055067
46.54	0.0055041
46.55	0.0055015
46.56	0.0054989
46.57	0.0054963
46.58	0.0054937
46.59	0.0054911
46.6	0.0054885
46.61	0.005486
46.62	0.0054834
46.63	0.0054808
46.64	0.0054782
46.65	0.0054756
46.66	0.0054731
46.67	0.0054705
46.68	0.0054679
46.69	0.0054653
46.7	0.0054628
46.71	0.0054602
46.72	0.0054576
46.73	0.0054551
46.74	0.0054525
46.75	0.0054499
46.76	0.0054474
46.77	0.0054448
46.78	0.0054423
46.79	0.0054397
46.8	0.0054372
46.81	0.0054346
46.82	0.0054321
46.83	0.0054295
46.84	0.005427
46.85	0.0054244
46.86	0.0054219
46.87	0.0054193
46.88	0.0054168
46.89	0.0054143
46.9	0.0054117
46.91	0.0054092
46.92	0.0054067
46.93	0.0054041
46.94	0.0054016
46.95	0.0053991
46.96	0.0053966
46.97	0.005394
46.98	0.0053915
46.99	0.005389
47.0	0.0053865
47.01	0.005384
47.02	0.0053815
47.03	0.0053789
47.04	0.0053764
47.05	0.0053739
47.06	0.0053714
47.07	0.0053689
47.08	0.0053664
47.09	0.0053639
47.1	0.0053614
47.11	0.0053589
47.12	0.0053564
47.13	0.0053539
47.14	0.0053514
47.15	0.0053489
47.16	0.0053465
47.17	0.005344
47.18	0.0053415
47.19	0.005339
47.2	0.0053365
47.21	0.005334
47.22	0.0053316
47.23	0.0053291
47.24	0.0053266
47.25	0.0053241
47.26	0.0053217
47.27	0.0053192
47.28	0.0053167
47.29	0.0053143
47.3	0.0053118
47.31	0.0053093
47.32	0.0053069
47.33	0.0053044
47.34	0.0053019
47.35	0.0052995
47.36	0.005297
47.37	0.0052946
47.38	0.0052921
47.39	0.0052897
47.4	0.0052872
47.41	0.0052848
47.42	0.0052823
47.43	0.0052799
47.44	0.0052775
47.45	0.005275
47.46	0.0052726
47.47	0.0052701
47.48	0.0052677
47.49	0.0052653
47.5	0.0052629
47.51	0.0052604
47.52	0.005258
47.53	0.0052556
47.54	0.0052531
47.55	0.0052507
47.56	0.0052483
47.57	0.0052459
47.58	0.0052435
47.59	0.005241
47.6	0.0052386
47.61	0.0052362
47.62	0.0052338
47.63	0.0052314
47.64	0.005229
47.65	0.0052266
47.66	0.0052242
47.67	0.0052218
47.68	0.0052194
47.69	0.005217
47.7	0.0052146
47.71	0.0052122
47.72	0.0052098
47.73	0.0052074
47.74	0.005205
47.75	0.0052026
47.76	0.0052002
47.77	0.0051978
47.78	0.0051955
47.79	0.0051931
47.8	0.0051907
47.81	0.0051883
47.82	0.0051859
47.83	0.0051836
47.84	0.0051812
47.85	0.0051788
47.86	0.0051764
47.87	0.0051741
47.88	0.0051717
47.89	0.0051693
47.9	0.005167
47.91	0.0051646
47.92	0.0051622
47.93	0.0051599
47.94	0.0051575
47.95	0.0051552
47.96	0.0051528
47.97	0.0051504
47.98	0.0051481
47.99	0.0051457
48.0	0.0051434
48.01	0.005141
48.02	0.0051387
48.03	0.0051364
48.04	0.005134
48.05	0.0051317
48.06	0.0051293
48.07	0.005127
48.08	0.0051247
48.09	0.0051223
48.1	0.00512
48.11	0.0051177
48.12	0.0051153
48.13	0.005113
48.14	0.0051107
48.15	0.0051083
48.16	0.005106
48.17	0.0051037
48.18	0.0051014
48.19	0.0050991
48.2	0.0050967
48.21	0.0050944
48.22	0.0050921
48.23	0.0050898
48.24	0.0050875
48.25	0.0050852
48.26	0.0050829
48.27	0.0050806
48.28	0.0050783
48.29	0.005076
48.3	0.0050737
48.31	0.0050714
48.32	0.0050691
48.33	0.0050668
48.34	0.0050645
48.35	0.0050622
48.36	0.0050599
48.37	0.0050576
48.38	0.0050553
48.39	0.005053
48.4	0.0050507
48.41	0.0050484
48.42	0.0050462
48.43	0.0050439
48.44	0.0050416
48.45	0.0050393
48.46	0.005037
48.47	0.0050348
48.48	0.0050325
48.49	0.0050302
48.5	0.0050279
48.51	0.0050257
48.52	0.0050234
48.53	0.0050211
48.54	0.0050189
48.55	0.0050166
48.56	0.0050143
48.57	0.0050121
48.58	0.0050098
48.59	0.0050076
48.6	0.0050053
48.61	0.0050031
48.62	0.0050008
48.63	0.0049986
48.64	0.0049963
48.65	0.0049941
48.66	0.0049918
48.67	0.0049896
48.68	0.0049873
48.69	0.0049851
48.7	0.0049828
48.71	0.0049806
48.72	0.0049784
48.73	0.0049761
48.74	0.0049739
48.75	0.0049717
48.76	0.0049694
48.77	0.0049672
48.78	0.004965
48.79	0.0049627
48.8	0.0049605
48.81	0.0049583
48.82	0.0049561
48.83	0.0049538
48.84	0.0049516
48.85	0.0049494
48.86	0.0049472
48.87	0.004945
48.88	0.0049428
48.89	0.0049406
48.9	0.0049383
48.91	0.0049361
48.92	0.0049339
48.93	0.0049317
48.94	0.0049295
48.95	0.0049273
48.96	0.0049251
48.97	0.0049229
48.98	0.0049207
48.99	0.0049185
49.0	0.0049163
49.01	0.0049141
49.02	0.0049119
49.03	0.0049097
49.04	0.0049075
49.05	0.0049054
49.06	0.0049032
49.07	0.004901
49.08	0.0048988
49.09	0.0048966
49.1	0.0048944
49.11	0.0048922
49.12	0.0048901
49.13	0.0048879
49.14	0.0048857
49.15	0.0048835
49.16	0.0048814
49.17	0.0048792
49.18	0.004877
49.19	0.0048749
49.2	0.0048727
49.21	0.0048705
49.22	0.0048684
49.23	0.0048662
49.24	0.004864
49.25	0.0048619
49.26	0.0048597
49.27	0.0048576
49.28	0.0048554
49.29	0.0048533
49.3	0.0048511
49.31	0.0048489
49.32	0.0048468
49.33	0.0048446
49.34	0.0048425
49.35	0.0048404
49.36	0.0048382
49.37	0.0048361
49.38	0.0048339
49.39	0.0048318
49.4	0.0048296
49.41	0.0048275
49.42	0.0048254
49.43	0.0048232
49.44	0.0048211
49.45	0.004819
49.46	0.0048168
49.47	0.0048147
49.48	0.0048126
49.49	0.0048105
49.5	0.0048083
49.51	0.0048062
49.52	0.0048041
49.53	0.004802
49.54	0.0047999
49.55	0.0047977
49.56	0.0047956
49.57	0.0047935
49.58	0.0047914
49.59	0.0047893
49.6	0.0047872
49.61	0.0047851
49.62	0.0047829
49.63	0.0047808
49.64	0.0047787
49.65	0.0047766
49.66	0.0047745
49.67	0.0047724
49.68	0.0047703
49.69	0.0047682
49.7	0.0047661
49.71	0.004764
49.72	0.0047619
49.73	0.0047599
49.74	0.0047578
49.75	0.0047557
49.76	0.0047536
49.77	0.0047515
49.78	0.0047494
49.79	0.0047473
49.8	0.0047452
49.81	0.0047432
49.82	0.0047411
49.83	0.004739
49.84	0.0047369
49.85	0.0047348
49.86	0.0047328
49.87	0.0047307
49.88	0.0047286
49.89	0.0047266
49.9	0.0047245
49.91	0.0047224
49.92	0.0047203
49.93	0.0047183
49.94	0.0047162
49.95	0.0047142
49.96	0.0047121
49.97	0.00471
49.98	0.004708
49.99	0.0047059
50.0	0.0047039
