eng	y_fit
0.01	7.9903
0.02	6.0893
0.03	5.3617
0.04	5.0102
0.05	4.8378
0.06	4.7697
0.07	4.7711
0.08	4.8234
0.09	4.9159
0.1	5.0423
0.11	5.1984
0.12	5.3814
0.13	5.5898
0.14	5.8222
0.15	6.0779
0.16	6.356
0.17	6.656
0.18	6.977
0.19	7.3182
0.2	7.6783
0.21	8.0555
0.22	8.4477
0.23	8.357639999999998
0.24	8.26758
0.25	8.17752
0.26	8.08746
0.27	7.997399999999999
0.28	7.90734
0.29	7.817279999999999
0.3	7.727219999999999
0.31	7.63716
0.32	7.5470999999999995
0.33	7.457039999999999
0.34	7.36698
0.35	7.27692
0.36	7.1868599999999985
0.37	7.0968
0.38	7.00674
0.39	6.9166799999999995
0.4	6.826619999999998
0.41	6.73656
0.42	6.6465
0.43	6.556439999999999
0.44	6.466379999999999
0.45	6.37632
0.46	6.2862599999999995
0.47	6.196199999999998
0.48	6.10614
0.49	6.01608
0.5	5.926019999999999
0.51	5.835959999999999
0.52	5.7459
0.53	5.6558399999999995
0.54	5.565779999999999
0.55	5.475719999999999
0.56	5.38566
0.57	5.295599999999999
0.58	5.20554
0.59	5.11548
0.6	5.0254199999999996
0.61	4.935359999999999
0.62	4.8453
0.63	4.75524
0.64	4.665179999999999
0.65	4.57512
0.66	4.48506
0.67	4.395
0.68	4.304939999999999
0.69	4.214879999999999
0.7	4.12482
0.71	4.0347599999999995
0.72	3.9446999999999997
0.73	3.85464
0.74	3.7645799999999996
0.75	3.67452
0.76	3.58446
0.77	3.4943999999999997
0.78	3.4043399999999995
0.79	3.31428
0.8	3.22422
0.81	3.13416
0.82	3.0441
0.83	3.0186366666666666
0.84	2.993173333333333
0.85	2.96771
0.86	2.9422466666666667
0.87	2.9167833333333335
0.88	2.8913200000000003
0.89	2.8658566666666663
0.9	2.8403933333333335
0.91	2.8149299999999995
0.92	2.7894666666666668
0.93	2.764003333333333
0.94	2.7385399999999995
0.95	2.7130766666666664
0.96	2.687613333333333
0.97	2.6621499999999996
0.98	2.6366866666666664
0.99	2.6112233333333332
1.0	2.5857599999999996
1.01	2.560296666666667
1.02	2.5348333333333333
1.03	2.5093699999999997
1.04	2.4839066666666665
1.05	2.458443333333333
1.06	2.4329799999999997
1.07	2.4075166666666665
1.08	2.382053333333333
1.09	2.3565899999999997
1.1	2.3311266666666666
1.11	2.305663333333333
1.12	2.2802
1.13	2.274725
1.14	2.26925
1.15	2.263775
1.16	2.2583
1.17	2.2522
1.18	2.2462
1.19	2.2406
1.2	2.2341
1.21	2.2291
1.22	2.2233
1.23	2.2174
1.24	2.2121
1.25	2.2059
1.26	2.1998
1.27	2.1941
1.28	2.1879
1.29	2.1818
1.3	2.1762
1.31	2.1701
1.32	2.1638
1.33	2.1578
1.34	2.1517
1.35	2.1453
1.36	2.1391
1.37	2.1332
1.38	2.127
1.39	2.1208
1.4	2.1148
1.41	2.1087
1.42	2.1024
1.43	2.096
1.44	2.0898
1.45	2.0835
1.46	2.0771
1.47	2.0708
1.48	2.0646
1.49	2.0584
1.5	2.0522
1.51	2.046
1.52	2.0398
1.53	2.0336
1.54	2.0274
1.55	2.0211
1.56	2.0148
1.57	2.0085
1.58	2.0023
1.59	1.9961
1.6	1.9898
1.61	1.9837
1.62	1.9776
1.63	1.9715
1.64	1.9653
1.65	1.9592
1.66	1.9532
1.67	1.9471
1.68	1.9411
1.69	1.935
1.7	1.9289
1.71	1.9229
1.72	1.9169
1.73	1.911
1.74	1.905
1.75	1.899
1.76	1.8932
1.77	1.8873
1.78	1.8815
1.79	1.8757
1.8	1.8699
1.81	1.8641
1.82	1.8584
1.83	1.8527
1.84	1.847
1.85	1.8414
1.86	1.8357
1.87	1.8302
1.88	1.8246
1.89	1.8191
1.9	1.8136
1.91	1.8081
1.92	1.8026
1.93	1.7972
1.94	1.7919
1.95	1.7865
1.96	1.7812
1.97	1.7759
1.98	1.7707
1.99	1.7655
2.0	1.7603
2.01	1.7552
2.02	1.7501
2.03	1.745
2.04	1.7399
2.05	1.7349
2.06	1.7299
2.07	1.725
2.08	1.7201
2.09	1.7152
2.1	1.7103
2.11	1.7055
2.12	1.7008
2.13	1.696
2.14	1.6913
2.15	1.6866
2.16	1.682
2.17	1.6773
2.18	1.6728
2.19	1.6682
2.2	1.6637
2.21	1.6592
2.22	1.6547
2.23	1.6503
2.24	1.6459
2.25	1.6416
2.26	1.6372
2.27	1.6329
2.28	1.6287
2.29	1.6244
2.3	1.6202
2.31	1.616
2.32	1.6119
2.33	1.6078
2.34	1.6037
2.35	1.5996
2.36	1.5956
2.37	1.5916
2.38	1.5876
2.39	1.5837
2.4	1.5797
2.41	1.5759
2.42	1.572
2.43	1.5682
2.44	1.5643
2.45	1.5606
2.46	1.5568
2.47	1.5531
2.48	1.5494
2.49	1.5457
2.5	1.542
2.51	1.5384
2.52	1.5348
2.53	1.5312
2.54	1.5277
2.55	1.5241
2.56	1.5206
2.57	1.5172
2.58	1.5137
2.59	1.5103
2.6	1.5068
2.61	1.5034
2.62	1.5001
2.63	1.4967
2.64	1.4934
2.65	1.4901
2.66	1.4868
2.67	1.4835
2.68	1.4802
2.69	1.477
2.7	1.4738
2.71	1.4706
2.72	1.4674
2.73	1.4643
2.74	1.4611
2.75	1.458
2.76	1.4549
2.77	1.4518
2.78	1.4487
2.79	1.4457
2.8	1.4426
2.81	1.4396
2.82	1.4366
2.83	1.4336
2.84	1.4306
2.85	1.4277
2.86	1.4247
2.87	1.4218
2.88	1.4189
2.89	1.416
2.9	1.4131
2.91	1.4102
2.92	1.4073
2.93	1.4045
2.94	1.4016
2.95	1.3988
2.96	1.396
2.97	1.3932
2.98	1.3904
2.99	1.3876
3.0	1.3848
3.01	1.382
3.02	1.3793
3.03	1.3765
3.04	1.3738
3.05	1.3711
3.06	1.3684
3.07	1.3657
3.08	1.363
3.09	1.3603
3.1	1.3576
3.11	1.3549
3.12	1.3523
3.13	1.3496
3.14	1.347
3.15	1.3443
3.16	1.3417
3.17	1.3391
3.18	1.3365
3.19	1.3338
3.2	1.3312
3.21	1.3286
3.22	1.326
3.23	1.3235
3.24	1.3209
3.25	1.3183
3.26	1.3158
3.27	1.3132
3.28	1.3106
3.29	1.3081
3.3	1.3055
3.31	1.303
3.32	1.3005
3.33	1.2979
3.34	1.2954
3.35	1.2929
3.36	1.2904
3.37	1.2879
3.38	1.2854
3.39	1.2829
3.4	1.2804
3.41	1.2779
3.42	1.2754
3.43	1.2729
3.44	1.2705
3.45	1.268
3.46	1.2655
3.47	1.2631
3.48	1.2606
3.49	1.2581
3.5	1.2557
3.51	1.2532
3.52	1.2508
3.53	1.2484
3.54	1.2459
3.55	1.2435
3.56	1.2411
3.57	1.2386
3.58	1.2362
3.59	1.2338
3.6	1.2314
3.61	1.229
3.62	1.2266
3.63	1.2242
3.64	1.2218
3.65	1.2194
3.66	1.217
3.67	1.2146
3.68	1.2122
3.69	1.2098
3.7	1.2074
3.71	1.2051
3.72	1.2027
3.73	1.2003
3.74	1.198
3.75	1.1956
3.76	1.1932
3.77	1.1909
3.78	1.1886
3.79	1.1862
3.8	1.1839
3.81	1.1815
3.82	1.1792
3.83	1.1769
3.84	1.1745
3.85	1.1722
3.86	1.1699
3.87	1.1676
3.88	1.1653
3.89	1.163
3.9	1.1607
3.91	1.1584
3.92	1.1561
3.93	1.1538
3.94	1.1515
3.95	1.1492
3.96	1.147
3.97	1.1447
3.98	1.1424
3.99	1.1402
4.0	1.1379
4.01	1.1357
4.02	1.1334
4.03	1.1312
4.04	1.1289
4.05	1.1267
4.06	1.1244
4.07	1.1222
4.08	1.12
4.09	1.1178
4.1	1.1156
4.11	1.1133
4.12	1.1111
4.13	1.1089
4.14	1.1067
4.15	1.1045
4.16	1.1024
4.17	1.1002
4.18	1.098
4.19	1.0958
4.2	1.0936
4.21	1.0915
4.22	1.0893
4.23	1.0872
4.24	1.085
4.25	1.0829
4.26	1.0807
4.27	1.0786
4.28	1.0764
4.29	1.0743
4.3	1.0722
4.31	1.0701
4.32	1.0679
4.33	1.0658
4.34	1.0637
4.35	1.0616
4.36	1.0595
4.37	1.0574
4.38	1.0553
4.39	1.0532
4.4	1.0512
4.41	1.0491
4.42	1.047
4.43	1.0449
4.44	1.0429
4.45	1.0408
4.46	1.0388
4.47	1.0367
4.48	1.0347
4.49	1.0326
4.5	1.0306
4.51	1.0285
4.52	1.0265
4.53	1.0245
4.54	1.0225
4.55	1.0204
4.56	1.0184
4.57	1.0164
4.58	1.0144
4.59	1.0124
4.6	1.0104
4.61	1.0084
4.62	1.0064
4.63	1.0044
4.64	1.0024
4.65	1.0005
4.66	0.99849
4.67	0.99652
4.68	0.99455
4.69	0.99259
4.7	0.99063
4.71	0.98867
4.72	0.98672
4.73	0.98477
4.74	0.98283
4.75	0.98089
4.76	0.97895
4.77	0.97702
4.78	0.97509
4.79	0.97316
4.8	0.97124
4.81	0.96932
4.82	0.96741
4.83	0.9655
4.84	0.96359
4.85	0.96169
4.86	0.95979
4.87	0.95789
4.88	0.956
4.89	0.95411
4.9	0.95223
4.91	0.95035
4.92	0.94847
4.93	0.9466
4.94	0.94472
4.95	0.94286
4.96	0.94099
4.97	0.93913
4.98	0.93728
4.99	0.93543
5.0	0.93358
5.01	0.93173
5.02	0.92989
5.03	0.92805
5.04	0.92621
5.05	0.92438
5.06	0.92255
5.07	0.92073
5.08	0.91891
5.09	0.91709
5.1	0.91528
5.11	0.91347
5.12	0.91166
5.13	0.90985
5.14	0.90805
5.15	0.90626
5.16	0.90446
5.17	0.90267
5.18	0.90089
5.19	0.8991
5.2	0.89732
5.21	0.89555
5.22	0.89377
5.23	0.89201
5.24	0.89024
5.25	0.88848
5.26	0.88672
5.27	0.88496
5.28	0.88321
5.29	0.88146
5.3	0.87972
5.31	0.87797
5.32	0.87623
5.33	0.8745
5.34	0.87277
5.35	0.87104
5.36	0.86931
5.37	0.86759
5.38	0.86587
5.39	0.86416
5.4	0.86245
5.41	0.86074
5.42	0.85903
5.43	0.85733
5.44	0.85563
5.45	0.85394
5.46	0.85225
5.47	0.85056
5.48	0.84887
5.49	0.84719
5.5	0.84551
5.51	0.84384
5.52	0.84217
5.53	0.8405
5.54	0.83883
5.55	0.83717
5.56	0.83551
5.57	0.83386
5.58	0.8322
5.59	0.83056
5.6	0.82891
5.61	0.82727
5.62	0.82563
5.63	0.82399
5.64	0.82236
5.65	0.82073
5.66	0.8191
5.67	0.81748
5.68	0.81586
5.69	0.81424
5.7	0.81263
5.71	0.81102
5.72	0.80941
5.73	0.8078
5.74	0.8062
5.75	0.80461
5.76	0.80301
5.77	0.80142
5.78	0.79983
5.79	0.79824
5.8	0.79666
5.81	0.79508
5.82	0.7935
5.83	0.79193
5.84	0.79036
5.85	0.78879
5.86	0.78723
5.87	0.78566
5.88	0.7841
5.89	0.78255
5.9	0.781
5.91	0.77945
5.92	0.7779
5.93	0.77635
5.94	0.77481
5.95	0.77328
5.96	0.77174
5.97	0.77021
5.98	0.76868
5.99	0.76715
6.0	0.76563
6.01	0.76411
6.02	0.76259
6.03	0.76107
6.04	0.75956
6.05	0.75805
6.06	0.75655
6.07	0.75504
6.08	0.75354
6.09	0.75204
6.1	0.75055
6.11	0.74906
6.12	0.74757
6.13	0.74608
6.14	0.7446
6.15	0.74311
6.16	0.74164
6.17	0.74016
6.18	0.73869
6.19	0.73722
6.2	0.73575
6.21	0.73429
6.22	0.73282
6.23	0.73136
6.24	0.72991
6.25	0.72845
6.26	0.727
6.27	0.72556
6.28	0.72411
6.29	0.72267
6.3	0.72123
6.31	0.71979
6.32	0.71836
6.33	0.71693
6.34	0.7155
6.35	0.71407
6.36	0.71265
6.37	0.71123
6.38	0.70981
6.39	0.70839
6.4	0.70698
6.41	0.70557
6.42	0.70416
6.43	0.70276
6.44	0.70136
6.45	0.69996
6.46	0.69856
6.47	0.69717
6.48	0.69578
6.49	0.69439
6.5	0.693
6.51	0.69162
6.52	0.69024
6.53	0.68886
6.54	0.68749
6.55	0.68612
6.56	0.68475
6.57	0.68338
6.58	0.68202
6.59	0.68066
6.6	0.6793
6.61	0.67794
6.62	0.67659
6.63	0.67524
6.64	0.67389
6.65	0.67255
6.66	0.67121
6.67	0.66987
6.68	0.66853
6.69	0.6672
6.7	0.66586
6.71	0.66454
6.72	0.66321
6.73	0.66189
6.74	0.66057
6.75	0.65925
6.76	0.65793
6.77	0.65662
6.78	0.65531
6.79	0.654
6.8	0.6527
6.81	0.6514
6.82	0.6501
6.83	0.6488
6.84	0.64751
6.85	0.64622
6.86	0.64493
6.87	0.64364
6.88	0.64236
6.89	0.64108
6.9	0.6398
6.91	0.63853
6.92	0.63726
6.93	0.63599
6.94	0.63472
6.95	0.63345
6.96	0.63219
6.97	0.63093
6.98	0.62968
6.99	0.62842
7.0	0.62717
7.01	0.62592
7.02	0.62468
7.03	0.62344
7.04	0.62219
7.05	0.62096
7.06	0.61972
7.07	0.61849
7.08	0.61726
7.09	0.61603
7.1	0.61481
7.11	0.61358
7.12	0.61236
7.13	0.61115
7.14	0.60993
7.15	0.60872
7.16	0.60751
7.17	0.6063
7.18	0.6051
7.19	0.6039
7.2	0.6027
7.21	0.6015
7.22	0.60031
7.23	0.59912
7.24	0.59793
7.25	0.59674
7.26	0.59556
7.27	0.59437
7.28	0.59319
7.29	0.59202
7.3	0.59084
7.31	0.58967
7.32	0.5885
7.33	0.58734
7.34	0.58617
7.35	0.58501
7.36	0.58385
7.37	0.58269
7.38	0.58154
7.39	0.58039
7.4	0.57924
7.41	0.57809
7.42	0.57695
7.43	0.5758
7.44	0.57467
7.45	0.57353
7.46	0.57239
7.47	0.57126
7.48	0.57013
7.49	0.569
7.5	0.56788
7.51	0.56675
7.52	0.56563
7.53	0.56451
7.54	0.5634
7.55	0.56229
7.56	0.56117
7.57	0.56007
7.58	0.55896
7.59	0.55785
7.6	0.55675
7.61	0.55565
7.62	0.55456
7.63	0.55346
7.64	0.55237
7.65	0.55128
7.66	0.55019
7.67	0.5491
7.68	0.54802
7.69	0.54694
7.7	0.54586
7.71	0.54478
7.72	0.54371
7.73	0.54264
7.74	0.54157
7.75	0.5405
7.76	0.53944
7.77	0.53837
7.78	0.53731
7.79	0.53625
7.8	0.5352
7.81	0.53414
7.82	0.53309
7.83	0.53204
7.84	0.53099
7.85	0.52995
7.86	0.52891
7.87	0.52787
7.88	0.52683
7.89	0.52579
7.9	0.52476
7.91	0.52373
7.92	0.5227
7.93	0.52167
7.94	0.52064
7.95	0.51962
7.96	0.5186
7.97	0.51758
7.98	0.51656
7.99	0.51555
8.0	0.51454
8.01	0.51353
8.02	0.51252
8.03	0.51151
8.04	0.51051
8.05	0.50951
8.06	0.50851
8.07	0.50751
8.08	0.50652
8.09	0.50553
8.1	0.50454
8.11	0.50355
8.12	0.50256
8.13	0.50158
8.14	0.5006
8.15	0.49962
8.16	0.49864
8.17	0.49766
8.18	0.49669
8.19	0.49572
8.2	0.49475
8.21	0.49378
8.22	0.49282
8.23	0.49185
8.24	0.49089
8.25	0.48994
8.26	0.48898
8.27	0.48803
8.28	0.48707
8.29	0.48612
8.3	0.48518
8.31	0.48423
8.32	0.48329
8.33	0.48234
8.34	0.48141
8.35	0.48047
8.36	0.47953
8.37	0.4786
8.38	0.47767
8.39	0.47674
8.4	0.47581
8.41	0.47489
8.42	0.47396
8.43	0.47304
8.44	0.47213
8.45	0.47121
8.46	0.47029
8.47	0.46938
8.48	0.46847
8.49	0.46756
8.5	0.46666
8.51	0.46575
8.52	0.46485
8.53	0.46395
8.54	0.46305
8.55	0.46216
8.56	0.46127
8.57	0.46037
8.58	0.45948
8.59	0.4586
8.6	0.45771
8.61	0.45683
8.62	0.45595
8.63	0.45507
8.64	0.45419
8.65	0.45331
8.66	0.45244
8.67	0.45157
8.68	0.4507
8.69	0.44983
8.7	0.44897
8.71	0.44811
8.72	0.44725
8.73	0.44639
8.74	0.44553
8.75	0.44468
8.76	0.44383
8.77	0.44298
8.78	0.44213
8.79	0.44129
8.8	0.44045
8.81	0.43961
8.82	0.43877
8.83	0.43794
8.84	0.43711
8.85	0.43628
8.86	0.43546
8.87	0.43464
8.88	0.43383
8.89	0.43303
8.9	0.43225
8.91	0.43149
8.92	0.43076
8.93	0.43001
8.94	0.42903
8.95	0.42801
8.96	0.42712
8.97	0.4263
8.98	0.4255
8.99	0.4247
9.0	0.42391
9.01	0.42313
9.02	0.42234
9.03	0.42156
9.04	0.42079
9.05	0.42002
9.06	0.41926
9.07	0.4185
9.08	0.41776
9.09	0.41703
9.1	0.41631
9.11	0.41561
9.12	0.41495
9.13	0.41431
9.14	0.41374
9.15	0.413535
9.16	0.41333
9.17	0.413125
9.18	0.41292
9.19	0.41381
9.2	0.41612
9.21	0.41579600000000005
9.22	0.41547199999999995
9.23	0.41514799999999996
9.24	0.41482399999999997
9.25	0.4145
9.26	0.40948
9.27	0.40649
9.28	0.4051966666666667
9.29	0.40390333333333334
9.3	0.40261
9.31	0.40131666666666665
9.32	0.4000233333333333
9.33	0.39873
9.34	0.39785
9.35	0.397
9.36	0.39617
9.37	0.39536
9.38	0.39456
9.39	0.39378
9.4	0.393
9.41	0.39223
9.42	0.39147
9.43	0.39073
9.44	0.39
9.45	0.38931
9.46	0.38868
9.47	0.38818
9.48	0.38797
9.49	0.38833
9.5	0.38903
9.51	0.38852
9.52	0.38695
9.53	0.38544
9.54	0.38421
9.55	0.38316
9.56	0.38223
9.57	0.38136
9.58	0.38054
9.59	0.37974
9.6	0.37897
9.61	0.37821
9.62	0.37746
9.63	0.37672
9.64	0.37599
9.65	0.37527
9.66	0.37454
9.67	0.37383
9.68	0.37311
9.69	0.37241
9.7	0.3717
9.71	0.371
9.72	0.37031
9.73	0.36963
9.74	0.36897
9.75	0.36837
9.76	0.3678
9.77	0.36719
9.78	0.3665
9.79	0.36577
9.8	0.36505
9.81	0.36435
9.82	0.36365
9.83	0.36296
9.84	0.36228
9.85	0.3616
9.86	0.36093
9.87	0.36026
9.88	0.3596
9.89	0.35894
9.9	0.35829
9.91	0.35765
9.92	0.357
9.93	0.35637
9.94	0.35575
9.95	0.35514
9.96	0.35454
9.97	0.35396
9.98	0.35339
9.99	0.35283
10.0	0.35222
10.01	0.3515
10.02	0.35069
10.03	0.34986
10.04	0.34907
10.05	0.34834
10.06	0.34765
10.07	0.34698
10.08	0.34633
10.09	0.34569
10.1	0.34505
10.11	0.34441
10.12	0.34378
10.13	0.34315
10.14	0.34252
10.15	0.3419
10.16	0.34127
10.17	0.34065
10.18	0.34003
10.19	0.33941
10.2	0.33879
10.21	0.33817
10.22	0.33755
10.23	0.33694
10.24	0.33633
10.25	0.33573
10.26	0.33512
10.27	0.33452
10.28	0.33392
10.29	0.33332
10.3	0.33271
10.31	0.33211
10.32	0.33151
10.33	0.3309
10.34	0.3303
10.35	0.32971
10.36	0.32911
10.37	0.32851
10.38	0.32792
10.39	0.32732
10.4	0.32673
10.41	0.32614
10.42	0.32556
10.43	0.32497
10.44	0.32439
10.45	0.32381
10.46	0.32324
10.47	0.32267
10.48	0.32211
10.49	0.32155
10.5	0.321
10.51	0.32043
10.52	0.31986
10.53	0.31929
10.54	0.31871
10.55	0.31814
10.56	0.31756
10.57	0.31699
10.58	0.31642
10.59	0.31586
10.6	0.31529
10.61	0.31473
10.62	0.31417
10.63	0.31361
10.64	0.31306
10.65	0.31251
10.66	0.31196
10.67	0.31141
10.68	0.31086
10.69	0.31032
10.7	0.30976
10.71	0.3092
10.72	0.30862
10.73	0.30804
10.74	0.30748
10.75	0.30692
10.76	0.30637
10.77	0.30582
10.78	0.30528
10.79	0.30475
10.8	0.30422
10.81	0.30369
10.82	0.30316
10.83	0.30264
10.84	0.30213
10.85	0.30161
10.86	0.30111
10.87	0.30061
10.88	0.3001
10.89	0.29959
10.9	0.29905
10.91	0.29848
10.92	0.29789
10.93	0.29732
10.94	0.29676
10.95	0.29622
10.96	0.2957
10.97	0.29518
10.98	0.29466
10.99	0.29415
11.0	0.29365
11.01	0.29315
11.02	0.29266
11.03	0.29217
11.04	0.29169
11.05	0.29121
11.06	0.2907
11.07	0.29016
11.08	0.2896
11.09	0.28906
11.1	0.28853
11.11	0.28802
11.12	0.28752
11.13	0.28702
11.14	0.28653
11.15	0.28605
11.16	0.28559
11.17	0.28511
11.18	0.2846
11.19	0.28407
11.2	0.28355
11.21	0.28305
11.22	0.28256
11.23	0.28211
11.24	0.28163
11.25	0.28109
11.26	0.28062
11.27	0.28014
11.28	0.27965
11.29	0.27917
11.3	0.27869
11.31	0.2782
11.32	0.27772
11.33	0.27725
11.34	0.27677
11.35	0.27629
11.36	0.27582
11.37	0.27534
11.38	0.27487
11.39	0.2744
11.4	0.27392
11.41	0.27345
11.42	0.27299
11.43	0.27252
11.44	0.27205
11.45	0.27159
11.46	0.27112
11.47	0.27066
11.48	0.2702
11.49	0.26974
11.5	0.26928
11.51	0.26882
11.52	0.26836
11.53	0.2679
11.54	0.26745
11.55	0.26699
11.56	0.26654
11.57	0.26609
11.58	0.26564
11.59	0.26519
11.6	0.26474
11.61	0.26429
11.62	0.26384
11.63	0.26339
11.64	0.26295
11.65	0.26251
11.66	0.26206
11.67	0.26162
11.68	0.26118
11.69	0.26074
11.7	0.2603
11.71	0.25986
11.72	0.25943
11.73	0.25899
11.74	0.25856
11.75	0.25812
11.76	0.25769
11.77	0.25726
11.78	0.25683
11.79	0.2564
11.8	0.25597
11.81	0.25554
11.82	0.25511
11.83	0.25469
11.84	0.25426
11.85	0.25384
11.86	0.25341
11.87	0.25299
11.88	0.25257
11.89	0.25215
11.9	0.25173
11.91	0.25131
11.92	0.25089
11.93	0.25048
11.94	0.25006
11.95	0.24964
11.96	0.24923
11.97	0.24882
11.98	0.24841
11.99	0.24799
12.0	0.24758
12.01	0.24717
12.02	0.24677
12.03	0.24636
12.04	0.24595
12.05	0.24554
12.06	0.24514
12.07	0.24474
12.08	0.24433
12.09	0.24393
12.1	0.24353
12.11	0.24313
12.12	0.24273
12.13	0.24233
12.14	0.24193
12.15	0.24153
12.16	0.24114
12.17	0.24074
12.18	0.24034
12.19	0.23995
12.2	0.23956
12.21	0.23917
12.22	0.23877
12.23	0.23838
12.24	0.23799
12.25	0.2376
12.26	0.23722
12.27	0.23683
12.28	0.23644
12.29	0.23606
12.3	0.23567
12.31	0.23529
12.32	0.2349
12.33	0.23452
12.34	0.23414
12.35	0.23376
12.36	0.23338
12.37	0.233
12.38	0.23262
12.39	0.23224
12.4	0.23187
12.41	0.23149
12.42	0.23111
12.43	0.23074
12.44	0.23037
12.45	0.22999
12.46	0.22962
12.47	0.22925
12.48	0.22888
12.49	0.22851
12.5	0.22814
12.51	0.22777
12.52	0.2274
12.53	0.22703
12.54	0.22667
12.55	0.2263
12.56	0.22594
12.57	0.22557
12.58	0.22521
12.59	0.22485
12.6	0.22449
12.61	0.22413
12.62	0.22377
12.63	0.22341
12.64	0.22305
12.65	0.22269
12.66	0.22233
12.67	0.22198
12.68	0.22162
12.69	0.22127
12.7	0.22091
12.71	0.22056
12.72	0.22021
12.73	0.21985
12.74	0.2195
12.75	0.21915
12.76	0.2188
12.77	0.21845
12.78	0.2181
12.79	0.21776
12.8	0.21741
12.81	0.21706
12.82	0.21672
12.83	0.21637
12.84	0.21603
12.85	0.21568
12.86	0.21534
12.87	0.215
12.88	0.21466
12.89	0.21432
12.9	0.21398
12.91	0.21364
12.92	0.2133
12.93	0.21296
12.94	0.21262
12.95	0.21229
12.96	0.21195
12.97	0.21162
12.98	0.21128
12.99	0.21095
13.0	0.21061
13.01	0.21028
13.02	0.20995
13.03	0.20962
13.04	0.20929
13.05	0.20896
13.06	0.20863
13.07	0.2083
13.08	0.20797
13.09	0.20765
13.1	0.20732
13.11	0.20699
13.12	0.20667
13.13	0.20634
13.14	0.20602
13.15	0.2057
13.16	0.20538
13.17	0.20505
13.18	0.20473
13.19	0.20441
13.2	0.20409
13.21	0.20377
13.22	0.20346
13.23	0.20314
13.24	0.20282
13.25	0.2025
13.26	0.20219
13.27	0.20187
13.28	0.20156
13.29	0.20124
13.3	0.20093
13.31	0.20062
13.32	0.20031
13.33	0.19999
13.34	0.19968
13.35	0.19937
13.36	0.19906
13.37	0.19876
13.38	0.19845
13.39	0.19814
13.4	0.19783
13.41	0.19753
13.42	0.19722
13.43	0.19692
13.44	0.19661
13.45	0.19631
13.46	0.196
13.47	0.1957
13.48	0.1954
13.49	0.1951
13.5	0.1948
13.51	0.1945
13.52	0.1942
13.53	0.1939
13.54	0.1936
13.55	0.1933
13.56	0.193
13.57	0.19271
13.58	0.19241
13.59	0.19212
13.6	0.19182
13.61	0.19153
13.62	0.19123
13.63	0.19094
13.64	0.19065
13.65	0.19036
13.66	0.19007
13.67	0.18978
13.68	0.18949
13.69	0.1892
13.7	0.18891
13.71	0.18862
13.72	0.18833
13.73	0.18805
13.74	0.18776
13.75	0.18747
13.76	0.18719
13.77	0.1869
13.78	0.18662
13.79	0.18634
13.8	0.18605
13.81	0.18577
13.82	0.18549
13.83	0.18521
13.84	0.18493
13.85	0.18465
13.86	0.18437
13.87	0.18409
13.88	0.18381
13.89	0.18353
13.9	0.18325
13.91	0.18298
13.92	0.1827
13.93	0.18243
13.94	0.18215
13.95	0.18188
13.96	0.1816
13.97	0.18133
13.98	0.18106
13.99	0.18078
14.0	0.18051
14.01	0.18024
14.02	0.17997
14.03	0.1797
14.04	0.17943
14.05	0.17916
14.06	0.17889
14.07	0.17863
14.08	0.17836
14.09	0.17809
14.1	0.17783
14.11	0.17756
14.12	0.1773
14.13	0.17703
14.14	0.17677
14.15	0.1765
14.16	0.17624
14.17	0.17598
14.18	0.17572
14.19	0.17545
14.2	0.17519
14.21	0.17493
14.22	0.17467
14.23	0.17441
14.24	0.17416
14.25	0.1739
14.26	0.17364
14.27	0.17338
14.28	0.17313
14.29	0.17287
14.3	0.17261
14.31	0.17236
14.32	0.1721
14.33	0.17185
14.34	0.1716
14.35	0.17134
14.36	0.17109
14.37	0.17084
14.38	0.17059
14.39	0.17034
14.4	0.17009
14.41	0.16984
14.42	0.16959
14.43	0.16934
14.44	0.16909
14.45	0.16884
14.46	0.16859
14.47	0.16835
14.48	0.1681
14.49	0.16785
14.5	0.16761
14.51	0.16736
14.52	0.16712
14.53	0.16687
14.54	0.16663
14.55	0.16639
14.56	0.16614
14.57	0.1659
14.58	0.16566
14.59	0.16542
14.6	0.16518
14.61	0.16494
14.62	0.1647
14.63	0.16446
14.64	0.16422
14.65	0.16398
14.66	0.16375
14.67	0.16351
14.68	0.16327
14.69	0.16304
14.7	0.1628
14.71	0.16256
14.72	0.16233
14.73	0.16209
14.74	0.16186
14.75	0.16163
14.76	0.16139
14.77	0.16116
14.78	0.16093
14.79	0.1607
14.8	0.16047
14.81	0.16024
14.82	0.16001
14.83	0.15978
14.84	0.15955
14.85	0.15932
14.86	0.15909
14.87	0.15886
14.88	0.15863
14.89	0.15841
14.9	0.15818
14.91	0.15795
14.92	0.15773
14.93	0.1575
14.94	0.15728
14.95	0.15705
14.96	0.15683
14.97	0.15661
14.98	0.15638
14.99	0.15616
15.0	0.15594
15.01	0.15572
15.02	0.15549
15.03	0.15527
15.04	0.15505
15.05	0.15483
15.06	0.15461
15.07	0.1544
15.08	0.15418
15.09	0.15396
15.1	0.15374
15.11	0.15352
15.12	0.15331
15.13	0.15309
15.14	0.15287
15.15	0.15266
15.16	0.15244
15.17	0.15223
15.18	0.15201
15.19	0.1518
15.2	0.15159
15.21	0.15137
15.22	0.15116
15.23	0.15095
15.24	0.15074
15.25	0.15052
15.26	0.15031
15.27	0.1501
15.28	0.14989
15.29	0.14968
15.3	0.14947
15.31	0.14926
15.32	0.14906
15.33	0.14885
15.34	0.14864
15.35	0.14843
15.36	0.14823
15.37	0.14802
15.38	0.14781
15.39	0.14761
15.4	0.1474
15.41	0.1472
15.42	0.14699
15.43	0.14679
15.44	0.14658
15.45	0.14638
15.46	0.14618
15.47	0.14598
15.48	0.14577
15.49	0.14557
15.5	0.14537
15.51	0.14517
15.52	0.14497
15.53	0.14477
15.54	0.14457
15.55	0.14437
15.56	0.14417
15.57	0.14397
15.58	0.14377
15.59	0.14358
15.6	0.14338
15.61	0.14318
15.62	0.14298
15.63	0.14279
15.64	0.14259
15.65	0.1424
15.66	0.1422
15.67	0.14201
15.68	0.14181
15.69	0.14162
15.7	0.14142
15.71	0.14123
15.72	0.14104
15.73	0.14085
15.74	0.14065
15.75	0.14046
15.76	0.14027
15.77	0.14008
15.78	0.13989
15.79	0.1397
15.8	0.13951
15.81	0.13932
15.82	0.13913
15.83	0.13894
15.84	0.13875
15.85	0.13856
15.86	0.13837
15.87	0.13819
15.88	0.138
15.89	0.13781
15.9	0.13763
15.91	0.13744
15.92	0.13726
15.93	0.13707
15.94	0.13688
15.95	0.1367
15.96	0.13652
15.97	0.13633
15.98	0.13615
15.99	0.13597
16.0	0.13578
16.01	0.1356
16.02	0.13542
16.03	0.13524
16.04	0.13505
16.05	0.13487
16.06	0.13469
16.07	0.13451
16.08	0.13433
16.09	0.13415
16.1	0.13397
16.11	0.13379
16.12	0.13361
16.13	0.13344
16.14	0.13326
16.15	0.13308
16.16	0.1329
16.17	0.13273
16.18	0.13255
16.19	0.13237
16.2	0.1322
16.21	0.13202
16.22	0.13185
16.23	0.13167
16.24	0.1315
16.25	0.13132
16.26	0.13115
16.27	0.13097
16.28	0.1308
16.29	0.13063
16.3	0.13045
16.31	0.13028
16.32	0.13011
16.33	0.12994
16.34	0.12977
16.35	0.12959
16.36	0.12942
16.37	0.12925
16.38	0.12908
16.39	0.12891
16.4	0.12874
16.41	0.12857
16.42	0.1284
16.43	0.12824
16.44	0.12807
16.45	0.1279
16.46	0.12773
16.47	0.12756
16.48	0.1274
16.49	0.12723
16.5	0.12706
16.51	0.1269
16.52	0.12673
16.53	0.12657
16.54	0.1264
16.55	0.12624
16.56	0.12607
16.57	0.12591
16.58	0.12574
16.59	0.12558
16.6	0.12542
16.61	0.12525
16.62	0.12509
16.63	0.12493
16.64	0.12477
16.65	0.1246
16.66	0.12444
16.67	0.12428
16.68	0.12412
16.69	0.12396
16.7	0.1238
16.71	0.12364
16.72	0.12348
16.73	0.12332
16.74	0.12316
16.75	0.123
16.76	0.12284
16.77	0.12268
16.78	0.12252
16.79	0.12237
16.8	0.12221
16.81	0.12205
16.82	0.1219
16.83	0.12174
16.84	0.12158
16.85	0.12143
16.86	0.12127
16.87	0.12111
16.88	0.12096
16.89	0.1208
16.9	0.12065
16.91	0.1205
16.92	0.12034
16.93	0.12019
16.94	0.12003
16.95	0.11988
16.96	0.11973
16.97	0.11957
16.98	0.11942
16.99	0.11927
17.0	0.11912
17.01	0.11897
17.02	0.11882
17.03	0.11866
17.04	0.11851
17.05	0.11836
17.06	0.11821
17.07	0.11806
17.08	0.11791
17.09	0.11776
17.1	0.11761
17.11	0.11746
17.12	0.11732
17.13	0.11717
17.14	0.11702
17.15	0.11687
17.16	0.11672
17.17	0.11658
17.18	0.11643
17.19	0.11628
17.2	0.11614
17.21	0.11599
17.22	0.11584
17.23	0.1157
17.24	0.11555
17.25	0.11541
17.26	0.11526
17.27	0.11512
17.28	0.11497
17.29	0.11483
17.3	0.11469
17.31	0.11454
17.32	0.1144
17.33	0.11426
17.34	0.11411
17.35	0.11397
17.36	0.11383
17.37	0.11368
17.38	0.11354
17.39	0.1134
17.4	0.11326
17.41	0.11312
17.42	0.11298
17.43	0.11284
17.44	0.1127
17.45	0.11256
17.46	0.11242
17.47	0.11228
17.48	0.11214
17.49	0.112
17.5	0.11186
17.51	0.11172
17.52	0.11158
17.53	0.11144
17.54	0.11131
17.55	0.11117
17.56	0.11103
17.57	0.11089
17.58	0.11076
17.59	0.11062
17.6	0.11048
17.61	0.11035
17.62	0.11021
17.63	0.11008
17.64	0.10994
17.65	0.1098
17.66	0.10967
17.67	0.10953
17.68	0.1094
17.69	0.10927
17.7	0.10913
17.71	0.109
17.72	0.10886
17.73	0.10873
17.74	0.1086
17.75	0.10846
17.76	0.10833
17.77	0.1082
17.78	0.10807
17.79	0.10793
17.8	0.1078
17.81	0.10767
17.82	0.10754
17.83	0.10741
17.84	0.10728
17.85	0.10715
17.86	0.10702
17.87	0.10689
17.88	0.10676
17.89	0.10663
17.9	0.1065
17.91	0.10637
17.92	0.10624
17.93	0.10611
17.94	0.10598
17.95	0.10585
17.96	0.10572
17.97	0.1056
17.98	0.10547
17.99	0.10534
18.0	0.10521
18.01	0.10509
18.02	0.10496
18.03	0.10483
18.04	0.10471
18.05	0.10458
18.06	0.10446
18.07	0.10433
18.08	0.1042
18.09	0.10408
18.1	0.10395
18.11	0.10383
18.12	0.1037
18.13	0.10358
18.14	0.10345
18.15	0.10333
18.16	0.10321
18.17	0.10308
18.18	0.10296
18.19	0.10284
18.2	0.10271
18.21	0.10259
18.22	0.10247
18.23	0.10235
18.24	0.10222
18.25	0.1021
18.26	0.10198
18.27	0.10186
18.28	0.10174
18.29	0.10162
18.3	0.10149
18.31	0.10137
18.32	0.10125
18.33	0.10113
18.34	0.10101
18.35	0.10089
18.36	0.10077
18.37	0.10065
18.38	0.10053
18.39	0.10042
18.4	0.1003
18.41	0.10018
18.42	0.10006
18.43	0.099941
18.44	0.099823
18.45	0.099705
18.46	0.099587
18.47	0.09947
18.48	0.099352
18.49	0.099235
18.5	0.099118
18.51	0.099002
18.52	0.098885
18.53	0.098769
18.54	0.098653
18.55	0.098537
18.56	0.098421
18.57	0.098305
18.58	0.09819
18.59	0.098075
18.6	0.09796
18.61	0.097845
18.62	0.097731
18.63	0.097616
18.64	0.097502
18.65	0.097388
18.66	0.097274
18.67	0.097161
18.68	0.097047
18.69	0.096934
18.7	0.096821
18.71	0.096708
18.72	0.096595
18.73	0.096483
18.74	0.096371
18.75	0.096258
18.76	0.096146
18.77	0.096035
18.78	0.095923
18.79	0.095812
18.8	0.095701
18.81	0.09559
18.82	0.095479
18.83	0.095368
18.84	0.095258
18.85	0.095147
18.86	0.095037
18.87	0.094927
18.88	0.094818
18.89	0.094708
18.9	0.094599
18.91	0.09449
18.92	0.094381
18.93	0.094272
18.94	0.094163
18.95	0.094055
18.96	0.093947
18.97	0.093838
18.98	0.09373
18.99	0.093623
19.0	0.093515
19.01	0.093408
19.02	0.093301
19.03	0.093194
19.04	0.093087
19.05	0.09298
19.06	0.092873
19.07	0.092767
19.08	0.092661
19.09	0.092555
19.1	0.092449
19.11	0.092344
19.12	0.092238
19.13	0.092133
19.14	0.092028
19.15	0.091923
19.16	0.091818
19.17	0.091713
19.18	0.091609
19.19	0.091505
19.2	0.091401
19.21	0.091297
19.22	0.091193
19.23	0.091089
19.24	0.090986
19.25	0.090883
19.26	0.09078
19.27	0.090677
19.28	0.090574
19.29	0.090471
19.3	0.090369
19.31	0.090267
19.32	0.090165
19.33	0.090063
19.34	0.089961
19.35	0.089859
19.36	0.089758
19.37	0.089657
19.38	0.089556
19.39	0.089455
19.4	0.089354
19.41	0.089253
19.42	0.089153
19.43	0.089053
19.44	0.088953
19.45	0.088853
19.46	0.088753
19.47	0.088653
19.48	0.088554
19.49	0.088454
19.5	0.088355
19.51	0.088256
19.52	0.088157
19.53	0.088059
19.54	0.08796
19.55	0.087862
19.56	0.087764
19.57	0.087666
19.58	0.087568
19.59	0.08747
19.6	0.087373
19.61	0.087275
19.62	0.087178
19.63	0.087081
19.64	0.086984
19.65	0.086887
19.66	0.08679
19.67	0.086694
19.68	0.086598
19.69	0.086502
19.7	0.086406
19.71	0.08631
19.72	0.086214
19.73	0.086118
19.74	0.086023
19.75	0.085928
19.76	0.085833
19.77	0.085738
19.78	0.085643
19.79	0.085548
19.8	0.085454
19.81	0.085359
19.82	0.085265
19.83	0.085171
19.84	0.085077
19.85	0.084984
19.86	0.08489
19.87	0.084796
19.88	0.084703
19.89	0.08461
19.9	0.084517
19.91	0.084424
19.92	0.084331
19.93	0.084239
19.94	0.084146
19.95	0.084054
19.96	0.083962
19.97	0.08387
19.98	0.083778
19.99	0.083687
20.0	0.083595
20.01	0.083504
20.02	0.083412
20.03	0.083321
20.04	0.08323
20.05	0.083139
20.06	0.083049
20.07	0.082958
20.08	0.082868
20.09	0.082778
20.1	0.082687
20.11	0.082597
20.12	0.082508
20.13	0.082418
20.14	0.082328
20.15	0.082239
20.16	0.08215
20.17	0.082061
20.18	0.081972
20.19	0.081883
20.2	0.081794
20.21	0.081705
20.22	0.081617
20.23	0.081529
20.24	0.081441
20.25	0.081352
20.26	0.081265
20.27	0.081177
20.28	0.081089
20.29	0.081002
20.3	0.080914
20.31	0.080827
20.32	0.08074
20.33	0.080653
20.34	0.080566
20.35	0.08048
20.36	0.080393
20.37	0.080307
20.38	0.080221
20.39	0.080134
20.4	0.080048
20.41	0.079963
20.42	0.079877
20.43	0.079791
20.44	0.079706
20.45	0.07962
20.46	0.079535
20.47	0.07945
20.48	0.079365
20.49	0.07928
20.5	0.079196
20.51	0.079111
20.52	0.079027
20.53	0.078942
20.54	0.078858
20.55	0.078774
20.56	0.07869
20.57	0.078607
20.58	0.078523
20.59	0.078439
20.6	0.078356
20.61	0.078273
20.62	0.07819
20.63	0.078107
20.64	0.078024
20.65	0.077941
20.66	0.077858
20.67	0.077776
20.68	0.077694
20.69	0.077611
20.7	0.077529
20.71	0.077447
20.72	0.077365
20.73	0.077284
20.74	0.077202
20.75	0.07712
20.76	0.077039
20.77	0.076958
20.78	0.076877
20.79	0.076796
20.8	0.076715
20.81	0.076634
20.82	0.076554
20.83	0.076473
20.84	0.076393
20.85	0.076312
20.86	0.076232
20.87	0.076152
20.88	0.076072
20.89	0.075993
20.9	0.075913
20.91	0.075833
20.92	0.075754
20.93	0.075675
20.94	0.075596
20.95	0.075516
20.96	0.075438
20.97	0.075359
20.98	0.07528
20.99	0.075201
21.0	0.075123
21.01	0.075045
21.02	0.074966
21.03	0.074888
21.04	0.07481
21.05	0.074732
21.06	0.074655
21.07	0.074577
21.08	0.0745
21.09	0.074422
21.1	0.074345
21.11	0.074268
21.12	0.074191
21.13	0.074114
21.14	0.074037
21.15	0.07396
21.16	0.073884
21.17	0.073807
21.18	0.073731
21.19	0.073655
21.2	0.073578
21.21	0.073502
21.22	0.073427
21.23	0.073351
21.24	0.073275
21.25	0.073199
21.26	0.073124
21.27	0.073049
21.28	0.072973
21.29	0.072898
21.3	0.072823
21.31	0.072748
21.32	0.072674
21.33	0.072599
21.34	0.072524
21.35	0.07245
21.36	0.072376
21.37	0.072301
21.38	0.072227
21.39	0.072153
21.4	0.072079
21.41	0.072006
21.42	0.071932
21.43	0.071858
21.44	0.071785
21.45	0.071712
21.46	0.071638
21.47	0.071565
21.48	0.071492
21.49	0.071419
21.5	0.071347
21.51	0.071274
21.52	0.071201
21.53	0.071129
21.54	0.071056
21.55	0.070984
21.56	0.070912
21.57	0.07084
21.58	0.070768
21.59	0.070696
21.6	0.070624
21.61	0.070553
21.62	0.070481
21.63	0.07041
21.64	0.070338
21.65	0.070267
21.66	0.070196
21.67	0.070125
21.68	0.070054
21.69	0.069983
21.7	0.069913
21.71	0.069842
21.72	0.069772
21.73	0.069701
21.74	0.069631
21.75	0.069561
21.76	0.069491
21.77	0.069421
21.78	0.069351
21.79	0.069281
21.8	0.069211
21.81	0.069142
21.82	0.069072
21.83	0.069003
21.84	0.068934
21.85	0.068865
21.86	0.068795
21.87	0.068727
21.88	0.068658
21.89	0.068589
21.9	0.06852
21.91	0.068452
21.92	0.068383
21.93	0.068315
21.94	0.068247
21.95	0.068178
21.96	0.06811
21.97	0.068042
21.98	0.067975
21.99	0.067907
22.0	0.067839
22.01	0.067772
22.02	0.067704
22.03	0.067637
22.04	0.067569
22.05	0.067502
22.06	0.067435
22.07	0.067368
22.08	0.067301
22.09	0.067234
22.1	0.067168
22.11	0.067101
22.12	0.067035
22.13	0.066968
22.14	0.066902
22.15	0.066836
22.16	0.06677
22.17	0.066704
22.18	0.066638
22.19	0.066572
22.2	0.066506
22.21	0.06644
22.22	0.066375
22.23	0.066309
22.24	0.066244
22.25	0.066179
22.26	0.066113
22.27	0.066048
22.28	0.065983
22.29	0.065918
22.3	0.065854
22.31	0.065789
22.32	0.065724
22.33	0.06566
22.34	0.065595
22.35	0.065531
22.36	0.065467
22.37	0.065403
22.38	0.065338
22.39	0.065274
22.4	0.065211
22.41	0.065147
22.42	0.065083
22.43	0.065019
22.44	0.064956
22.45	0.064892
22.46	0.064829
22.47	0.064766
22.48	0.064703
22.49	0.06464
22.5	0.064577
22.51	0.064514
22.52	0.064451
22.53	0.064388
22.54	0.064326
22.55	0.064263
22.56	0.064201
22.57	0.064138
22.58	0.064076
22.59	0.064014
22.6	0.063952
22.61	0.06389
22.62	0.063828
22.63	0.063766
22.64	0.063704
22.65	0.063642
22.66	0.063581
22.67	0.063519
22.68	0.063458
22.69	0.063397
22.7	0.063335
22.71	0.063274
22.72	0.063213
22.73	0.063152
22.74	0.063091
22.75	0.06303
22.76	0.06297
22.77	0.062909
22.78	0.062848
22.79	0.062788
22.8	0.062728
22.81	0.062667
22.82	0.062607
22.83	0.062547
22.84	0.062487
22.85	0.062427
22.86	0.062367
22.87	0.062307
22.88	0.062248
22.89	0.062188
22.9	0.062128
22.91	0.062069
22.92	0.06201
22.93	0.06195
22.94	0.061891
22.95	0.061832
22.96	0.061773
22.97	0.061714
22.98	0.061655
22.99	0.061596
23.0	0.061537
23.01	0.061479
23.02	0.06142
23.03	0.061362
23.04	0.061303
23.05	0.061245
23.06	0.061187
23.07	0.061129
23.08	0.061071
23.09	0.061013
23.1	0.060955
23.11	0.060897
23.12	0.060839
23.13	0.060781
23.14	0.060724
23.15	0.060666
23.16	0.060609
23.17	0.060551
23.18	0.060494
23.19	0.060437
23.2	0.06038
23.21	0.060323
23.22	0.060266
23.23	0.060209
23.24	0.060152
23.25	0.060095
23.26	0.060039
23.27	0.059982
23.28	0.059926
23.29	0.059869
23.3	0.059813
23.31	0.059757
23.32	0.059701
23.33	0.059644
23.34	0.059588
23.35	0.059532
23.36	0.059477
23.37	0.059421
23.38	0.059365
23.39	0.059309
23.4	0.059254
23.41	0.059198
23.42	0.059143
23.43	0.059088
23.44	0.059032
23.45	0.058977
23.46	0.058922
23.47	0.058867
23.48	0.058812
23.49	0.058757
23.5	0.058702
23.51	0.058647
23.52	0.058593
23.53	0.058538
23.54	0.058484
23.55	0.058429
23.56	0.058375
23.57	0.058321
23.58	0.058266
23.59	0.058212
23.6	0.058158
23.61	0.058104
23.62	0.05805
23.63	0.057996
23.64	0.057942
23.65	0.057889
23.66	0.057835
23.67	0.057782
23.68	0.057728
23.69	0.057675
23.7	0.057621
23.71	0.057568
23.72	0.057515
23.73	0.057462
23.74	0.057409
23.75	0.057356
23.76	0.057303
23.77	0.05725
23.78	0.057197
23.79	0.057144
23.8	0.057092
23.81	0.057039
23.82	0.056987
23.83	0.056934
23.84	0.056882
23.85	0.05683
23.86	0.056777
23.87	0.056725
23.88	0.056673
23.89	0.056621
23.9	0.056569
23.91	0.056517
23.92	0.056465
23.93	0.056414
23.94	0.056362
23.95	0.05631
23.96	0.056259
23.97	0.056208
23.98	0.056156
23.99	0.056105
24.0	0.056054
24.01	0.056002
24.02	0.055951
24.03	0.0559
24.04	0.055849
24.05	0.055798
24.06	0.055748
24.07	0.055697
24.08	0.055646
24.09	0.055595
24.1	0.055545
24.11	0.055494
24.12	0.055444
24.13	0.055394
24.14	0.055343
24.15	0.055293
24.16	0.055243
24.17	0.055193
24.18	0.055143
24.19	0.055093
24.2	0.055043
24.21	0.054993
24.22	0.054943
24.23	0.054893
24.24	0.054844
24.25	0.054794
24.26	0.054745
24.27	0.054695
24.28	0.054646
24.29	0.054597
24.3	0.054547
24.31	0.054498
24.32	0.054449
24.33	0.0544
24.34	0.054351
24.35	0.054302
24.36	0.054253
24.37	0.054204
24.38	0.054156
24.39	0.054107
24.4	0.054058
24.41	0.05401
24.42	0.053961
24.43	0.053913
24.44	0.053865
24.45	0.053816
24.46	0.053768
24.47	0.05372
24.48	0.053672
24.49	0.053624
24.5	0.053576
24.51	0.053528
24.52	0.05348
24.53	0.053432
24.54	0.053385
24.55	0.053337
24.56	0.053289
24.57	0.053242
24.58	0.053194
24.59	0.053147
24.6	0.0531
24.61	0.053052
24.62	0.053005
24.63	0.052958
24.64	0.052911
24.65	0.052864
24.66	0.052817
24.67	0.05277
24.68	0.052723
24.69	0.052676
24.7	0.05263
24.71	0.052583
24.72	0.052536
24.73	0.05249
24.74	0.052443
24.75	0.052397
24.76	0.05235
24.77	0.052304
24.78	0.052258
24.79	0.052212
24.8	0.052165
24.81	0.052119
24.82	0.052073
24.83	0.052027
24.84	0.051982
24.85	0.051936
24.86	0.05189
24.87	0.051844
24.88	0.051799
24.89	0.051753
24.9	0.051707
24.91	0.051662
24.92	0.051616
24.93	0.051571
24.94	0.051526
24.95	0.051481
24.96	0.051435
24.97	0.05139
24.98	0.051345
24.99	0.0513
25.0	0.051255
25.01	0.05121
25.02	0.051165
25.03	0.051121
25.04	0.051076
25.05	0.051031
25.06	0.050987
25.07	0.050942
25.08	0.050898
25.09	0.050853
25.1	0.050809
25.11	0.050764
25.12	0.05072
25.13	0.050676
25.14	0.050632
25.15	0.050588
25.16	0.050544
25.17	0.0505
25.18	0.050456
25.19	0.050412
25.2	0.050368
25.21	0.050324
25.22	0.05028
25.23	0.050237
25.24	0.050193
25.25	0.05015
25.26	0.050106
25.27	0.050063
25.28	0.050019
25.29	0.049976
25.3	0.049933
25.31	0.04989
25.32	0.049846
25.33	0.049803
25.34	0.04976
25.35	0.049717
25.36	0.049674
25.37	0.049631
25.38	0.049589
25.39	0.049546
25.4	0.049503
25.41	0.04946
25.42	0.049418
25.43	0.049375
25.44	0.049333
25.45	0.04929
25.46	0.049248
25.47	0.049205
25.48	0.049163
25.49	0.049121
25.5	0.049079
25.51	0.049037
25.52	0.048994
25.53	0.048952
25.54	0.04891
25.55	0.048869
25.56	0.048827
25.57	0.048785
25.58	0.048743
25.59	0.048701
25.6	0.04866
25.61	0.048618
25.62	0.048577
25.63	0.048535
25.64	0.048494
25.65	0.048452
25.66	0.048411
25.67	0.04837
25.68	0.048328
25.69	0.048287
25.7	0.048246
25.71	0.048205
25.72	0.048164
25.73	0.048123
25.74	0.048082
25.75	0.048041
25.76	0.048
25.77	0.047959
25.78	0.047919
25.79	0.047878
25.8	0.047837
25.81	0.047797
25.82	0.047756
25.83	0.047716
25.84	0.047675
25.85	0.047635
25.86	0.047595
25.87	0.047554
25.88	0.047514
25.89	0.047474
25.9	0.047434
25.91	0.047394
25.92	0.047354
25.93	0.047314
25.94	0.047274
25.95	0.047234
25.96	0.047194
25.97	0.047154
25.98	0.047114
25.99	0.047075
26.0	0.047035
26.01	0.046995
26.02	0.046956
26.03	0.046916
26.04	0.046877
26.05	0.046838
26.06	0.046798
26.07	0.046759
26.08	0.04672
26.09	0.046681
26.1	0.046641
26.11	0.046602
26.12	0.046563
26.13	0.046524
26.14	0.046485
26.15	0.046446
26.16	0.046407
26.17	0.046369
26.18	0.04633
26.19	0.046291
26.2	0.046252
26.21	0.046214
26.22	0.046175
26.23	0.046137
26.24	0.046098
26.25	0.04606
26.26	0.046021
26.27	0.045983
26.28	0.045945
26.29	0.045906
26.3	0.045868
26.31	0.04583
26.32	0.045792
26.33	0.045754
26.34	0.045716
26.35	0.045678
26.36	0.04564
26.37	0.045602
26.38	0.045564
26.39	0.045527
26.4	0.045489
26.41	0.045451
26.42	0.045413
26.43	0.045376
26.44	0.045338
26.45	0.045301
26.46	0.045263
26.47	0.045226
26.48	0.045189
26.49	0.045151
26.5	0.045114
26.51	0.045077
26.52	0.045039
26.53	0.045002
26.54	0.044965
26.55	0.044928
26.56	0.044891
26.57	0.044854
26.58	0.044817
26.59	0.04478
26.6	0.044744
26.61	0.044707
26.62	0.04467
26.63	0.044633
26.64	0.044597
26.65	0.04456
26.66	0.044523
26.67	0.044487
26.68	0.04445
26.69	0.044414
26.7	0.044378
26.71	0.044341
26.72	0.044305
26.73	0.044269
26.74	0.044232
26.75	0.044196
26.76	0.04416
26.77	0.044124
26.78	0.044088
26.79	0.044052
26.8	0.044016
26.81	0.04398
26.82	0.043944
26.83	0.043908
26.84	0.043873
26.85	0.043837
26.86	0.043801
26.87	0.043765
26.88	0.04373
26.89	0.043694
26.9	0.043659
26.91	0.043623
26.92	0.043588
26.93	0.043552
26.94	0.043517
26.95	0.043482
26.96	0.043446
26.97	0.043411
26.98	0.043376
26.99	0.043341
27.0	0.043306
27.01	0.043271
27.02	0.043236
27.03	0.043201
27.04	0.043166
27.05	0.043131
27.06	0.043096
27.07	0.043061
27.08	0.043026
27.09	0.042992
27.1	0.042957
27.11	0.042922
27.12	0.042888
27.13	0.042853
27.14	0.042819
27.15	0.042784
27.16	0.04275
27.17	0.042715
27.18	0.042681
27.19	0.042647
27.2	0.042612
27.21	0.042578
27.22	0.042544
27.23	0.04251
27.24	0.042475
27.25	0.042441
27.26	0.042407
27.27	0.042373
27.28	0.042339
27.29	0.042305
27.3	0.042272
27.31	0.042238
27.32	0.042204
27.33	0.04217
27.34	0.042136
27.35	0.042103
27.36	0.042069
27.37	0.042036
27.38	0.042002
27.39	0.041968
27.4	0.041935
27.41	0.041901
27.42	0.041868
27.43	0.041835
27.44	0.041801
27.45	0.041768
27.46	0.041735
27.47	0.041702
27.48	0.041668
27.49	0.041635
27.5	0.041602
27.51	0.041569
27.52	0.041536
27.53	0.041503
27.54	0.04147
27.55	0.041437
27.56	0.041404
27.57	0.041372
27.58	0.041339
27.59	0.041306
27.6	0.041273
27.61	0.041241
27.62	0.041208
27.63	0.041175
27.64	0.041143
27.65	0.04111
27.66	0.041078
27.67	0.041045
27.68	0.041013
27.69	0.040981
27.7	0.040948
27.71	0.040916
27.72	0.040884
27.73	0.040851
27.74	0.040819
27.75	0.040787
27.76	0.040755
27.77	0.040723
27.78	0.040691
27.79	0.040659
27.8	0.040627
27.81	0.040595
27.82	0.040563
27.83	0.040531
27.84	0.040499
27.85	0.040468
27.86	0.040436
27.87	0.040404
27.88	0.040373
27.89	0.040341
27.9	0.040309
27.91	0.040278
27.92	0.040246
27.93	0.040215
27.94	0.040183
27.95	0.040152
27.96	0.040121
27.97	0.040089
27.98	0.040058
27.99	0.040027
28.0	0.039995
28.01	0.039964
28.02	0.039933
28.03	0.039902
28.04	0.039871
28.05	0.03984
28.06	0.039809
28.07	0.039778
28.08	0.039747
28.09	0.039716
28.1	0.039685
28.11	0.039654
28.12	0.039623
28.13	0.039593
28.14	0.039562
28.15	0.039531
28.16	0.0395
28.17	0.03947
28.18	0.039439
28.19	0.039409
28.2	0.039378
28.21	0.039348
28.22	0.039317
28.23	0.039287
28.24	0.039256
28.25	0.039226
28.26	0.039196
28.27	0.039165
28.28	0.039135
28.29	0.039105
28.3	0.039075
28.31	0.039045
28.32	0.039015
28.33	0.038984
28.34	0.038954
28.35	0.038924
28.36	0.038894
28.37	0.038864
28.38	0.038835
28.39	0.038805
28.4	0.038775
28.41	0.038745
28.42	0.038715
28.43	0.038686
28.44	0.038656
28.45	0.038626
28.46	0.038597
28.47	0.038567
28.48	0.038537
28.49	0.038508
28.5	0.038478
28.51	0.038449
28.52	0.038419
28.53	0.03839
28.54	0.038361
28.55	0.038331
28.56	0.038302
28.57	0.038273
28.58	0.038243
28.59	0.038214
28.6	0.038185
28.61	0.038156
28.62	0.038127
28.63	0.038098
28.64	0.038069
28.65	0.03804
28.66	0.038011
28.67	0.037982
28.68	0.037953
28.69	0.037924
28.7	0.037895
28.71	0.037866
28.72	0.037838
28.73	0.037809
28.74	0.03778
28.75	0.037751
28.76	0.037723
28.77	0.037694
28.78	0.037666
28.79	0.037637
28.8	0.037608
28.81	0.03758
28.82	0.037551
28.83	0.037523
28.84	0.037495
28.85	0.037466
28.86	0.037438
28.87	0.03741
28.88	0.037381
28.89	0.037353
28.9	0.037325
28.91	0.037297
28.92	0.037269
28.93	0.03724
28.94	0.037212
28.95	0.037184
28.96	0.037156
28.97	0.037128
28.98	0.0371
28.99	0.037072
29.0	0.037045
29.01	0.037017
29.02	0.036989
29.03	0.036961
29.04	0.036933
29.05	0.036905
29.06	0.036878
29.07	0.03685
29.08	0.036822
29.09	0.036795
29.1	0.036767
29.11	0.03674
29.12	0.036712
29.13	0.036685
29.14	0.036657
29.15	0.03663
29.16	0.036602
29.17	0.036575
29.18	0.036548
29.19	0.03652
29.2	0.036493
29.21	0.036466
29.22	0.036438
29.23	0.036411
29.24	0.036384
29.25	0.036357
29.26	0.03633
29.27	0.036303
29.28	0.036276
29.29	0.036249
29.3	0.036222
29.31	0.036195
29.32	0.036168
29.33	0.036141
29.34	0.036114
29.35	0.036087
29.36	0.03606
29.37	0.036034
29.38	0.036007
29.39	0.03598
29.4	0.035953
29.41	0.035927
29.42	0.0359
29.43	0.035874
29.44	0.035847
29.45	0.03582
29.46	0.035794
29.47	0.035767
29.48	0.035741
29.49	0.035715
29.5	0.035688
29.51	0.035662
29.52	0.035635
29.53	0.035609
29.54	0.035583
29.55	0.035557
29.56	0.03553
29.57	0.035504
29.58	0.035478
29.59	0.035452
29.6	0.035426
29.61	0.0354
29.62	0.035373
29.63	0.035347
29.64	0.035321
29.65	0.035295
29.66	0.03527
29.67	0.035244
29.68	0.035218
29.69	0.035192
29.7	0.035166
29.71	0.03514
29.72	0.035114
29.73	0.035089
29.74	0.035063
29.75	0.035037
29.76	0.035012
29.77	0.034986
29.78	0.03496
29.79	0.034935
29.8	0.034909
29.81	0.034884
29.82	0.034858
29.83	0.034833
29.84	0.034807
29.85	0.034782
29.86	0.034756
29.87	0.034731
29.88	0.034706
29.89	0.03468
29.9	0.034655
29.91	0.03463
29.92	0.034605
29.93	0.034579
29.94	0.034554
29.95	0.034529
29.96	0.034504
29.97	0.034479
29.98	0.034454
29.99	0.034429
30.0	0.034404
30.01	0.034379
30.02	0.034354
30.03	0.034329
30.04	0.034304
30.05	0.034279
30.06	0.034254
30.07	0.034229
30.08	0.034205
30.09	0.03418
30.1	0.034155
30.11	0.03413
30.12	0.034106
30.13	0.034081
30.14	0.034056
30.15	0.034032
30.16	0.034007
30.17	0.033983
30.18	0.033958
30.19	0.033933
30.2	0.033909
30.21	0.033885
30.22	0.03386
30.23	0.033836
30.24	0.033811
30.25	0.033787
30.26	0.033763
30.27	0.033738
30.28	0.033714
30.29	0.03369
30.3	0.033666
30.31	0.033641
30.32	0.033617
30.33	0.033593
30.34	0.033569
30.35	0.033545
30.36	0.033521
30.37	0.033497
30.38	0.033473
30.39	0.033449
30.4	0.033425
30.41	0.033401
30.42	0.033377
30.43	0.033353
30.44	0.033329
30.45	0.033305
30.46	0.033281
30.47	0.033258
30.48	0.033234
30.49	0.03321
30.5	0.033186
30.51	0.033163
30.52	0.033139
30.53	0.033115
30.54	0.033092
30.55	0.033068
30.56	0.033045
30.57	0.033021
30.58	0.032998
30.59	0.032974
30.6	0.032951
30.61	0.032927
30.62	0.032904
30.63	0.03288
30.64	0.032857
30.65	0.032834
30.66	0.03281
30.67	0.032787
30.68	0.032764
30.69	0.03274
30.7	0.032717
30.71	0.032694
30.72	0.032671
30.73	0.032648
30.74	0.032625
30.75	0.032601
30.76	0.032578
30.77	0.032555
30.78	0.032532
30.79	0.032509
30.8	0.032486
30.81	0.032463
30.82	0.03244
30.83	0.032418
30.84	0.032395
30.85	0.032372
30.86	0.032349
30.87	0.032326
30.88	0.032303
30.89	0.032281
30.9	0.032258
30.91	0.032235
30.92	0.032212
30.93	0.03219
30.94	0.032167
30.95	0.032144
30.96	0.032122
30.97	0.032099
30.98	0.032077
30.99	0.032054
31.0	0.032032
31.01	0.032009
31.02	0.031987
31.03	0.031964
31.04	0.031942
31.05	0.031919
31.06	0.031897
31.07	0.031875
31.08	0.031852
31.09	0.03183
31.1	0.031808
31.11	0.031786
31.12	0.031763
31.13	0.031741
31.14	0.031719
31.15	0.031697
31.16	0.031675
31.17	0.031653
31.18	0.03163
31.19	0.031608
31.2	0.031586
31.21	0.031564
31.22	0.031542
31.23	0.03152
31.24	0.031498
31.25	0.031476
31.26	0.031455
31.27	0.031433
31.28	0.031411
31.29	0.031389
31.3	0.031367
31.31	0.031345
31.32	0.031323
31.33	0.031302
31.34	0.03128
31.35	0.031258
31.36	0.031237
31.37	0.031215
31.38	0.031193
31.39	0.031172
31.4	0.03115
31.41	0.031129
31.42	0.031107
31.43	0.031085
31.44	0.031064
31.45	0.031042
31.46	0.031021
31.47	0.031
31.48	0.030978
31.49	0.030957
31.5	0.030935
31.51	0.030914
31.52	0.030893
31.53	0.030871
31.54	0.03085
31.55	0.030829
31.56	0.030807
31.57	0.030786
31.58	0.030765
31.59	0.030744
31.6	0.030723
31.61	0.030702
31.62	0.03068
31.63	0.030659
31.64	0.030638
31.65	0.030617
31.66	0.030596
31.67	0.030575
31.68	0.030554
31.69	0.030533
31.7	0.030512
31.71	0.030491
31.72	0.03047
31.73	0.03045
31.74	0.030429
31.75	0.030408
31.76	0.030387
31.77	0.030366
31.78	0.030345
31.79	0.030325
31.8	0.030304
31.81	0.030283
31.82	0.030263
31.83	0.030242
31.84	0.030221
31.85	0.030201
31.86	0.03018
31.87	0.030159
31.88	0.030139
31.89	0.030118
31.9	0.030098
31.91	0.030077
31.92	0.030057
31.93	0.030036
31.94	0.030016
31.95	0.029995
31.96	0.029975
31.97	0.029955
31.98	0.029934
31.99	0.029914
32.0	0.029894
32.01	0.029873
32.02	0.029853
32.03	0.029833
32.04	0.029812
32.05	0.029792
32.06	0.029772
32.07	0.029752
32.08	0.029732
32.09	0.029712
32.1	0.029691
32.11	0.029671
32.12	0.029651
32.13	0.029631
32.14	0.029611
32.15	0.029591
32.16	0.029571
32.17	0.029551
32.18	0.029531
32.19	0.029511
32.2	0.029491
32.21	0.029471
32.22	0.029452
32.23	0.029432
32.24	0.029412
32.25	0.029392
32.26	0.029372
32.27	0.029352
32.28	0.029333
32.29	0.029313
32.3	0.029293
32.31	0.029274
32.32	0.029254
32.33	0.029234
32.34	0.029215
32.35	0.029195
32.36	0.029175
32.37	0.029156
32.38	0.029136
32.39	0.029117
32.4	0.029097
32.41	0.029078
32.42	0.029058
32.43	0.029039
32.44	0.029019
32.45	0.029
32.46	0.02898
32.47	0.028961
32.48	0.028942
32.49	0.028922
32.5	0.028903
32.51	0.028884
32.52	0.028864
32.53	0.028845
32.54	0.028826
32.55	0.028806
32.56	0.028787
32.57	0.028768
32.58	0.028749
32.59	0.02873
32.6	0.028711
32.61	0.028691
32.62	0.028672
32.63	0.028653
32.64	0.028634
32.65	0.028615
32.66	0.028596
32.67	0.028577
32.68	0.028558
32.69	0.028539
32.7	0.02852
32.71	0.028501
32.72	0.028482
32.73	0.028463
32.74	0.028445
32.75	0.028426
32.76	0.028407
32.77	0.028388
32.78	0.028369
32.79	0.02835
32.8	0.028332
32.81	0.028313
32.82	0.028294
32.83	0.028275
32.84	0.028257
32.85	0.028238
32.86	0.028219
32.87	0.028201
32.88	0.028182
32.89	0.028163
32.9	0.028145
32.91	0.028126
32.92	0.028108
32.93	0.028089
32.94	0.028071
32.95	0.028052
32.96	0.028034
32.97	0.028015
32.98	0.027997
32.99	0.027978
33.0	0.02796
33.01	0.027942
33.02	0.027923
33.03	0.027905
33.04	0.027887
33.05	0.027868
33.06	0.02785
33.07	0.027832
33.08	0.027813
33.09	0.027795
33.1	0.027777
33.11	0.027759
33.12	0.027741
33.13	0.027722
33.14	0.027704
33.15	0.027686
33.16	0.027668
33.17	0.02765
33.18	0.027632
33.19	0.027614
33.2	0.027596
33.21	0.027578
33.22	0.02756
33.23	0.027542
33.24	0.027524
33.25	0.027506
33.26	0.027488
33.27	0.02747
33.28	0.027452
33.29	0.027434
33.3	0.027416
33.31	0.027398
33.32	0.02738
33.33	0.027362
33.34	0.027345
33.35	0.027327
33.36	0.027309
33.37	0.027291
33.38	0.027274
33.39	0.027256
33.4	0.027238
33.41	0.02722
33.42	0.027203
33.43	0.027185
33.44	0.027167
33.45	0.02715
33.46	0.027132
33.47	0.027115
33.48	0.027097
33.49	0.02708
33.5	0.027062
33.51	0.027044
33.52	0.027027
33.53	0.027009
33.54	0.026992
33.55	0.026975
33.56	0.026957
33.57	0.02694
33.58	0.026922
33.59	0.026905
33.6	0.026888
33.61	0.02687
33.62	0.026853
33.63	0.026836
33.64	0.026818
33.65	0.026801
33.66	0.026784
33.67	0.026766
33.68	0.026749
33.69	0.026732
33.7	0.026715
33.71	0.026698
33.72	0.02668
33.73	0.026663
33.74	0.026646
33.75	0.026629
33.76	0.026612
33.77	0.026595
33.78	0.026578
33.79	0.026561
33.8	0.026544
33.81	0.026527
33.82	0.02651
33.83	0.026493
33.84	0.026476
33.85	0.026459
33.86	0.026442
33.87	0.026425
33.88	0.026408
33.89	0.026391
33.9	0.026374
33.91	0.026357
33.92	0.02634
33.93	0.026323
33.94	0.026307
33.95	0.02629
33.96	0.026273
33.97	0.026256
33.98	0.02624
33.99	0.026223
34.0	0.026206
34.01	0.026189
34.02	0.026173
34.03	0.026156
34.04	0.026139
34.05	0.026123
34.06	0.026106
34.07	0.026089
34.08	0.026073
34.09	0.026056
34.1	0.02604
34.11	0.026023
34.12	0.026007
34.13	0.02599
34.14	0.025974
34.15	0.025957
34.16	0.025941
34.17	0.025924
34.18	0.025908
34.19	0.025891
34.2	0.025875
34.21	0.025858
34.22	0.025842
34.23	0.025826
34.24	0.025809
34.25	0.025793
34.26	0.025777
34.27	0.02576
34.28	0.025744
34.29	0.025728
34.3	0.025712
34.31	0.025695
34.32	0.025679
34.33	0.025663
34.34	0.025647
34.35	0.025631
34.36	0.025614
34.37	0.025598
34.38	0.025582
34.39	0.025566
34.4	0.02555
34.41	0.025534
34.42	0.025518
34.43	0.025502
34.44	0.025486
34.45	0.02547
34.46	0.025454
34.47	0.025438
34.48	0.025422
34.49	0.025406
34.5	0.02539
34.51	0.025374
34.52	0.025358
34.53	0.025342
34.54	0.025326
34.55	0.02531
34.56	0.025294
34.57	0.025278
34.58	0.025263
34.59	0.025247
34.6	0.025231
34.61	0.025215
34.62	0.025199
34.63	0.025184
34.64	0.025168
34.65	0.025152
34.66	0.025136
34.67	0.025121
34.68	0.025105
34.69	0.025089
34.7	0.025074
34.71	0.025058
34.72	0.025042
34.73	0.025027
34.74	0.025011
34.75	0.024996
34.76	0.02498
34.77	0.024964
34.78	0.024949
34.79	0.024933
34.8	0.024918
34.81	0.024902
34.82	0.024887
34.83	0.024871
34.84	0.024856
34.85	0.02484
34.86	0.024825
34.87	0.02481
34.88	0.024794
34.89	0.024779
34.9	0.024763
34.91	0.024748
34.92	0.024733
34.93	0.024717
34.94	0.024702
34.95	0.024687
34.96	0.024671
34.97	0.024656
34.98	0.024641
34.99	0.024626
35.0	0.02461
35.01	0.024595
35.02	0.02458
35.03	0.024565
35.04	0.02455
35.05	0.024534
35.06	0.024519
35.07	0.024504
35.08	0.024489
35.09	0.024474
35.1	0.024459
35.11	0.024444
35.12	0.024429
35.13	0.024414
35.14	0.024399
35.15	0.024384
35.16	0.024368
35.17	0.024353
35.18	0.024339
35.19	0.024324
35.2	0.024309
35.21	0.024294
35.22	0.024279
35.23	0.024264
35.24	0.024249
35.25	0.024234
35.26	0.024219
35.27	0.024204
35.28	0.024189
35.29	0.024175
35.3	0.02416
35.31	0.024145
35.32	0.02413
35.33	0.024115
35.34	0.024101
35.35	0.024086
35.36	0.024071
35.37	0.024056
35.38	0.024042
35.39	0.024027
35.4	0.024012
35.41	0.023998
35.42	0.023983
35.43	0.023968
35.44	0.023954
35.45	0.023939
35.46	0.023924
35.47	0.02391
35.48	0.023895
35.49	0.023881
35.5	0.023866
35.51	0.023852
35.52	0.023837
35.53	0.023822
35.54	0.023808
35.55	0.023793
35.56	0.023779
35.57	0.023765
35.58	0.02375
35.59	0.023736
35.6	0.023721
35.61	0.023707
35.62	0.023692
35.63	0.023678
35.64	0.023664
35.65	0.023649
35.66	0.023635
35.67	0.023621
35.68	0.023606
35.69	0.023592
35.7	0.023578
35.71	0.023563
35.72	0.023549
35.73	0.023535
35.74	0.023521
35.75	0.023506
35.76	0.023492
35.77	0.023478
35.78	0.023464
35.79	0.02345
35.8	0.023435
35.81	0.023421
35.82	0.023407
35.83	0.023393
35.84	0.023379
35.85	0.023365
35.86	0.023351
35.87	0.023337
35.88	0.023323
35.89	0.023308
35.9	0.023294
35.91	0.02328
35.92	0.023266
35.93	0.023252
35.94	0.023238
35.95	0.023224
35.96	0.02321
35.97	0.023196
35.98	0.023183
35.99	0.023169
36.0	0.023155
36.01	0.023141
36.02	0.023127
36.03	0.023113
36.04	0.023099
36.05	0.023085
36.06	0.023071
36.07	0.023058
36.08	0.023044
36.09	0.02303
36.1	0.023016
36.11	0.023002
36.12	0.022989
36.13	0.022975
36.14	0.022961
36.15	0.022947
36.16	0.022934
36.17	0.02292
36.18	0.022906
36.19	0.022893
36.2	0.022879
36.21	0.022865
36.22	0.022852
36.23	0.022838
36.24	0.022824
36.25	0.022811
36.26	0.022797
36.27	0.022784
36.28	0.02277
36.29	0.022756
36.3	0.022743
36.31	0.022729
36.32	0.022716
36.33	0.022702
36.34	0.022689
36.35	0.022675
36.36	0.022662
36.37	0.022648
36.38	0.022635
36.39	0.022621
36.4	0.022608
36.41	0.022595
36.42	0.022581
36.43	0.022568
36.44	0.022554
36.45	0.022541
36.46	0.022528
36.47	0.022514
36.48	0.022501
36.49	0.022488
36.5	0.022474
36.51	0.022461
36.52	0.022448
36.53	0.022434
36.54	0.022421
36.55	0.022408
36.56	0.022395
36.57	0.022381
36.58	0.022368
36.59	0.022355
36.6	0.022342
36.61	0.022329
36.62	0.022315
36.63	0.022302
36.64	0.022289
36.65	0.022276
36.66	0.022263
36.67	0.02225
36.68	0.022237
36.69	0.022224
36.7	0.02221
36.71	0.022197
36.72	0.022184
36.73	0.022171
36.74	0.022158
36.75	0.022145
36.76	0.022132
36.77	0.022119
36.78	0.022106
36.79	0.022093
36.8	0.02208
36.81	0.022067
36.82	0.022054
36.83	0.022041
36.84	0.022028
36.85	0.022016
36.86	0.022003
36.87	0.02199
36.88	0.021977
36.89	0.021964
36.9	0.021951
36.91	0.021938
36.92	0.021925
36.93	0.021913
36.94	0.0219
36.95	0.021887
36.96	0.021874
36.97	0.021861
36.98	0.021849
36.99	0.021836
37.0	0.021823
37.01	0.02181
37.02	0.021798
37.03	0.021785
37.04	0.021772
37.05	0.02176
37.06	0.021747
37.07	0.021734
37.08	0.021722
37.09	0.021709
37.1	0.021696
37.11	0.021684
37.12	0.021671
37.13	0.021658
37.14	0.021646
37.15	0.021633
37.16	0.021621
37.17	0.021608
37.18	0.021596
37.19	0.021583
37.2	0.021571
37.21	0.021558
37.22	0.021546
37.23	0.021533
37.24	0.021521
37.25	0.021508
37.26	0.021496
37.27	0.021483
37.28	0.021471
37.29	0.021458
37.3	0.021446
37.31	0.021433
37.32	0.021421
37.33	0.021409
37.34	0.021396
37.35	0.021384
37.36	0.021372
37.37	0.021359
37.38	0.021347
37.39	0.021335
37.4	0.021322
37.41	0.02131
37.42	0.021298
37.43	0.021285
37.44	0.021273
37.45	0.021261
37.46	0.021249
37.47	0.021236
37.48	0.021224
37.49	0.021212
37.5	0.0212
37.51	0.021188
37.52	0.021175
37.53	0.021163
37.54	0.021151
37.55	0.021139
37.56	0.021127
37.57	0.021115
37.58	0.021102
37.59	0.02109
37.6	0.021078
37.61	0.021066
37.62	0.021054
37.63	0.021042
37.64	0.02103
37.65	0.021018
37.66	0.021006
37.67	0.020994
37.68	0.020982
37.69	0.02097
37.7	0.020958
37.71	0.020946
37.72	0.020934
37.73	0.020922
37.74	0.02091
37.75	0.020898
37.76	0.020886
37.77	0.020874
37.78	0.020862
37.79	0.02085
37.8	0.020838
37.81	0.020826
37.82	0.020814
37.83	0.020803
37.84	0.020791
37.85	0.020779
37.86	0.020767
37.87	0.020755
37.88	0.020743
37.89	0.020732
37.9	0.02072
37.91	0.020708
37.92	0.020696
37.93	0.020684
37.94	0.020673
37.95	0.020661
37.96	0.020649
37.97	0.020637
37.98	0.020626
37.99	0.020614
38.0	0.020602
38.01	0.020591
38.02	0.020579
38.03	0.020567
38.04	0.020556
38.05	0.020544
38.06	0.020532
38.07	0.020521
38.08	0.020509
38.09	0.020497
38.1	0.020486
38.11	0.020474
38.12	0.020463
38.13	0.020451
38.14	0.02044
38.15	0.020428
38.16	0.020416
38.17	0.020405
38.18	0.020393
38.19	0.020382
38.2	0.02037
38.21	0.020359
38.22	0.020347
38.23	0.020336
38.24	0.020324
38.25	0.020313
38.26	0.020302
38.27	0.02029
38.28	0.020279
38.29	0.020267
38.3	0.020256
38.31	0.020244
38.32	0.020233
38.33	0.020222
38.34	0.02021
38.35	0.020199
38.36	0.020188
38.37	0.020176
38.38	0.020165
38.39	0.020154
38.4	0.020142
38.41	0.020131
38.42	0.02012
38.43	0.020108
38.44	0.020097
38.45	0.020086
38.46	0.020075
38.47	0.020063
38.48	0.020052
38.49	0.020041
38.5	0.02003
38.51	0.020018
38.52	0.020007
38.53	0.019996
38.54	0.019985
38.55	0.019974
38.56	0.019963
38.57	0.019951
38.58	0.01994
38.59	0.019929
38.6	0.019918
38.61	0.019907
38.62	0.019896
38.63	0.019885
38.64	0.019874
38.65	0.019862
38.66	0.019851
38.67	0.01984
38.68	0.019829
38.69	0.019818
38.7	0.019807
38.71	0.019796
38.72	0.019785
38.73	0.019774
38.74	0.019763
38.75	0.019752
38.76	0.019741
38.77	0.01973
38.78	0.019719
38.79	0.019708
38.8	0.019697
38.81	0.019686
38.82	0.019675
38.83	0.019665
38.84	0.019654
38.85	0.019643
38.86	0.019632
38.87	0.019621
38.88	0.01961
38.89	0.019599
38.9	0.019588
38.91	0.019577
38.92	0.019567
38.93	0.019556
38.94	0.019545
38.95	0.019534
38.96	0.019523
38.97	0.019513
38.98	0.019502
38.99	0.019491
39.0	0.01948
39.01	0.01947
39.02	0.019459
39.03	0.019448
39.04	0.019437
39.05	0.019427
39.06	0.019416
39.07	0.019405
39.08	0.019394
39.09	0.019384
39.1	0.019373
39.11	0.019362
39.12	0.019352
39.13	0.019341
39.14	0.01933
39.15	0.01932
39.16	0.019309
39.17	0.019299
39.18	0.019288
39.19	0.019277
39.2	0.019267
39.21	0.019256
39.22	0.019246
39.23	0.019235
39.24	0.019225
39.25	0.019214
39.26	0.019203
39.27	0.019193
39.28	0.019182
39.29	0.019172
39.3	0.019161
39.31	0.019151
39.32	0.01914
39.33	0.01913
39.34	0.019119
39.35	0.019109
39.36	0.019098
39.37	0.019088
39.38	0.019078
39.39	0.019067
39.4	0.019057
39.41	0.019046
39.42	0.019036
39.43	0.019026
39.44	0.019015
39.45	0.019005
39.46	0.018994
39.47	0.018984
39.48	0.018974
39.49	0.018963
39.5	0.018953
39.51	0.018943
39.52	0.018932
39.53	0.018922
39.54	0.018912
39.55	0.018901
39.56	0.018891
39.57	0.018881
39.58	0.018871
39.59	0.01886
39.6	0.01885
39.61	0.01884
39.62	0.01883
39.63	0.018819
39.64	0.018809
39.65	0.018799
39.66	0.018789
39.67	0.018779
39.68	0.018768
39.69	0.018758
39.7	0.018748
39.71	0.018738
39.72	0.018728
39.73	0.018718
39.74	0.018707
39.75	0.018697
39.76	0.018687
39.77	0.018677
39.78	0.018667
39.79	0.018657
39.8	0.018647
39.81	0.018637
39.82	0.018627
39.83	0.018617
39.84	0.018607
39.85	0.018596
39.86	0.018586
39.87	0.018576
39.88	0.018566
39.89	0.018556
39.9	0.018546
39.91	0.018536
39.92	0.018526
39.93	0.018516
39.94	0.018506
39.95	0.018496
39.96	0.018486
39.97	0.018477
39.98	0.018467
39.99	0.018457
40.0	0.018447
40.01	0.018437
40.02	0.018427
40.03	0.018417
40.04	0.018407
40.05	0.018397
40.06	0.018387
40.07	0.018377
40.08	0.018368
40.09	0.018358
40.1	0.018348
40.11	0.018338
40.12	0.018328
40.13	0.018318
40.14	0.018309
40.15	0.018299
40.16	0.018289
40.17	0.018279
40.18	0.018269
40.19	0.01826
40.2	0.01825
40.21	0.01824
40.22	0.01823
40.23	0.018221
40.24	0.018211
40.25	0.018201
40.26	0.018191
40.27	0.018182
40.28	0.018172
40.29	0.018162
40.3	0.018153
40.31	0.018143
40.32	0.018133
40.33	0.018124
40.34	0.018114
40.35	0.018104
40.36	0.018095
40.37	0.018085
40.38	0.018075
40.39	0.018066
40.4	0.018056
40.41	0.018046
40.42	0.018037
40.43	0.018027
40.44	0.018018
40.45	0.018008
40.46	0.017998
40.47	0.017989
40.48	0.017979
40.49	0.01797
40.5	0.01796
40.51	0.017951
40.52	0.017941
40.53	0.017932
40.54	0.017922
40.55	0.017913
40.56	0.017903
40.57	0.017894
40.58	0.017884
40.59	0.017875
40.6	0.017865
40.61	0.017856
40.62	0.017846
40.63	0.017837
40.64	0.017828
40.65	0.017818
40.66	0.017809
40.67	0.017799
40.68	0.01779
40.69	0.01778
40.7	0.017771
40.71	0.017762
40.72	0.017752
40.73	0.017743
40.74	0.017734
40.75	0.017724
40.76	0.017715
40.77	0.017706
40.78	0.017696
40.79	0.017687
40.8	0.017678
40.81	0.017668
40.82	0.017659
40.83	0.01765
40.84	0.01764
40.85	0.017631
40.86	0.017622
40.87	0.017613
40.88	0.017603
40.89	0.017594
40.9	0.017585
40.91	0.017576
40.92	0.017566
40.93	0.017557
40.94	0.017548
40.95	0.017539
40.96	0.017529
40.97	0.01752
40.98	0.017511
40.99	0.017502
41.0	0.017493
41.01	0.017484
41.02	0.017474
41.03	0.017465
41.04	0.017456
41.05	0.017447
41.06	0.017438
41.07	0.017429
41.08	0.01742
41.09	0.01741
41.1	0.017401
41.11	0.017392
41.12	0.017383
41.13	0.017374
41.14	0.017365
41.15	0.017356
41.16	0.017347
41.17	0.017338
41.18	0.017329
41.19	0.01732
41.2	0.017311
41.21	0.017302
41.22	0.017293
41.23	0.017284
41.24	0.017275
41.25	0.017266
41.26	0.017257
41.27	0.017248
41.28	0.017239
41.29	0.01723
41.3	0.017221
41.31	0.017212
41.32	0.017203
41.33	0.017194
41.34	0.017185
41.35	0.017176
41.36	0.017167
41.37	0.017158
41.38	0.017149
41.39	0.01714
41.4	0.017132
41.41	0.017123
41.42	0.017114
41.43	0.017105
41.44	0.017096
41.45	0.017087
41.46	0.017078
41.47	0.017069
41.48	0.017061
41.49	0.017052
41.5	0.017043
41.51	0.017034
41.52	0.017025
41.53	0.017017
41.54	0.017008
41.55	0.016999
41.56	0.01699
41.57	0.016981
41.58	0.016973
41.59	0.016964
41.6	0.016955
41.61	0.016946
41.62	0.016938
41.63	0.016929
41.64	0.01692
41.65	0.016911
41.66	0.016903
41.67	0.016894
41.68	0.016885
41.69	0.016877
41.7	0.016868
41.71	0.016859
41.72	0.016851
41.73	0.016842
41.74	0.016833
41.75	0.016825
41.76	0.016816
41.77	0.016807
41.78	0.016799
41.79	0.01679
41.8	0.016781
41.81	0.016773
41.82	0.016764
41.83	0.016756
41.84	0.016747
41.85	0.016738
41.86	0.01673
41.87	0.016721
41.88	0.016713
41.89	0.016704
41.9	0.016696
41.91	0.016687
41.92	0.016678
41.93	0.01667
41.94	0.016661
41.95	0.016653
41.96	0.016644
41.97	0.016636
41.98	0.016627
41.99	0.016619
42.0	0.01661
42.01	0.016602
42.02	0.016593
42.03	0.016585
42.04	0.016576
42.05	0.016568
42.06	0.016559
42.07	0.016551
42.08	0.016543
42.09	0.016534
42.1	0.016526
42.11	0.016517
42.12	0.016509
42.13	0.0165
42.14	0.016492
42.15	0.016484
42.16	0.016475
42.17	0.016467
42.18	0.016458
42.19	0.01645
42.2	0.016442
42.21	0.016433
42.22	0.016425
42.23	0.016417
42.24	0.016408
42.25	0.0164
42.26	0.016392
42.27	0.016383
42.28	0.016375
42.29	0.016367
42.3	0.016358
42.31	0.01635
42.32	0.016342
42.33	0.016334
42.34	0.016325
42.35	0.016317
42.36	0.016309
42.37	0.016301
42.38	0.016292
42.39	0.016284
42.4	0.016276
42.41	0.016268
42.42	0.016259
42.43	0.016251
42.44	0.016243
42.45	0.016235
42.46	0.016226
42.47	0.016218
42.48	0.01621
42.49	0.016202
42.5	0.016194
42.51	0.016186
42.52	0.016177
42.53	0.016169
42.54	0.016161
42.55	0.016153
42.56	0.016145
42.57	0.016137
42.58	0.016129
42.59	0.01612
42.6	0.016112
42.61	0.016104
42.62	0.016096
42.63	0.016088
42.64	0.01608
42.65	0.016072
42.66	0.016064
42.67	0.016056
42.68	0.016048
42.69	0.01604
42.7	0.016031
42.71	0.016023
42.72	0.016015
42.73	0.016007
42.74	0.015999
42.75	0.015991
42.76	0.015983
42.77	0.015975
42.78	0.015967
42.79	0.015959
42.8	0.015951
42.81	0.015943
42.82	0.015935
42.83	0.015927
42.84	0.015919
42.85	0.015911
42.86	0.015903
42.87	0.015895
42.88	0.015887
42.89	0.01588
42.9	0.015872
42.91	0.015864
42.92	0.015856
42.93	0.015848
42.94	0.01584
42.95	0.015832
42.96	0.015824
42.97	0.015816
42.98	0.015808
42.99	0.0158
43.0	0.015793
43.01	0.015785
43.02	0.015777
43.03	0.015769
43.04	0.015761
43.05	0.015753
43.06	0.015745
43.07	0.015738
43.08	0.01573
43.09	0.015722
43.1	0.015714
43.11	0.015706
43.12	0.015698
43.13	0.015691
43.14	0.015683
43.15	0.015675
43.16	0.015667
43.17	0.01566
43.18	0.015652
43.19	0.015644
43.2	0.015636
43.21	0.015628
43.22	0.015621
43.23	0.015613
43.24	0.015605
43.25	0.015597
43.26	0.01559
43.27	0.015582
43.28	0.015574
43.29	0.015567
43.3	0.015559
43.31	0.015551
43.32	0.015544
43.33	0.015536
43.34	0.015528
43.35	0.01552
43.36	0.015513
43.37	0.015505
43.38	0.015497
43.39	0.01549
43.4	0.015482
43.41	0.015475
43.42	0.015467
43.43	0.015459
43.44	0.015452
43.45	0.015444
43.46	0.015436
43.47	0.015429
43.48	0.015421
43.49	0.015414
43.5	0.015406
43.51	0.015398
43.52	0.015391
43.53	0.015383
43.54	0.015376
43.55	0.015368
43.56	0.015361
43.57	0.015353
43.58	0.015345
43.59	0.015338
43.6	0.01533
43.61	0.015323
43.62	0.015315
43.63	0.015308
43.64	0.0153
43.65	0.015293
43.66	0.015285
43.67	0.015278
43.68	0.01527
43.69	0.015263
43.7	0.015255
43.71	0.015248
43.72	0.01524
43.73	0.015233
43.74	0.015225
43.75	0.015218
43.76	0.015211
43.77	0.015203
43.78	0.015196
43.79	0.015188
43.8	0.015181
43.81	0.015173
43.82	0.015166
43.83	0.015159
43.84	0.015151
43.85	0.015144
43.86	0.015136
43.87	0.015129
43.88	0.015122
43.89	0.015114
43.9	0.015107
43.91	0.015099
43.92	0.015092
43.93	0.015085
43.94	0.015077
43.95	0.01507
43.96	0.015063
43.97	0.015055
43.98	0.015048
43.99	0.015041
44.0	0.015033
44.01	0.015026
44.02	0.015019
44.03	0.015011
44.04	0.015004
44.05	0.014997
44.06	0.01499
44.07	0.014982
44.08	0.014975
44.09	0.014968
44.1	0.01496
44.11	0.014953
44.12	0.014946
44.13	0.014939
44.14	0.014931
44.15	0.014924
44.16	0.014917
44.17	0.01491
44.18	0.014902
44.19	0.014895
44.2	0.014888
44.21	0.014881
44.22	0.014874
44.23	0.014866
44.24	0.014859
44.25	0.014852
44.26	0.014845
44.27	0.014838
44.28	0.014831
44.29	0.014823
44.3	0.014816
44.31	0.014809
44.32	0.014802
44.33	0.014795
44.34	0.014788
44.35	0.01478
44.36	0.014773
44.37	0.014766
44.38	0.014759
44.39	0.014752
44.4	0.014745
44.41	0.014738
44.42	0.014731
44.43	0.014724
44.44	0.014716
44.45	0.014709
44.46	0.014702
44.47	0.014695
44.48	0.014688
44.49	0.014681
44.5	0.014674
44.51	0.014667
44.52	0.01466
44.53	0.014653
44.54	0.014646
44.55	0.014639
44.56	0.014632
44.57	0.014625
44.58	0.014618
44.59	0.014611
44.6	0.014604
44.61	0.014597
44.62	0.01459
44.63	0.014583
44.64	0.014576
44.65	0.014569
44.66	0.014562
44.67	0.014555
44.68	0.014548
44.69	0.014541
44.7	0.014534
44.71	0.014527
44.72	0.01452
44.73	0.014513
44.74	0.014506
44.75	0.014499
44.76	0.014492
44.77	0.014485
44.78	0.014478
44.79	0.014471
44.8	0.014464
44.81	0.014458
44.82	0.014451
44.83	0.014444
44.84	0.014437
44.85	0.01443
44.86	0.014423
44.87	0.014416
44.88	0.014409
44.89	0.014403
44.9	0.014396
44.91	0.014389
44.92	0.014382
44.93	0.014375
44.94	0.014368
44.95	0.014361
44.96	0.014355
44.97	0.014348
44.98	0.014341
44.99	0.014334
45.0	0.014327
45.01	0.01432
45.02	0.014314
45.03	0.014307
45.04	0.0143
45.05	0.014293
45.06	0.014287
45.07	0.01428
45.08	0.014273
45.09	0.014266
45.1	0.014259
45.11	0.014253
45.12	0.014246
45.13	0.014239
45.14	0.014232
45.15	0.014226
45.16	0.014219
45.17	0.014212
45.18	0.014205
45.19	0.014199
45.2	0.014192
45.21	0.014185
45.22	0.014179
45.23	0.014172
45.24	0.014165
45.25	0.014159
45.26	0.014152
45.27	0.014145
45.28	0.014138
45.29	0.014132
45.3	0.014125
45.31	0.014118
45.32	0.014112
45.33	0.014105
45.34	0.014098
45.35	0.014092
45.36	0.014085
45.37	0.014079
45.38	0.014072
45.39	0.014065
45.4	0.014059
45.41	0.014052
45.42	0.014045
45.43	0.014039
45.44	0.014032
45.45	0.014026
45.46	0.014019
45.47	0.014012
45.48	0.014006
45.49	0.013999
45.5	0.013993
45.51	0.013986
45.52	0.01398
45.53	0.013973
45.54	0.013966
45.55	0.01396
45.56	0.013953
45.57	0.013947
45.58	0.01394
45.59	0.013934
45.6	0.013927
45.61	0.013921
45.62	0.013914
45.63	0.013908
45.64	0.013901
45.65	0.013895
45.66	0.013888
45.67	0.013882
45.68	0.013875
45.69	0.013869
45.7	0.013862
45.71	0.013856
45.72	0.013849
45.73	0.013843
45.74	0.013836
45.75	0.01383
45.76	0.013823
45.77	0.013817
45.78	0.01381
45.79	0.013804
45.8	0.013797
45.81	0.013791
45.82	0.013785
45.83	0.013778
45.84	0.013772
45.85	0.013765
45.86	0.013759
45.87	0.013752
45.88	0.013746
45.89	0.01374
45.9	0.013733
45.91	0.013727
45.92	0.01372
45.93	0.013714
45.94	0.013708
45.95	0.013701
45.96	0.013695
45.97	0.013689
45.98	0.013682
45.99	0.013676
46.0	0.01367
46.01	0.013663
46.02	0.013657
46.03	0.013651
46.04	0.013644
46.05	0.013638
46.06	0.013632
46.07	0.013625
46.08	0.013619
46.09	0.013613
46.1	0.013606
46.11	0.0136
46.12	0.013594
46.13	0.013587
46.14	0.013581
46.15	0.013575
46.16	0.013569
46.17	0.013562
46.18	0.013556
46.19	0.01355
46.2	0.013543
46.21	0.013537
46.22	0.013531
46.23	0.013525
46.24	0.013518
46.25	0.013512
46.26	0.013506
46.27	0.0135
46.28	0.013493
46.29	0.013487
46.3	0.013481
46.31	0.013475
46.32	0.013469
46.33	0.013462
46.34	0.013456
46.35	0.01345
46.36	0.013444
46.37	0.013438
46.38	0.013431
46.39	0.013425
46.4	0.013419
46.41	0.013413
46.42	0.013407
46.43	0.0134
46.44	0.013394
46.45	0.013388
46.46	0.013382
46.47	0.013376
46.48	0.01337
46.49	0.013364
46.5	0.013357
46.51	0.013351
46.52	0.013345
46.53	0.013339
46.54	0.013333
46.55	0.013327
46.56	0.013321
46.57	0.013315
46.58	0.013308
46.59	0.013302
46.6	0.013296
46.61	0.01329
46.62	0.013284
46.63	0.013278
46.64	0.013272
46.65	0.013266
46.66	0.01326
46.67	0.013254
46.68	0.013248
46.69	0.013242
46.7	0.013236
46.71	0.01323
46.72	0.013223
46.73	0.013217
46.74	0.013211
46.75	0.013205
46.76	0.013199
46.77	0.013193
46.78	0.013187
46.79	0.013181
46.8	0.013175
46.81	0.013169
46.82	0.013163
46.83	0.013157
46.84	0.013151
46.85	0.013145
46.86	0.013139
46.87	0.013133
46.88	0.013127
46.89	0.013121
46.9	0.013115
46.91	0.013109
46.92	0.013103
46.93	0.013097
46.94	0.013091
46.95	0.013086
46.96	0.01308
46.97	0.013074
46.98	0.013068
46.99	0.013062
47.0	0.013056
47.01	0.01305
47.02	0.013044
47.03	0.013038
47.04	0.013032
47.05	0.013026
47.06	0.01302
47.07	0.013014
47.08	0.013009
47.09	0.013003
47.1	0.012997
47.11	0.012991
47.12	0.012985
47.13	0.012979
47.14	0.012973
47.15	0.012967
47.16	0.012961
47.17	0.012956
47.18	0.01295
47.19	0.012944
47.2	0.012938
47.21	0.012932
47.22	0.012926
47.23	0.01292
47.24	0.012915
47.25	0.012909
47.26	0.012903
47.27	0.012897
47.28	0.012891
47.29	0.012886
47.3	0.01288
47.31	0.012874
47.32	0.012868
47.33	0.012862
47.34	0.012857
47.35	0.012851
47.36	0.012845
47.37	0.012839
47.38	0.012833
47.39	0.012828
47.4	0.012822
47.41	0.012816
47.42	0.01281
47.43	0.012805
47.44	0.012799
47.45	0.012793
47.46	0.012787
47.47	0.012781
47.48	0.012776
47.49	0.01277
47.5	0.012764
47.51	0.012759
47.52	0.012753
47.53	0.012747
47.54	0.012741
47.55	0.012736
47.56	0.01273
47.57	0.012724
47.58	0.012719
47.59	0.012713
47.6	0.012707
47.61	0.012701
47.62	0.012696
47.63	0.01269
47.64	0.012684
47.65	0.012679
47.66	0.012673
47.67	0.012667
47.68	0.012662
47.69	0.012656
47.7	0.01265
47.71	0.012645
47.72	0.012639
47.73	0.012633
47.74	0.012628
47.75	0.012622
47.76	0.012616
47.77	0.012611
47.78	0.012605
47.79	0.0126
47.8	0.012594
47.81	0.012588
47.82	0.012583
47.83	0.012577
47.84	0.012572
47.85	0.012566
47.86	0.01256
47.87	0.012555
47.88	0.012549
47.89	0.012544
47.9	0.012538
47.91	0.012532
47.92	0.012527
47.93	0.012521
47.94	0.012516
47.95	0.01251
47.96	0.012505
47.97	0.012499
47.98	0.012493
47.99	0.012488
48.0	0.012482
48.01	0.012477
48.02	0.012471
48.03	0.012466
48.04	0.01246
48.05	0.012455
48.06	0.012449
48.07	0.012444
48.08	0.012438
48.09	0.012433
48.1	0.012427
48.11	0.012422
48.12	0.012416
48.13	0.012411
48.14	0.012405
48.15	0.0124
48.16	0.012394
48.17	0.012389
48.18	0.012383
48.19	0.012378
48.2	0.012372
48.21	0.012367
48.22	0.012361
48.23	0.012356
48.24	0.01235
48.25	0.012345
48.26	0.012339
48.27	0.012334
48.28	0.012328
48.29	0.012323
48.3	0.012318
48.31	0.012312
48.32	0.012307
48.33	0.012301
48.34	0.012296
48.35	0.01229
48.36	0.012285
48.37	0.01228
48.38	0.012274
48.39	0.012269
48.4	0.012263
48.41	0.012258
48.42	0.012253
48.43	0.012247
48.44	0.012242
48.45	0.012236
48.46	0.012231
48.47	0.012226
48.48	0.01222
48.49	0.012215
48.5	0.01221
48.51	0.012204
48.52	0.012199
48.53	0.012193
48.54	0.012188
48.55	0.012183
48.56	0.012177
48.57	0.012172
48.58	0.012167
48.59	0.012161
48.6	0.012156
48.61	0.012151
48.62	0.012145
48.63	0.01214
48.64	0.012135
48.65	0.012129
48.66	0.012124
48.67	0.012119
48.68	0.012114
48.69	0.012108
48.7	0.012103
48.71	0.012098
48.72	0.012092
48.73	0.012087
48.74	0.012082
48.75	0.012077
48.76	0.012071
48.77	0.012066
48.78	0.012061
48.79	0.012055
48.8	0.01205
48.81	0.012045
48.82	0.01204
48.83	0.012034
48.84	0.012029
48.85	0.012024
48.86	0.012019
48.87	0.012013
48.88	0.012008
48.89	0.012003
48.9	0.011998
48.91	0.011992
48.92	0.011987
48.93	0.011982
48.94	0.011977
48.95	0.011972
48.96	0.011966
48.97	0.011961
48.98	0.011956
48.99	0.011951
49.0	0.011946
49.01	0.01194
49.02	0.011935
49.03	0.01193
49.04	0.011925
49.05	0.01192
49.06	0.011915
49.07	0.011909
49.08	0.011904
49.09	0.011899
49.1	0.011894
49.11	0.011889
49.12	0.011884
49.13	0.011878
49.14	0.011873
49.15	0.011868
49.16	0.011863
49.17	0.011858
49.18	0.011853
49.19	0.011848
49.2	0.011842
49.21	0.011837
49.22	0.011832
49.23	0.011827
49.24	0.011822
49.25	0.011817
49.26	0.011812
49.27	0.011807
49.28	0.011801
49.29	0.011796
49.3	0.011791
49.31	0.011786
49.32	0.011781
49.33	0.011776
49.34	0.011771
49.35	0.011766
49.36	0.011761
49.37	0.011756
49.38	0.011751
49.39	0.011746
49.4	0.011741
49.41	0.011735
49.42	0.01173
49.43	0.011725
49.44	0.01172
49.45	0.011715
49.46	0.01171
49.47	0.011705
49.48	0.0117
49.49	0.011695
49.5	0.01169
49.51	0.011685
49.52	0.01168
49.53	0.011675
49.54	0.01167
49.55	0.011665
49.56	0.01166
49.57	0.011655
49.58	0.01165
49.59	0.011645
49.6	0.01164
49.61	0.011635
49.62	0.01163
49.63	0.011625
49.64	0.01162
49.65	0.011615
49.66	0.01161
49.67	0.011605
49.68	0.0116
49.69	0.011595
49.7	0.01159
49.71	0.011585
49.72	0.01158
49.73	0.011575
49.74	0.01157
49.75	0.011565
49.76	0.01156
49.77	0.011555
49.78	0.011551
49.79	0.011546
49.8	0.011541
49.81	0.011536
49.82	0.011531
49.83	0.011526
49.84	0.011521
49.85	0.011516
49.86	0.011511
49.87	0.011506
49.88	0.011501
49.89	0.011496
49.9	0.011491
49.91	0.011487
49.92	0.011482
49.93	0.011477
49.94	0.011472
49.95	0.011467
49.96	0.011462
49.97	0.011457
49.98	0.011452
49.99	0.011447
50.0	0.011443
