eng	y_fit
0.01	2.5171
0.02	1.8361
0.03	1.5466
0.04	1.3817
0.05	1.2748
0.06	1.2004
0.07	1.1464
0.08	1.1061
0.09	1.0756
0.1	1.0526
0.11	1.0352
0.12	1.0223
0.13	1.0131
0.14	1.0069
0.15	1.0034
0.16	1.0021
0.17	1.0027
0.18	1.0051
0.19	1.009
0.2	1.0144
0.21	1.0211
0.22	1.0289
0.23	1.0379
0.24	1.0479
0.25	1.059
0.26	1.0709
0.27	1.0838
0.28	1.0976
0.29	1.1122
0.3	1.1276
0.31	1.1479249999999999
0.32	1.16825
0.33	1.188575
0.34	1.2088999999999999
0.35	1.2292249999999998
0.36	1.24955
0.37	1.2698749999999999
0.38	1.2902
0.39	1.310525
0.4	1.3308499999999999
0.41	1.351175
0.42	1.3715
0.43	1.3964
0.44	1.422
0.45	1.4482
0.46	1.4751
0.47	1.5026
0.48	1.5307
0.49	1.5595
0.5	1.5888
0.51	1.6188
0.52	1.6492
0.53	1.6803
0.54	1.7118
0.55	1.7438
0.56	1.7763
0.57	1.8092
0.58	1.8426
0.59	1.8763
0.6	1.9103
0.61	1.9445
0.62	1.979
0.63	2.0137
0.64	2.0485
0.65	2.0833
0.66	2.0863594594594597
0.67	2.089418918918919
0.68	2.0924783783783782
0.69	2.0955378378378375
0.7	2.0985972972972973
0.71	2.1016567567567566
0.72	2.104716216216216
0.73	2.1077756756756756
0.74	2.1108351351351353
0.75	2.1138945945945946
0.76	2.116954054054054
0.77	2.1200135135135136
0.78	2.123072972972973
0.79	2.126132432432432
0.8	2.1291918918918915
0.81	2.1322513513513512
0.82	2.135310810810811
0.83	2.1383702702702703
0.84	2.1414297297297296
0.85	2.144489189189189
0.86	2.1475486486486486
0.87	2.1506081081081083
0.88	2.1536675675675676
0.89	2.156727027027027
0.9	2.159786486486486
0.91	2.162845945945946
0.92	2.165905405405405
0.93	2.168964864864865
0.94	2.1720243243243242
0.95	2.1750837837837835
0.96	2.178143243243243
0.97	2.1812027027027026
0.98	2.1842621621621623
0.99	2.1873216216216216
1.0	2.190381081081081
1.01	2.1934405405405406
1.02	2.1965
1.03	2.1925797101449276
1.04	2.188659420289855
1.05	2.1847391304347825
1.06	2.1808188405797098
1.07	2.1768985507246374
1.08	2.172978260869565
1.09	2.1690579710144924
1.1	2.16513768115942
1.11	2.1612173913043478
1.12	2.1572971014492754
1.13	2.1533768115942027
1.14	2.1494565217391304
1.15	2.145536231884058
1.16	2.1416159420289853
1.17	2.137695652173913
1.18	2.1337753623188402
1.19	2.129855072463768
1.2	2.125934782608695
1.21	2.122014492753623
1.22	2.1180942028985505
1.23	2.1141739130434782
1.24	2.110253623188406
1.25	2.1063333333333336
1.26	2.102413043478261
1.27	2.098492753623188
1.28	2.094572463768116
1.29	2.0906521739130435
1.3	2.086731884057971
1.31	2.082811594202899
1.32	2.078891304347826
1.33	2.0749710144927533
1.34	2.071050724637681
1.35	2.0671304347826087
1.36	2.0632101449275364
1.37	2.0592898550724636
1.38	2.0553695652173913
1.39	2.0514492753623186
1.4	2.0475289855072463
1.41	2.043608695652174
1.42	2.039688405797101
1.43	2.035768115942029
1.44	2.0318478260869566
1.45	2.027927536231884
1.46	2.0240072463768115
1.47	2.020086956521739
1.48	2.0161666666666664
1.49	2.012246376811594
1.5	2.008326086956522
1.51	2.004405797101449
1.52	2.0004855072463767
1.53	1.9965652173913044
1.54	1.9926449275362317
1.55	1.9887246376811594
1.56	1.984804347826087
1.57	1.9808840579710143
1.58	1.976963768115942
1.59	1.9730434782608695
1.6	1.9691231884057971
1.61	1.9652028985507246
1.62	1.961282608695652
1.63	1.9573623188405798
1.64	1.9534420289855072
1.65	1.9495217391304347
1.66	1.9456014492753624
1.67	1.9416811594202898
1.68	1.9377608695652173
1.69	1.933840579710145
1.7	1.9299202898550722
1.71	1.926
1.72	1.9218
1.73	1.9176
1.74	1.9134
1.75	1.9091999999999998
1.76	1.905
1.77	1.9002125
1.78	1.895425
1.79	1.8906375
1.8	1.88585
1.81	1.8810625
1.82	1.8762750000000001
1.83	1.8714875
1.84	1.8667
1.85	1.8622
1.86	1.8573
1.87	1.8526
1.88	1.8474
1.89	1.8422
1.9	1.8373
1.91	1.832
1.92	1.8271
1.93	1.822
1.94	1.817
1.95	1.812
1.96	1.807
1.97	1.802
1.98	1.797
1.99	1.7921
2.0	1.7872
2.01	1.7823
2.02	1.7774
2.03	1.7725
2.04	1.7677
2.05	1.7629
2.06	1.758
2.07	1.7533
2.08	1.7485
2.09	1.7437
2.1	1.739
2.11	1.7343
2.12	1.7296
2.13	1.7249
2.14	1.7202
2.15	1.7156
2.16	1.711
2.17	1.7064
2.18	1.7018
2.19	1.6972
2.2	1.6927
2.21	1.6881
2.22	1.6836
2.23	1.6791
2.24	1.6746
2.25	1.6702
2.26	1.6657
2.27	1.6613
2.28	1.6569
2.29	1.6525
2.3	1.6482
2.31	1.6438
2.32	1.6395
2.33	1.6351
2.34	1.6308
2.35	1.6266
2.36	1.6223
2.37	1.6181
2.38	1.6138
2.39	1.6096
2.4	1.6054
2.41	1.6013
2.42	1.5971
2.43	1.593
2.44	1.5889
2.45	1.5848
2.46	1.5807
2.47	1.5766
2.48	1.5725
2.49	1.5685
2.5	1.5645
2.51	1.5605
2.52	1.5565
2.53	1.5525
2.54	1.5486
2.55	1.5447
2.56	1.5407
2.57	1.5368
2.58	1.5329
2.59	1.5291
2.6	1.5252
2.61	1.5214
2.62	1.5176
2.63	1.5138
2.64	1.51
2.65	1.5062
2.66	1.5024
2.67	1.4987
2.68	1.4949
2.69	1.4912
2.7	1.4875
2.71	1.4838
2.72	1.4802
2.73	1.4765
2.74	1.4729
2.75	1.4692
2.76	1.4656
2.77	1.462
2.78	1.4584
2.79	1.4548
2.8	1.4513
2.81	1.4477
2.82	1.4442
2.83	1.4407
2.84	1.4372
2.85	1.4337
2.86	1.4302
2.87	1.4267
2.88	1.4233
2.89	1.4198
2.9	1.4164
2.91	1.413
2.92	1.4096
2.93	1.4062
2.94	1.4028
2.95	1.3994
2.96	1.396
2.97	1.3927
2.98	1.3894
2.99	1.386
3.0	1.3827
3.01	1.3794
3.02	1.3761
3.03	1.3728
3.04	1.3696
3.05	1.3663
3.06	1.3631
3.07	1.3598
3.08	1.3566
3.09	1.3534
3.1	1.3502
3.11	1.347
3.12	1.3438
3.13	1.3407
3.14	1.3375
3.15	1.3343
3.16	1.3312
3.17	1.3281
3.18	1.325
3.19	1.3218
3.2	1.3187
3.21	1.3156
3.22	1.3126
3.23	1.3095
3.24	1.3064
3.25	1.3034
3.26	1.3003
3.27	1.2973
3.28	1.2943
3.29	1.2913
3.3	1.2883
3.31	1.2853
3.32	1.2823
3.33	1.2793
3.34	1.2764
3.35	1.2734
3.36	1.2704
3.37	1.2675
3.38	1.2646
3.39	1.2617
3.4	1.2587
3.41	1.2558
3.42	1.2529
3.43	1.2501
3.44	1.2472
3.45	1.2443
3.46	1.2414
3.47	1.2386
3.48	1.2358
3.49	1.2329
3.5	1.2301
3.51	1.2273
3.52	1.2245
3.53	1.2217
3.54	1.2189
3.55	1.2161
3.56	1.2133
3.57	1.2105
3.58	1.2078
3.59	1.205
3.6	1.2023
3.61	1.1995
3.62	1.1968
3.63	1.1941
3.64	1.1914
3.65	1.1887
3.66	1.186
3.67	1.1833
3.68	1.1806
3.69	1.1779
3.7	1.1752
3.71	1.1726
3.72	1.1699
3.73	1.1673
3.74	1.1646
3.75	1.162
3.76	1.1594
3.77	1.1568
3.78	1.1542
3.79	1.1516
3.8	1.149
3.81	1.1464
3.82	1.1438
3.83	1.1412
3.84	1.1387
3.85	1.1361
3.86	1.1335
3.87	1.131
3.88	1.1285
3.89	1.1259
3.9	1.1234
3.91	1.1209
3.92	1.1184
3.93	1.1159
3.94	1.1134
3.95	1.1109
3.96	1.1084
3.97	1.1059
3.98	1.1034
3.99	1.101
4.0	1.0985
4.01	1.0961
4.02	1.0936
4.03	1.0912
4.04	1.0887
4.05	1.0863
4.06	1.0839
4.07	1.0815
4.08	1.0791
4.09	1.0767
4.1	1.0743
4.11	1.0719
4.12	1.0695
4.13	1.0671
4.14	1.0647
4.15	1.0624
4.16	1.06
4.17	1.0577
4.18	1.0553
4.19	1.053
4.2	1.0506
4.21	1.0483
4.22	1.046
4.23	1.0437
4.24	1.0413
4.25	1.039
4.26	1.0367
4.27	1.0344
4.28	1.0321
4.29	1.0299
4.3	1.0276
4.31	1.0253
4.32	1.023
4.33	1.0208
4.34	1.0185
4.35	1.0163
4.36	1.014
4.37	1.0118
4.38	1.0095
4.39	1.0073
4.4	1.0051
4.41	1.0028
4.42	1.0006
4.43	0.99841
4.44	0.99621
4.45	0.99401
4.46	0.99181
4.47	0.98962
4.48	0.98743
4.49	0.98525
4.5	0.98308
4.51	0.9809
4.52	0.97874
4.53	0.97658
4.54	0.97442
4.55	0.97227
4.56	0.97012
4.57	0.96798
4.58	0.96584
4.59	0.96371
4.6	0.96158
4.61	0.95945
4.62	0.95734
4.63	0.95522
4.64	0.95311
4.65	0.95101
4.66	0.9489
4.67	0.94681
4.68	0.94472
4.69	0.94263
4.7	0.94055
4.71	0.93847
4.72	0.93639
4.73	0.93432
4.74	0.93226
4.75	0.9302
4.76	0.92814
4.77	0.92609
4.78	0.92404
4.79	0.92199
4.8	0.91995
4.81	0.91792
4.82	0.91589
4.83	0.91386
4.84	0.91184
4.85	0.90982
4.86	0.9078
4.87	0.90579
4.88	0.90378
4.89	0.90178
4.9	0.89978
4.91	0.89779
4.92	0.8958
4.93	0.89381
4.94	0.89183
4.95	0.88985
4.96	0.88788
4.97	0.8859
4.98	0.88394
4.99	0.88198
5.0	0.88002
5.01	0.87806
5.02	0.87611
5.03	0.87416
5.04	0.87222
5.05	0.87028
5.06	0.86834
5.07	0.86641
5.08	0.86448
5.09	0.86256
5.1	0.86064
5.11	0.85872
5.12	0.85681
5.13	0.8549
5.14	0.853
5.15	0.8511
5.16	0.8492
5.17	0.8473
5.18	0.84541
5.19	0.84353
5.2	0.84164
5.21	0.83977
5.22	0.83789
5.23	0.83602
5.24	0.83415
5.25	0.83229
5.26	0.83043
5.27	0.82857
5.28	0.82672
5.29	0.82487
5.3	0.82303
5.31	0.82118
5.32	0.81935
5.33	0.81751
5.34	0.81568
5.35	0.81386
5.36	0.81203
5.37	0.81022
5.38	0.8084
5.39	0.80659
5.4	0.80478
5.41	0.80298
5.42	0.80118
5.43	0.79938
5.44	0.79759
5.45	0.7958
5.46	0.79401
5.47	0.79223
5.48	0.79046
5.49	0.78868
5.5	0.78691
5.51	0.78515
5.52	0.78338
5.53	0.78162
5.54	0.77987
5.55	0.77812
5.56	0.77637
5.57	0.77463
5.58	0.77289
5.59	0.77115
5.6	0.76942
5.61	0.76769
5.62	0.76597
5.63	0.76425
5.64	0.76253
5.65	0.76082
5.66	0.75911
5.67	0.7574
5.68	0.7557
5.69	0.754
5.7	0.75231
5.71	0.75062
5.72	0.74893
5.73	0.74725
5.74	0.74557
5.75	0.74389
5.76	0.74222
5.77	0.74055
5.78	0.73889
5.79	0.73723
5.8	0.73558
5.81	0.73392
5.82	0.73228
5.83	0.73063
5.84	0.72899
5.85	0.72735
5.86	0.72572
5.87	0.72409
5.88	0.72247
5.89	0.72085
5.9	0.71923
5.91	0.71762
5.92	0.71601
5.93	0.7144
5.94	0.7128
5.95	0.7112
5.96	0.70961
5.97	0.70802
5.98	0.70643
5.99	0.70485
6.0	0.70327
6.01	0.70169
6.02	0.70012
6.03	0.69855
6.04	0.69699
6.05	0.69543
6.06	0.69387
6.07	0.69232
6.08	0.69077
6.09	0.68923
6.1	0.68769
6.11	0.68615
6.12	0.68461
6.13	0.68308
6.14	0.68156
6.15	0.68004
6.16	0.67852
6.17	0.677
6.18	0.67549
6.19	0.67398
6.2	0.67248
6.21	0.67098
6.22	0.66948
6.23	0.66799
6.24	0.6665
6.25	0.66502
6.26	0.66353
6.27	0.66206
6.28	0.66058
6.29	0.65911
6.3	0.65764
6.31	0.65618
6.32	0.65472
6.33	0.65326
6.34	0.65181
6.35	0.65036
6.36	0.64891
6.37	0.64747
6.38	0.64603
6.39	0.6446
6.4	0.64317
6.41	0.64174
6.42	0.64031
6.43	0.63889
6.44	0.63747
6.45	0.63606
6.46	0.63465
6.47	0.63324
6.48	0.63184
6.49	0.63043
6.5	0.62904
6.51	0.62764
6.52	0.62625
6.53	0.62486
6.54	0.62348
6.55	0.6221
6.56	0.62072
6.57	0.61935
6.58	0.61798
6.59	0.61661
6.6	0.61524
6.61	0.61388
6.62	0.61252
6.63	0.61117
6.64	0.60982
6.65	0.60847
6.66	0.60712
6.67	0.60578
6.68	0.60444
6.69	0.60311
6.7	0.60178
6.71	0.60045
6.72	0.59912
6.73	0.5978
6.74	0.59648
6.75	0.59516
6.76	0.59385
6.77	0.59253
6.78	0.59123
6.79	0.58992
6.8	0.58862
6.81	0.58732
6.82	0.58603
6.83	0.58473
6.84	0.58344
6.85	0.58216
6.86	0.58087
6.87	0.57959
6.88	0.57831
6.89	0.57704
6.9	0.57577
6.91	0.5745
6.92	0.57323
6.93	0.57197
6.94	0.57071
6.95	0.56945
6.96	0.5682
6.97	0.56694
6.98	0.5657
6.99	0.56445
7.0	0.56321
7.01	0.56197
7.02	0.56073
7.03	0.55949
7.04	0.55826
7.05	0.55703
7.06	0.55581
7.07	0.55458
7.08	0.55336
7.09	0.55215
7.1	0.55093
7.11	0.54972
7.12	0.54851
7.13	0.5473
7.14	0.5461
7.15	0.5449
7.16	0.5437
7.17	0.54251
7.18	0.54131
7.19	0.54012
7.2	0.53894
7.21	0.53775
7.22	0.53657
7.23	0.53539
7.24	0.53421
7.25	0.53304
7.26	0.53187
7.27	0.5307
7.28	0.52954
7.29	0.52837
7.3	0.52721
7.31	0.52606
7.32	0.5249
7.33	0.52375
7.34	0.5226
7.35	0.52146
7.36	0.52031
7.37	0.51917
7.38	0.51803
7.39	0.5169
7.4	0.51576
7.41	0.51463
7.42	0.51351
7.43	0.51238
7.44	0.51126
7.45	0.51014
7.46	0.50902
7.47	0.50791
7.48	0.5068
7.49	0.50569
7.5	0.50458
7.51	0.50348
7.52	0.50238
7.53	0.50128
7.54	0.50018
7.55	0.49909
7.56	0.498
7.57	0.49691
7.58	0.49583
7.59	0.49474
7.6	0.49367
7.61	0.49259
7.62	0.49151
7.63	0.49044
7.64	0.48937
7.65	0.48831
7.66	0.48724
7.67	0.48618
7.68	0.48512
7.69	0.48407
7.7	0.48301
7.71	0.48196
7.72	0.48091
7.73	0.47987
7.74	0.47882
7.75	0.47778
7.76	0.47675
7.77	0.47571
7.78	0.47468
7.79	0.47365
7.8	0.47262
7.81	0.4716
7.82	0.47057
7.83	0.46955
7.84	0.46854
7.85	0.46752
7.86	0.46651
7.87	0.4655
7.88	0.46449
7.89	0.46349
7.9	0.46249
7.91	0.46149
7.92	0.46049
7.93	0.4595
7.94	0.4585
7.95	0.45751
7.96	0.45653
7.97	0.45554
7.98	0.45456
7.99	0.45358
8.0	0.45261
8.01	0.45163
8.02	0.45066
8.03	0.44969
8.04	0.44872
8.05	0.44776
8.06	0.4468
8.07	0.44584
8.08	0.44488
8.09	0.44393
8.1	0.44298
8.11	0.44203
8.12	0.44108
8.13	0.44013
8.14	0.43919
8.15	0.43825
8.16	0.43732
8.17	0.43638
8.18	0.43545
8.19	0.43452
8.2	0.43359
8.21	0.43266
8.22	0.43174
8.23	0.43082
8.24	0.4299
8.25	0.42899
8.26	0.42807
8.27	0.42716
8.28	0.42625
8.29	0.42535
8.3	0.42444
8.31	0.42354
8.32	0.42264
8.33	0.42174
8.34	0.42085
8.35	0.41995
8.36	0.41906
8.37	0.41818
8.38	0.41729
8.39	0.41641
8.4	0.41552
8.41	0.41465
8.42	0.41377
8.43	0.41289
8.44	0.41202
8.45	0.41115
8.46	0.41028
8.47	0.40942
8.48	0.40855
8.49	0.40769
8.5	0.40683
8.51	0.40598
8.52	0.40512
8.53	0.40427
8.54	0.40342
8.55	0.40257
8.56	0.40172
8.57	0.40088
8.58	0.40004
8.59	0.3992
8.6	0.39836
8.61	0.39752
8.62	0.39669
8.63	0.39586
8.64	0.39503
8.65	0.3942
8.66	0.39337
8.67	0.39255
8.68	0.39173
8.69	0.39091
8.7	0.39009
8.71	0.38928
8.72	0.38846
8.73	0.38765
8.74	0.38684
8.75	0.38604
8.76	0.38523
8.77	0.38443
8.78	0.38363
8.79	0.38283
8.8	0.38203
8.81	0.38124
8.82	0.38044
8.83	0.37965
8.84	0.37886
8.85	0.37808
8.86	0.37729
8.87	0.37651
8.88	0.37573
8.89	0.37495
8.9	0.37417
8.91	0.37339
8.92	0.37262
8.93	0.37185
8.94	0.37108
8.95	0.37031
8.96	0.36954
8.97	0.36878
8.98	0.36802
8.99	0.36726
9.0	0.3665
9.01	0.36574
9.02	0.36499
9.03	0.36424
9.04	0.36349
9.05	0.36274
9.06	0.36199
9.07	0.36125
9.08	0.3605
9.09	0.35976
9.1	0.35902
9.11	0.35829
9.12	0.35755
9.13	0.35682
9.14	0.35609
9.15	0.35536
9.16	0.35463
9.17	0.35391
9.18	0.35319
9.19	0.35247
9.2	0.35175
9.21	0.35103
9.22	0.35032
9.23	0.34961
9.24	0.3489
9.25	0.3482
9.26	0.3475
9.27	0.3468
9.28	0.34611
9.29	0.34542
9.3	0.34474
9.31	0.34407
9.32	0.3434
9.33	0.34275
9.34	0.34212
9.35	0.34152
9.36	0.34098
9.37	0.34052
9.38	0.34026
9.39	0.34034
9.4	0.34039
9.41	0.33872
9.42	0.33688
9.43	0.33573
9.44	0.33489
9.45	0.33415
9.46	0.33346
9.47	0.33279
9.48	0.33213
9.49	0.33148
9.5	0.33083
9.51	0.33019
9.52	0.32956
9.53	0.32894
9.54	0.32832
9.55	0.32772
9.56	0.32766666666666666
9.57	0.3276133333333333
9.58	0.32756
9.59	0.3275066666666667
9.6	0.3274533333333333
9.61	0.3274
9.62	0.3273466666666667
9.63	0.3272933333333333
9.64	0.32724
9.65	0.3271866666666667
9.66	0.32713333333333333
9.67	0.32708
9.68	0.33114
9.69	0.33039142857142856
9.7	0.3296428571428571
9.71	0.3288942857142857
9.72	0.32814571428571426
9.73	0.3273971428571429
9.74	0.32664857142857145
9.75	0.3259
9.76	0.32165
9.77	0.32050923076923077
9.78	0.3193684615384615
9.79	0.31822769230769227
9.8	0.31708692307692304
9.81	0.3159461538461539
9.82	0.3148053846153846
9.83	0.3136646153846154
9.84	0.31252384615384615
9.85	0.31138307692307693
9.86	0.3102423076923077
9.87	0.3091015384615385
9.88	0.3079607692307692
9.89	0.30682
9.9	0.30617
9.91	0.30554
9.92	0.30493
9.93	0.30434
9.94	0.30378
9.95	0.30326
9.96	0.3028
9.97	0.30244
9.98	0.30226
9.99	0.30227
10.0	0.30197
10.01	0.30038
10.02	0.29872
10.03	0.29766
10.04	0.2969
10.05	0.29624
10.06	0.29563
10.07	0.29504
10.08	0.29445
10.09	0.29387
10.1	0.29329
10.11	0.29271
10.12	0.29213
10.13	0.29156
10.14	0.29099
10.15	0.29042
10.16	0.28985
10.17	0.28928
10.18	0.28872
10.19	0.28816
10.2	0.28761
10.21	0.28707
10.22	0.28654
10.23	0.28606
10.24	0.28564
10.25	0.28537
10.26	0.28541
10.27	0.28587
10.28	0.28602
10.29	0.28502
10.3	0.28375
10.31	0.2827
10.32	0.28184
10.33	0.28109
10.34	0.28042
10.35	0.27978
10.36	0.27918
10.37	0.27859
10.38	0.27801
10.39	0.27744
10.4	0.27688
10.41	0.27632
10.42	0.27577
10.43	0.27522
10.44	0.27468
10.45	0.27414
10.46	0.2736
10.47	0.27306
10.48	0.27253
10.49	0.272
10.5	0.27147
10.51	0.27096
10.52	0.27046
10.53	0.27
10.54	0.26955
10.55	0.26906
10.56	0.26854
10.57	0.26801
10.58	0.26748
10.59	0.26696
10.6	0.26644
10.61	0.26593
10.62	0.26542
10.63	0.26491
10.64	0.26441
10.65	0.26391
10.66	0.26342
10.67	0.26293
10.68	0.26245
10.69	0.26197
10.7	0.26149
10.71	0.26103
10.72	0.26057
10.73	0.26013
10.74	0.2597
10.75	0.25929
10.76	0.25888
10.77	0.25846
10.78	0.25796
10.79	0.25735
10.8	0.25668
10.81	0.25603
10.82	0.25544
10.83	0.25489
10.84	0.25438
10.85	0.25388
10.86	0.2534
10.87	0.25292
10.88	0.25245
10.89	0.25198
10.9	0.25151
10.91	0.25105
10.92	0.25059
10.93	0.25013
10.94	0.24967
10.95	0.24922
10.96	0.24877
10.97	0.24832
10.98	0.24788
10.99	0.24744
11.0	0.24701
11.01	0.24657
11.02	0.24612
11.03	0.24565
11.04	0.24516
11.05	0.24466
11.06	0.24417
11.07	0.24368
11.08	0.24321
11.09	0.24275
11.1	0.24229
11.11	0.24184
11.12	0.24139
11.13	0.24094
11.14	0.24049
11.15	0.24005
11.16	0.2396
11.17	0.23916
11.18	0.23872
11.19	0.23828
11.2	0.23785
11.21	0.23741
11.22	0.23697
11.23	0.23654
11.24	0.2361
11.25	0.23567
11.26	0.23524
11.27	0.23481
11.28	0.23438
11.29	0.23395
11.3	0.23352
11.31	0.23309
11.32	0.23267
11.33	0.23224
11.34	0.23182
11.35	0.2314
11.36	0.23098
11.37	0.23056
11.38	0.23014
11.39	0.22972
11.4	0.2293
11.41	0.22889
11.42	0.22847
11.43	0.22806
11.44	0.22764
11.45	0.22723
11.46	0.22683
11.47	0.22642
11.48	0.22602
11.49	0.22562
11.5	0.22522
11.51	0.22482
11.52	0.22441
11.53	0.22401
11.54	0.2236
11.55	0.2232
11.56	0.22279
11.57	0.22239
11.58	0.22199
11.59	0.22159
11.6	0.22119
11.61	0.22079
11.62	0.22039
11.63	0.21999
11.64	0.2196
11.65	0.21921
11.66	0.21882
11.67	0.21844
11.68	0.21806
11.69	0.21768
11.7	0.2173
11.71	0.21691
11.72	0.21652
11.73	0.21614
11.74	0.21575
11.75	0.21536
11.76	0.21498
11.77	0.21459
11.78	0.21421
11.79	0.21383
11.8	0.21345
11.81	0.21307
11.82	0.2127
11.83	0.21232
11.84	0.21195
11.85	0.21157
11.86	0.2112
11.87	0.21083
11.88	0.21046
11.89	0.21009
11.9	0.20972
11.91	0.20935
11.92	0.20899
11.93	0.20863
11.94	0.20826
11.95	0.20788
11.96	0.2075
11.97	0.20713
11.98	0.20677
11.99	0.20642
12.0	0.20608
12.01	0.20572
12.02	0.20531
12.03	0.20498
12.04	0.20462
12.05	0.20426
12.06	0.2039
12.07	0.20354
12.08	0.20319
12.09	0.20283
12.1	0.20248
12.11	0.20212
12.12	0.20177
12.13	0.20142
12.14	0.20107
12.15	0.20072
12.16	0.20037
12.17	0.20002
12.18	0.19967
12.19	0.19932
12.2	0.19898
12.21	0.19863
12.22	0.19828
12.23	0.19794
12.24	0.19759
12.25	0.19725
12.26	0.19691
12.27	0.19657
12.28	0.19623
12.29	0.19589
12.3	0.19555
12.31	0.19521
12.32	0.19487
12.33	0.19453
12.34	0.1942
12.35	0.19386
12.36	0.19353
12.37	0.19319
12.38	0.19286
12.39	0.19252
12.4	0.19219
12.41	0.19186
12.42	0.19153
12.43	0.1912
12.44	0.19087
12.45	0.19054
12.46	0.19021
12.47	0.18989
12.48	0.18956
12.49	0.18923
12.5	0.18891
12.51	0.18858
12.52	0.18826
12.53	0.18794
12.54	0.18762
12.55	0.18729
12.56	0.18697
12.57	0.18665
12.58	0.18633
12.59	0.18601
12.6	0.1857
12.61	0.18538
12.62	0.18506
12.63	0.18475
12.64	0.18443
12.65	0.18412
12.66	0.1838
12.67	0.18349
12.68	0.18318
12.69	0.18286
12.7	0.18255
12.71	0.18224
12.72	0.18193
12.73	0.18162
12.74	0.18131
12.75	0.18101
12.76	0.1807
12.77	0.18039
12.78	0.18009
12.79	0.17978
12.8	0.17948
12.81	0.17917
12.82	0.17887
12.83	0.17857
12.84	0.17827
12.85	0.17796
12.86	0.17766
12.87	0.17736
12.88	0.17707
12.89	0.17677
12.9	0.17647
12.91	0.17617
12.92	0.17588
12.93	0.17558
12.94	0.17528
12.95	0.17499
12.96	0.1747
12.97	0.1744
12.98	0.17411
12.99	0.17382
13.0	0.17353
13.01	0.17324
13.02	0.17295
13.03	0.17266
13.04	0.17237
13.05	0.17208
13.06	0.17179
13.07	0.1715
13.08	0.17122
13.09	0.17093
13.1	0.17065
13.11	0.17036
13.12	0.17008
13.13	0.1698
13.14	0.16951
13.15	0.16923
13.16	0.16895
13.17	0.16867
13.18	0.16839
13.19	0.16811
13.2	0.16783
13.21	0.16755
13.22	0.16727
13.23	0.167
13.24	0.16672
13.25	0.16645
13.26	0.16617
13.27	0.1659
13.28	0.16562
13.29	0.16535
13.3	0.16508
13.31	0.1648
13.32	0.16453
13.33	0.16426
13.34	0.16399
13.35	0.16372
13.36	0.16345
13.37	0.16318
13.38	0.16291
13.39	0.16265
13.4	0.16238
13.41	0.16211
13.42	0.16185
13.43	0.16158
13.44	0.16132
13.45	0.16106
13.46	0.16079
13.47	0.16053
13.48	0.16027
13.49	0.16001
13.5	0.15974
13.51	0.15948
13.52	0.15922
13.53	0.15897
13.54	0.15871
13.55	0.15845
13.56	0.15819
13.57	0.15793
13.58	0.15768
13.59	0.15742
13.6	0.15717
13.61	0.15691
13.62	0.15666
13.63	0.1564
13.64	0.15615
13.65	0.1559
13.66	0.15565
13.67	0.15539
13.68	0.15514
13.69	0.15489
13.7	0.15464
13.71	0.15439
13.72	0.15415
13.73	0.1539
13.74	0.15365
13.75	0.1534
13.76	0.15316
13.77	0.15291
13.78	0.15267
13.79	0.15242
13.8	0.15218
13.81	0.15193
13.82	0.15169
13.83	0.15145
13.84	0.1512
13.85	0.15096
13.86	0.15072
13.87	0.15048
13.88	0.15024
13.89	0.15
13.9	0.14976
13.91	0.14952
13.92	0.14929
13.93	0.14905
13.94	0.14881
13.95	0.14857
13.96	0.14834
13.97	0.1481
13.98	0.14787
13.99	0.14763
14.0	0.1474
14.01	0.14717
14.02	0.14693
14.03	0.1467
14.04	0.14647
14.05	0.14624
14.06	0.14601
14.07	0.14578
14.08	0.14555
14.09	0.14532
14.1	0.14509
14.11	0.14486
14.12	0.14463
14.13	0.14441
14.14	0.14418
14.15	0.14395
14.16	0.14373
14.17	0.1435
14.18	0.14328
14.19	0.14305
14.2	0.14283
14.21	0.14261
14.22	0.14238
14.23	0.14216
14.24	0.14194
14.25	0.14172
14.26	0.1415
14.27	0.14127
14.28	0.14105
14.29	0.14084
14.3	0.14062
14.31	0.1404
14.32	0.14018
14.33	0.13996
14.34	0.13974
14.35	0.13953
14.36	0.13931
14.37	0.1391
14.38	0.13888
14.39	0.13867
14.4	0.13845
14.41	0.13824
14.42	0.13802
14.43	0.13781
14.44	0.1376
14.45	0.13739
14.46	0.13717
14.47	0.13696
14.48	0.13675
14.49	0.13654
14.5	0.13633
14.51	0.13612
14.52	0.13591
14.53	0.13571
14.54	0.1355
14.55	0.13529
14.56	0.13508
14.57	0.13488
14.58	0.13467
14.59	0.13446
14.6	0.13426
14.61	0.13405
14.62	0.13385
14.63	0.13364
14.64	0.13344
14.65	0.13324
14.66	0.13304
14.67	0.13283
14.68	0.13263
14.69	0.13243
14.7	0.13223
14.71	0.13203
14.72	0.13183
14.73	0.13163
14.74	0.13143
14.75	0.13123
14.76	0.13103
14.77	0.13083
14.78	0.13064
14.79	0.13044
14.8	0.13024
14.81	0.13005
14.82	0.12985
14.83	0.12965
14.84	0.12946
14.85	0.12926
14.86	0.12907
14.87	0.12888
14.88	0.12868
14.89	0.12849
14.9	0.1283
14.91	0.1281
14.92	0.12791
14.93	0.12772
14.94	0.12753
14.95	0.12734
14.96	0.12715
14.97	0.12696
14.98	0.12677
14.99	0.12658
15.0	0.12639
15.01	0.1262
15.02	0.12601
15.03	0.12583
15.04	0.12564
15.05	0.12545
15.06	0.12527
15.07	0.12508
15.08	0.1249
15.09	0.12471
15.1	0.12453
15.11	0.12434
15.12	0.12416
15.13	0.12397
15.14	0.12379
15.15	0.12361
15.16	0.12343
15.17	0.12324
15.18	0.12306
15.19	0.12288
15.2	0.1227
15.21	0.12252
15.22	0.12234
15.23	0.12216
15.24	0.12198
15.25	0.1218
15.26	0.12162
15.27	0.12144
15.28	0.12127
15.29	0.12109
15.3	0.12091
15.31	0.12073
15.32	0.12056
15.33	0.12038
15.34	0.12021
15.35	0.12003
15.36	0.11985
15.37	0.11968
15.38	0.11951
15.39	0.11933
15.4	0.11916
15.41	0.11898
15.42	0.11881
15.43	0.11864
15.44	0.11847
15.45	0.1183
15.46	0.11812
15.47	0.11795
15.48	0.11778
15.49	0.11761
15.5	0.11744
15.51	0.11727
15.52	0.1171
15.53	0.11693
15.54	0.11676
15.55	0.1166
15.56	0.11643
15.57	0.11626
15.58	0.11609
15.59	0.11593
15.6	0.11576
15.61	0.11559
15.62	0.11543
15.63	0.11526
15.64	0.1151
15.65	0.11493
15.66	0.11477
15.67	0.1146
15.68	0.11444
15.69	0.11427
15.7	0.11411
15.71	0.11395
15.72	0.11379
15.73	0.11362
15.74	0.11346
15.75	0.1133
15.76	0.11314
15.77	0.11298
15.78	0.11282
15.79	0.11266
15.8	0.1125
15.81	0.11234
15.82	0.11218
15.83	0.11202
15.84	0.11186
15.85	0.1117
15.86	0.11154
15.87	0.11139
15.88	0.11123
15.89	0.11107
15.9	0.11091
15.91	0.11076
15.92	0.1106
15.93	0.11045
15.94	0.11029
15.95	0.11013
15.96	0.10998
15.97	0.10982
15.98	0.10967
15.99	0.10952
16.0	0.10936
16.01	0.10921
16.02	0.10906
16.03	0.1089
16.04	0.10875
16.05	0.1086
16.06	0.10845
16.07	0.1083
16.08	0.10814
16.09	0.10799
16.1	0.10784
16.11	0.10769
16.12	0.10754
16.13	0.10739
16.14	0.10724
16.15	0.10709
16.16	0.10694
16.17	0.1068
16.18	0.10665
16.19	0.1065
16.2	0.10635
16.21	0.1062
16.22	0.10606
16.23	0.10591
16.24	0.10576
16.25	0.10562
16.26	0.10547
16.27	0.10533
16.28	0.10518
16.29	0.10503
16.3	0.10489
16.31	0.10475
16.32	0.1046
16.33	0.10446
16.34	0.10431
16.35	0.10417
16.36	0.10403
16.37	0.10388
16.38	0.10374
16.39	0.1036
16.4	0.10346
16.41	0.10331
16.42	0.10317
16.43	0.10303
16.44	0.10289
16.45	0.10275
16.46	0.10261
16.47	0.10247
16.48	0.10233
16.49	0.10219
16.5	0.10205
16.51	0.10191
16.52	0.10177
16.53	0.10163
16.54	0.1015
16.55	0.10136
16.56	0.10122
16.57	0.10108
16.58	0.10095
16.59	0.10081
16.6	0.10067
16.61	0.10054
16.62	0.1004
16.63	0.10026
16.64	0.10013
16.65	0.099993
16.66	0.099858
16.67	0.099723
16.68	0.099589
16.69	0.099454
16.7	0.09932
16.71	0.099186
16.72	0.099053
16.73	0.09892
16.74	0.098787
16.75	0.098654
16.76	0.098521
16.77	0.098389
16.78	0.098257
16.79	0.098125
16.8	0.097994
16.81	0.097863
16.82	0.097732
16.83	0.097601
16.84	0.09747
16.85	0.09734
16.86	0.09721
16.87	0.09708
16.88	0.096951
16.89	0.096821
16.9	0.096692
16.91	0.096564
16.92	0.096435
16.93	0.096307
16.94	0.096179
16.95	0.096051
16.96	0.095923
16.97	0.095796
16.98	0.095669
16.99	0.095542
17.0	0.095415
17.01	0.095289
17.02	0.095163
17.03	0.095037
17.04	0.094911
17.05	0.094786
17.06	0.094661
17.07	0.094536
17.08	0.094411
17.09	0.094287
17.1	0.094162
17.11	0.094038
17.12	0.093915
17.13	0.093791
17.14	0.093668
17.15	0.093545
17.16	0.093422
17.17	0.093299
17.18	0.093177
17.19	0.093055
17.2	0.092933
17.21	0.092811
17.22	0.09269
17.23	0.092568
17.24	0.092447
17.25	0.092326
17.26	0.092206
17.27	0.092085
17.28	0.091965
17.29	0.091845
17.3	0.091726
17.31	0.091606
17.32	0.091487
17.33	0.091368
17.34	0.091249
17.35	0.091131
17.36	0.091012
17.37	0.090894
17.38	0.090776
17.39	0.090659
17.4	0.090541
17.41	0.090424
17.42	0.090307
17.43	0.09019
17.44	0.090073
17.45	0.089957
17.46	0.089841
17.47	0.089725
17.48	0.089609
17.49	0.089493
17.5	0.089378
17.51	0.089263
17.52	0.089148
17.53	0.089033
17.54	0.088919
17.55	0.088805
17.56	0.08869
17.57	0.088577
17.58	0.088463
17.59	0.08835
17.6	0.088236
17.61	0.088123
17.62	0.08801
17.63	0.087898
17.64	0.087785
17.65	0.087673
17.66	0.087561
17.67	0.087449
17.68	0.087338
17.69	0.087226
17.7	0.087115
17.71	0.087004
17.72	0.086893
17.73	0.086783
17.74	0.086672
17.75	0.086562
17.76	0.086452
17.77	0.086343
17.78	0.086233
17.79	0.086124
17.8	0.086014
17.81	0.085905
17.82	0.085797
17.83	0.085688
17.84	0.08558
17.85	0.085471
17.86	0.085363
17.87	0.085256
17.88	0.085148
17.89	0.085041
17.9	0.084933
17.91	0.084826
17.92	0.084719
17.93	0.084613
17.94	0.084506
17.95	0.0844
17.96	0.084294
17.97	0.084188
17.98	0.084082
17.99	0.083977
18.0	0.083872
18.01	0.083766
18.02	0.083662
18.03	0.083557
18.04	0.083452
18.05	0.083348
18.06	0.083244
18.07	0.08314
18.08	0.083036
18.09	0.082932
18.1	0.082829
18.11	0.082725
18.12	0.082622
18.13	0.08252
18.14	0.082417
18.15	0.082314
18.16	0.082212
18.17	0.08211
18.18	0.082008
18.19	0.081906
18.2	0.081804
18.21	0.081703
18.22	0.081602
18.23	0.081501
18.24	0.0814
18.25	0.081299
18.26	0.081198
18.27	0.081098
18.28	0.080998
18.29	0.080898
18.3	0.080798
18.31	0.080698
18.32	0.080599
18.33	0.0805
18.34	0.0804
18.35	0.080301
18.36	0.080203
18.37	0.080104
18.38	0.080006
18.39	0.079907
18.4	0.079809
18.41	0.079711
18.42	0.079614
18.43	0.079516
18.44	0.079419
18.45	0.079321
18.46	0.079224
18.47	0.079128
18.48	0.079031
18.49	0.078934
18.5	0.078838
18.51	0.078742
18.52	0.078646
18.53	0.07855
18.54	0.078454
18.55	0.078358
18.56	0.078263
18.57	0.078168
18.58	0.078073
18.59	0.077978
18.6	0.077883
18.61	0.077789
18.62	0.077694
18.63	0.0776
18.64	0.077506
18.65	0.077412
18.66	0.077318
18.67	0.077225
18.68	0.077131
18.69	0.077038
18.7	0.076945
18.71	0.076852
18.72	0.07676
18.73	0.076667
18.74	0.076574
18.75	0.076482
18.76	0.07639
18.77	0.076298
18.78	0.076206
18.79	0.076115
18.8	0.076023
18.81	0.075932
18.82	0.075841
18.83	0.07575
18.84	0.075659
18.85	0.075568
18.86	0.075478
18.87	0.075387
18.88	0.075297
18.89	0.075207
18.9	0.075117
18.91	0.075027
18.92	0.074938
18.93	0.074848
18.94	0.074759
18.95	0.07467
18.96	0.074581
18.97	0.074492
18.98	0.074403
18.99	0.074315
19.0	0.074226
19.01	0.074138
19.02	0.07405
19.03	0.073962
19.04	0.073874
19.05	0.073787
19.06	0.073699
19.07	0.073612
19.08	0.073525
19.09	0.073437
19.1	0.073351
19.11	0.073264
19.12	0.073177
19.13	0.073091
19.14	0.073004
19.15	0.072918
19.16	0.072832
19.17	0.072746
19.18	0.072661
19.19	0.072575
19.2	0.07249
19.21	0.072404
19.22	0.072319
19.23	0.072234
19.24	0.072149
19.25	0.072065
19.26	0.07198
19.27	0.071896
19.28	0.071811
19.29	0.071727
19.3	0.071643
19.31	0.071559
19.32	0.071476
19.33	0.071392
19.34	0.071309
19.35	0.071225
19.36	0.071142
19.37	0.071059
19.38	0.070976
19.39	0.070894
19.4	0.070811
19.41	0.070729
19.42	0.070646
19.43	0.070564
19.44	0.070482
19.45	0.0704
19.46	0.070318
19.47	0.070237
19.48	0.070155
19.49	0.070074
19.5	0.069993
19.51	0.069912
19.52	0.069831
19.53	0.06975
19.54	0.069669
19.55	0.069588
19.56	0.069508
19.57	0.069428
19.58	0.069348
19.59	0.069268
19.6	0.069188
19.61	0.069108
19.62	0.069028
19.63	0.068949
19.64	0.06887
19.65	0.06879
19.66	0.068711
19.67	0.068632
19.68	0.068553
19.69	0.068475
19.7	0.068396
19.71	0.068318
19.72	0.068239
19.73	0.068161
19.74	0.068083
19.75	0.068005
19.76	0.067927
19.77	0.06785
19.78	0.067772
19.79	0.067695
19.8	0.067618
19.81	0.06754
19.82	0.067463
19.83	0.067386
19.84	0.06731
19.85	0.067233
19.86	0.067156
19.87	0.06708
19.88	0.067004
19.89	0.066928
19.9	0.066852
19.91	0.066776
19.92	0.0667
19.93	0.066624
19.94	0.066549
19.95	0.066473
19.96	0.066398
19.97	0.066323
19.98	0.066248
19.99	0.066173
20.0	0.066098
20.01	0.066024
20.02	0.065949
20.03	0.065875
20.04	0.0658
20.05	0.065726
20.06	0.065652
20.07	0.065578
20.08	0.065504
20.09	0.065431
20.1	0.065357
20.11	0.065283
20.12	0.06521
20.13	0.065137
20.14	0.065064
20.15	0.064991
20.16	0.064918
20.17	0.064845
20.18	0.064773
20.19	0.0647
20.2	0.064628
20.21	0.064555
20.22	0.064483
20.23	0.064411
20.24	0.064339
20.25	0.064267
20.26	0.064196
20.27	0.064124
20.28	0.064053
20.29	0.063981
20.3	0.06391
20.31	0.063839
20.32	0.063768
20.33	0.063697
20.34	0.063626
20.35	0.063556
20.36	0.063485
20.37	0.063415
20.38	0.063344
20.39	0.063274
20.4	0.063204
20.41	0.063134
20.42	0.063064
20.43	0.062994
20.44	0.062925
20.45	0.062855
20.46	0.062786
20.47	0.062716
20.48	0.062647
20.49	0.062578
20.5	0.062509
20.51	0.06244
20.52	0.062371
20.53	0.062303
20.54	0.062234
20.55	0.062166
20.56	0.062097
20.57	0.062029
20.58	0.061961
20.59	0.061893
20.6	0.061825
20.61	0.061757
20.62	0.061689
20.63	0.061622
20.64	0.061554
20.65	0.061487
20.66	0.06142
20.67	0.061353
20.68	0.061286
20.69	0.061219
20.7	0.061152
20.71	0.061085
20.72	0.061018
20.73	0.060952
20.74	0.060886
20.75	0.060819
20.76	0.060753
20.77	0.060687
20.78	0.060621
20.79	0.060555
20.8	0.060489
20.81	0.060424
20.82	0.060358
20.83	0.060292
20.84	0.060227
20.85	0.060162
20.86	0.060097
20.87	0.060032
20.88	0.059967
20.89	0.059902
20.9	0.059837
20.91	0.059772
20.92	0.059708
20.93	0.059643
20.94	0.059579
20.95	0.059515
20.96	0.05945
20.97	0.059386
20.98	0.059322
20.99	0.059259
21.0	0.059195
21.01	0.059131
21.02	0.059068
21.03	0.059004
21.04	0.058941
21.05	0.058877
21.06	0.058814
21.07	0.058751
21.08	0.058688
21.09	0.058625
21.1	0.058563
21.11	0.0585
21.12	0.058437
21.13	0.058375
21.14	0.058312
21.15	0.05825
21.16	0.058188
21.17	0.058126
21.18	0.058064
21.19	0.058002
21.2	0.05794
21.21	0.057878
21.22	0.057817
21.23	0.057755
21.24	0.057694
21.25	0.057633
21.26	0.057571
21.27	0.05751
21.28	0.057449
21.29	0.057388
21.3	0.057327
21.31	0.057266
21.32	0.057206
21.33	0.057145
21.34	0.057085
21.35	0.057024
21.36	0.056964
21.37	0.056904
21.38	0.056844
21.39	0.056784
21.4	0.056724
21.41	0.056664
21.42	0.056604
21.43	0.056544
21.44	0.056485
21.45	0.056425
21.46	0.056366
21.47	0.056307
21.48	0.056247
21.49	0.056188
21.5	0.056129
21.51	0.05607
21.52	0.056012
21.53	0.055953
21.54	0.055894
21.55	0.055836
21.56	0.055777
21.57	0.055719
21.58	0.05566
21.59	0.055602
21.6	0.055544
21.61	0.055486
21.62	0.055428
21.63	0.05537
21.64	0.055312
21.65	0.055255
21.66	0.055197
21.67	0.055139
21.68	0.055082
21.69	0.055025
21.7	0.054967
21.71	0.05491
21.72	0.054853
21.73	0.054796
21.74	0.054739
21.75	0.054682
21.76	0.054626
21.77	0.054569
21.78	0.054512
21.79	0.054456
21.8	0.054399
21.81	0.054343
21.82	0.054287
21.83	0.054231
21.84	0.054175
21.85	0.054119
21.86	0.054063
21.87	0.054007
21.88	0.053951
21.89	0.053896
21.9	0.05384
21.91	0.053785
21.92	0.053729
21.93	0.053674
21.94	0.053619
21.95	0.053563
21.96	0.053508
21.97	0.053453
21.98	0.053398
21.99	0.053344
22.0	0.053289
22.01	0.053234
22.02	0.05318
22.03	0.053125
22.04	0.053071
22.05	0.053016
22.06	0.052962
22.07	0.052908
22.08	0.052854
22.09	0.0528
22.1	0.052746
22.11	0.052692
22.12	0.052638
22.13	0.052585
22.14	0.052531
22.15	0.052478
22.16	0.052424
22.17	0.052371
22.18	0.052317
22.19	0.052264
22.2	0.052211
22.21	0.052158
22.22	0.052105
22.23	0.052052
22.24	0.051999
22.25	0.051947
22.26	0.051894
22.27	0.051841
22.28	0.051789
22.29	0.051736
22.3	0.051684
22.31	0.051632
22.32	0.051579
22.33	0.051527
22.34	0.051475
22.35	0.051423
22.36	0.051371
22.37	0.05132
22.38	0.051268
22.39	0.051216
22.4	0.051165
22.41	0.051113
22.42	0.051062
22.43	0.05101
22.44	0.050959
22.45	0.050908
22.46	0.050857
22.47	0.050806
22.48	0.050755
22.49	0.050704
22.5	0.050653
22.51	0.050602
22.52	0.050551
22.53	0.050501
22.54	0.05045
22.55	0.0504
22.56	0.050349
22.57	0.050299
22.58	0.050249
22.59	0.050198
22.6	0.050148
22.61	0.050098
22.62	0.050048
22.63	0.049998
22.64	0.049949
22.65	0.049899
22.66	0.049849
22.67	0.0498
22.68	0.04975
22.69	0.049701
22.7	0.049651
22.71	0.049602
22.72	0.049553
22.73	0.049503
22.74	0.049454
22.75	0.049405
22.76	0.049356
22.77	0.049307
22.78	0.049259
22.79	0.04921
22.8	0.049161
22.81	0.049113
22.82	0.049064
22.83	0.049016
22.84	0.048967
22.85	0.048919
22.86	0.048871
22.87	0.048822
22.88	0.048774
22.89	0.048726
22.9	0.048678
22.91	0.04863
22.92	0.048583
22.93	0.048535
22.94	0.048487
22.95	0.048439
22.96	0.048392
22.97	0.048344
22.98	0.048297
22.99	0.048249
23.0	0.048202
23.01	0.048155
23.02	0.048108
23.03	0.048061
23.04	0.048014
23.05	0.047967
23.06	0.04792
23.07	0.047873
23.08	0.047826
23.09	0.047779
23.1	0.047733
23.11	0.047686
23.12	0.04764
23.13	0.047593
23.14	0.047547
23.15	0.047501
23.16	0.047454
23.17	0.047408
23.18	0.047362
23.19	0.047316
23.2	0.04727
23.21	0.047224
23.22	0.047178
23.23	0.047133
23.24	0.047087
23.25	0.047041
23.26	0.046996
23.27	0.04695
23.28	0.046905
23.29	0.046859
23.3	0.046814
23.31	0.046769
23.32	0.046724
23.33	0.046678
23.34	0.046633
23.35	0.046588
23.36	0.046543
23.37	0.046498
23.38	0.046454
23.39	0.046409
23.4	0.046364
23.41	0.04632
23.42	0.046275
23.43	0.046231
23.44	0.046186
23.45	0.046142
23.46	0.046097
23.47	0.046053
23.48	0.046009
23.49	0.045965
23.5	0.045921
23.51	0.045877
23.52	0.045833
23.53	0.045789
23.54	0.045745
23.55	0.045701
23.56	0.045658
23.57	0.045614
23.58	0.04557
23.59	0.045527
23.6	0.045483
23.61	0.04544
23.62	0.045397
23.63	0.045353
23.64	0.04531
23.65	0.045267
23.66	0.045224
23.67	0.045181
23.68	0.045138
23.69	0.045095
23.7	0.045052
23.71	0.045009
23.72	0.044967
23.73	0.044924
23.74	0.044881
23.75	0.044839
23.76	0.044796
23.77	0.044754
23.78	0.044711
23.79	0.044669
23.8	0.044627
23.81	0.044585
23.82	0.044542
23.83	0.0445
23.84	0.044458
23.85	0.044416
23.86	0.044374
23.87	0.044332
23.88	0.044291
23.89	0.044249
23.9	0.044207
23.91	0.044166
23.92	0.044124
23.93	0.044082
23.94	0.044041
23.95	0.044
23.96	0.043958
23.97	0.043917
23.98	0.043876
23.99	0.043835
24.0	0.043793
24.01	0.043752
24.02	0.043711
24.03	0.04367
24.04	0.04363
24.05	0.043589
24.06	0.043548
24.07	0.043507
24.08	0.043467
24.09	0.043426
24.1	0.043385
24.11	0.043345
24.12	0.043304
24.13	0.043264
24.14	0.043224
24.15	0.043183
24.16	0.043143
24.17	0.043103
24.18	0.043063
24.19	0.043023
24.2	0.042983
24.21	0.042943
24.22	0.042903
24.23	0.042863
24.24	0.042823
24.25	0.042783
24.26	0.042744
24.27	0.042704
24.28	0.042665
24.29	0.042625
24.3	0.042586
24.31	0.042546
24.32	0.042507
24.33	0.042467
24.34	0.042428
24.35	0.042389
24.36	0.04235
24.37	0.042311
24.38	0.042272
24.39	0.042233
24.4	0.042194
24.41	0.042155
24.42	0.042116
24.43	0.042077
24.44	0.042039
24.45	0.042
24.46	0.041961
24.47	0.041923
24.48	0.041884
24.49	0.041846
24.5	0.041807
24.51	0.041769
24.52	0.041731
24.53	0.041692
24.54	0.041654
24.55	0.041616
24.56	0.041578
24.57	0.04154
24.58	0.041502
24.59	0.041464
24.6	0.041426
24.61	0.041388
24.62	0.04135
24.63	0.041312
24.64	0.041275
24.65	0.041237
24.66	0.041199
24.67	0.041162
24.68	0.041124
24.69	0.041087
24.7	0.041049
24.71	0.041012
24.72	0.040975
24.73	0.040938
24.74	0.0409
24.75	0.040863
24.76	0.040826
24.77	0.040789
24.78	0.040752
24.79	0.040715
24.8	0.040678
24.81	0.040641
24.82	0.040604
24.83	0.040568
24.84	0.040531
24.85	0.040494
24.86	0.040458
24.87	0.040421
24.88	0.040385
24.89	0.040348
24.9	0.040312
24.91	0.040275
24.92	0.040239
24.93	0.040203
24.94	0.040166
24.95	0.04013
24.96	0.040094
24.97	0.040058
24.98	0.040022
24.99	0.039986
25.0	0.03995
25.01	0.039914
25.02	0.039878
25.03	0.039842
25.04	0.039807
25.05	0.039771
25.06	0.039735
25.07	0.0397
25.08	0.039664
25.09	0.039629
25.1	0.039593
25.11	0.039558
25.12	0.039522
25.13	0.039487
25.14	0.039452
25.15	0.039416
25.16	0.039381
25.17	0.039346
25.18	0.039311
25.19	0.039276
25.2	0.039241
25.21	0.039206
25.22	0.039171
25.23	0.039136
25.24	0.039101
25.25	0.039066
25.26	0.039032
25.27	0.038997
25.28	0.038962
25.29	0.038928
25.3	0.038893
25.31	0.038859
25.32	0.038824
25.33	0.03879
25.34	0.038755
25.35	0.038721
25.36	0.038687
25.37	0.038652
25.38	0.038618
25.39	0.038584
25.4	0.03855
25.41	0.038516
25.42	0.038482
25.43	0.038448
25.44	0.038414
25.45	0.03838
25.46	0.038346
25.47	0.038312
25.48	0.038279
25.49	0.038245
25.5	0.038211
25.51	0.038178
25.52	0.038144
25.53	0.03811
25.54	0.038077
25.55	0.038043
25.56	0.03801
25.57	0.037977
25.58	0.037943
25.59	0.03791
25.6	0.037877
25.61	0.037844
25.62	0.03781
25.63	0.037777
25.64	0.037744
25.65	0.037711
25.66	0.037678
25.67	0.037645
25.68	0.037612
25.69	0.037579
25.7	0.037547
25.71	0.037514
25.72	0.037481
25.73	0.037448
25.74	0.037416
25.75	0.037383
25.76	0.037351
25.77	0.037318
25.78	0.037286
25.79	0.037253
25.8	0.037221
25.81	0.037188
25.82	0.037156
25.83	0.037124
25.84	0.037092
25.85	0.037059
25.86	0.037027
25.87	0.036995
25.88	0.036963
25.89	0.036931
25.9	0.036899
25.91	0.036867
25.92	0.036835
25.93	0.036803
25.94	0.036771
25.95	0.03674
25.96	0.036708
25.97	0.036676
25.98	0.036644
25.99	0.036613
26.0	0.036581
26.01	0.03655
26.02	0.036518
26.03	0.036487
26.04	0.036455
26.05	0.036424
26.06	0.036392
26.07	0.036361
26.08	0.03633
26.09	0.036299
26.1	0.036267
26.11	0.036236
26.12	0.036205
26.13	0.036174
26.14	0.036143
26.15	0.036112
26.16	0.036081
26.17	0.03605
26.18	0.036019
26.19	0.035988
26.2	0.035958
26.21	0.035927
26.22	0.035896
26.23	0.035865
26.24	0.035835
26.25	0.035804
26.26	0.035774
26.27	0.035743
26.28	0.035713
26.29	0.035682
26.3	0.035652
26.31	0.035621
26.32	0.035591
26.33	0.035561
26.34	0.03553
26.35	0.0355
26.36	0.03547
26.37	0.03544
26.38	0.03541
26.39	0.03538
26.4	0.03535
26.41	0.03532
26.42	0.03529
26.43	0.03526
26.44	0.03523
26.45	0.0352
26.46	0.03517
26.47	0.03514
26.48	0.035111
26.49	0.035081
26.5	0.035051
26.51	0.035022
26.52	0.034992
26.53	0.034962
26.54	0.034933
26.55	0.034903
26.56	0.034874
26.57	0.034844
26.58	0.034815
26.59	0.034786
26.6	0.034756
26.61	0.034727
26.62	0.034698
26.63	0.034669
26.64	0.03464
26.65	0.03461
26.66	0.034581
26.67	0.034552
26.68	0.034523
26.69	0.034494
26.7	0.034465
26.71	0.034436
26.72	0.034408
26.73	0.034379
26.74	0.03435
26.75	0.034321
26.76	0.034292
26.77	0.034264
26.78	0.034235
26.79	0.034206
26.8	0.034178
26.81	0.034149
26.82	0.034121
26.83	0.034092
26.84	0.034064
26.85	0.034035
26.86	0.034007
26.87	0.033979
26.88	0.03395
26.89	0.033922
26.9	0.033894
26.91	0.033866
26.92	0.033837
26.93	0.033809
26.94	0.033781
26.95	0.033753
26.96	0.033725
26.97	0.033697
26.98	0.033669
26.99	0.033641
27.0	0.033613
27.01	0.033585
27.02	0.033558
27.03	0.03353
27.04	0.033502
27.05	0.033474
27.06	0.033447
27.07	0.033419
27.08	0.033391
27.09	0.033364
27.1	0.033336
27.11	0.033309
27.12	0.033281
27.13	0.033254
27.14	0.033226
27.15	0.033199
27.16	0.033171
27.17	0.033144
27.18	0.033117
27.19	0.03309
27.2	0.033062
27.21	0.033035
27.22	0.033008
27.23	0.032981
27.24	0.032954
27.25	0.032927
27.26	0.0329
27.27	0.032873
27.28	0.032846
27.29	0.032819
27.3	0.032792
27.31	0.032765
27.32	0.032738
27.33	0.032711
27.34	0.032685
27.35	0.032658
27.36	0.032631
27.37	0.032604
27.38	0.032578
27.39	0.032551
27.4	0.032525
27.41	0.032498
27.42	0.032472
27.43	0.032445
27.44	0.032419
27.45	0.032392
27.46	0.032366
27.47	0.032339
27.48	0.032313
27.49	0.032287
27.5	0.032261
27.51	0.032234
27.52	0.032208
27.53	0.032182
27.54	0.032156
27.55	0.03213
27.56	0.032104
27.57	0.032078
27.58	0.032052
27.59	0.032026
27.6	0.032
27.61	0.031974
27.62	0.031948
27.63	0.031922
27.64	0.031896
27.65	0.03187
27.66	0.031845
27.67	0.031819
27.68	0.031793
27.69	0.031767
27.7	0.031742
27.71	0.031716
27.72	0.031691
27.73	0.031665
27.74	0.031639
27.75	0.031614
27.76	0.031589
27.77	0.031563
27.78	0.031538
27.79	0.031512
27.8	0.031487
27.81	0.031462
27.82	0.031436
27.83	0.031411
27.84	0.031386
27.85	0.031361
27.86	0.031336
27.87	0.03131
27.88	0.031285
27.89	0.03126
27.9	0.031235
27.91	0.03121
27.92	0.031185
27.93	0.03116
27.94	0.031135
27.95	0.03111
27.96	0.031086
27.97	0.031061
27.98	0.031036
27.99	0.031011
28.0	0.030986
28.01	0.030962
28.02	0.030937
28.03	0.030912
28.04	0.030888
28.05	0.030863
28.06	0.030838
28.07	0.030814
28.08	0.030789
28.09	0.030765
28.1	0.03074
28.11	0.030716
28.12	0.030692
28.13	0.030667
28.14	0.030643
28.15	0.030619
28.16	0.030594
28.17	0.03057
28.18	0.030546
28.19	0.030522
28.2	0.030497
28.21	0.030473
28.22	0.030449
28.23	0.030425
28.24	0.030401
28.25	0.030377
28.26	0.030353
28.27	0.030329
28.28	0.030305
28.29	0.030281
28.3	0.030257
28.31	0.030233
28.32	0.030209
28.33	0.030186
28.34	0.030162
28.35	0.030138
28.36	0.030114
28.37	0.030091
28.38	0.030067
28.39	0.030043
28.4	0.03002
28.41	0.029996
28.42	0.029972
28.43	0.029949
28.44	0.029925
28.45	0.029902
28.46	0.029878
28.47	0.029855
28.48	0.029832
28.49	0.029808
28.5	0.029785
28.51	0.029762
28.52	0.029738
28.53	0.029715
28.54	0.029692
28.55	0.029669
28.56	0.029645
28.57	0.029622
28.58	0.029599
28.59	0.029576
28.6	0.029553
28.61	0.02953
28.62	0.029507
28.63	0.029484
28.64	0.029461
28.65	0.029438
28.66	0.029415
28.67	0.029392
28.68	0.029369
28.69	0.029346
28.7	0.029323
28.71	0.029301
28.72	0.029278
28.73	0.029255
28.74	0.029232
28.75	0.02921
28.76	0.029187
28.77	0.029164
28.78	0.029142
28.79	0.029119
28.8	0.029097
28.81	0.029074
28.82	0.029052
28.83	0.029029
28.84	0.029007
28.85	0.028984
28.86	0.028962
28.87	0.02894
28.88	0.028917
28.89	0.028895
28.9	0.028873
28.91	0.02885
28.92	0.028828
28.93	0.028806
28.94	0.028784
28.95	0.028761
28.96	0.028739
28.97	0.028717
28.98	0.028695
28.99	0.028673
29.0	0.028651
29.01	0.028629
29.02	0.028607
29.03	0.028585
29.04	0.028563
29.05	0.028541
29.06	0.028519
29.07	0.028497
29.08	0.028475
29.09	0.028454
29.1	0.028432
29.11	0.02841
29.12	0.028388
29.13	0.028366
29.14	0.028345
29.15	0.028323
29.16	0.028301
29.17	0.02828
29.18	0.028258
29.19	0.028237
29.2	0.028215
29.21	0.028193
29.22	0.028172
29.23	0.02815
29.24	0.028129
29.25	0.028108
29.26	0.028086
29.27	0.028065
29.28	0.028043
29.29	0.028022
29.3	0.028001
29.31	0.027979
29.32	0.027958
29.33	0.027937
29.34	0.027916
29.35	0.027894
29.36	0.027873
29.37	0.027852
29.38	0.027831
29.39	0.02781
29.4	0.027789
29.41	0.027768
29.42	0.027747
29.43	0.027726
29.44	0.027705
29.45	0.027684
29.46	0.027663
29.47	0.027642
29.48	0.027621
29.49	0.0276
29.5	0.027579
29.51	0.027559
29.52	0.027538
29.53	0.027517
29.54	0.027496
29.55	0.027475
29.56	0.027455
29.57	0.027434
29.58	0.027413
29.59	0.027393
29.6	0.027372
29.61	0.027352
29.62	0.027331
29.63	0.02731
29.64	0.02729
29.65	0.027269
29.66	0.027249
29.67	0.027228
29.68	0.027208
29.69	0.027188
29.7	0.027167
29.71	0.027147
29.72	0.027127
29.73	0.027106
29.74	0.027086
29.75	0.027066
29.76	0.027045
29.77	0.027025
29.78	0.027005
29.79	0.026985
29.8	0.026965
29.81	0.026944
29.82	0.026924
29.83	0.026904
29.84	0.026884
29.85	0.026864
29.86	0.026844
29.87	0.026824
29.88	0.026804
29.89	0.026784
29.9	0.026764
29.91	0.026744
29.92	0.026724
29.93	0.026704
29.94	0.026685
29.95	0.026665
29.96	0.026645
29.97	0.026625
29.98	0.026605
29.99	0.026586
30.0	0.026566
30.01	0.026546
30.02	0.026526
30.03	0.026507
30.04	0.026487
30.05	0.026468
30.06	0.026448
30.07	0.026428
30.08	0.026409
30.09	0.026389
30.1	0.02637
30.11	0.02635
30.12	0.026331
30.13	0.026311
30.14	0.026292
30.15	0.026273
30.16	0.026253
30.17	0.026234
30.18	0.026214
30.19	0.026195
30.2	0.026176
30.21	0.026157
30.22	0.026137
30.23	0.026118
30.24	0.026099
30.25	0.02608
30.26	0.02606
30.27	0.026041
30.28	0.026022
30.29	0.026003
30.3	0.025984
30.31	0.025965
30.32	0.025946
30.33	0.025927
30.34	0.025908
30.35	0.025889
30.36	0.02587
30.37	0.025851
30.38	0.025832
30.39	0.025813
30.4	0.025794
30.41	0.025775
30.42	0.025756
30.43	0.025738
30.44	0.025719
30.45	0.0257
30.46	0.025681
30.47	0.025663
30.48	0.025644
30.49	0.025625
30.5	0.025606
30.51	0.025588
30.52	0.025569
30.53	0.025551
30.54	0.025532
30.55	0.025513
30.56	0.025495
30.57	0.025476
30.58	0.025458
30.59	0.025439
30.6	0.025421
30.61	0.025402
30.62	0.025384
30.63	0.025365
30.64	0.025347
30.65	0.025329
30.66	0.02531
30.67	0.025292
30.68	0.025274
30.69	0.025255
30.7	0.025237
30.71	0.025219
30.72	0.0252
30.73	0.025182
30.74	0.025164
30.75	0.025146
30.76	0.025128
30.77	0.02511
30.78	0.025091
30.79	0.025073
30.8	0.025055
30.81	0.025037
30.82	0.025019
30.83	0.025001
30.84	0.024983
30.85	0.024965
30.86	0.024947
30.87	0.024929
30.88	0.024911
30.89	0.024893
30.9	0.024875
30.91	0.024857
30.92	0.02484
30.93	0.024822
30.94	0.024804
30.95	0.024786
30.96	0.024768
30.97	0.024751
30.98	0.024733
30.99	0.024715
31.0	0.024697
31.01	0.02468
31.02	0.024662
31.03	0.024644
31.04	0.024627
31.05	0.024609
31.06	0.024591
31.07	0.024574
31.08	0.024556
31.09	0.024539
31.1	0.024521
31.11	0.024504
31.12	0.024486
31.13	0.024469
31.14	0.024451
31.15	0.024434
31.16	0.024416
31.17	0.024399
31.18	0.024382
31.19	0.024364
31.2	0.024347
31.21	0.02433
31.22	0.024312
31.23	0.024295
31.24	0.024278
31.25	0.024261
31.26	0.024243
31.27	0.024226
31.28	0.024209
31.29	0.024192
31.3	0.024175
31.31	0.024157
31.32	0.02414
31.33	0.024123
31.34	0.024106
31.35	0.024089
31.36	0.024072
31.37	0.024055
31.38	0.024038
31.39	0.024021
31.4	0.024004
31.41	0.023987
31.42	0.02397
31.43	0.023953
31.44	0.023936
31.45	0.023919
31.46	0.023902
31.47	0.023886
31.48	0.023869
31.49	0.023852
31.5	0.023835
31.51	0.023818
31.52	0.023802
31.53	0.023785
31.54	0.023768
31.55	0.023751
31.56	0.023735
31.57	0.023718
31.58	0.023701
31.59	0.023685
31.6	0.023668
31.61	0.023651
31.62	0.023635
31.63	0.023618
31.64	0.023602
31.65	0.023585
31.66	0.023569
31.67	0.023552
31.68	0.023536
31.69	0.023519
31.7	0.023503
31.71	0.023486
31.72	0.02347
31.73	0.023453
31.74	0.023437
31.75	0.023421
31.76	0.023404
31.77	0.023388
31.78	0.023372
31.79	0.023355
31.8	0.023339
31.81	0.023323
31.82	0.023306
31.83	0.02329
31.84	0.023274
31.85	0.023258
31.86	0.023242
31.87	0.023225
31.88	0.023209
31.89	0.023193
31.9	0.023177
31.91	0.023161
31.92	0.023145
31.93	0.023129
31.94	0.023113
31.95	0.023097
31.96	0.023081
31.97	0.023065
31.98	0.023049
31.99	0.023033
32.0	0.023017
32.01	0.023001
32.02	0.022985
32.03	0.022969
32.04	0.022953
32.05	0.022937
32.06	0.022921
32.07	0.022905
32.08	0.02289
32.09	0.022874
32.1	0.022858
32.11	0.022842
32.12	0.022826
32.13	0.022811
32.14	0.022795
32.15	0.022779
32.16	0.022764
32.17	0.022748
32.18	0.022732
32.19	0.022717
32.2	0.022701
32.21	0.022685
32.22	0.02267
32.23	0.022654
32.24	0.022639
32.25	0.022623
32.26	0.022607
32.27	0.022592
32.28	0.022576
32.29	0.022561
32.3	0.022545
32.31	0.02253
32.32	0.022515
32.33	0.022499
32.34	0.022484
32.35	0.022468
32.36	0.022453
32.37	0.022438
32.38	0.022422
32.39	0.022407
32.4	0.022391
32.41	0.022376
32.42	0.022361
32.43	0.022346
32.44	0.02233
32.45	0.022315
32.46	0.0223
32.47	0.022285
32.48	0.022269
32.49	0.022254
32.5	0.022239
32.51	0.022224
32.52	0.022209
32.53	0.022194
32.54	0.022179
32.55	0.022164
32.56	0.022148
32.57	0.022133
32.58	0.022118
32.59	0.022103
32.6	0.022088
32.61	0.022073
32.62	0.022058
32.63	0.022043
32.64	0.022028
32.65	0.022013
32.66	0.021999
32.67	0.021984
32.68	0.021969
32.69	0.021954
32.7	0.021939
32.71	0.021924
32.72	0.021909
32.73	0.021894
32.74	0.02188
32.75	0.021865
32.76	0.02185
32.77	0.021835
32.78	0.021821
32.79	0.021806
32.8	0.021791
32.81	0.021776
32.82	0.021762
32.83	0.021747
32.84	0.021732
32.85	0.021718
32.86	0.021703
32.87	0.021689
32.88	0.021674
32.89	0.021659
32.9	0.021645
32.91	0.02163
32.92	0.021616
32.93	0.021601
32.94	0.021587
32.95	0.021572
32.96	0.021558
32.97	0.021543
32.98	0.021529
32.99	0.021514
33.0	0.0215
33.01	0.021485
33.02	0.021471
33.03	0.021457
33.04	0.021442
33.05	0.021428
33.06	0.021414
33.07	0.021399
33.08	0.021385
33.09	0.021371
33.1	0.021356
33.11	0.021342
33.12	0.021328
33.13	0.021314
33.14	0.021299
33.15	0.021285
33.16	0.021271
33.17	0.021257
33.18	0.021243
33.19	0.021228
33.2	0.021214
33.21	0.0212
33.22	0.021186
33.23	0.021172
33.24	0.021158
33.25	0.021144
33.26	0.02113
33.27	0.021116
33.28	0.021102
33.29	0.021088
33.3	0.021074
33.31	0.02106
33.32	0.021046
33.33	0.021032
33.34	0.021018
33.35	0.021004
33.36	0.02099
33.37	0.020976
33.38	0.020962
33.39	0.020948
33.4	0.020934
33.41	0.02092
33.42	0.020907
33.43	0.020893
33.44	0.020879
33.45	0.020865
33.46	0.020851
33.47	0.020838
33.48	0.020824
33.49	0.02081
33.5	0.020796
33.51	0.020783
33.52	0.020769
33.53	0.020755
33.54	0.020742
33.55	0.020728
33.56	0.020714
33.57	0.020701
33.58	0.020687
33.59	0.020673
33.6	0.02066
33.61	0.020646
33.62	0.020633
33.63	0.020619
33.64	0.020605
33.65	0.020592
33.66	0.020578
33.67	0.020565
33.68	0.020551
33.69	0.020538
33.7	0.020524
33.71	0.020511
33.72	0.020498
33.73	0.020484
33.74	0.020471
33.75	0.020457
33.76	0.020444
33.77	0.020431
33.78	0.020417
33.79	0.020404
33.8	0.02039
33.81	0.020377
33.82	0.020364
33.83	0.020351
33.84	0.020337
33.85	0.020324
33.86	0.020311
33.87	0.020297
33.88	0.020284
33.89	0.020271
33.9	0.020258
33.91	0.020245
33.92	0.020231
33.93	0.020218
33.94	0.020205
33.95	0.020192
33.96	0.020179
33.97	0.020166
33.98	0.020153
33.99	0.02014
34.0	0.020126
34.01	0.020113
34.02	0.0201
34.03	0.020087
34.04	0.020074
34.05	0.020061
34.06	0.020048
34.07	0.020035
34.08	0.020022
34.09	0.020009
34.1	0.019996
34.11	0.019983
34.12	0.01997
34.13	0.019957
34.14	0.019945
34.15	0.019932
34.16	0.019919
34.17	0.019906
34.18	0.019893
34.19	0.01988
34.2	0.019867
34.21	0.019855
34.22	0.019842
34.23	0.019829
34.24	0.019816
34.25	0.019803
34.26	0.019791
34.27	0.019778
34.28	0.019765
34.29	0.019752
34.3	0.01974
34.31	0.019727
34.32	0.019714
34.33	0.019702
34.34	0.019689
34.35	0.019676
34.36	0.019664
34.37	0.019651
34.38	0.019638
34.39	0.019626
34.4	0.019613
34.41	0.019601
34.42	0.019588
34.43	0.019576
34.44	0.019563
34.45	0.01955
34.46	0.019538
34.47	0.019525
34.48	0.019513
34.49	0.0195
34.5	0.019488
34.51	0.019476
34.52	0.019463
34.53	0.019451
34.54	0.019438
34.55	0.019426
34.56	0.019413
34.57	0.019401
34.58	0.019389
34.59	0.019376
34.6	0.019364
34.61	0.019352
34.62	0.019339
34.63	0.019327
34.64	0.019315
34.65	0.019302
34.66	0.01929
34.67	0.019278
34.68	0.019265
34.69	0.019253
34.7	0.019241
34.71	0.019229
34.72	0.019217
34.73	0.019204
34.74	0.019192
34.75	0.01918
34.76	0.019168
34.77	0.019156
34.78	0.019143
34.79	0.019131
34.8	0.019119
34.81	0.019107
34.82	0.019095
34.83	0.019083
34.84	0.019071
34.85	0.019059
34.86	0.019047
34.87	0.019035
34.88	0.019023
34.89	0.019011
34.9	0.018999
34.91	0.018987
34.92	0.018975
34.93	0.018963
34.94	0.018951
34.95	0.018939
34.96	0.018927
34.97	0.018915
34.98	0.018903
34.99	0.018891
35.0	0.018879
35.01	0.018867
35.02	0.018855
35.03	0.018843
35.04	0.018832
35.05	0.01882
35.06	0.018808
35.07	0.018796
35.08	0.018784
35.09	0.018773
35.1	0.018761
35.11	0.018749
35.12	0.018737
35.13	0.018725
35.14	0.018714
35.15	0.018702
35.16	0.01869
35.17	0.018679
35.18	0.018667
35.19	0.018655
35.2	0.018643
35.21	0.018632
35.22	0.01862
35.23	0.018608
35.24	0.018597
35.25	0.018585
35.26	0.018574
35.27	0.018562
35.28	0.01855
35.29	0.018539
35.3	0.018527
35.31	0.018516
35.32	0.018504
35.33	0.018493
35.34	0.018481
35.35	0.01847
35.36	0.018458
35.37	0.018447
35.38	0.018435
35.39	0.018424
35.4	0.018412
35.41	0.018401
35.42	0.018389
35.43	0.018378
35.44	0.018366
35.45	0.018355
35.46	0.018344
35.47	0.018332
35.48	0.018321
35.49	0.018309
35.5	0.018298
35.51	0.018287
35.52	0.018275
35.53	0.018264
35.54	0.018253
35.55	0.018241
35.56	0.01823
35.57	0.018219
35.58	0.018208
35.59	0.018196
35.6	0.018185
35.61	0.018174
35.62	0.018163
35.63	0.018151
35.64	0.01814
35.65	0.018129
35.66	0.018118
35.67	0.018107
35.68	0.018095
35.69	0.018084
35.7	0.018073
35.71	0.018062
35.72	0.018051
35.73	0.01804
35.74	0.018029
35.75	0.018017
35.76	0.018006
35.77	0.017995
35.78	0.017984
35.79	0.017973
35.8	0.017962
35.81	0.017951
35.82	0.01794
35.83	0.017929
35.84	0.017918
35.85	0.017907
35.86	0.017896
35.87	0.017885
35.88	0.017874
35.89	0.017863
35.9	0.017852
35.91	0.017841
35.92	0.01783
35.93	0.017819
35.94	0.017808
35.95	0.017797
35.96	0.017787
35.97	0.017776
35.98	0.017765
35.99	0.017754
36.0	0.017743
36.01	0.017732
36.02	0.017721
36.03	0.017711
36.04	0.0177
36.05	0.017689
36.06	0.017678
36.07	0.017667
36.08	0.017657
36.09	0.017646
36.1	0.017635
36.11	0.017624
36.12	0.017614
36.13	0.017603
36.14	0.017592
36.15	0.017581
36.16	0.017571
36.17	0.01756
36.18	0.017549
36.19	0.017539
36.2	0.017528
36.21	0.017517
36.22	0.017507
36.23	0.017496
36.24	0.017486
36.25	0.017475
36.26	0.017464
36.27	0.017454
36.28	0.017443
36.29	0.017433
36.3	0.017422
36.31	0.017411
36.32	0.017401
36.33	0.01739
36.34	0.01738
36.35	0.017369
36.36	0.017359
36.37	0.017348
36.38	0.017338
36.39	0.017327
36.4	0.017317
36.41	0.017306
36.42	0.017296
36.43	0.017286
36.44	0.017275
36.45	0.017265
36.46	0.017254
36.47	0.017244
36.48	0.017234
36.49	0.017223
36.5	0.017213
36.51	0.017202
36.52	0.017192
36.53	0.017182
36.54	0.017171
36.55	0.017161
36.56	0.017151
36.57	0.01714
36.58	0.01713
36.59	0.01712
36.6	0.01711
36.61	0.017099
36.62	0.017089
36.63	0.017079
36.64	0.017069
36.65	0.017058
36.66	0.017048
36.67	0.017038
36.68	0.017028
36.69	0.017017
36.7	0.017007
36.71	0.016997
36.72	0.016987
36.73	0.016977
36.74	0.016967
36.75	0.016956
36.76	0.016946
36.77	0.016936
36.78	0.016926
36.79	0.016916
36.8	0.016906
36.81	0.016896
36.82	0.016886
36.83	0.016876
36.84	0.016865
36.85	0.016855
36.86	0.016845
36.87	0.016835
36.88	0.016825
36.89	0.016815
36.9	0.016805
36.91	0.016795
36.92	0.016785
36.93	0.016775
36.94	0.016765
36.95	0.016755
36.96	0.016745
36.97	0.016735
36.98	0.016726
36.99	0.016716
37.0	0.016706
37.01	0.016696
37.02	0.016686
37.03	0.016676
37.04	0.016666
37.05	0.016656
37.06	0.016646
37.07	0.016636
37.08	0.016627
37.09	0.016617
37.1	0.016607
37.11	0.016597
37.12	0.016587
37.13	0.016577
37.14	0.016568
37.15	0.016558
37.16	0.016548
37.17	0.016538
37.18	0.016528
37.19	0.016519
37.2	0.016509
37.21	0.016499
37.22	0.01649
37.23	0.01648
37.24	0.01647
37.25	0.01646
37.26	0.016451
37.27	0.016441
37.28	0.016431
37.29	0.016422
37.3	0.016412
37.31	0.016402
37.32	0.016393
37.33	0.016383
37.34	0.016373
37.35	0.016364
37.36	0.016354
37.37	0.016345
37.38	0.016335
37.39	0.016325
37.4	0.016316
37.41	0.016306
37.42	0.016297
37.43	0.016287
37.44	0.016278
37.45	0.016268
37.46	0.016258
37.47	0.016249
37.48	0.016239
37.49	0.01623
37.5	0.01622
37.51	0.016211
37.52	0.016201
37.53	0.016192
37.54	0.016182
37.55	0.016173
37.56	0.016164
37.57	0.016154
37.58	0.016145
37.59	0.016135
37.6	0.016126
37.61	0.016116
37.62	0.016107
37.63	0.016098
37.64	0.016088
37.65	0.016079
37.66	0.01607
37.67	0.01606
37.68	0.016051
37.69	0.016041
37.7	0.016032
37.71	0.016023
37.72	0.016013
37.73	0.016004
37.74	0.015995
37.75	0.015986
37.76	0.015976
37.77	0.015967
37.78	0.015958
37.79	0.015948
37.8	0.015939
37.81	0.01593
37.82	0.015921
37.83	0.015911
37.84	0.015902
37.85	0.015893
37.86	0.015884
37.87	0.015875
37.88	0.015865
37.89	0.015856
37.9	0.015847
37.91	0.015838
37.92	0.015829
37.93	0.01582
37.94	0.01581
37.95	0.015801
37.96	0.015792
37.97	0.015783
37.98	0.015774
37.99	0.015765
38.0	0.015756
38.01	0.015747
38.02	0.015738
38.03	0.015729
38.04	0.015719
38.05	0.01571
38.06	0.015701
38.07	0.015692
38.08	0.015683
38.09	0.015674
38.1	0.015665
38.11	0.015656
38.12	0.015647
38.13	0.015638
38.14	0.015629
38.15	0.01562
38.16	0.015611
38.17	0.015602
38.18	0.015593
38.19	0.015584
38.2	0.015575
38.21	0.015567
38.22	0.015558
38.23	0.015549
38.24	0.01554
38.25	0.015531
38.26	0.015522
38.27	0.015513
38.28	0.015504
38.29	0.015495
38.3	0.015486
38.31	0.015478
38.32	0.015469
38.33	0.01546
38.34	0.015451
38.35	0.015442
38.36	0.015433
38.37	0.015425
38.38	0.015416
38.39	0.015407
38.4	0.015398
38.41	0.015389
38.42	0.015381
38.43	0.015372
38.44	0.015363
38.45	0.015354
38.46	0.015346
38.47	0.015337
38.48	0.015328
38.49	0.015319
38.5	0.015311
38.51	0.015302
38.52	0.015293
38.53	0.015285
38.54	0.015276
38.55	0.015267
38.56	0.015259
38.57	0.01525
38.58	0.015241
38.59	0.015233
38.6	0.015224
38.61	0.015215
38.62	0.015207
38.63	0.015198
38.64	0.015189
38.65	0.015181
38.66	0.015172
38.67	0.015164
38.68	0.015155
38.69	0.015146
38.7	0.015138
38.71	0.015129
38.72	0.015121
38.73	0.015112
38.74	0.015104
38.75	0.015095
38.76	0.015087
38.77	0.015078
38.78	0.01507
38.79	0.015061
38.8	0.015052
38.81	0.015044
38.82	0.015036
38.83	0.015027
38.84	0.015019
38.85	0.01501
38.86	0.015002
38.87	0.014993
38.88	0.014985
38.89	0.014976
38.9	0.014968
38.91	0.014959
38.92	0.014951
38.93	0.014943
38.94	0.014934
38.95	0.014926
38.96	0.014917
38.97	0.014909
38.98	0.014901
38.99	0.014892
39.0	0.014884
39.01	0.014876
39.02	0.014867
39.03	0.014859
39.04	0.014851
39.05	0.014842
39.06	0.014834
39.07	0.014826
39.08	0.014817
39.09	0.014809
39.1	0.014801
39.11	0.014792
39.12	0.014784
39.13	0.014776
39.14	0.014768
39.15	0.014759
39.16	0.014751
39.17	0.014743
39.18	0.014735
39.19	0.014726
39.2	0.014718
39.21	0.01471
39.22	0.014702
39.23	0.014694
39.24	0.014685
39.25	0.014677
39.26	0.014669
39.27	0.014661
39.28	0.014653
39.29	0.014645
39.3	0.014636
39.31	0.014628
39.32	0.01462
39.33	0.014612
39.34	0.014604
39.35	0.014596
39.36	0.014588
39.37	0.01458
39.38	0.014571
39.39	0.014563
39.4	0.014555
39.41	0.014547
39.42	0.014539
39.43	0.014531
39.44	0.014523
39.45	0.014515
39.46	0.014507
39.47	0.014499
39.48	0.014491
39.49	0.014483
39.5	0.014475
39.51	0.014467
39.52	0.014459
39.53	0.014451
39.54	0.014443
39.55	0.014435
39.56	0.014427
39.57	0.014419
39.58	0.014411
39.59	0.014403
39.6	0.014395
39.61	0.014387
39.62	0.014379
39.63	0.014371
39.64	0.014363
39.65	0.014355
39.66	0.014347
39.67	0.014339
39.68	0.014331
39.69	0.014324
39.7	0.014316
39.71	0.014308
39.72	0.0143
39.73	0.014292
39.74	0.014284
39.75	0.014276
39.76	0.014269
39.77	0.014261
39.78	0.014253
39.79	0.014245
39.8	0.014237
39.81	0.014229
39.82	0.014222
39.83	0.014214
39.84	0.014206
39.85	0.014198
39.86	0.01419
39.87	0.014183
39.88	0.014175
39.89	0.014167
39.9	0.014159
39.91	0.014152
39.92	0.014144
39.93	0.014136
39.94	0.014128
39.95	0.014121
39.96	0.014113
39.97	0.014105
39.98	0.014097
39.99	0.01409
40.0	0.014082
40.01	0.014074
40.02	0.014067
40.03	0.014059
40.04	0.014051
40.05	0.014044
40.06	0.014036
40.07	0.014028
40.08	0.014021
40.09	0.014013
40.1	0.014005
40.11	0.013998
40.12	0.01399
40.13	0.013982
40.14	0.013975
40.15	0.013967
40.16	0.01396
40.17	0.013952
40.18	0.013944
40.19	0.013937
40.2	0.013929
40.21	0.013922
40.22	0.013914
40.23	0.013907
40.24	0.013899
40.25	0.013892
40.26	0.013884
40.27	0.013876
40.28	0.013869
40.29	0.013861
40.3	0.013854
40.31	0.013846
40.32	0.013839
40.33	0.013831
40.34	0.013824
40.35	0.013816
40.36	0.013809
40.37	0.013801
40.38	0.013794
40.39	0.013787
40.4	0.013779
40.41	0.013772
40.42	0.013764
40.43	0.013757
40.44	0.013749
40.45	0.013742
40.46	0.013735
40.47	0.013727
40.48	0.01372
40.49	0.013712
40.5	0.013705
40.51	0.013698
40.52	0.01369
40.53	0.013683
40.54	0.013675
40.55	0.013668
40.56	0.013661
40.57	0.013653
40.58	0.013646
40.59	0.013639
40.6	0.013631
40.61	0.013624
40.62	0.013617
40.63	0.013609
40.64	0.013602
40.65	0.013595
40.66	0.013587
40.67	0.01358
40.68	0.013573
40.69	0.013566
40.7	0.013558
40.71	0.013551
40.72	0.013544
40.73	0.013536
40.74	0.013529
40.75	0.013522
40.76	0.013515
40.77	0.013507
40.78	0.0135
40.79	0.013493
40.8	0.013486
40.81	0.013479
40.82	0.013471
40.83	0.013464
40.84	0.013457
40.85	0.01345
40.86	0.013443
40.87	0.013435
40.88	0.013428
40.89	0.013421
40.9	0.013414
40.91	0.013407
40.92	0.0134
40.93	0.013392
40.94	0.013385
40.95	0.013378
40.96	0.013371
40.97	0.013364
40.98	0.013357
40.99	0.01335
41.0	0.013343
41.01	0.013336
41.02	0.013328
41.03	0.013321
41.04	0.013314
41.05	0.013307
41.06	0.0133
41.07	0.013293
41.08	0.013286
41.09	0.013279
41.1	0.013272
41.11	0.013265
41.12	0.013258
41.13	0.013251
41.14	0.013244
41.15	0.013237
41.16	0.01323
41.17	0.013223
41.18	0.013216
41.19	0.013209
41.2	0.013202
41.21	0.013195
41.22	0.013188
41.23	0.013181
41.24	0.013174
41.25	0.013167
41.26	0.01316
41.27	0.013153
41.28	0.013146
41.29	0.013139
41.3	0.013132
41.31	0.013125
41.32	0.013118
41.33	0.013111
41.34	0.013104
41.35	0.013097
41.36	0.013091
41.37	0.013084
41.38	0.013077
41.39	0.01307
41.4	0.013063
41.41	0.013056
41.42	0.013049
41.43	0.013042
41.44	0.013036
41.45	0.013029
41.46	0.013022
41.47	0.013015
41.48	0.013008
41.49	0.013001
41.5	0.012994
41.51	0.012988
41.52	0.012981
41.53	0.012974
41.54	0.012967
41.55	0.01296
41.56	0.012954
41.57	0.012947
41.58	0.01294
41.59	0.012933
41.6	0.012926
41.61	0.01292
41.62	0.012913
41.63	0.012906
41.64	0.012899
41.65	0.012893
41.66	0.012886
41.67	0.012879
41.68	0.012872
41.69	0.012866
41.7	0.012859
41.71	0.012852
41.72	0.012846
41.73	0.012839
41.74	0.012832
41.75	0.012825
41.76	0.012819
41.77	0.012812
41.78	0.012805
41.79	0.012799
41.8	0.012792
41.81	0.012785
41.82	0.012779
41.83	0.012772
41.84	0.012765
41.85	0.012759
41.86	0.012752
41.87	0.012745
41.88	0.012739
41.89	0.012732
41.9	0.012726
41.91	0.012719
41.92	0.012712
41.93	0.012706
41.94	0.012699
41.95	0.012692
41.96	0.012686
41.97	0.012679
41.98	0.012673
41.99	0.012666
42.0	0.01266
42.01	0.012653
42.02	0.012646
42.03	0.01264
42.04	0.012633
42.05	0.012627
42.06	0.01262
42.07	0.012614
42.08	0.012607
42.09	0.012601
42.1	0.012594
42.11	0.012588
42.12	0.012581
42.13	0.012575
42.14	0.012568
42.15	0.012562
42.16	0.012555
42.17	0.012549
42.18	0.012542
42.19	0.012536
42.2	0.012529
42.21	0.012523
42.22	0.012516
42.23	0.01251
42.24	0.012503
42.25	0.012497
42.26	0.012491
42.27	0.012484
42.28	0.012478
42.29	0.012471
42.3	0.012465
42.31	0.012458
42.32	0.012452
42.33	0.012446
42.34	0.012439
42.35	0.012433
42.36	0.012426
42.37	0.01242
42.38	0.012414
42.39	0.012407
42.4	0.012401
42.41	0.012395
42.42	0.012388
42.43	0.012382
42.44	0.012375
42.45	0.012369
42.46	0.012363
42.47	0.012356
42.48	0.01235
42.49	0.012344
42.5	0.012337
42.51	0.012331
42.52	0.012325
42.53	0.012318
42.54	0.012312
42.55	0.012306
42.56	0.0123
42.57	0.012293
42.58	0.012287
42.59	0.012281
42.6	0.012274
42.61	0.012268
42.62	0.012262
42.63	0.012256
42.64	0.012249
42.65	0.012243
42.66	0.012237
42.67	0.012231
42.68	0.012224
42.69	0.012218
42.7	0.012212
42.71	0.012206
42.72	0.0122
42.73	0.012193
42.74	0.012187
42.75	0.012181
42.76	0.012175
42.77	0.012169
42.78	0.012162
42.79	0.012156
42.8	0.01215
42.81	0.012144
42.82	0.012138
42.83	0.012131
42.84	0.012125
42.85	0.012119
42.86	0.012113
42.87	0.012107
42.88	0.012101
42.89	0.012095
42.9	0.012088
42.91	0.012082
42.92	0.012076
42.93	0.01207
42.94	0.012064
42.95	0.012058
42.96	0.012052
42.97	0.012046
42.98	0.01204
42.99	0.012033
43.0	0.012027
43.01	0.012021
43.02	0.012015
43.03	0.012009
43.04	0.012003
43.05	0.011997
43.06	0.011991
43.07	0.011985
43.08	0.011979
43.09	0.011973
43.1	0.011967
43.11	0.011961
43.12	0.011955
43.13	0.011949
43.14	0.011943
43.15	0.011937
43.16	0.011931
43.17	0.011925
43.18	0.011919
43.19	0.011913
43.2	0.011907
43.21	0.011901
43.22	0.011895
43.23	0.011889
43.24	0.011883
43.25	0.011877
43.26	0.011871
43.27	0.011865
43.28	0.011859
43.29	0.011853
43.3	0.011847
43.31	0.011841
43.32	0.011835
43.33	0.011829
43.34	0.011823
43.35	0.011817
43.36	0.011811
43.37	0.011805
43.38	0.011799
43.39	0.011793
43.4	0.011788
43.41	0.011782
43.42	0.011776
43.43	0.01177
43.44	0.011764
43.45	0.011758
43.46	0.011752
43.47	0.011746
43.48	0.01174
43.49	0.011735
43.5	0.011729
43.51	0.011723
43.52	0.011717
43.53	0.011711
43.54	0.011705
43.55	0.011699
43.56	0.011694
43.57	0.011688
43.58	0.011682
43.59	0.011676
43.6	0.01167
43.61	0.011664
43.62	0.011659
43.63	0.011653
43.64	0.011647
43.65	0.011641
43.66	0.011635
43.67	0.01163
43.68	0.011624
43.69	0.011618
43.7	0.011612
43.71	0.011607
43.72	0.011601
43.73	0.011595
43.74	0.011589
43.75	0.011583
43.76	0.011578
43.77	0.011572
43.78	0.011566
43.79	0.011561
43.8	0.011555
43.81	0.011549
43.82	0.011543
43.83	0.011538
43.84	0.011532
43.85	0.011526
43.86	0.01152
43.87	0.011515
43.88	0.011509
43.89	0.011503
43.9	0.011498
43.91	0.011492
43.92	0.011486
43.93	0.011481
43.94	0.011475
43.95	0.011469
43.96	0.011464
43.97	0.011458
43.98	0.011452
43.99	0.011447
44.0	0.011441
44.01	0.011435
44.02	0.01143
44.03	0.011424
44.04	0.011418
44.05	0.011413
44.06	0.011407
44.07	0.011402
44.08	0.011396
44.09	0.01139
44.1	0.011385
44.11	0.011379
44.12	0.011373
44.13	0.011368
44.14	0.011362
44.15	0.011357
44.16	0.011351
44.17	0.011346
44.18	0.01134
44.19	0.011334
44.2	0.011329
44.21	0.011323
44.22	0.011318
44.23	0.011312
44.24	0.011307
44.25	0.011301
44.26	0.011295
44.27	0.01129
44.28	0.011284
44.29	0.011279
44.3	0.011273
44.31	0.011268
44.32	0.011262
44.33	0.011257
44.34	0.011251
44.35	0.011246
44.36	0.01124
44.37	0.011235
44.38	0.011229
44.39	0.011224
44.4	0.011218
44.41	0.011213
44.42	0.011207
44.43	0.011202
44.44	0.011196
44.45	0.011191
44.46	0.011185
44.47	0.01118
44.48	0.011175
44.49	0.011169
44.5	0.011164
44.51	0.011158
44.52	0.011153
44.53	0.011147
44.54	0.011142
44.55	0.011136
44.56	0.011131
44.57	0.011126
44.58	0.01112
44.59	0.011115
44.6	0.011109
44.61	0.011104
44.62	0.011099
44.63	0.011093
44.64	0.011088
44.65	0.011082
44.66	0.011077
44.67	0.011072
44.68	0.011066
44.69	0.011061
44.7	0.011055
44.71	0.01105
44.72	0.011045
44.73	0.011039
44.74	0.011034
44.75	0.011029
44.76	0.011023
44.77	0.011018
44.78	0.011013
44.79	0.011007
44.8	0.011002
44.81	0.010997
44.82	0.010991
44.83	0.010986
44.84	0.010981
44.85	0.010975
44.86	0.01097
44.87	0.010965
44.88	0.010959
44.89	0.010954
44.9	0.010949
44.91	0.010944
44.92	0.010938
44.93	0.010933
44.94	0.010928
44.95	0.010922
44.96	0.010917
44.97	0.010912
44.98	0.010907
44.99	0.010901
45.0	0.010896
45.01	0.010891
45.02	0.010886
45.03	0.01088
45.04	0.010875
45.05	0.01087
45.06	0.010865
45.07	0.01086
45.08	0.010854
45.09	0.010849
45.1	0.010844
45.11	0.010839
45.12	0.010833
45.13	0.010828
45.14	0.010823
45.15	0.010818
45.16	0.010813
45.17	0.010807
45.18	0.010802
45.19	0.010797
45.2	0.010792
45.21	0.010787
45.22	0.010782
45.23	0.010776
45.24	0.010771
45.25	0.010766
45.26	0.010761
45.27	0.010756
45.28	0.010751
45.29	0.010745
45.3	0.01074
45.31	0.010735
45.32	0.01073
45.33	0.010725
45.34	0.01072
45.35	0.010715
45.36	0.010709
45.37	0.010704
45.38	0.010699
45.39	0.010694
45.4	0.010689
45.41	0.010684
45.42	0.010679
45.43	0.010674
45.44	0.010669
45.45	0.010664
45.46	0.010658
45.47	0.010653
45.48	0.010648
45.49	0.010643
45.5	0.010638
45.51	0.010633
45.52	0.010628
45.53	0.010623
45.54	0.010618
45.55	0.010613
45.56	0.010608
45.57	0.010603
45.58	0.010598
45.59	0.010593
45.6	0.010588
45.61	0.010583
45.62	0.010578
45.63	0.010573
45.64	0.010568
45.65	0.010563
45.66	0.010558
45.67	0.010553
45.68	0.010548
45.69	0.010543
45.7	0.010538
45.71	0.010533
45.72	0.010528
45.73	0.010523
45.74	0.010518
45.75	0.010513
45.76	0.010508
45.77	0.010503
45.78	0.010498
45.79	0.010493
45.8	0.010488
45.81	0.010483
45.82	0.010478
45.83	0.010473
45.84	0.010468
45.85	0.010463
45.86	0.010458
45.87	0.010453
45.88	0.010448
45.89	0.010443
45.9	0.010438
45.91	0.010433
45.92	0.010428
45.93	0.010424
45.94	0.010419
45.95	0.010414
45.96	0.010409
45.97	0.010404
45.98	0.010399
45.99	0.010394
46.0	0.010389
46.01	0.010384
46.02	0.010379
46.03	0.010375
46.04	0.01037
46.05	0.010365
46.06	0.01036
46.07	0.010355
46.08	0.01035
46.09	0.010345
46.1	0.01034
46.11	0.010336
46.12	0.010331
46.13	0.010326
46.14	0.010321
46.15	0.010316
46.16	0.010311
46.17	0.010306
46.18	0.010302
46.19	0.010297
46.2	0.010292
46.21	0.010287
46.22	0.010282
46.23	0.010278
46.24	0.010273
46.25	0.010268
46.26	0.010263
46.27	0.010258
46.28	0.010254
46.29	0.010249
46.3	0.010244
46.31	0.010239
46.32	0.010234
46.33	0.01023
46.34	0.010225
46.35	0.01022
46.36	0.010215
46.37	0.01021
46.38	0.010206
46.39	0.010201
46.4	0.010196
46.41	0.010191
46.42	0.010187
46.43	0.010182
46.44	0.010177
46.45	0.010172
46.46	0.010168
46.47	0.010163
46.48	0.010158
46.49	0.010153
46.5	0.010149
46.51	0.010144
46.52	0.010139
46.53	0.010135
46.54	0.01013
46.55	0.010125
46.56	0.01012
46.57	0.010116
46.58	0.010111
46.59	0.010106
46.6	0.010102
46.61	0.010097
46.62	0.010092
46.63	0.010088
46.64	0.010083
46.65	0.010078
46.66	0.010074
46.67	0.010069
46.68	0.010064
46.69	0.01006
46.7	0.010055
46.71	0.01005
46.72	0.010046
46.73	0.010041
46.74	0.010036
46.75	0.010032
46.76	0.010027
46.77	0.010022
46.78	0.010018
46.79	0.010013
46.8	0.010008
46.81	0.010004
46.82	0.0099992
46.83	0.0099946
46.84	0.00999
46.85	0.0099854
46.86	0.0099808
46.87	0.0099762
46.88	0.0099716
46.89	0.009967
46.9	0.0099624
46.91	0.0099578
46.92	0.0099532
46.93	0.0099486
46.94	0.009944
46.95	0.0099394
46.96	0.0099348
46.97	0.0099303
46.98	0.0099257
46.99	0.0099211
47.0	0.0099166
47.01	0.009912
47.02	0.0099074
47.03	0.0099029
47.04	0.0098983
47.05	0.0098938
47.06	0.0098892
47.07	0.0098847
47.08	0.0098801
47.09	0.0098756
47.1	0.0098711
47.11	0.0098665
47.12	0.009862
47.13	0.0098575
47.14	0.009853
47.15	0.0098484
47.16	0.0098439
47.17	0.0098394
47.18	0.0098349
47.19	0.0098304
47.2	0.0098259
47.21	0.0098214
47.22	0.0098169
47.23	0.0098124
47.24	0.0098079
47.25	0.0098034
47.26	0.0097989
47.27	0.0097944
47.28	0.00979
47.29	0.0097855
47.3	0.009781
47.31	0.0097765
47.32	0.0097721
47.33	0.0097676
47.34	0.0097631
47.35	0.0097587
47.36	0.0097542
47.37	0.0097498
47.38	0.0097453
47.39	0.0097409
47.4	0.0097364
47.41	0.009732
47.42	0.0097276
47.43	0.0097231
47.44	0.0097187
47.45	0.0097143
47.46	0.0097098
47.47	0.0097054
47.48	0.009701
47.49	0.0096966
47.5	0.0096922
47.51	0.0096878
47.52	0.0096834
47.53	0.009679
47.54	0.0096746
47.55	0.0096702
47.56	0.0096658
47.57	0.0096614
47.58	0.009657
47.59	0.0096526
47.6	0.0096482
47.61	0.0096438
47.62	0.0096395
47.63	0.0096351
47.64	0.0096307
47.65	0.0096263
47.66	0.009622
47.67	0.0096176
47.68	0.0096133
47.69	0.0096089
47.7	0.0096045
47.71	0.0096002
47.72	0.0095958
47.73	0.0095915
47.74	0.0095872
47.75	0.0095828
47.76	0.0095785
47.77	0.0095741
47.78	0.0095698
47.79	0.0095655
47.8	0.0095612
47.81	0.0095568
47.82	0.0095525
47.83	0.0095482
47.84	0.0095439
47.85	0.0095396
47.86	0.0095353
47.87	0.009531
47.88	0.0095267
47.89	0.0095224
47.9	0.0095181
47.91	0.0095138
47.92	0.0095095
47.93	0.0095052
47.94	0.0095009
47.95	0.0094967
47.96	0.0094924
47.97	0.0094881
47.98	0.0094838
47.99	0.0094796
48.0	0.0094753
48.01	0.009471
48.02	0.0094668
48.03	0.0094625
48.04	0.0094583
48.05	0.009454
48.06	0.0094498
48.07	0.0094455
48.08	0.0094413
48.09	0.009437
48.1	0.0094328
48.11	0.0094285
48.12	0.0094243
48.13	0.0094201
48.14	0.0094159
48.15	0.0094116
48.16	0.0094074
48.17	0.0094032
48.18	0.009399
48.19	0.0093948
48.2	0.0093906
48.21	0.0093863
48.22	0.0093821
48.23	0.0093779
48.24	0.0093737
48.25	0.0093695
48.26	0.0093654
48.27	0.0093612
48.28	0.009357
48.29	0.0093528
48.3	0.0093486
48.31	0.0093444
48.32	0.0093403
48.33	0.0093361
48.34	0.0093319
48.35	0.0093277
48.36	0.0093236
48.37	0.0093194
48.38	0.0093153
48.39	0.0093111
48.4	0.0093069
48.41	0.0093028
48.42	0.0092986
48.43	0.0092945
48.44	0.0092904
48.45	0.0092862
48.46	0.0092821
48.47	0.0092779
48.48	0.0092738
48.49	0.0092697
48.5	0.0092656
48.51	0.0092614
48.52	0.0092573
48.53	0.0092532
48.54	0.0092491
48.55	0.009245
48.56	0.0092409
48.57	0.0092368
48.58	0.0092326
48.59	0.0092285
48.6	0.0092244
48.61	0.0092204
48.62	0.0092163
48.63	0.0092122
48.64	0.0092081
48.65	0.009204
48.66	0.0091999
48.67	0.0091958
48.68	0.0091918
48.69	0.0091877
48.7	0.0091836
48.71	0.0091795
48.72	0.0091755
48.73	0.0091714
48.74	0.0091673
48.75	0.0091633
48.76	0.0091592
48.77	0.0091552
48.78	0.0091511
48.79	0.0091471
48.8	0.009143
48.81	0.009139
48.82	0.0091349
48.83	0.0091309
48.84	0.0091269
48.85	0.0091228
48.86	0.0091188
48.87	0.0091148
48.88	0.0091108
48.89	0.0091067
48.9	0.0091027
48.91	0.0090987
48.92	0.0090947
48.93	0.0090907
48.94	0.0090867
48.95	0.0090827
48.96	0.0090787
48.97	0.0090747
48.98	0.0090707
48.99	0.0090667
49.0	0.0090627
49.01	0.0090587
49.02	0.0090547
49.03	0.0090507
49.04	0.0090467
49.05	0.0090428
49.06	0.0090388
49.07	0.0090348
49.08	0.0090308
49.09	0.0090269
49.1	0.0090229
49.11	0.0090189
49.12	0.009015
49.13	0.009011
49.14	0.0090071
49.15	0.0090031
49.16	0.0089992
49.17	0.0089952
49.18	0.0089913
49.19	0.0089873
49.2	0.0089834
49.21	0.0089794
49.22	0.0089755
49.23	0.0089716
49.24	0.0089676
49.25	0.0089637
49.26	0.0089598
49.27	0.0089559
49.28	0.008952
49.29	0.008948
49.3	0.0089441
49.31	0.0089402
49.32	0.0089363
49.33	0.0089324
49.34	0.0089285
49.35	0.0089246
49.36	0.0089207
49.37	0.0089168
49.38	0.0089129
49.39	0.008909
49.4	0.0089051
49.41	0.0089012
49.42	0.0088973
49.43	0.0088935
49.44	0.0088896
49.45	0.0088857
49.46	0.0088818
49.47	0.008878
49.48	0.0088741
49.49	0.0088702
49.5	0.0088664
49.51	0.0088625
49.52	0.0088586
49.53	0.0088548
49.54	0.0088509
49.55	0.0088471
49.56	0.0088432
49.57	0.0088394
49.58	0.0088355
49.59	0.0088317
49.6	0.0088279
49.61	0.008824
49.62	0.0088202
49.63	0.0088164
49.64	0.0088125
49.65	0.0088087
49.66	0.0088049
49.67	0.0088011
49.68	0.0087972
49.69	0.0087934
49.7	0.0087896
49.71	0.0087858
49.72	0.008782
49.73	0.0087782
49.74	0.0087744
49.75	0.0087706
49.76	0.0087668
49.77	0.008763
49.78	0.0087592
49.79	0.0087554
49.8	0.0087516
49.81	0.0087478
49.82	0.008744
49.83	0.0087402
49.84	0.0087365
49.85	0.0087327
49.86	0.0087289
49.87	0.0087251
49.88	0.0087214
49.89	0.0087176
49.9	0.0087138
49.91	0.0087101
49.92	0.0087063
49.93	0.0087026
49.94	0.0086988
49.95	0.008695
49.96	0.0086913
49.97	0.0086876
49.98	0.0086838
49.99	0.0086801
50.0	0.0086763
