eng	y_fit
0.37	0.0
0.38	0.13585
0.39	0.25261
0.4	0.34447
0.41	0.42999
0.42	0.51456
0.43	0.60079
0.44	0.69031
0.45	0.78433
0.46	0.88382
0.47	0.98963
0.48	1.1026
0.49	1.2233
0.5	1.3526
0.51	1.4911
0.52	1.6395
0.53	1.814975
0.54	1.99045
0.55	2.165925
0.56	2.3414
0.57	2.5457
0.58	2.7617
0.59	2.9888
0.6	3.2266
0.61	3.20986
0.62	3.19312
0.63	3.17638
0.64	3.15964
0.65	3.1428999999999996
0.66	3.1261599999999996
0.67	3.10942
0.68	3.09268
0.69	3.07594
0.7	3.0591999999999997
0.71	3.04246
0.72	3.02572
0.73	3.00898
0.74	2.99224
0.75	2.9755
0.76	2.95876
0.77	2.94202
0.78	2.92528
0.79	2.9085399999999995
0.8	2.8918
0.81	2.8750599999999995
0.82	2.85832
0.83	2.84158
0.84	2.82484
0.85	2.8081
0.86	2.79136
0.87	2.7746199999999996
0.88	2.75788
0.89	2.74114
0.9	2.7244
0.91	2.7076599999999997
0.92	2.6909199999999998
0.93	2.67418
0.94	2.6574400000000002
0.95	2.6407
0.96	2.62396
0.97	2.60722
0.98	2.59048
0.99	2.57374
1.0	2.557
1.01	2.54026
1.02	2.52352
1.03	2.5067799999999996
1.04	2.4900399999999996
1.05	2.4733
1.06	2.45656
1.07	2.43982
1.08	2.4230799999999997
1.09	2.40634
1.1	2.3895999999999997
1.11	2.37286
1.12	2.3561199999999998
1.13	2.3393800000000002
1.14	2.32264
1.15	2.3059
1.16	2.28916
1.17	2.27242
1.18	2.25568
1.19	2.2389400000000004
1.2	2.2222
1.21	2.20546
1.22	2.18872
1.23	2.17198
1.24	2.15524
1.25	2.1385
1.26	2.12176
1.27	2.10502
1.28	2.08828
1.29	2.0715399999999997
1.3	2.0547999999999997
1.31	2.0380599999999998
1.32	2.0213200000000002
1.33	2.00458
1.34	1.9878399999999998
1.35	1.9710999999999999
1.36	1.9543599999999999
1.37	1.9376200000000001
1.38	1.92088
1.39	1.90414
1.4	1.8874
1.41	1.87066
1.42	1.85392
1.43	1.8371799999999998
1.44	1.8204399999999998
1.45	1.8037
1.46	1.7869599999999999
1.47	1.7702200000000001
1.48	1.75348
1.49	1.73674
1.5	1.72
1.51	1.7196500000000001
1.52	1.7193
1.53	1.7187
1.54	1.7186
1.55	1.7172
1.56	1.7168
1.57	1.7152
1.58	1.7145
1.59	1.7138
1.6	1.7124
1.61	1.7117
1.62	1.7104
1.63	1.7086
1.64	1.7074
1.65	1.7058
1.66	1.704
1.67	1.7026
1.68	1.701
1.69	1.6989
1.7	1.6971
1.71	1.6952
1.72	1.693
1.73	1.6908
1.74	1.6888
1.75	1.6867
1.76	1.6844
1.77	1.6821
1.78	1.6799
1.79	1.6775
1.8	1.6749
1.81	1.6723
1.82	1.6697
1.83	1.667
1.84	1.6643
1.85	1.6616
1.86	1.6589
1.87	1.6562
1.88	1.6534
1.89	1.6505
1.9	1.6477
1.91	1.6449
1.92	1.6419
1.93	1.6388
1.94	1.6358
1.95	1.6328
1.96	1.6297
1.97	1.6265
1.98	1.6234
1.99	1.6203
2.0	1.6172
2.01	1.6141
2.02	1.6109
2.03	1.6077
2.04	1.6045
2.05	1.6013
2.06	1.5981
2.07	1.5948
2.08	1.5915
2.09	1.5882
2.1	1.5849
2.11	1.5816
2.12	1.5783
2.13	1.575
2.14	1.5717
2.15	1.5684
2.16	1.5651
2.17	1.5618
2.18	1.5584
2.19	1.5551
2.2	1.5518
2.21	1.5485
2.22	1.5452
2.23	1.5419
2.24	1.5386
2.25	1.5353
2.26	1.532
2.27	1.5287
2.28	1.5254
2.29	1.5221
2.3	1.5188
2.31	1.5155
2.32	1.5123
2.33	1.509
2.34	1.5058
2.35	1.5026
2.36	1.4993
2.37	1.4961
2.38	1.493
2.39	1.4898
2.4	1.4866
2.41	1.4834
2.42	1.4803
2.43	1.4771
2.44	1.474
2.45	1.4709
2.46	1.4678
2.47	1.4647
2.48	1.4616
2.49	1.4585
2.5	1.4555
2.51	1.4525
2.52	1.4494
2.53	1.4464
2.54	1.4434
2.55	1.4405
2.56	1.4375
2.57	1.4346
2.58	1.4316
2.59	1.4287
2.6	1.4258
2.61	1.4229
2.62	1.4201
2.63	1.4172
2.64	1.4144
2.65	1.4115
2.66	1.4087
2.67	1.4059
2.68	1.4032
2.69	1.4004
2.7	1.3976
2.71	1.3949
2.72	1.3922
2.73	1.3895
2.74	1.3868
2.75	1.3841
2.76	1.3815
2.77	1.3788
2.78	1.3762
2.79	1.3736
2.8	1.371
2.81	1.3684
2.82	1.3658
2.83	1.3633
2.84	1.3607
2.85	1.3582
2.86	1.3557
2.87	1.3532
2.88	1.3507
2.89	1.3482
2.9	1.3458
2.91	1.3433
2.92	1.3409
2.93	1.3385
2.94	1.336
2.95	1.3336
2.96	1.3313
2.97	1.3289
2.98	1.3265
2.99	1.3242
3.0	1.3218
3.01	1.3195
3.02	1.3172
3.03	1.3149
3.04	1.3126
3.05	1.3103
3.06	1.3081
3.07	1.3058
3.08	1.3035
3.09	1.3013
3.1	1.2991
3.11	1.2969
3.12	1.2947
3.13	1.2925
3.14	1.2903
3.15	1.2881
3.16	1.2859
3.17	1.2837
3.18	1.2816
3.19	1.2794
3.2	1.2773
3.21	1.2752
3.22	1.273
3.23	1.2709
3.24	1.2688
3.25	1.2667
3.26	1.2646
3.27	1.2625
3.28	1.2604
3.29	1.2584
3.3	1.2563
3.31	1.2542
3.32	1.2522
3.33	1.2501
3.34	1.2481
3.35	1.246
3.36	1.244
3.37	1.242
3.38	1.2399
3.39	1.2379
3.4	1.2359
3.41	1.2339
3.42	1.2319
3.43	1.2299
3.44	1.2279
3.45	1.2259
3.46	1.2239
3.47	1.2219
3.48	1.2199
3.49	1.2179
3.5	1.216
3.51	1.214
3.52	1.212
3.53	1.2101
3.54	1.2081
3.55	1.2061
3.56	1.2042
3.57	1.2022
3.58	1.2002
3.59	1.1983
3.6	1.1963
3.61	1.1944
3.62	1.1924
3.63	1.1905
3.64	1.1886
3.65	1.1866
3.66	1.1847
3.67	1.1827
3.68	1.1808
3.69	1.1789
3.7	1.1769
3.71	1.175
3.72	1.1731
3.73	1.1711
3.74	1.1692
3.75	1.1673
3.76	1.1653
3.77	1.1634
3.78	1.1615
3.79	1.1596
3.8	1.1576
3.81	1.1557
3.82	1.1538
3.83	1.1519
3.84	1.15
3.85	1.148
3.86	1.1461
3.87	1.1442
3.88	1.1423
3.89	1.1404
3.9	1.1384
3.91	1.1365
3.92	1.1346
3.93	1.1327
3.94	1.1308
3.95	1.1289
3.96	1.127
3.97	1.125
3.98	1.1231
3.99	1.1212
4.0	1.1193
4.01	1.1174
4.02	1.1155
4.03	1.1136
4.04	1.1117
4.05	1.1098
4.06	1.1079
4.07	1.106
4.08	1.1041
4.09	1.1022
4.1	1.1003
4.11	1.0984
4.12	1.0965
4.13	1.0946
4.14	1.0927
4.15	1.0908
4.16	1.0889
4.17	1.087
4.18	1.0851
4.19	1.0832
4.2	1.0813
4.21	1.0795
4.22	1.0776
4.23	1.0757
4.24	1.0738
4.25	1.0719
4.26	1.07
4.27	1.0682
4.28	1.0663
4.29	1.0644
4.3	1.0625
4.31	1.0607
4.32	1.0588
4.33	1.0569
4.34	1.0551
4.35	1.0532
4.36	1.0513
4.37	1.0495
4.38	1.0476
4.39	1.0458
4.4	1.0439
4.41	1.0421
4.42	1.0402
4.43	1.0384
4.44	1.0365
4.45	1.0347
4.46	1.0329
4.47	1.031
4.48	1.0292
4.49	1.0273
4.5	1.0255
4.51	1.0237
4.52	1.0219
4.53	1.02
4.54	1.0182
4.55	1.0164
4.56	1.0146
4.57	1.0128
4.58	1.011
4.59	1.0092
4.6	1.0073
4.61	1.0055
4.62	1.0037
4.63	1.0019
4.64	1.0001
4.65	0.99835
4.66	0.99656
4.67	0.99477
4.68	0.99299
4.69	0.9912
4.7	0.98942
4.71	0.98765
4.72	0.98587
4.73	0.9841
4.74	0.98233
4.75	0.98056
4.76	0.9788
4.77	0.97704
4.78	0.97528
4.79	0.97352
4.8	0.97176
4.81	0.97001
4.82	0.96826
4.83	0.96652
4.84	0.96477
4.85	0.96303
4.86	0.96129
4.87	0.95956
4.88	0.95783
4.89	0.95609
4.9	0.95437
4.91	0.95264
4.92	0.95092
4.93	0.9492
4.94	0.94748
4.95	0.94576
4.96	0.94405
4.97	0.94234
4.98	0.94063
4.99	0.93893
5.0	0.93723
5.01	0.93553
5.02	0.93383
5.03	0.93213
5.04	0.93044
5.05	0.92875
5.06	0.92706
5.07	0.92538
5.08	0.92369
5.09	0.92201
5.1	0.92034
5.11	0.91866
5.12	0.91699
5.13	0.91532
5.14	0.91365
5.15	0.91198
5.16	0.91032
5.17	0.90866
5.18	0.907
5.19	0.90535
5.2	0.90369
5.21	0.90204
5.22	0.90039
5.23	0.89875
5.24	0.8971
5.25	0.89546
5.26	0.89382
5.27	0.89218
5.28	0.89055
5.29	0.88892
5.3	0.88729
5.31	0.88566
5.32	0.88404
5.33	0.88241
5.34	0.88079
5.35	0.87918
5.36	0.87756
5.37	0.87595
5.38	0.87434
5.39	0.87273
5.4	0.87112
5.41	0.86952
5.42	0.86792
5.43	0.86632
5.44	0.86473
5.45	0.86313
5.46	0.86154
5.47	0.85995
5.48	0.85836
5.49	0.85678
5.5	0.8552
5.51	0.85362
5.52	0.85204
5.53	0.85047
5.54	0.84889
5.55	0.84733
5.56	0.84576
5.57	0.84419
5.58	0.84263
5.59	0.84107
5.6	0.83951
5.61	0.83796
5.62	0.8364
5.63	0.83485
5.64	0.83331
5.65	0.83176
5.66	0.83022
5.67	0.82868
5.68	0.82714
5.69	0.8256
5.7	0.82407
5.71	0.82254
5.72	0.82101
5.73	0.81948
5.74	0.81796
5.75	0.81644
5.76	0.81492
5.77	0.8134
5.78	0.81189
5.79	0.81038
5.8	0.80887
5.81	0.80736
5.82	0.80586
5.83	0.80436
5.84	0.80286
5.85	0.80136
5.86	0.79987
5.87	0.79837
5.88	0.79688
5.89	0.7954
5.9	0.79391
5.91	0.79243
5.92	0.79095
5.93	0.78947
5.94	0.788
5.95	0.78652
5.96	0.78505
5.97	0.78359
5.98	0.78212
5.99	0.78066
6.0	0.7792
6.01	0.77774
6.02	0.77628
6.03	0.77483
6.04	0.77338
6.05	0.77193
6.06	0.77048
6.07	0.76904
6.08	0.7676
6.09	0.76616
6.1	0.76472
6.11	0.76329
6.12	0.76186
6.13	0.76043
6.14	0.759
6.15	0.75757
6.16	0.75615
6.17	0.75473
6.18	0.75331
6.19	0.7519
6.2	0.75048
6.21	0.74907
6.22	0.74766
6.23	0.74626
6.24	0.74485
6.25	0.74345
6.26	0.74205
6.27	0.74065
6.28	0.73926
6.29	0.73787
6.3	0.73648
6.31	0.73509
6.32	0.7337
6.33	0.73232
6.34	0.73094
6.35	0.72956
6.36	0.72818
6.37	0.7268
6.38	0.72543
6.39	0.72406
6.4	0.72269
6.41	0.72133
6.42	0.71996
6.43	0.7186
6.44	0.71724
6.45	0.71589
6.46	0.71453
6.47	0.71318
6.48	0.71183
6.49	0.71048
6.5	0.70913
6.51	0.70779
6.52	0.70645
6.53	0.70511
6.54	0.70377
6.55	0.70244
6.56	0.7011
6.57	0.69977
6.58	0.69844
6.59	0.69712
6.6	0.69579
6.61	0.69447
6.62	0.69315
6.63	0.69183
6.64	0.69052
6.65	0.6892
6.66	0.68789
6.67	0.68658
6.68	0.68528
6.69	0.68397
6.7	0.68267
6.71	0.68137
6.72	0.68007
6.73	0.67877
6.74	0.67748
6.75	0.67619
6.76	0.6749
6.77	0.67361
6.78	0.67233
6.79	0.67105
6.8	0.66976
6.81	0.66849
6.82	0.66721
6.83	0.66594
6.84	0.66466
6.85	0.66339
6.86	0.66213
6.87	0.66086
6.88	0.6596
6.89	0.65834
6.9	0.65708
6.91	0.65582
6.92	0.65457
6.93	0.65332
6.94	0.65207
6.95	0.65082
6.96	0.64957
6.97	0.64833
6.98	0.64709
6.99	0.64585
7.0	0.64461
7.01	0.64338
7.02	0.64215
7.03	0.64092
7.04	0.63969
7.05	0.63846
7.06	0.63724
7.07	0.63602
7.08	0.6348
7.09	0.63358
7.1	0.63237
7.11	0.63116
7.12	0.62995
7.13	0.62874
7.14	0.62754
7.15	0.62633
7.16	0.62513
7.17	0.62393
7.18	0.62274
7.19	0.62154
7.2	0.62035
7.21	0.61916
7.22	0.61797
7.23	0.61679
7.24	0.61561
7.25	0.61443
7.26	0.61325
7.27	0.61207
7.28	0.6109
7.29	0.60973
7.3	0.60856
7.31	0.60739
7.32	0.60622
7.33	0.60506
7.34	0.6039
7.35	0.60274
7.36	0.60159
7.37	0.60043
7.38	0.59928
7.39	0.59813
7.4	0.59698
7.41	0.59584
7.42	0.5947
7.43	0.59356
7.44	0.59242
7.45	0.59128
7.46	0.59015
7.47	0.58902
7.48	0.58789
7.49	0.58676
7.5	0.58563
7.51	0.58451
7.52	0.58339
7.53	0.58227
7.54	0.58116
7.55	0.58004
7.56	0.57893
7.57	0.57782
7.58	0.57671
7.59	0.57561
7.6	0.57451
7.61	0.5734
7.62	0.57231
7.63	0.57121
7.64	0.57011
7.65	0.56902
7.66	0.56793
7.67	0.56684
7.68	0.56576
7.69	0.56467
7.7	0.56359
7.71	0.56251
7.72	0.56143
7.73	0.56036
7.74	0.55929
7.75	0.55821
7.76	0.55715
7.77	0.55608
7.78	0.55501
7.79	0.55395
7.8	0.55289
7.81	0.55183
7.82	0.55078
7.83	0.54972
7.84	0.54867
7.85	0.54762
7.86	0.54657
7.87	0.54552
7.88	0.54448
7.89	0.54344
7.9	0.5424
7.91	0.54136
7.92	0.54032
7.93	0.53929
7.94	0.53826
7.95	0.53723
7.96	0.5362
7.97	0.53518
7.98	0.53415
7.99	0.53313
8.0	0.53211
8.01	0.53109
8.02	0.53008
8.03	0.52906
8.04	0.52805
8.05	0.52704
8.06	0.52604
8.07	0.52503
8.08	0.52403
8.09	0.52302
8.1	0.52202
8.11	0.52103
8.12	0.52003
8.13	0.51904
8.14	0.51805
8.15	0.51706
8.16	0.51607
8.17	0.51508
8.18	0.5141
8.19	0.51312
8.2	0.51214
8.21	0.51116
8.22	0.51018
8.23	0.50921
8.24	0.50824
8.25	0.50727
8.26	0.5063
8.27	0.50533
8.28	0.50437
8.29	0.5034
8.3	0.50244
8.31	0.50149
8.32	0.50053
8.33	0.49957
8.34	0.49862
8.35	0.49767
8.36	0.49672
8.37	0.49577
8.38	0.49483
8.39	0.49389
8.4	0.49294
8.41	0.492
8.42	0.49107
8.43	0.49013
8.44	0.4892
8.45	0.48827
8.46	0.48734
8.47	0.48641
8.48	0.48548
8.49	0.48456
8.5	0.48364
8.51	0.48272
8.52	0.4818
8.53	0.48088
8.54	0.47997
8.55	0.47905
8.56	0.47814
8.57	0.47723
8.58	0.47633
8.59	0.47542
8.6	0.47452
8.61	0.47362
8.62	0.47272
8.63	0.47182
8.64	0.47092
8.65	0.47003
8.66	0.46914
8.67	0.46825
8.68	0.46736
8.69	0.46647
8.7	0.46559
8.71	0.46471
8.72	0.46383
8.73	0.46295
8.74	0.46207
8.75	0.4612
8.76	0.46032
8.77	0.45945
8.78	0.45858
8.79	0.45771
8.8	0.45685
8.81	0.45598
8.82	0.45512
8.83	0.45426
8.84	0.4534
8.85	0.45255
8.86	0.45169
8.87	0.45084
8.88	0.44999
8.89	0.44914
8.9	0.44829
8.91	0.44745
8.92	0.4466
8.93	0.44576
8.94	0.44492
8.95	0.44409
8.96	0.44325
8.97	0.44242
8.98	0.44158
8.99	0.44075
9.0	0.43992
9.01	0.4391
9.02	0.43827
9.03	0.43745
9.04	0.43663
9.05	0.43581
9.06	0.43499
9.07	0.43418
9.08	0.43336
9.09	0.43255
9.1	0.43174
9.11	0.43094
9.12	0.43013
9.13	0.42933
9.14	0.42853
9.15	0.42773
9.16	0.42693
9.17	0.42613
9.18	0.42534
9.19	0.42455
9.2	0.42376
9.21	0.42298
9.22	0.4222
9.23	0.42142
9.24	0.42065
9.25	0.41988
9.26	0.41912
9.27	0.41838
9.28	0.41765
9.29	0.41695
9.3	0.41627
9.31	0.41544
9.32	0.41445
9.33	0.41356
9.34	0.41277
9.35	0.41201
9.36	0.41126
9.37	0.41051
9.38	0.40977
9.39	0.40902
9.4	0.40829
9.41	0.40755
9.42	0.40682
9.43	0.4061
9.44	0.40539
9.45	0.40468
9.46	0.40398
9.47	0.4033
9.48	0.40263
9.49	0.40199
9.5	0.40138
9.51	0.40081
9.52	0.40032
9.53	0.39992
9.54	0.40004666666666666
9.55	0.4001733333333333
9.56	0.4003
9.57	0.40188
9.58	0.4056
9.59	0.404104
9.6	0.40260799999999997
9.61	0.401112
9.62	0.39961599999999997
9.63	0.39812
9.64	0.39471
9.65	0.39329600000000003
9.66	0.39188199999999995
9.67	0.39046800000000004
9.68	0.389054
9.69	0.38764
9.7	0.38674
9.71	0.38589
9.72	0.38507
9.73	0.38428
9.74	0.3835
9.75	0.38274
9.76	0.38199
9.77	0.38125
9.78	0.38052
9.79	0.3798
9.8	0.37909
9.81	0.37839
9.82	0.37771
9.83	0.37709
9.84	0.37655
9.85	0.37622
9.86	0.37633
9.87	0.37699
9.88	0.37709
9.89	0.37581
9.9	0.37431
9.91	0.37305
9.92	0.372
9.93	0.37109
9.94	0.37024
9.95	0.36945
9.96	0.36868
9.97	0.36794
9.98	0.36722
9.99	0.3665
10.0	0.3658
10.01	0.3651
10.02	0.36441
10.03	0.36372
10.04	0.36304
10.05	0.36236
10.06	0.36169
10.07	0.36102
10.08	0.36035
10.09	0.35969
10.1	0.35904
10.11	0.3584
10.12	0.35781
10.13	0.35726
10.14	0.3567
10.15	0.35606
10.16	0.35538
10.17	0.3547
10.18	0.35402
10.19	0.35335
10.2	0.3527
10.21	0.35205
10.22	0.3514
10.23	0.35076
10.24	0.35013
10.25	0.3495
10.26	0.34887
10.27	0.34825
10.28	0.34763
10.29	0.34702
10.3	0.34641
10.31	0.34582
10.32	0.34523
10.33	0.34466
10.34	0.3441
10.35	0.34356
10.36	0.34303
10.37	0.34248
10.38	0.34184
10.39	0.34109
10.4	0.34029
10.41	0.33952
10.42	0.3388
10.43	0.33813
10.44	0.33748
10.45	0.33686
10.46	0.33624
10.47	0.33563
10.48	0.33502
10.49	0.33442
10.5	0.33382
10.51	0.33322
10.52	0.33262
10.53	0.33203
10.54	0.33143
10.55	0.33084
10.56	0.33025
10.57	0.32966
10.58	0.32907
10.59	0.32848
10.6	0.32789
10.61	0.32731
10.62	0.32673
10.63	0.32616
10.64	0.32558
10.65	0.32501
10.66	0.32443
10.67	0.32386
10.68	0.32328
10.69	0.32271
10.7	0.32213
10.71	0.32156
10.72	0.32099
10.73	0.32042
10.74	0.31985
10.75	0.31928
10.76	0.31871
10.77	0.31815
10.78	0.31758
10.79	0.31702
10.8	0.31646
10.81	0.3159
10.82	0.31535
10.83	0.3148
10.84	0.31426
10.85	0.31372
10.86	0.31319
10.87	0.31266
10.88	0.31212
10.89	0.31158
10.9	0.31103
10.91	0.31048
10.92	0.30993
10.93	0.30938
10.94	0.30884
10.95	0.30829
10.96	0.30775
10.97	0.30721
10.98	0.30667
10.99	0.30614
11.0	0.3056
11.01	0.30507
11.02	0.30454
11.03	0.30402
11.04	0.30349
11.05	0.30297
11.06	0.30245
11.07	0.30192
11.08	0.30138
11.09	0.30084
11.1	0.30028
11.11	0.29974
11.12	0.2992
11.13	0.29867
11.14	0.29815
11.15	0.29763
11.16	0.29712
11.17	0.29661
11.18	0.2961
11.19	0.2956
11.2	0.2951
11.21	0.2946
11.22	0.29411
11.23	0.29362
11.24	0.29314
11.25	0.29266
11.26	0.29218
11.27	0.29167
11.28	0.29113
11.29	0.29057
11.3	0.29002
11.31	0.28948
11.32	0.28896
11.33	0.28845
11.34	0.28795
11.35	0.28745
11.36	0.28696
11.37	0.28648
11.38	0.286
11.39	0.28553
11.4	0.28506
11.41	0.2846
11.42	0.28414
11.43	0.28367
11.44	0.28316
11.45	0.28262
11.46	0.2821
11.47	0.28159
11.48	0.28109
11.49	0.2806
11.5	0.28013
11.51	0.27965
11.52	0.27919
11.53	0.27874
11.54	0.27829
11.55	0.27782
11.56	0.27731
11.57	0.27681
11.58	0.27632
11.59	0.27585
11.6	0.2754
11.61	0.27497
11.62	0.27445
11.63	0.27399
11.64	0.27352
11.65	0.27306
11.66	0.27259
11.67	0.27213
11.68	0.27167
11.69	0.27121
11.7	0.27075
11.71	0.27029
11.72	0.26983
11.73	0.26937
11.74	0.26892
11.75	0.26846
11.76	0.26801
11.77	0.26756
11.78	0.2671
11.79	0.26665
11.8	0.2662
11.81	0.26576
11.82	0.26531
11.83	0.26486
11.84	0.26442
11.85	0.26397
11.86	0.26353
11.87	0.26309
11.88	0.26265
11.89	0.26221
11.9	0.26177
11.91	0.26133
11.92	0.26089
11.93	0.26046
11.94	0.26002
11.95	0.25959
11.96	0.25916
11.97	0.25872
11.98	0.25829
11.99	0.25786
12.0	0.25743
12.01	0.25701
12.02	0.25658
12.03	0.25615
12.04	0.25573
12.05	0.2553
12.06	0.25488
12.07	0.25446
12.08	0.25404
12.09	0.25362
12.1	0.2532
12.11	0.25278
12.12	0.25236
12.13	0.25195
12.14	0.25153
12.15	0.25112
12.16	0.2507
12.17	0.25029
12.18	0.24988
12.19	0.24947
12.2	0.24906
12.21	0.24865
12.22	0.24824
12.23	0.24783
12.24	0.24742
12.25	0.24702
12.26	0.24661
12.27	0.24621
12.28	0.24581
12.29	0.2454
12.3	0.245
12.31	0.2446
12.32	0.2442
12.33	0.2438
12.34	0.24341
12.35	0.24301
12.36	0.24261
12.37	0.24222
12.38	0.24182
12.39	0.24143
12.4	0.24104
12.41	0.24064
12.42	0.24025
12.43	0.23986
12.44	0.23947
12.45	0.23908
12.46	0.2387
12.47	0.23831
12.48	0.23792
12.49	0.23754
12.5	0.23715
12.51	0.23677
12.52	0.23639
12.53	0.236
12.54	0.23562
12.55	0.23524
12.56	0.23486
12.57	0.23448
12.58	0.23411
12.59	0.23373
12.6	0.23335
12.61	0.23298
12.62	0.2326
12.63	0.23223
12.64	0.23185
12.65	0.23148
12.66	0.23111
12.67	0.23074
12.68	0.23037
12.69	0.23
12.7	0.22963
12.71	0.22926
12.72	0.22889
12.73	0.22852
12.74	0.22816
12.75	0.22779
12.76	0.22743
12.77	0.22707
12.78	0.2267
12.79	0.22634
12.8	0.22598
12.81	0.22562
12.82	0.22526
12.83	0.2249
12.84	0.22454
12.85	0.22418
12.86	0.22383
12.87	0.22347
12.88	0.22311
12.89	0.22276
12.9	0.2224
12.91	0.22205
12.92	0.2217
12.93	0.22135
12.94	0.22099
12.95	0.22064
12.96	0.22029
12.97	0.21995
12.98	0.2196
12.99	0.21925
13.0	0.2189
13.01	0.21856
13.02	0.21821
13.03	0.21786
13.04	0.21752
13.05	0.21718
13.06	0.21683
13.07	0.21649
13.08	0.21615
13.09	0.21581
13.1	0.21547
13.11	0.21513
13.12	0.21479
13.13	0.21445
13.14	0.21412
13.15	0.21378
13.16	0.21344
13.17	0.21311
13.18	0.21277
13.19	0.21244
13.2	0.21211
13.21	0.21177
13.22	0.21144
13.23	0.21111
13.24	0.21078
13.25	0.21045
13.26	0.21012
13.27	0.20979
13.28	0.20946
13.29	0.20914
13.3	0.20881
13.31	0.20848
13.32	0.20816
13.33	0.20783
13.34	0.20751
13.35	0.20719
13.36	0.20686
13.37	0.20654
13.38	0.20622
13.39	0.2059
13.4	0.20558
13.41	0.20526
13.42	0.20494
13.43	0.20462
13.44	0.2043
13.45	0.20399
13.46	0.20367
13.47	0.20335
13.48	0.20304
13.49	0.20273
13.5	0.20241
13.51	0.2021
13.52	0.20179
13.53	0.20147
13.54	0.20116
13.55	0.20085
13.56	0.20054
13.57	0.20023
13.58	0.19992
13.59	0.19962
13.6	0.19931
13.61	0.199
13.62	0.19869
13.63	0.19839
13.64	0.19808
13.65	0.19778
13.66	0.19748
13.67	0.19717
13.68	0.19687
13.69	0.19657
13.7	0.19627
13.71	0.19597
13.72	0.19567
13.73	0.19537
13.74	0.19507
13.75	0.19477
13.76	0.19447
13.77	0.19417
13.78	0.19388
13.79	0.19358
13.8	0.19328
13.81	0.19299
13.82	0.1927
13.83	0.1924
13.84	0.19211
13.85	0.19182
13.86	0.19152
13.87	0.19123
13.88	0.19094
13.89	0.19065
13.9	0.19036
13.91	0.19007
13.92	0.18978
13.93	0.1895
13.94	0.18921
13.95	0.18892
13.96	0.18864
13.97	0.18835
13.98	0.18807
13.99	0.18778
14.0	0.1875
14.01	0.18721
14.02	0.18693
14.03	0.18665
14.04	0.18637
14.05	0.18609
14.06	0.18581
14.07	0.18553
14.08	0.18525
14.09	0.18497
14.1	0.18469
14.11	0.18441
14.12	0.18414
14.13	0.18386
14.14	0.18358
14.15	0.18331
14.16	0.18303
14.17	0.18276
14.18	0.18248
14.19	0.18221
14.2	0.18194
14.21	0.18167
14.22	0.1814
14.23	0.18112
14.24	0.18085
14.25	0.18058
14.26	0.18031
14.27	0.18005
14.28	0.17978
14.29	0.17951
14.3	0.17924
14.31	0.17898
14.32	0.17871
14.33	0.17844
14.34	0.17818
14.35	0.17791
14.36	0.17765
14.37	0.17739
14.38	0.17712
14.39	0.17686
14.4	0.1766
14.41	0.17634
14.42	0.17608
14.43	0.17582
14.44	0.17556
14.45	0.1753
14.46	0.17504
14.47	0.17478
14.48	0.17452
14.49	0.17426
14.5	0.17401
14.51	0.17375
14.52	0.17349
14.53	0.17324
14.54	0.17298
14.55	0.17273
14.56	0.17248
14.57	0.17222
14.58	0.17197
14.59	0.17172
14.6	0.17147
14.61	0.17122
14.62	0.17096
14.63	0.17071
14.64	0.17046
14.65	0.17022
14.66	0.16997
14.67	0.16972
14.68	0.16947
14.69	0.16922
14.7	0.16898
14.71	0.16873
14.72	0.16848
14.73	0.16824
14.74	0.16799
14.75	0.16775
14.76	0.16751
14.77	0.16726
14.78	0.16702
14.79	0.16678
14.8	0.16654
14.81	0.16629
14.82	0.16605
14.83	0.16581
14.84	0.16557
14.85	0.16533
14.86	0.16509
14.87	0.16486
14.88	0.16462
14.89	0.16438
14.9	0.16414
14.91	0.16391
14.92	0.16367
14.93	0.16343
14.94	0.1632
14.95	0.16296
14.96	0.16273
14.97	0.1625
14.98	0.16226
14.99	0.16203
15.0	0.1618
15.01	0.16157
15.02	0.16133
15.03	0.1611
15.04	0.16087
15.05	0.16064
15.06	0.16041
15.07	0.16018
15.08	0.15995
15.09	0.15973
15.1	0.1595
15.11	0.15927
15.12	0.15904
15.13	0.15882
15.14	0.15859
15.15	0.15836
15.16	0.15814
15.17	0.15791
15.18	0.15769
15.19	0.15747
15.2	0.15724
15.21	0.15702
15.22	0.1568
15.23	0.15658
15.24	0.15635
15.25	0.15613
15.26	0.15591
15.27	0.15569
15.28	0.15547
15.29	0.15525
15.3	0.15503
15.31	0.15481
15.32	0.1546
15.33	0.15438
15.34	0.15416
15.35	0.15394
15.36	0.15373
15.37	0.15351
15.38	0.15329
15.39	0.15308
15.4	0.15286
15.41	0.15265
15.42	0.15244
15.43	0.15222
15.44	0.15201
15.45	0.1518
15.46	0.15158
15.47	0.15137
15.48	0.15116
15.49	0.15095
15.5	0.15074
15.51	0.15053
15.52	0.15032
15.53	0.15011
15.54	0.1499
15.55	0.14969
15.56	0.14948
15.57	0.14927
15.58	0.14907
15.59	0.14886
15.6	0.14865
15.61	0.14845
15.62	0.14824
15.63	0.14804
15.64	0.14783
15.65	0.14763
15.66	0.14742
15.67	0.14722
15.68	0.14701
15.69	0.14681
15.7	0.14661
15.71	0.14641
15.72	0.1462
15.73	0.146
15.74	0.1458
15.75	0.1456
15.76	0.1454
15.77	0.1452
15.78	0.145
15.79	0.1448
15.8	0.1446
15.81	0.14441
15.82	0.14421
15.83	0.14401
15.84	0.14381
15.85	0.14362
15.86	0.14342
15.87	0.14322
15.88	0.14303
15.89	0.14283
15.9	0.14264
15.91	0.14244
15.92	0.14225
15.93	0.14205
15.94	0.14186
15.95	0.14167
15.96	0.14147
15.97	0.14128
15.98	0.14109
15.99	0.1409
16.0	0.14071
16.01	0.14052
16.02	0.14032
16.03	0.14013
16.04	0.13994
16.05	0.13976
16.06	0.13957
16.07	0.13938
16.08	0.13919
16.09	0.139
16.1	0.13881
16.11	0.13863
16.12	0.13844
16.13	0.13825
16.14	0.13807
16.15	0.13788
16.16	0.13769
16.17	0.13751
16.18	0.13732
16.19	0.13714
16.2	0.13696
16.21	0.13677
16.22	0.13659
16.23	0.13641
16.24	0.13622
16.25	0.13604
16.26	0.13586
16.27	0.13568
16.28	0.13549
16.29	0.13531
16.3	0.13513
16.31	0.13495
16.32	0.13477
16.33	0.13459
16.34	0.13441
16.35	0.13423
16.36	0.13406
16.37	0.13388
16.38	0.1337
16.39	0.13352
16.4	0.13334
16.41	0.13317
16.42	0.13299
16.43	0.13281
16.44	0.13264
16.45	0.13246
16.46	0.13229
16.47	0.13211
16.48	0.13194
16.49	0.13176
16.5	0.13159
16.51	0.13141
16.52	0.13124
16.53	0.13107
16.54	0.1309
16.55	0.13072
16.56	0.13055
16.57	0.13038
16.58	0.13021
16.59	0.13004
16.6	0.12987
16.61	0.1297
16.62	0.12953
16.63	0.12936
16.64	0.12919
16.65	0.12902
16.66	0.12885
16.67	0.12868
16.68	0.12851
16.69	0.12834
16.7	0.12817
16.71	0.12801
16.72	0.12784
16.73	0.12767
16.74	0.12751
16.75	0.12734
16.76	0.12717
16.77	0.12701
16.78	0.12684
16.79	0.12668
16.8	0.12651
16.81	0.12635
16.82	0.12619
16.83	0.12602
16.84	0.12586
16.85	0.1257
16.86	0.12553
16.87	0.12537
16.88	0.12521
16.89	0.12505
16.9	0.12488
16.91	0.12472
16.92	0.12456
16.93	0.1244
16.94	0.12424
16.95	0.12408
16.96	0.12392
16.97	0.12376
16.98	0.1236
16.99	0.12344
17.0	0.12328
17.01	0.12313
17.02	0.12297
17.03	0.12281
17.04	0.12265
17.05	0.12249
17.06	0.12234
17.07	0.12218
17.08	0.12202
17.09	0.12187
17.1	0.12171
17.11	0.12156
17.12	0.1214
17.13	0.12125
17.14	0.12109
17.15	0.12094
17.16	0.12078
17.17	0.12063
17.18	0.12048
17.19	0.12032
17.2	0.12017
17.21	0.12002
17.22	0.11986
17.23	0.11971
17.24	0.11956
17.25	0.11941
17.26	0.11926
17.27	0.11911
17.28	0.11895
17.29	0.1188
17.3	0.11865
17.31	0.1185
17.32	0.11835
17.33	0.1182
17.34	0.11806
17.35	0.11791
17.36	0.11776
17.37	0.11761
17.38	0.11746
17.39	0.11731
17.4	0.11717
17.41	0.11702
17.42	0.11687
17.43	0.11672
17.44	0.11658
17.45	0.11643
17.46	0.11628
17.47	0.11614
17.48	0.11599
17.49	0.11585
17.5	0.1157
17.51	0.11556
17.52	0.11541
17.53	0.11527
17.54	0.11513
17.55	0.11498
17.56	0.11484
17.57	0.11469
17.58	0.11455
17.59	0.11441
17.6	0.11427
17.61	0.11412
17.62	0.11398
17.63	0.11384
17.64	0.1137
17.65	0.11356
17.66	0.11342
17.67	0.11328
17.68	0.11314
17.69	0.11299
17.7	0.11285
17.71	0.11272
17.72	0.11258
17.73	0.11244
17.74	0.1123
17.75	0.11216
17.76	0.11202
17.77	0.11188
17.78	0.11174
17.79	0.11161
17.8	0.11147
17.81	0.11133
17.82	0.11119
17.83	0.11106
17.84	0.11092
17.85	0.11078
17.86	0.11065
17.87	0.11051
17.88	0.11038
17.89	0.11024
17.9	0.11011
17.91	0.10997
17.92	0.10984
17.93	0.1097
17.94	0.10957
17.95	0.10943
17.96	0.1093
17.97	0.10917
17.98	0.10903
17.99	0.1089
18.0	0.10877
18.01	0.10863
18.02	0.1085
18.03	0.10837
18.04	0.10824
18.05	0.10811
18.06	0.10797
18.07	0.10784
18.08	0.10771
18.09	0.10758
18.1	0.10745
18.11	0.10732
18.12	0.10719
18.13	0.10706
18.14	0.10693
18.15	0.1068
18.16	0.10667
18.17	0.10654
18.18	0.10641
18.19	0.10629
18.2	0.10616
18.21	0.10603
18.22	0.1059
18.23	0.10577
18.24	0.10565
18.25	0.10552
18.26	0.10539
18.27	0.10527
18.28	0.10514
18.29	0.10501
18.3	0.10489
18.31	0.10476
18.32	0.10463
18.33	0.10451
18.34	0.10438
18.35	0.10426
18.36	0.10413
18.37	0.10401
18.38	0.10388
18.39	0.10376
18.4	0.10364
18.41	0.10351
18.42	0.10339
18.43	0.10327
18.44	0.10314
18.45	0.10302
18.46	0.1029
18.47	0.10277
18.48	0.10265
18.49	0.10253
18.5	0.10241
18.51	0.10229
18.52	0.10216
18.53	0.10204
18.54	0.10192
18.55	0.1018
18.56	0.10168
18.57	0.10156
18.58	0.10144
18.59	0.10132
18.6	0.1012
18.61	0.10108
18.62	0.10096
18.63	0.10084
18.64	0.10072
18.65	0.1006
18.66	0.10048
18.67	0.10037
18.68	0.10025
18.69	0.10013
18.7	0.10001
18.71	0.099894
18.72	0.099777
18.73	0.09966
18.74	0.099542
18.75	0.099426
18.76	0.099309
18.77	0.099192
18.78	0.099076
18.79	0.09896
18.8	0.098844
18.81	0.098728
18.82	0.098613
18.83	0.098498
18.84	0.098382
18.85	0.098267
18.86	0.098153
18.87	0.098038
18.88	0.097924
18.89	0.09781
18.9	0.097696
18.91	0.097582
18.92	0.097468
18.93	0.097355
18.94	0.097242
18.95	0.097128
18.96	0.097016
18.97	0.096903
18.98	0.09679
18.99	0.096678
19.0	0.096566
19.01	0.096454
19.02	0.096342
19.03	0.096231
19.04	0.09612
19.05	0.096008
19.06	0.095897
19.07	0.095787
19.08	0.095676
19.09	0.095565
19.1	0.095455
19.11	0.095345
19.12	0.095235
19.13	0.095125
19.14	0.095016
19.15	0.094907
19.16	0.094797
19.17	0.094688
19.18	0.09458
19.19	0.094471
19.2	0.094362
19.21	0.094254
19.22	0.094146
19.23	0.094038
19.24	0.09393
19.25	0.093823
19.26	0.093715
19.27	0.093608
19.28	0.093501
19.29	0.093394
19.3	0.093288
19.31	0.093181
19.32	0.093075
19.33	0.092969
19.34	0.092863
19.35	0.092757
19.36	0.092651
19.37	0.092546
19.38	0.09244
19.39	0.092335
19.4	0.09223
19.41	0.092125
19.42	0.092021
19.43	0.091916
19.44	0.091812
19.45	0.091708
19.46	0.091604
19.47	0.0915
19.48	0.091397
19.49	0.091293
19.5	0.09119
19.51	0.091087
19.52	0.090984
19.53	0.090881
19.54	0.090778
19.55	0.090676
19.56	0.090574
19.57	0.090472
19.58	0.09037
19.59	0.090268
19.6	0.090166
19.61	0.090065
19.62	0.089964
19.63	0.089862
19.64	0.089761
19.65	0.089661
19.66	0.08956
19.67	0.08946
19.68	0.089359
19.69	0.089259
19.7	0.089159
19.71	0.089059
19.72	0.08896
19.73	0.08886
19.74	0.088761
19.75	0.088662
19.76	0.088563
19.77	0.088464
19.78	0.088365
19.79	0.088266
19.8	0.088168
19.81	0.08807
19.82	0.087972
19.83	0.087874
19.84	0.087776
19.85	0.087678
19.86	0.087581
19.87	0.087484
19.88	0.087387
19.89	0.08729
19.9	0.087193
19.91	0.087096
19.92	0.087
19.93	0.086903
19.94	0.086807
19.95	0.086711
19.96	0.086615
19.97	0.086519
19.98	0.086424
19.99	0.086328
20.0	0.086233
20.01	0.086138
20.02	0.086043
20.03	0.085948
20.04	0.085853
20.05	0.085759
20.06	0.085664
20.07	0.08557
20.08	0.085476
20.09	0.085382
20.1	0.085288
20.11	0.085194
20.12	0.085101
20.13	0.085008
20.14	0.084914
20.15	0.084821
20.16	0.084728
20.17	0.084636
20.18	0.084543
20.19	0.08445
20.2	0.084358
20.21	0.084266
20.22	0.084174
20.23	0.084082
20.24	0.08399
20.25	0.083899
20.26	0.083807
20.27	0.083716
20.28	0.083625
20.29	0.083534
20.3	0.083443
20.31	0.083352
20.32	0.083261
20.33	0.083171
20.34	0.083081
20.35	0.08299
20.36	0.0829
20.37	0.08281
20.38	0.082721
20.39	0.082631
20.4	0.082542
20.41	0.082452
20.42	0.082363
20.43	0.082274
20.44	0.082185
20.45	0.082096
20.46	0.082008
20.47	0.081919
20.48	0.081831
20.49	0.081742
20.5	0.081654
20.51	0.081566
20.52	0.081479
20.53	0.081391
20.54	0.081303
20.55	0.081216
20.56	0.081129
20.57	0.081041
20.58	0.080954
20.59	0.080868
20.6	0.080781
20.61	0.080694
20.62	0.080608
20.63	0.080521
20.64	0.080435
20.65	0.080349
20.66	0.080263
20.67	0.080177
20.68	0.080092
20.69	0.080006
20.7	0.079921
20.71	0.079835
20.72	0.07975
20.73	0.079665
20.74	0.07958
20.75	0.079496
20.76	0.079411
20.77	0.079326
20.78	0.079242
20.79	0.079158
20.8	0.079074
20.81	0.07899
20.82	0.078906
20.83	0.078822
20.84	0.078739
20.85	0.078655
20.86	0.078572
20.87	0.078489
20.88	0.078405
20.89	0.078322
20.9	0.07824
20.91	0.078157
20.92	0.078074
20.93	0.077992
20.94	0.07791
20.95	0.077827
20.96	0.077745
20.97	0.077663
20.98	0.077581
20.99	0.0775
21.0	0.077418
21.01	0.077337
21.02	0.077255
21.03	0.077174
21.04	0.077093
21.05	0.077012
21.06	0.076931
21.07	0.076851
21.08	0.07677
21.09	0.07669
21.1	0.076609
21.11	0.076529
21.12	0.076449
21.13	0.076369
21.14	0.076289
21.15	0.076209
21.16	0.07613
21.17	0.07605
21.18	0.075971
21.19	0.075891
21.2	0.075812
21.21	0.075733
21.22	0.075654
21.23	0.075576
21.24	0.075497
21.25	0.075418
21.26	0.07534
21.27	0.075262
21.28	0.075183
21.29	0.075105
21.3	0.075027
21.31	0.07495
21.32	0.074872
21.33	0.074794
21.34	0.074717
21.35	0.074639
21.36	0.074562
21.37	0.074485
21.38	0.074408
21.39	0.074331
21.4	0.074254
21.41	0.074177
21.42	0.074101
21.43	0.074024
21.44	0.073948
21.45	0.073872
21.46	0.073796
21.47	0.07372
21.48	0.073644
21.49	0.073568
21.5	0.073492
21.51	0.073417
21.52	0.073341
21.53	0.073266
21.54	0.073191
21.55	0.073116
21.56	0.073041
21.57	0.072966
21.58	0.072891
21.59	0.072816
21.6	0.072742
21.61	0.072667
21.62	0.072593
21.63	0.072519
21.64	0.072445
21.65	0.072371
21.66	0.072297
21.67	0.072223
21.68	0.072149
21.69	0.072076
21.7	0.072002
21.71	0.071929
21.72	0.071856
21.73	0.071783
21.74	0.07171
21.75	0.071637
21.76	0.071564
21.77	0.071491
21.78	0.071419
21.79	0.071346
21.8	0.071274
21.81	0.071202
21.82	0.071129
21.83	0.071057
21.84	0.070985
21.85	0.070913
21.86	0.070842
21.87	0.07077
21.88	0.070699
21.89	0.070627
21.9	0.070556
21.91	0.070485
21.92	0.070413
21.93	0.070342
21.94	0.070272
21.95	0.070201
21.96	0.07013
21.97	0.070059
21.98	0.069989
21.99	0.069919
22.0	0.069848
22.01	0.069778
22.02	0.069708
22.03	0.069638
22.04	0.069568
22.05	0.069498
22.06	0.069429
22.07	0.069359
22.08	0.06929
22.09	0.06922
22.1	0.069151
22.11	0.069082
22.12	0.069013
22.13	0.068944
22.14	0.068875
22.15	0.068806
22.16	0.068737
22.17	0.068669
22.18	0.0686
22.19	0.068532
22.2	0.068464
22.21	0.068396
22.22	0.068327
22.23	0.068259
22.24	0.068192
22.25	0.068124
22.26	0.068056
22.27	0.067989
22.28	0.067921
22.29	0.067854
22.3	0.067786
22.31	0.067719
22.32	0.067652
22.33	0.067585
22.34	0.067518
22.35	0.067451
22.36	0.067385
22.37	0.067318
22.38	0.067251
22.39	0.067185
22.4	0.067119
22.41	0.067052
22.42	0.066986
22.43	0.06692
22.44	0.066854
22.45	0.066788
22.46	0.066723
22.47	0.066657
22.48	0.066591
22.49	0.066526
22.5	0.06646
22.51	0.066395
22.52	0.06633
22.53	0.066265
22.54	0.0662
22.55	0.066135
22.56	0.06607
22.57	0.066005
22.58	0.065941
22.59	0.065876
22.6	0.065812
22.61	0.065747
22.62	0.065683
22.63	0.065619
22.64	0.065555
22.65	0.065491
22.66	0.065427
22.67	0.065363
22.68	0.065299
22.69	0.065235
22.7	0.065172
22.71	0.065108
22.72	0.065045
22.73	0.064982
22.74	0.064919
22.75	0.064855
22.76	0.064792
22.77	0.06473
22.78	0.064667
22.79	0.064604
22.8	0.064541
22.81	0.064479
22.82	0.064416
22.83	0.064354
22.84	0.064291
22.85	0.064229
22.86	0.064167
22.87	0.064105
22.88	0.064043
22.89	0.063981
22.9	0.063919
22.91	0.063858
22.92	0.063796
22.93	0.063735
22.94	0.063673
22.95	0.063612
22.96	0.06355
22.97	0.063489
22.98	0.063428
22.99	0.063367
23.0	0.063306
23.01	0.063245
23.02	0.063185
23.03	0.063124
23.04	0.063063
23.05	0.063003
23.06	0.062942
23.07	0.062882
23.08	0.062822
23.09	0.062762
23.1	0.062702
23.11	0.062642
23.12	0.062582
23.13	0.062522
23.14	0.062462
23.15	0.062402
23.16	0.062343
23.17	0.062283
23.18	0.062224
23.19	0.062165
23.2	0.062105
23.21	0.062046
23.22	0.061987
23.23	0.061928
23.24	0.061869
23.25	0.06181
23.26	0.061751
23.27	0.061693
23.28	0.061634
23.29	0.061576
23.3	0.061517
23.31	0.061459
23.32	0.061401
23.33	0.061342
23.34	0.061284
23.35	0.061226
23.36	0.061168
23.37	0.06111
23.38	0.061053
23.39	0.060995
23.4	0.060937
23.41	0.06088
23.42	0.060822
23.43	0.060765
23.44	0.060707
23.45	0.06065
23.46	0.060593
23.47	0.060536
23.48	0.060479
23.49	0.060422
23.5	0.060365
23.51	0.060308
23.52	0.060252
23.53	0.060195
23.54	0.060139
23.55	0.060082
23.56	0.060026
23.57	0.059969
23.58	0.059913
23.59	0.059857
23.6	0.059801
23.61	0.059745
23.62	0.059689
23.63	0.059633
23.64	0.059577
23.65	0.059522
23.66	0.059466
23.67	0.059411
23.68	0.059355
23.69	0.0593
23.7	0.059244
23.71	0.059189
23.72	0.059134
23.73	0.059079
23.74	0.059024
23.75	0.058969
23.76	0.058914
23.77	0.058859
23.78	0.058804
23.79	0.05875
23.8	0.058695
23.81	0.058641
23.82	0.058586
23.83	0.058532
23.84	0.058478
23.85	0.058423
23.86	0.058369
23.87	0.058315
23.88	0.058261
23.89	0.058207
23.9	0.058154
23.91	0.0581
23.92	0.058046
23.93	0.057992
23.94	0.057939
23.95	0.057885
23.96	0.057832
23.97	0.057779
23.98	0.057725
23.99	0.057672
24.0	0.057619
24.01	0.057566
24.02	0.057513
24.03	0.05746
24.04	0.057407
24.05	0.057355
24.06	0.057302
24.07	0.057249
24.08	0.057197
24.09	0.057144
24.1	0.057092
24.11	0.057039
24.12	0.056987
24.13	0.056935
24.14	0.056883
24.15	0.056831
24.16	0.056779
24.17	0.056727
24.18	0.056675
24.19	0.056623
24.2	0.056572
24.21	0.05652
24.22	0.056468
24.23	0.056417
24.24	0.056365
24.25	0.056314
24.26	0.056263
24.27	0.056211
24.28	0.05616
24.29	0.056109
24.3	0.056058
24.31	0.056007
24.32	0.055956
24.33	0.055905
24.34	0.055855
24.35	0.055804
24.36	0.055753
24.37	0.055703
24.38	0.055652
24.39	0.055602
24.4	0.055552
24.41	0.055501
24.42	0.055451
24.43	0.055401
24.44	0.055351
24.45	0.055301
24.46	0.055251
24.47	0.055201
24.48	0.055151
24.49	0.055101
24.5	0.055052
24.51	0.055002
24.52	0.054952
24.53	0.054903
24.54	0.054853
24.55	0.054804
24.56	0.054755
24.57	0.054706
24.58	0.054656
24.59	0.054607
24.6	0.054558
24.61	0.054509
24.62	0.05446
24.63	0.054411
24.64	0.054363
24.65	0.054314
24.66	0.054265
24.67	0.054217
24.68	0.054168
24.69	0.05412
24.7	0.054071
24.71	0.054023
24.72	0.053975
24.73	0.053926
24.74	0.053878
24.75	0.05383
24.76	0.053782
24.77	0.053734
24.78	0.053686
24.79	0.053638
24.8	0.053591
24.81	0.053543
24.82	0.053495
24.83	0.053448
24.84	0.0534
24.85	0.053353
24.86	0.053305
24.87	0.053258
24.88	0.053211
24.89	0.053163
24.9	0.053116
24.91	0.053069
24.92	0.053022
24.93	0.052975
24.94	0.052928
24.95	0.052881
24.96	0.052834
24.97	0.052788
24.98	0.052741
24.99	0.052694
25.0	0.052648
25.01	0.052601
25.02	0.052555
25.03	0.052509
25.04	0.052462
25.05	0.052416
25.06	0.05237
25.07	0.052324
25.08	0.052278
25.09	0.052232
25.1	0.052186
25.11	0.05214
25.12	0.052094
25.13	0.052048
25.14	0.052002
25.15	0.051957
25.16	0.051911
25.17	0.051866
25.18	0.05182
25.19	0.051775
25.2	0.051729
25.21	0.051684
25.22	0.051639
25.23	0.051593
25.24	0.051548
25.25	0.051503
25.26	0.051458
25.27	0.051413
25.28	0.051368
25.29	0.051323
25.3	0.051279
25.31	0.051234
25.32	0.051189
25.33	0.051145
25.34	0.0511
25.35	0.051056
25.36	0.051011
25.37	0.050967
25.38	0.050922
25.39	0.050878
25.4	0.050834
25.41	0.05079
25.42	0.050746
25.43	0.050702
25.44	0.050658
25.45	0.050614
25.46	0.05057
25.47	0.050526
25.48	0.050482
25.49	0.050438
25.5	0.050395
25.51	0.050351
25.52	0.050307
25.53	0.050264
25.54	0.050221
25.55	0.050177
25.56	0.050134
25.57	0.050091
25.58	0.050047
25.59	0.050004
25.6	0.049961
25.61	0.049918
25.62	0.049875
25.63	0.049832
25.64	0.049789
25.65	0.049746
25.66	0.049703
25.67	0.049661
25.68	0.049618
25.69	0.049575
25.7	0.049533
25.71	0.04949
25.72	0.049448
25.73	0.049405
25.74	0.049363
25.75	0.049321
25.76	0.049278
25.77	0.049236
25.78	0.049194
25.79	0.049152
25.8	0.04911
25.81	0.049068
25.82	0.049026
25.83	0.048984
25.84	0.048942
25.85	0.0489
25.86	0.048859
25.87	0.048817
25.88	0.048775
25.89	0.048734
25.9	0.048692
25.91	0.048651
25.92	0.048609
25.93	0.048568
25.94	0.048527
25.95	0.048485
25.96	0.048444
25.97	0.048403
25.98	0.048362
25.99	0.048321
26.0	0.04828
26.01	0.048239
26.02	0.048198
26.03	0.048157
26.04	0.048116
26.05	0.048076
26.06	0.048035
26.07	0.047994
26.08	0.047954
26.09	0.047913
26.1	0.047873
26.11	0.047832
26.12	0.047792
26.13	0.047751
26.14	0.047711
26.15	0.047671
26.16	0.047631
26.17	0.04759
26.18	0.04755
26.19	0.04751
26.2	0.04747
26.21	0.04743
26.22	0.04739
26.23	0.047351
26.24	0.047311
26.25	0.047271
26.26	0.047231
26.27	0.047192
26.28	0.047152
26.29	0.047112
26.3	0.047073
26.31	0.047034
26.32	0.046994
26.33	0.046955
26.34	0.046915
26.35	0.046876
26.36	0.046837
26.37	0.046798
26.38	0.046759
26.39	0.04672
26.4	0.04668
26.41	0.046641
26.42	0.046603
26.43	0.046564
26.44	0.046525
26.45	0.046486
26.46	0.046447
26.47	0.046409
26.48	0.04637
26.49	0.046331
26.5	0.046293
26.51	0.046254
26.52	0.046216
26.53	0.046177
26.54	0.046139
26.55	0.046101
26.56	0.046062
26.57	0.046024
26.58	0.045986
26.59	0.045948
26.6	0.04591
26.61	0.045872
26.62	0.045834
26.63	0.045796
26.64	0.045758
26.65	0.04572
26.66	0.045682
26.67	0.045644
26.68	0.045607
26.69	0.045569
26.7	0.045531
26.71	0.045494
26.72	0.045456
26.73	0.045419
26.74	0.045381
26.75	0.045344
26.76	0.045307
26.77	0.045269
26.78	0.045232
26.79	0.045195
26.8	0.045158
26.81	0.04512
26.82	0.045083
26.83	0.045046
26.84	0.045009
26.85	0.044972
26.86	0.044935
26.87	0.044899
26.88	0.044862
26.89	0.044825
26.9	0.044788
26.91	0.044752
26.92	0.044715
26.93	0.044678
26.94	0.044642
26.95	0.044605
26.96	0.044569
26.97	0.044532
26.98	0.044496
26.99	0.04446
27.0	0.044423
27.01	0.044387
27.02	0.044351
27.03	0.044315
27.04	0.044279
27.05	0.044243
27.06	0.044207
27.07	0.044171
27.08	0.044135
27.09	0.044099
27.1	0.044063
27.11	0.044027
27.12	0.043991
27.13	0.043956
27.14	0.04392
27.15	0.043884
27.16	0.043849
27.17	0.043813
27.18	0.043778
27.19	0.043742
27.2	0.043707
27.21	0.043671
27.22	0.043636
27.23	0.043601
27.24	0.043565
27.25	0.04353
27.26	0.043495
27.27	0.04346
27.28	0.043425
27.29	0.04339
27.3	0.043355
27.31	0.04332
27.32	0.043285
27.33	0.04325
27.34	0.043215
27.35	0.04318
27.36	0.043145
27.37	0.043111
27.38	0.043076
27.39	0.043041
27.4	0.043007
27.41	0.042972
27.42	0.042938
27.43	0.042903
27.44	0.042869
27.45	0.042834
27.46	0.0428
27.47	0.042766
27.48	0.042731
27.49	0.042697
27.5	0.042663
27.51	0.042629
27.52	0.042595
27.53	0.04256
27.54	0.042526
27.55	0.042492
27.56	0.042459
27.57	0.042425
27.58	0.042391
27.59	0.042357
27.6	0.042323
27.61	0.042289
27.62	0.042256
27.63	0.042222
27.64	0.042188
27.65	0.042155
27.66	0.042121
27.67	0.042088
27.68	0.042054
27.69	0.042021
27.7	0.041987
27.71	0.041954
27.72	0.041921
27.73	0.041887
27.74	0.041854
27.75	0.041821
27.76	0.041788
27.77	0.041755
27.78	0.041721
27.79	0.041688
27.8	0.041655
27.81	0.041622
27.82	0.041589
27.83	0.041557
27.84	0.041524
27.85	0.041491
27.86	0.041458
27.87	0.041425
27.88	0.041393
27.89	0.04136
27.9	0.041327
27.91	0.041295
27.92	0.041262
27.93	0.04123
27.94	0.041197
27.95	0.041165
27.96	0.041132
27.97	0.0411
27.98	0.041068
27.99	0.041035
28.0	0.041003
28.01	0.040971
28.02	0.040939
28.03	0.040906
28.04	0.040874
28.05	0.040842
28.06	0.04081
28.07	0.040778
28.08	0.040746
28.09	0.040714
28.1	0.040682
28.11	0.040651
28.12	0.040619
28.13	0.040587
28.14	0.040555
28.15	0.040524
28.16	0.040492
28.17	0.04046
28.18	0.040429
28.19	0.040397
28.2	0.040366
28.21	0.040334
28.22	0.040303
28.23	0.040271
28.24	0.04024
28.25	0.040209
28.26	0.040177
28.27	0.040146
28.28	0.040115
28.29	0.040083
28.3	0.040052
28.31	0.040021
28.32	0.03999
28.33	0.039959
28.34	0.039928
28.35	0.039897
28.36	0.039866
28.37	0.039835
28.38	0.039804
28.39	0.039773
28.4	0.039743
28.41	0.039712
28.42	0.039681
28.43	0.03965
28.44	0.03962
28.45	0.039589
28.46	0.039559
28.47	0.039528
28.48	0.039497
28.49	0.039467
28.5	0.039436
28.51	0.039406
28.52	0.039376
28.53	0.039345
28.54	0.039315
28.55	0.039285
28.56	0.039254
28.57	0.039224
28.58	0.039194
28.59	0.039164
28.6	0.039134
28.61	0.039104
28.62	0.039074
28.63	0.039044
28.64	0.039014
28.65	0.038984
28.66	0.038954
28.67	0.038924
28.68	0.038894
28.69	0.038864
28.7	0.038834
28.71	0.038805
28.72	0.038775
28.73	0.038745
28.74	0.038716
28.75	0.038686
28.76	0.038656
28.77	0.038627
28.78	0.038597
28.79	0.038568
28.8	0.038539
28.81	0.038509
28.82	0.03848
28.83	0.03845
28.84	0.038421
28.85	0.038392
28.86	0.038363
28.87	0.038333
28.88	0.038304
28.89	0.038275
28.9	0.038246
28.91	0.038217
28.92	0.038188
28.93	0.038159
28.94	0.03813
28.95	0.038101
28.96	0.038072
28.97	0.038043
28.98	0.038014
28.99	0.037985
29.0	0.037957
29.01	0.037928
29.02	0.037899
29.03	0.03787
29.04	0.037842
29.05	0.037813
29.06	0.037784
29.07	0.037756
29.08	0.037727
29.09	0.037699
29.1	0.03767
29.11	0.037642
29.12	0.037614
29.13	0.037585
29.14	0.037557
29.15	0.037528
29.16	0.0375
29.17	0.037472
29.18	0.037444
29.19	0.037416
29.2	0.037387
29.21	0.037359
29.22	0.037331
29.23	0.037303
29.24	0.037275
29.25	0.037247
29.26	0.037219
29.27	0.037191
29.28	0.037163
29.29	0.037135
29.3	0.037108
29.31	0.03708
29.32	0.037052
29.33	0.037024
29.34	0.036996
29.35	0.036969
29.36	0.036941
29.37	0.036913
29.38	0.036886
29.39	0.036858
29.4	0.036831
29.41	0.036803
29.42	0.036776
29.43	0.036748
29.44	0.036721
29.45	0.036693
29.46	0.036666
29.47	0.036639
29.48	0.036611
29.49	0.036584
29.5	0.036557
29.51	0.03653
29.52	0.036503
29.53	0.036475
29.54	0.036448
29.55	0.036421
29.56	0.036394
29.57	0.036367
29.58	0.03634
29.59	0.036313
29.6	0.036286
29.61	0.036259
29.62	0.036232
29.63	0.036206
29.64	0.036179
29.65	0.036152
29.66	0.036125
29.67	0.036098
29.68	0.036072
29.69	0.036045
29.7	0.036018
29.71	0.035992
29.72	0.035965
29.73	0.035939
29.74	0.035912
29.75	0.035886
29.76	0.035859
29.77	0.035833
29.78	0.035806
29.79	0.03578
29.8	0.035753
29.81	0.035727
29.82	0.035701
29.83	0.035675
29.84	0.035648
29.85	0.035622
29.86	0.035596
29.87	0.03557
29.88	0.035544
29.89	0.035518
29.9	0.035491
29.91	0.035465
29.92	0.035439
29.93	0.035413
29.94	0.035387
29.95	0.035361
29.96	0.035336
29.97	0.03531
29.98	0.035284
29.99	0.035258
30.0	0.035232
30.01	0.035206
30.02	0.035181
30.03	0.035155
30.04	0.035129
30.05	0.035104
30.06	0.035078
30.07	0.035052
30.08	0.035027
30.09	0.035001
30.1	0.034976
30.11	0.03495
30.12	0.034925
30.13	0.034899
30.14	0.034874
30.15	0.034849
30.16	0.034823
30.17	0.034798
30.18	0.034773
30.19	0.034747
30.2	0.034722
30.21	0.034697
30.22	0.034672
30.23	0.034647
30.24	0.034621
30.25	0.034596
30.26	0.034571
30.27	0.034546
30.28	0.034521
30.29	0.034496
30.3	0.034471
30.31	0.034446
30.32	0.034421
30.33	0.034396
30.34	0.034371
30.35	0.034347
30.36	0.034322
30.37	0.034297
30.38	0.034272
30.39	0.034248
30.4	0.034223
30.41	0.034198
30.42	0.034173
30.43	0.034149
30.44	0.034124
30.45	0.0341
30.46	0.034075
30.47	0.034051
30.48	0.034026
30.49	0.034002
30.5	0.033977
30.51	0.033953
30.52	0.033928
30.53	0.033904
30.54	0.03388
30.55	0.033855
30.56	0.033831
30.57	0.033807
30.58	0.033782
30.59	0.033758
30.6	0.033734
30.61	0.03371
30.62	0.033686
30.63	0.033662
30.64	0.033638
30.65	0.033613
30.66	0.033589
30.67	0.033565
30.68	0.033541
30.69	0.033517
30.7	0.033493
30.71	0.03347
30.72	0.033446
30.73	0.033422
30.74	0.033398
30.75	0.033374
30.76	0.03335
30.77	0.033327
30.78	0.033303
30.79	0.033279
30.8	0.033255
30.81	0.033232
30.82	0.033208
30.83	0.033185
30.84	0.033161
30.85	0.033137
30.86	0.033114
30.87	0.03309
30.88	0.033067
30.89	0.033043
30.9	0.03302
30.91	0.032997
30.92	0.032973
30.93	0.03295
30.94	0.032926
30.95	0.032903
30.96	0.03288
30.97	0.032857
30.98	0.032833
30.99	0.03281
31.0	0.032787
31.01	0.032764
31.02	0.032741
31.03	0.032717
31.04	0.032694
31.05	0.032671
31.06	0.032648
31.07	0.032625
31.08	0.032602
31.09	0.032579
31.1	0.032556
31.11	0.032533
31.12	0.03251
31.13	0.032488
31.14	0.032465
31.15	0.032442
31.16	0.032419
31.17	0.032396
31.18	0.032373
31.19	0.032351
31.2	0.032328
31.21	0.032305
31.22	0.032283
31.23	0.03226
31.24	0.032237
31.25	0.032215
31.26	0.032192
31.27	0.03217
31.28	0.032147
31.29	0.032125
31.3	0.032102
31.31	0.03208
31.32	0.032057
31.33	0.032035
31.34	0.032012
31.35	0.03199
31.36	0.031968
31.37	0.031945
31.38	0.031923
31.39	0.031901
31.4	0.031879
31.41	0.031856
31.42	0.031834
31.43	0.031812
31.44	0.03179
31.45	0.031768
31.46	0.031746
31.47	0.031723
31.48	0.031701
31.49	0.031679
31.5	0.031657
31.51	0.031635
31.52	0.031613
31.53	0.031591
31.54	0.031569
31.55	0.031548
31.56	0.031526
31.57	0.031504
31.58	0.031482
31.59	0.03146
31.6	0.031438
31.61	0.031417
31.62	0.031395
31.63	0.031373
31.64	0.031351
31.65	0.03133
31.66	0.031308
31.67	0.031286
31.68	0.031265
31.69	0.031243
31.7	0.031222
31.71	0.0312
31.72	0.031178
31.73	0.031157
31.74	0.031135
31.75	0.031114
31.76	0.031093
31.77	0.031071
31.78	0.03105
31.79	0.031028
31.8	0.031007
31.81	0.030986
31.82	0.030964
31.83	0.030943
31.84	0.030922
31.85	0.0309
31.86	0.030879
31.87	0.030858
31.88	0.030837
31.89	0.030816
31.9	0.030795
31.91	0.030773
31.92	0.030752
31.93	0.030731
31.94	0.03071
31.95	0.030689
31.96	0.030668
31.97	0.030647
31.98	0.030626
31.99	0.030605
32.0	0.030584
32.01	0.030563
32.02	0.030543
32.03	0.030522
32.04	0.030501
32.05	0.03048
32.06	0.030459
32.07	0.030438
32.08	0.030418
32.09	0.030397
32.1	0.030376
32.11	0.030355
32.12	0.030335
32.13	0.030314
32.14	0.030293
32.15	0.030273
32.16	0.030252
32.17	0.030232
32.18	0.030211
32.19	0.030191
32.2	0.03017
32.21	0.03015
32.22	0.030129
32.23	0.030109
32.24	0.030088
32.25	0.030068
32.26	0.030047
32.27	0.030027
32.28	0.030007
32.29	0.029986
32.3	0.029966
32.31	0.029946
32.32	0.029926
32.33	0.029905
32.34	0.029885
32.35	0.029865
32.36	0.029845
32.37	0.029825
32.38	0.029804
32.39	0.029784
32.4	0.029764
32.41	0.029744
32.42	0.029724
32.43	0.029704
32.44	0.029684
32.45	0.029664
32.46	0.029644
32.47	0.029624
32.48	0.029604
32.49	0.029584
32.5	0.029564
32.51	0.029544
32.52	0.029524
32.53	0.029505
32.54	0.029485
32.55	0.029465
32.56	0.029445
32.57	0.029425
32.58	0.029406
32.59	0.029386
32.6	0.029366
32.61	0.029347
32.62	0.029327
32.63	0.029307
32.64	0.029288
32.65	0.029268
32.66	0.029248
32.67	0.029229
32.68	0.029209
32.69	0.02919
32.7	0.02917
32.71	0.029151
32.72	0.029131
32.73	0.029112
32.74	0.029092
32.75	0.029073
32.76	0.029054
32.77	0.029034
32.78	0.029015
32.79	0.028995
32.8	0.028976
32.81	0.028957
32.82	0.028938
32.83	0.028918
32.84	0.028899
32.85	0.02888
32.86	0.028861
32.87	0.028841
32.88	0.028822
32.89	0.028803
32.9	0.028784
32.91	0.028765
32.92	0.028746
32.93	0.028727
32.94	0.028708
32.95	0.028689
32.96	0.02867
32.97	0.028651
32.98	0.028632
32.99	0.028613
33.0	0.028594
33.01	0.028575
33.02	0.028556
33.03	0.028537
33.04	0.028518
33.05	0.028499
33.06	0.02848
33.07	0.028462
33.08	0.028443
33.09	0.028424
33.1	0.028405
33.11	0.028387
33.12	0.028368
33.13	0.028349
33.14	0.02833
33.15	0.028312
33.16	0.028293
33.17	0.028274
33.18	0.028256
33.19	0.028237
33.2	0.028219
33.21	0.0282
33.22	0.028182
33.23	0.028163
33.24	0.028145
33.25	0.028126
33.26	0.028108
33.27	0.028089
33.28	0.028071
33.29	0.028052
33.3	0.028034
33.31	0.028015
33.32	0.027997
33.33	0.027979
33.34	0.02796
33.35	0.027942
33.36	0.027924
33.37	0.027906
33.38	0.027887
33.39	0.027869
33.4	0.027851
33.41	0.027833
33.42	0.027814
33.43	0.027796
33.44	0.027778
33.45	0.02776
33.46	0.027742
33.47	0.027724
33.48	0.027706
33.49	0.027688
33.5	0.02767
33.51	0.027652
33.52	0.027634
33.53	0.027616
33.54	0.027598
33.55	0.02758
33.56	0.027562
33.57	0.027544
33.58	0.027526
33.59	0.027508
33.6	0.02749
33.61	0.027472
33.62	0.027454
33.63	0.027437
33.64	0.027419
33.65	0.027401
33.66	0.027383
33.67	0.027365
33.68	0.027348
33.69	0.02733
33.7	0.027312
33.71	0.027295
33.72	0.027277
33.73	0.027259
33.74	0.027242
33.75	0.027224
33.76	0.027206
33.77	0.027189
33.78	0.027171
33.79	0.027154
33.8	0.027136
33.81	0.027119
33.82	0.027101
33.83	0.027084
33.84	0.027066
33.85	0.027049
33.86	0.027031
33.87	0.027014
33.88	0.026997
33.89	0.026979
33.9	0.026962
33.91	0.026944
33.92	0.026927
33.93	0.02691
33.94	0.026893
33.95	0.026875
33.96	0.026858
33.97	0.026841
33.98	0.026823
33.99	0.026806
34.0	0.026789
34.01	0.026772
34.02	0.026755
34.03	0.026738
34.04	0.02672
34.05	0.026703
34.06	0.026686
34.07	0.026669
34.08	0.026652
34.09	0.026635
34.1	0.026618
34.11	0.026601
34.12	0.026584
34.13	0.026567
34.14	0.02655
34.15	0.026533
34.16	0.026516
34.17	0.026499
34.18	0.026482
34.19	0.026465
34.2	0.026448
34.21	0.026432
34.22	0.026415
34.23	0.026398
34.24	0.026381
34.25	0.026364
34.26	0.026348
34.27	0.026331
34.28	0.026314
34.29	0.026297
34.3	0.026281
34.31	0.026264
34.32	0.026247
34.33	0.02623
34.34	0.026214
34.35	0.026197
34.36	0.026181
34.37	0.026164
34.38	0.026147
34.39	0.026131
34.4	0.026114
34.41	0.026098
34.42	0.026081
34.43	0.026065
34.44	0.026048
34.45	0.026032
34.46	0.026015
34.47	0.025999
34.48	0.025982
34.49	0.025966
34.5	0.025949
34.51	0.025933
34.52	0.025917
34.53	0.0259
34.54	0.025884
34.55	0.025868
34.56	0.025851
34.57	0.025835
34.58	0.025819
34.59	0.025802
34.6	0.025786
34.61	0.02577
34.62	0.025754
34.63	0.025738
34.64	0.025721
34.65	0.025705
34.66	0.025689
34.67	0.025673
34.68	0.025657
34.69	0.025641
34.7	0.025624
34.71	0.025608
34.72	0.025592
34.73	0.025576
34.74	0.02556
34.75	0.025544
34.76	0.025528
34.77	0.025512
34.78	0.025496
34.79	0.02548
34.8	0.025464
34.81	0.025448
34.82	0.025432
34.83	0.025416
34.84	0.025401
34.85	0.025385
34.86	0.025369
34.87	0.025353
34.88	0.025337
34.89	0.025321
34.9	0.025306
34.91	0.02529
34.92	0.025274
34.93	0.025258
34.94	0.025242
34.95	0.025227
34.96	0.025211
34.97	0.025195
34.98	0.02518
34.99	0.025164
35.0	0.025148
35.01	0.025133
35.02	0.025117
35.03	0.025101
35.04	0.025086
35.05	0.02507
35.06	0.025055
35.07	0.025039
35.08	0.025023
35.09	0.025008
35.1	0.024992
35.11	0.024977
35.12	0.024961
35.13	0.024946
35.14	0.02493
35.15	0.024915
35.16	0.0249
35.17	0.024884
35.18	0.024869
35.19	0.024853
35.2	0.024838
35.21	0.024823
35.22	0.024807
35.23	0.024792
35.24	0.024777
35.25	0.024761
35.26	0.024746
35.27	0.024731
35.28	0.024715
35.29	0.0247
35.3	0.024685
35.31	0.02467
35.32	0.024655
35.33	0.024639
35.34	0.024624
35.35	0.024609
35.36	0.024594
35.37	0.024579
35.38	0.024564
35.39	0.024548
35.4	0.024533
35.41	0.024518
35.42	0.024503
35.43	0.024488
35.44	0.024473
35.45	0.024458
35.46	0.024443
35.47	0.024428
35.48	0.024413
35.49	0.024398
35.5	0.024383
35.51	0.024368
35.52	0.024353
35.53	0.024338
35.54	0.024323
35.55	0.024309
35.56	0.024294
35.57	0.024279
35.58	0.024264
35.59	0.024249
35.6	0.024234
35.61	0.024219
35.62	0.024205
35.63	0.02419
35.64	0.024175
35.65	0.02416
35.66	0.024146
35.67	0.024131
35.68	0.024116
35.69	0.024101
35.7	0.024087
35.71	0.024072
35.72	0.024057
35.73	0.024043
35.74	0.024028
35.75	0.024014
35.76	0.023999
35.77	0.023984
35.78	0.02397
35.79	0.023955
35.8	0.023941
35.81	0.023926
35.82	0.023912
35.83	0.023897
35.84	0.023882
35.85	0.023868
35.86	0.023854
35.87	0.023839
35.88	0.023825
35.89	0.02381
35.9	0.023796
35.91	0.023781
35.92	0.023767
35.93	0.023753
35.94	0.023738
35.95	0.023724
35.96	0.023709
35.97	0.023695
35.98	0.023681
35.99	0.023666
36.0	0.023652
36.01	0.023638
36.02	0.023624
36.03	0.023609
36.04	0.023595
36.05	0.023581
36.06	0.023567
36.07	0.023552
36.08	0.023538
36.09	0.023524
36.1	0.02351
36.11	0.023496
36.12	0.023482
36.13	0.023467
36.14	0.023453
36.15	0.023439
36.16	0.023425
36.17	0.023411
36.18	0.023397
36.19	0.023383
36.2	0.023369
36.21	0.023355
36.22	0.023341
36.23	0.023327
36.24	0.023313
36.25	0.023299
36.26	0.023285
36.27	0.023271
36.28	0.023257
36.29	0.023243
36.3	0.023229
36.31	0.023215
36.32	0.023201
36.33	0.023187
36.34	0.023173
36.35	0.02316
36.36	0.023146
36.37	0.023132
36.38	0.023118
36.39	0.023104
36.4	0.02309
36.41	0.023077
36.42	0.023063
36.43	0.023049
36.44	0.023035
36.45	0.023022
36.46	0.023008
36.47	0.022994
36.48	0.022981
36.49	0.022967
36.5	0.022953
36.51	0.02294
36.52	0.022926
36.53	0.022912
36.54	0.022899
36.55	0.022885
36.56	0.022871
36.57	0.022858
36.58	0.022844
36.59	0.022831
36.6	0.022817
36.61	0.022804
36.62	0.02279
36.63	0.022776
36.64	0.022763
36.65	0.022749
36.66	0.022736
36.67	0.022722
36.68	0.022709
36.69	0.022696
36.7	0.022682
36.71	0.022669
36.72	0.022655
36.73	0.022642
36.74	0.022629
36.75	0.022615
36.76	0.022602
36.77	0.022588
36.78	0.022575
36.79	0.022562
36.8	0.022548
36.81	0.022535
36.82	0.022522
36.83	0.022509
36.84	0.022495
36.85	0.022482
36.86	0.022469
36.87	0.022455
36.88	0.022442
36.89	0.022429
36.9	0.022416
36.91	0.022403
36.92	0.022389
36.93	0.022376
36.94	0.022363
36.95	0.02235
36.96	0.022337
36.97	0.022324
36.98	0.022311
36.99	0.022298
37.0	0.022284
37.01	0.022271
37.02	0.022258
37.03	0.022245
37.04	0.022232
37.05	0.022219
37.06	0.022206
37.07	0.022193
37.08	0.02218
37.09	0.022167
37.1	0.022154
37.11	0.022141
37.12	0.022128
37.13	0.022115
37.14	0.022102
37.15	0.022089
37.16	0.022077
37.17	0.022064
37.18	0.022051
37.19	0.022038
37.2	0.022025
37.21	0.022012
37.22	0.021999
37.23	0.021986
37.24	0.021974
37.25	0.021961
37.26	0.021948
37.27	0.021935
37.28	0.021923
37.29	0.02191
37.3	0.021897
37.31	0.021884
37.32	0.021872
37.33	0.021859
37.34	0.021846
37.35	0.021833
37.36	0.021821
37.37	0.021808
37.38	0.021795
37.39	0.021783
37.4	0.02177
37.41	0.021757
37.42	0.021745
37.43	0.021732
37.44	0.02172
37.45	0.021707
37.46	0.021694
37.47	0.021682
37.48	0.021669
37.49	0.021657
37.5	0.021644
37.51	0.021632
37.52	0.021619
37.53	0.021607
37.54	0.021594
37.55	0.021582
37.56	0.021569
37.57	0.021557
37.58	0.021544
37.59	0.021532
37.6	0.021519
37.61	0.021507
37.62	0.021495
37.63	0.021482
37.64	0.02147
37.65	0.021457
37.66	0.021445
37.67	0.021433
37.68	0.02142
37.69	0.021408
37.7	0.021396
37.71	0.021383
37.72	0.021371
37.73	0.021359
37.74	0.021347
37.75	0.021334
37.76	0.021322
37.77	0.02131
37.78	0.021298
37.79	0.021285
37.8	0.021273
37.81	0.021261
37.82	0.021249
37.83	0.021237
37.84	0.021224
37.85	0.021212
37.86	0.0212
37.87	0.021188
37.88	0.021176
37.89	0.021164
37.9	0.021152
37.91	0.021139
37.92	0.021127
37.93	0.021115
37.94	0.021103
37.95	0.021091
37.96	0.021079
37.97	0.021067
37.98	0.021055
37.99	0.021043
38.0	0.021031
38.01	0.021019
38.02	0.021007
38.03	0.020995
38.04	0.020983
38.05	0.020971
38.06	0.020959
38.07	0.020947
38.08	0.020935
38.09	0.020923
38.1	0.020911
38.11	0.0209
38.12	0.020888
38.13	0.020876
38.14	0.020864
38.15	0.020852
38.16	0.02084
38.17	0.020828
38.18	0.020816
38.19	0.020805
38.2	0.020793
38.21	0.020781
38.22	0.020769
38.23	0.020757
38.24	0.020746
38.25	0.020734
38.26	0.020722
38.27	0.02071
38.28	0.020699
38.29	0.020687
38.3	0.020675
38.31	0.020664
38.32	0.020652
38.33	0.02064
38.34	0.020629
38.35	0.020617
38.36	0.020605
38.37	0.020594
38.38	0.020582
38.39	0.02057
38.4	0.020559
38.41	0.020547
38.42	0.020536
38.43	0.020524
38.44	0.020512
38.45	0.020501
38.46	0.020489
38.47	0.020478
38.48	0.020466
38.49	0.020455
38.5	0.020443
38.51	0.020432
38.52	0.02042
38.53	0.020409
38.54	0.020397
38.55	0.020386
38.56	0.020374
38.57	0.020363
38.58	0.020351
38.59	0.02034
38.6	0.020329
38.61	0.020317
38.62	0.020306
38.63	0.020294
38.64	0.020283
38.65	0.020272
38.66	0.02026
38.67	0.020249
38.68	0.020238
38.69	0.020226
38.7	0.020215
38.71	0.020204
38.72	0.020192
38.73	0.020181
38.74	0.02017
38.75	0.020158
38.76	0.020147
38.77	0.020136
38.78	0.020125
38.79	0.020113
38.8	0.020102
38.81	0.020091
38.82	0.02008
38.83	0.020069
38.84	0.020057
38.85	0.020046
38.86	0.020035
38.87	0.020024
38.88	0.020013
38.89	0.020001
38.9	0.01999
38.91	0.019979
38.92	0.019968
38.93	0.019957
38.94	0.019946
38.95	0.019935
38.96	0.019924
38.97	0.019913
38.98	0.019902
38.99	0.019891
39.0	0.019879
39.01	0.019868
39.02	0.019857
39.03	0.019846
39.04	0.019835
39.05	0.019824
39.06	0.019813
39.07	0.019802
39.08	0.019791
39.09	0.01978
39.1	0.01977
39.11	0.019759
39.12	0.019748
39.13	0.019737
39.14	0.019726
39.15	0.019715
39.16	0.019704
39.17	0.019693
39.18	0.019682
39.19	0.019671
39.2	0.01966
39.21	0.01965
39.22	0.019639
39.23	0.019628
39.24	0.019617
39.25	0.019606
39.26	0.019595
39.27	0.019585
39.28	0.019574
39.29	0.019563
39.3	0.019552
39.31	0.019542
39.32	0.019531
39.33	0.01952
39.34	0.019509
39.35	0.019499
39.36	0.019488
39.37	0.019477
39.38	0.019466
39.39	0.019456
39.4	0.019445
39.41	0.019434
39.42	0.019424
39.43	0.019413
39.44	0.019402
39.45	0.019392
39.46	0.019381
39.47	0.01937
39.48	0.01936
39.49	0.019349
39.5	0.019339
39.51	0.019328
39.52	0.019317
39.53	0.019307
39.54	0.019296
39.55	0.019286
39.56	0.019275
39.57	0.019265
39.58	0.019254
39.59	0.019244
39.6	0.019233
39.61	0.019223
39.62	0.019212
39.63	0.019202
39.64	0.019191
39.65	0.019181
39.66	0.01917
39.67	0.01916
39.68	0.019149
39.69	0.019139
39.7	0.019128
39.71	0.019118
39.72	0.019107
39.73	0.019097
39.74	0.019087
39.75	0.019076
39.76	0.019066
39.77	0.019056
39.78	0.019045
39.79	0.019035
39.8	0.019024
39.81	0.019014
39.82	0.019004
39.83	0.018993
39.84	0.018983
39.85	0.018973
39.86	0.018963
39.87	0.018952
39.88	0.018942
39.89	0.018932
39.9	0.018921
39.91	0.018911
39.92	0.018901
39.93	0.018891
39.94	0.01888
39.95	0.01887
39.96	0.01886
39.97	0.01885
39.98	0.01884
39.99	0.018829
40.0	0.018819
40.01	0.018809
40.02	0.018799
40.03	0.018789
40.04	0.018779
40.05	0.018768
40.06	0.018758
40.07	0.018748
40.08	0.018738
40.09	0.018728
40.1	0.018718
40.11	0.018708
40.12	0.018698
40.13	0.018688
40.14	0.018678
40.15	0.018668
40.16	0.018657
40.17	0.018647
40.18	0.018637
40.19	0.018627
40.2	0.018617
40.21	0.018607
40.22	0.018597
40.23	0.018587
40.24	0.018577
40.25	0.018567
40.26	0.018557
40.27	0.018547
40.28	0.018537
40.29	0.018528
40.3	0.018518
40.31	0.018508
40.32	0.018498
40.33	0.018488
40.34	0.018478
40.35	0.018468
40.36	0.018458
40.37	0.018448
40.38	0.018438
40.39	0.018428
40.4	0.018419
40.41	0.018409
40.42	0.018399
40.43	0.018389
40.44	0.018379
40.45	0.018369
40.46	0.01836
40.47	0.01835
40.48	0.01834
40.49	0.01833
40.5	0.01832
40.51	0.018311
40.52	0.018301
40.53	0.018291
40.54	0.018281
40.55	0.018272
40.56	0.018262
40.57	0.018252
40.58	0.018242
40.59	0.018233
40.6	0.018223
40.61	0.018213
40.62	0.018204
40.63	0.018194
40.64	0.018184
40.65	0.018175
40.66	0.018165
40.67	0.018155
40.68	0.018146
40.69	0.018136
40.7	0.018126
40.71	0.018117
40.72	0.018107
40.73	0.018098
40.74	0.018088
40.75	0.018078
40.76	0.018069
40.77	0.018059
40.78	0.01805
40.79	0.01804
40.8	0.018031
40.81	0.018021
40.82	0.018011
40.83	0.018002
40.84	0.017992
40.85	0.017983
40.86	0.017973
40.87	0.017964
40.88	0.017954
40.89	0.017945
40.9	0.017935
40.91	0.017926
40.92	0.017916
40.93	0.017907
40.94	0.017898
40.95	0.017888
40.96	0.017879
40.97	0.017869
40.98	0.01786
40.99	0.01785
41.0	0.017841
41.01	0.017832
41.02	0.017822
41.03	0.017813
41.04	0.017804
41.05	0.017794
41.06	0.017785
41.07	0.017775
41.08	0.017766
41.09	0.017757
41.1	0.017747
41.11	0.017738
41.12	0.017729
41.13	0.017719
41.14	0.01771
41.15	0.017701
41.16	0.017692
41.17	0.017682
41.18	0.017673
41.19	0.017664
41.2	0.017655
41.21	0.017645
41.22	0.017636
41.23	0.017627
41.24	0.017618
41.25	0.017608
41.26	0.017599
41.27	0.01759
41.28	0.017581
41.29	0.017572
41.3	0.017562
41.31	0.017553
41.32	0.017544
41.33	0.017535
41.34	0.017526
41.35	0.017516
41.36	0.017507
41.37	0.017498
41.38	0.017489
41.39	0.01748
41.4	0.017471
41.41	0.017462
41.42	0.017453
41.43	0.017444
41.44	0.017434
41.45	0.017425
41.46	0.017416
41.47	0.017407
41.48	0.017398
41.49	0.017389
41.5	0.01738
41.51	0.017371
41.52	0.017362
41.53	0.017353
41.54	0.017344
41.55	0.017335
41.56	0.017326
41.57	0.017317
41.58	0.017308
41.59	0.017299
41.6	0.01729
41.61	0.017281
41.62	0.017272
41.63	0.017263
41.64	0.017254
41.65	0.017245
41.66	0.017236
41.67	0.017227
41.68	0.017218
41.69	0.01721
41.7	0.017201
41.71	0.017192
41.72	0.017183
41.73	0.017174
41.74	0.017165
41.75	0.017156
41.76	0.017147
41.77	0.017138
41.78	0.01713
41.79	0.017121
41.8	0.017112
41.81	0.017103
41.82	0.017094
41.83	0.017085
41.84	0.017077
41.85	0.017068
41.86	0.017059
41.87	0.01705
41.88	0.017042
41.89	0.017033
41.9	0.017024
41.91	0.017015
41.92	0.017006
41.93	0.016998
41.94	0.016989
41.95	0.01698
41.96	0.016971
41.97	0.016963
41.98	0.016954
41.99	0.016945
42.0	0.016937
42.01	0.016928
42.02	0.016919
42.03	0.016911
42.04	0.016902
42.05	0.016893
42.06	0.016885
42.07	0.016876
42.08	0.016867
42.09	0.016859
42.1	0.01685
42.11	0.016841
42.12	0.016833
42.13	0.016824
42.14	0.016815
42.15	0.016807
42.16	0.016798
42.17	0.01679
42.18	0.016781
42.19	0.016773
42.2	0.016764
42.21	0.016755
42.22	0.016747
42.23	0.016738
42.24	0.01673
42.25	0.016721
42.26	0.016713
42.27	0.016704
42.28	0.016696
42.29	0.016687
42.3	0.016679
42.31	0.01667
42.32	0.016662
42.33	0.016653
42.34	0.016645
42.35	0.016636
42.36	0.016628
42.37	0.016619
42.38	0.016611
42.39	0.016602
42.4	0.016594
42.41	0.016585
42.42	0.016577
42.43	0.016569
42.44	0.01656
42.45	0.016552
42.46	0.016543
42.47	0.016535
42.48	0.016527
42.49	0.016518
42.5	0.01651
42.51	0.016501
42.52	0.016493
42.53	0.016485
42.54	0.016476
42.55	0.016468
42.56	0.01646
42.57	0.016451
42.58	0.016443
42.59	0.016435
42.6	0.016426
42.61	0.016418
42.62	0.01641
42.63	0.016401
42.64	0.016393
42.65	0.016385
42.66	0.016377
42.67	0.016368
42.68	0.01636
42.69	0.016352
42.7	0.016344
42.71	0.016335
42.72	0.016327
42.73	0.016319
42.74	0.016311
42.75	0.016302
42.76	0.016294
42.77	0.016286
42.78	0.016278
42.79	0.01627
42.8	0.016261
42.81	0.016253
42.82	0.016245
42.83	0.016237
42.84	0.016229
42.85	0.01622
42.86	0.016212
42.87	0.016204
42.88	0.016196
42.89	0.016188
42.9	0.01618
42.91	0.016172
42.92	0.016164
42.93	0.016155
42.94	0.016147
42.95	0.016139
42.96	0.016131
42.97	0.016123
42.98	0.016115
42.99	0.016107
43.0	0.016099
43.01	0.016091
43.02	0.016083
43.03	0.016075
43.04	0.016067
43.05	0.016059
43.06	0.016051
43.07	0.016042
43.08	0.016034
43.09	0.016026
43.1	0.016018
43.11	0.01601
43.12	0.016002
43.13	0.015994
43.14	0.015986
43.15	0.015978
43.16	0.015971
43.17	0.015963
43.18	0.015955
43.19	0.015947
43.2	0.015939
43.21	0.015931
43.22	0.015923
43.23	0.015915
43.24	0.015907
43.25	0.015899
43.26	0.015891
43.27	0.015883
43.28	0.015875
43.29	0.015867
43.3	0.015859
43.31	0.015852
43.32	0.015844
43.33	0.015836
43.34	0.015828
43.35	0.01582
43.36	0.015812
43.37	0.015804
43.38	0.015797
43.39	0.015789
43.4	0.015781
43.41	0.015773
43.42	0.015765
43.43	0.015757
43.44	0.01575
43.45	0.015742
43.46	0.015734
43.47	0.015726
43.48	0.015718
43.49	0.015711
43.5	0.015703
43.51	0.015695
43.52	0.015687
43.53	0.01568
43.54	0.015672
43.55	0.015664
43.56	0.015656
43.57	0.015649
43.58	0.015641
43.59	0.015633
43.6	0.015625
43.61	0.015618
43.62	0.01561
43.63	0.015602
43.64	0.015595
43.65	0.015587
43.66	0.015579
43.67	0.015572
43.68	0.015564
43.69	0.015556
43.7	0.015549
43.71	0.015541
43.72	0.015533
43.73	0.015526
43.74	0.015518
43.75	0.01551
43.76	0.015503
43.77	0.015495
43.78	0.015487
43.79	0.01548
43.8	0.015472
43.81	0.015465
43.82	0.015457
43.83	0.015449
43.84	0.015442
43.85	0.015434
43.86	0.015427
43.87	0.015419
43.88	0.015412
43.89	0.015404
43.9	0.015396
43.91	0.015389
43.92	0.015381
43.93	0.015374
43.94	0.015366
43.95	0.015359
43.96	0.015351
43.97	0.015344
43.98	0.015336
43.99	0.015329
44.0	0.015321
44.01	0.015314
44.02	0.015306
44.03	0.015299
44.04	0.015291
44.05	0.015284
44.06	0.015276
44.07	0.015269
44.08	0.015261
44.09	0.015254
44.1	0.015247
44.11	0.015239
44.12	0.015232
44.13	0.015224
44.14	0.015217
44.15	0.015209
44.16	0.015202
44.17	0.015195
44.18	0.015187
44.19	0.01518
44.2	0.015172
44.21	0.015165
44.22	0.015158
44.23	0.01515
44.24	0.015143
44.25	0.015136
44.26	0.015128
44.27	0.015121
44.28	0.015114
44.29	0.015106
44.3	0.015099
44.31	0.015092
44.32	0.015084
44.33	0.015077
44.34	0.01507
44.35	0.015062
44.36	0.015055
44.37	0.015048
44.38	0.01504
44.39	0.015033
44.4	0.015026
44.41	0.015019
44.42	0.015011
44.43	0.015004
44.44	0.014997
44.45	0.01499
44.46	0.014982
44.47	0.014975
44.48	0.014968
44.49	0.014961
44.5	0.014953
44.51	0.014946
44.52	0.014939
44.53	0.014932
44.54	0.014924
44.55	0.014917
44.56	0.01491
44.57	0.014903
44.58	0.014896
44.59	0.014888
44.6	0.014881
44.61	0.014874
44.62	0.014867
44.63	0.01486
44.64	0.014853
44.65	0.014845
44.66	0.014838
44.67	0.014831
44.68	0.014824
44.69	0.014817
44.7	0.01481
44.71	0.014803
44.72	0.014796
44.73	0.014788
44.74	0.014781
44.75	0.014774
44.76	0.014767
44.77	0.01476
44.78	0.014753
44.79	0.014746
44.8	0.014739
44.81	0.014732
44.82	0.014725
44.83	0.014718
44.84	0.014711
44.85	0.014704
44.86	0.014696
44.87	0.014689
44.88	0.014682
44.89	0.014675
44.9	0.014668
44.91	0.014661
44.92	0.014654
44.93	0.014647
44.94	0.01464
44.95	0.014633
44.96	0.014626
44.97	0.014619
44.98	0.014612
44.99	0.014605
45.0	0.014598
45.01	0.014591
45.02	0.014584
45.03	0.014577
45.04	0.014571
45.05	0.014564
45.06	0.014557
45.07	0.01455
45.08	0.014543
45.09	0.014536
45.1	0.014529
45.11	0.014522
45.12	0.014515
45.13	0.014508
45.14	0.014501
45.15	0.014494
45.16	0.014487
45.17	0.014481
45.18	0.014474
45.19	0.014467
45.2	0.01446
45.21	0.014453
45.22	0.014446
45.23	0.014439
45.24	0.014432
45.25	0.014426
45.26	0.014419
45.27	0.014412
45.28	0.014405
45.29	0.014398
45.3	0.014391
45.31	0.014385
45.32	0.014378
45.33	0.014371
45.34	0.014364
45.35	0.014357
45.36	0.014351
45.37	0.014344
45.38	0.014337
45.39	0.01433
45.4	0.014323
45.41	0.014317
45.42	0.01431
45.43	0.014303
45.44	0.014296
45.45	0.01429
45.46	0.014283
45.47	0.014276
45.48	0.014269
45.49	0.014263
45.5	0.014256
45.51	0.014249
45.52	0.014242
45.53	0.014236
45.54	0.014229
45.55	0.014222
45.56	0.014216
45.57	0.014209
45.58	0.014202
45.59	0.014195
45.6	0.014189
45.61	0.014182
45.62	0.014175
45.63	0.014169
45.64	0.014162
45.65	0.014155
45.66	0.014149
45.67	0.014142
45.68	0.014135
45.69	0.014129
45.7	0.014122
45.71	0.014116
45.72	0.014109
45.73	0.014102
45.74	0.014096
45.75	0.014089
45.76	0.014082
45.77	0.014076
45.78	0.014069
45.79	0.014063
45.8	0.014056
45.81	0.014049
45.82	0.014043
45.83	0.014036
45.84	0.01403
45.85	0.014023
45.86	0.014017
45.87	0.01401
45.88	0.014003
45.89	0.013997
45.9	0.01399
45.91	0.013984
45.92	0.013977
45.93	0.013971
45.94	0.013964
45.95	0.013958
45.96	0.013951
45.97	0.013945
45.98	0.013938
45.99	0.013932
46.0	0.013925
46.01	0.013919
46.02	0.013912
46.03	0.013906
46.04	0.013899
46.05	0.013893
46.06	0.013886
46.07	0.01388
46.08	0.013873
46.09	0.013867
46.1	0.01386
46.11	0.013854
46.12	0.013848
46.13	0.013841
46.14	0.013835
46.15	0.013828
46.16	0.013822
46.17	0.013815
46.18	0.013809
46.19	0.013803
46.2	0.013796
46.21	0.01379
46.22	0.013783
46.23	0.013777
46.24	0.013771
46.25	0.013764
46.26	0.013758
46.27	0.013751
46.28	0.013745
46.29	0.013739
46.3	0.013732
46.31	0.013726
46.32	0.01372
46.33	0.013713
46.34	0.013707
46.35	0.0137
46.36	0.013694
46.37	0.013688
46.38	0.013681
46.39	0.013675
46.4	0.013669
46.41	0.013662
46.42	0.013656
46.43	0.01365
46.44	0.013644
46.45	0.013637
46.46	0.013631
46.47	0.013625
46.48	0.013618
46.49	0.013612
46.5	0.013606
46.51	0.0136
46.52	0.013593
46.53	0.013587
46.54	0.013581
46.55	0.013574
46.56	0.013568
46.57	0.013562
46.58	0.013556
46.59	0.013549
46.6	0.013543
46.61	0.013537
46.62	0.013531
46.63	0.013525
46.64	0.013518
46.65	0.013512
46.66	0.013506
46.67	0.0135
46.68	0.013494
46.69	0.013487
46.7	0.013481
46.71	0.013475
46.72	0.013469
46.73	0.013463
46.74	0.013456
46.75	0.01345
46.76	0.013444
46.77	0.013438
46.78	0.013432
46.79	0.013426
46.8	0.013419
46.81	0.013413
46.82	0.013407
46.83	0.013401
46.84	0.013395
46.85	0.013389
46.86	0.013383
46.87	0.013376
46.88	0.01337
46.89	0.013364
46.9	0.013358
46.91	0.013352
46.92	0.013346
46.93	0.01334
46.94	0.013334
46.95	0.013328
46.96	0.013322
46.97	0.013315
46.98	0.013309
46.99	0.013303
47.0	0.013297
47.01	0.013291
47.02	0.013285
47.03	0.013279
47.04	0.013273
47.05	0.013267
47.06	0.013261
47.07	0.013255
47.08	0.013249
47.09	0.013243
47.1	0.013237
47.11	0.013231
47.12	0.013225
47.13	0.013219
47.14	0.013213
47.15	0.013207
47.16	0.013201
47.17	0.013195
47.18	0.013189
47.19	0.013183
47.2	0.013177
47.21	0.013171
47.22	0.013165
47.23	0.013159
47.24	0.013153
47.25	0.013147
47.26	0.013141
47.27	0.013135
47.28	0.013129
47.29	0.013123
47.3	0.013117
47.31	0.013111
47.32	0.013105
47.33	0.013099
47.34	0.013093
47.35	0.013087
47.36	0.013082
47.37	0.013076
47.38	0.01307
47.39	0.013064
47.4	0.013058
47.41	0.013052
47.42	0.013046
47.43	0.01304
47.44	0.013034
47.45	0.013028
47.46	0.013022
47.47	0.013017
47.48	0.013011
47.49	0.013005
47.5	0.012999
47.51	0.012993
47.52	0.012987
47.53	0.012981
47.54	0.012976
47.55	0.01297
47.56	0.012964
47.57	0.012958
47.58	0.012952
47.59	0.012946
47.6	0.012941
47.61	0.012935
47.62	0.012929
47.63	0.012923
47.64	0.012917
47.65	0.012911
47.66	0.012906
47.67	0.0129
47.68	0.012894
47.69	0.012888
47.7	0.012882
47.71	0.012877
47.72	0.012871
47.73	0.012865
47.74	0.012859
47.75	0.012854
47.76	0.012848
47.77	0.012842
47.78	0.012836
47.79	0.012831
47.8	0.012825
47.81	0.012819
47.82	0.012813
47.83	0.012808
47.84	0.012802
47.85	0.012796
47.86	0.01279
47.87	0.012785
47.88	0.012779
47.89	0.012773
47.9	0.012768
47.91	0.012762
47.92	0.012756
47.93	0.01275
47.94	0.012745
47.95	0.012739
47.96	0.012733
47.97	0.012728
47.98	0.012722
47.99	0.012716
48.0	0.012711
48.01	0.012705
48.02	0.012699
48.03	0.012694
48.04	0.012688
48.05	0.012682
48.06	0.012677
48.07	0.012671
48.08	0.012665
48.09	0.01266
48.1	0.012654
48.11	0.012648
48.12	0.012643
48.13	0.012637
48.14	0.012632
48.15	0.012626
48.16	0.01262
48.17	0.012615
48.18	0.012609
48.19	0.012604
48.2	0.012598
48.21	0.012592
48.22	0.012587
48.23	0.012581
48.24	0.012576
48.25	0.01257
48.26	0.012564
48.27	0.012559
48.28	0.012553
48.29	0.012548
48.3	0.012542
48.31	0.012537
48.32	0.012531
48.33	0.012526
48.34	0.01252
48.35	0.012514
48.36	0.012509
48.37	0.012503
48.38	0.012498
48.39	0.012492
48.4	0.012487
48.41	0.012481
48.42	0.012476
48.43	0.01247
48.44	0.012465
48.45	0.012459
48.46	0.012454
48.47	0.012448
48.48	0.012443
48.49	0.012437
48.5	0.012432
48.51	0.012426
48.52	0.012421
48.53	0.012415
48.54	0.01241
48.55	0.012404
48.56	0.012399
48.57	0.012393
48.58	0.012388
48.59	0.012382
48.6	0.012377
48.61	0.012372
48.62	0.012366
48.63	0.012361
48.64	0.012355
48.65	0.01235
48.66	0.012344
48.67	0.012339
48.68	0.012334
48.69	0.012328
48.7	0.012323
48.71	0.012317
48.72	0.012312
48.73	0.012306
48.74	0.012301
48.75	0.012296
48.76	0.01229
48.77	0.012285
48.78	0.012279
48.79	0.012274
48.8	0.012269
48.81	0.012263
48.82	0.012258
48.83	0.012253
48.84	0.012247
48.85	0.012242
48.86	0.012236
48.87	0.012231
48.88	0.012226
48.89	0.01222
48.9	0.012215
48.91	0.01221
48.92	0.012204
48.93	0.012199
48.94	0.012194
48.95	0.012188
48.96	0.012183
48.97	0.012178
48.98	0.012172
48.99	0.012167
49.0	0.012162
49.01	0.012157
49.02	0.012151
49.03	0.012146
49.04	0.012141
49.05	0.012135
49.06	0.01213
49.07	0.012125
49.08	0.012119
49.09	0.012114
49.1	0.012109
49.11	0.012104
49.12	0.012098
49.13	0.012093
49.14	0.012088
49.15	0.012083
49.16	0.012077
49.17	0.012072
49.18	0.012067
49.19	0.012062
49.2	0.012056
49.21	0.012051
49.22	0.012046
49.23	0.012041
49.24	0.012035
49.25	0.01203
49.26	0.012025
49.27	0.01202
49.28	0.012014
49.29	0.012009
49.3	0.012004
49.31	0.011999
49.32	0.011994
49.33	0.011988
49.34	0.011983
49.35	0.011978
49.36	0.011973
49.37	0.011968
49.38	0.011962
49.39	0.011957
49.4	0.011952
49.41	0.011947
49.42	0.011942
49.43	0.011937
49.44	0.011931
49.45	0.011926
49.46	0.011921
49.47	0.011916
49.48	0.011911
49.49	0.011906
49.5	0.011901
49.51	0.011895
49.52	0.01189
49.53	0.011885
49.54	0.01188
49.55	0.011875
49.56	0.01187
49.57	0.011865
49.58	0.01186
49.59	0.011854
49.6	0.011849
49.61	0.011844
49.62	0.011839
49.63	0.011834
49.64	0.011829
49.65	0.011824
49.66	0.011819
49.67	0.011814
49.68	0.011809
49.69	0.011803
49.7	0.011798
49.71	0.011793
49.72	0.011788
49.73	0.011783
49.74	0.011778
49.75	0.011773
49.76	0.011768
49.77	0.011763
49.78	0.011758
49.79	0.011753
49.8	0.011748
49.81	0.011743
49.82	0.011738
49.83	0.011733
49.84	0.011728
49.85	0.011723
49.86	0.011718
49.87	0.011713
49.88	0.011708
49.89	0.011703
49.9	0.011698
49.91	0.011693
49.92	0.011688
49.93	0.011683
49.94	0.011678
49.95	0.011673
49.96	0.011668
49.97	0.011663
49.98	0.011658
49.99	0.011653
50.0	0.011648
