eng	y_fit
0.43	0.0
0.44	0.051907
0.45	0.076892
0.46	0.09618
0.47	0.11279
0.48	0.12782
0.49	0.14181
0.5	0.1551
0.51	0.16789
0.52	0.18033
0.53	0.19253
0.54	0.20456
0.55	0.2165
0.56	0.2284
0.57	0.2403
0.58	0.25224
0.59	0.26425
0.6	0.27637
0.61	0.28861
0.62	0.301
0.63	0.31357
0.64	0.32633
0.65	0.3393
0.66	0.35249
0.67	0.36593
0.68	0.37963
0.69	0.3936
0.7	0.40785
0.71	0.4224
0.72	0.43727
0.73	0.45246
0.74	0.46926625
0.75	0.4860725
0.76	0.50287875
0.77	0.519685
0.78	0.5364912500000001
0.79	0.5532975
0.8	0.5701037500000001
0.81	0.58691
0.82	0.60548
0.83	0.62446
0.84	0.64387
0.85	0.66371
0.86	0.68398
0.87	0.70469
0.88	0.72585
0.89	0.74745
0.9	0.7695
0.91	0.79199
0.92	0.81493
0.93	0.83831
0.94	0.86213
0.95	0.88639
0.96	0.91107
0.97	0.93618
0.98	0.96169
0.99	0.9876
1.0	1.0139
1.01	1.0405
1.02	1.0675
1.03	1.0948
1.04	1.1225
1.05	1.1503
1.06	1.1784
1.07	1.2067
1.08	1.2352
1.09	1.243291891891892
1.1	1.2513837837837838
1.11	1.2594756756756758
1.12	1.2675675675675677
1.13	1.2756594594594597
1.14	1.2837513513513514
1.15	1.2918432432432434
1.16	1.2999351351351351
1.17	1.3080270270270271
1.18	1.316118918918919
1.19	1.3242108108108108
1.2	1.3323027027027028
1.21	1.3403945945945948
1.22	1.3484864864864865
1.23	1.3565783783783782
1.24	1.3646702702702704
1.25	1.3727621621621622
1.26	1.3808540540540541
1.27	1.388945945945946
1.28	1.3970378378378379
1.29	1.4051297297297296
1.3	1.4132216216216218
1.31	1.4213135135135135
1.32	1.4294054054054053
1.33	1.4374972972972975
1.34	1.4455891891891892
1.35	1.4536810810810812
1.36	1.4617729729729732
1.37	1.469864864864865
1.38	1.4779567567567569
1.39	1.4860486486486486
1.4	1.4941405405405406
1.41	1.5022324324324323
1.42	1.5103243243243243
1.43	1.5184162162162163
1.44	1.5265081081081082
1.45	1.5346
1.46	1.5346492753623189
1.47	1.5346985507246376
1.48	1.5347478260869567
1.49	1.5347971014492754
1.5	1.5348463768115943
1.51	1.534895652173913
1.52	1.5349449275362317
1.53	1.5349942028985506
1.54	1.5350434782608695
1.55	1.5350927536231884
1.56	1.5351420289855071
1.57	1.535191304347826
1.58	1.5352405797101452
1.59	1.5352898550724638
1.6	1.5353391304347828
1.61	1.5353884057971015
1.62	1.5354376811594201
1.63	1.535486956521739
1.64	1.5355362318840577
1.65	1.5355855072463769
1.66	1.5356347826086956
1.67	1.5356840579710145
1.68	1.5357333333333334
1.69	1.5357826086956523
1.7	1.5358318840579708
1.71	1.53588115942029
1.72	1.5359304347826086
1.73	1.5359797101449275
1.74	1.5360289855072464
1.75	1.5360782608695653
1.76	1.5361275362318842
1.77	1.5361768115942027
1.78	1.5362260869565216
1.79	1.5362753623188405
1.8	1.5363246376811595
1.81	1.5363739130434784
1.82	1.5364231884057973
1.83	1.5364724637681157
1.84	1.5365217391304347
1.85	1.5365710144927536
1.86	1.5366202898550725
1.87	1.5366695652173914
1.88	1.53671884057971
1.89	1.536768115942029
1.9	1.536817391304348
1.91	1.5368666666666666
1.92	1.5369159420289855
1.93	1.5369652173913044
1.94	1.5370144927536233
1.95	1.537063768115942
1.96	1.5371130434782607
1.97	1.5371623188405796
1.98	1.5372115942028985
1.99	1.5372608695652175
2.0	1.5373101449275361
2.01	1.537359420289855
2.02	1.537408695652174
2.03	1.5374579710144929
2.04	1.5375072463768116
2.05	1.5375565217391305
2.06	1.5376057971014494
2.07	1.5376550724637683
2.08	1.537704347826087
2.09	1.5377536231884057
2.1	1.5378028985507246
2.11	1.5378521739130435
2.12	1.5379014492753624
2.13	1.5379507246376811
2.14	1.538
2.15	1.5357000000000003
2.16	1.5333999999999999
2.17	1.5311
2.18	1.5288
2.19	1.5265
2.2	1.5246
2.21	1.5227
2.22	1.5208
2.23	1.5189
2.24	1.517
2.25	1.5151
2.26	1.5132
2.27	1.5113
2.28	1.5092
2.29	1.5069
2.3	1.5047
2.31	1.502
2.32	1.4993
2.33	1.4968
2.34	1.4941
2.35	1.4916
2.36	1.4889
2.37	1.4863
2.38	1.4836
2.39	1.481
2.4	1.4783
2.41	1.4756
2.42	1.4729
2.43	1.4703
2.44	1.4676
2.45	1.4649
2.46	1.4622
2.47	1.4596
2.48	1.4569
2.49	1.4542
2.5	1.4515
2.51	1.4488
2.52	1.4461
2.53	1.4434
2.54	1.4407
2.55	1.438
2.56	1.4353
2.57	1.4326
2.58	1.4299
2.59	1.4272
2.6	1.4245
2.61	1.4218
2.62	1.4191
2.63	1.4164
2.64	1.4137
2.65	1.411
2.66	1.4083
2.67	1.4056
2.68	1.4029
2.69	1.4002
2.7	1.3976
2.71	1.3949
2.72	1.3922
2.73	1.3895
2.74	1.3869
2.75	1.3842
2.76	1.3815
2.77	1.3788
2.78	1.3762
2.79	1.3735
2.8	1.3708
2.81	1.3682
2.82	1.3655
2.83	1.3629
2.84	1.3602
2.85	1.3576
2.86	1.355
2.87	1.3523
2.88	1.3497
2.89	1.3471
2.9	1.3445
2.91	1.3419
2.92	1.3392
2.93	1.3366
2.94	1.334
2.95	1.3314
2.96	1.3288
2.97	1.3263
2.98	1.3237
2.99	1.3211
3.0	1.3185
3.01	1.3159
3.02	1.3134
3.03	1.3108
3.04	1.3083
3.05	1.3057
3.06	1.3032
3.07	1.3006
3.08	1.2981
3.09	1.2956
3.1	1.293
3.11	1.2905
3.12	1.288
3.13	1.2855
3.14	1.283
3.15	1.2805
3.16	1.278
3.17	1.2755
3.18	1.273
3.19	1.2705
3.2	1.268
3.21	1.2656
3.22	1.2631
3.23	1.2606
3.24	1.2582
3.25	1.2557
3.26	1.2533
3.27	1.2508
3.28	1.2484
3.29	1.2459
3.3	1.2435
3.31	1.2411
3.32	1.2387
3.33	1.2362
3.34	1.2338
3.35	1.2314
3.36	1.229
3.37	1.2266
3.38	1.2242
3.39	1.2218
3.4	1.2194
3.41	1.2171
3.42	1.2147
3.43	1.2123
3.44	1.2099
3.45	1.2076
3.46	1.2052
3.47	1.2029
3.48	1.2005
3.49	1.1982
3.5	1.1958
3.51	1.1935
3.52	1.1911
3.53	1.1888
3.54	1.1865
3.55	1.1842
3.56	1.1818
3.57	1.1795
3.58	1.1772
3.59	1.1749
3.6	1.1726
3.61	1.1703
3.62	1.168
3.63	1.1657
3.64	1.1634
3.65	1.1612
3.66	1.1589
3.67	1.1566
3.68	1.1544
3.69	1.1521
3.7	1.1498
3.71	1.1476
3.72	1.1453
3.73	1.1431
3.74	1.1408
3.75	1.1386
3.76	1.1364
3.77	1.1341
3.78	1.1319
3.79	1.1297
3.8	1.1275
3.81	1.1252
3.82	1.123
3.83	1.1208
3.84	1.1186
3.85	1.1164
3.86	1.1142
3.87	1.112
3.88	1.1099
3.89	1.1077
3.9	1.1055
3.91	1.1033
3.92	1.1012
3.93	1.099
3.94	1.0968
3.95	1.0947
3.96	1.0925
3.97	1.0904
3.98	1.0882
3.99	1.0861
4.0	1.0839
4.01	1.0818
4.02	1.0797
4.03	1.0775
4.04	1.0754
4.05	1.0733
4.06	1.0712
4.07	1.0691
4.08	1.067
4.09	1.0649
4.1	1.0628
4.11	1.0607
4.12	1.0586
4.13	1.0565
4.14	1.0544
4.15	1.0523
4.16	1.0502
4.17	1.0482
4.18	1.0461
4.19	1.044
4.2	1.042
4.21	1.0399
4.22	1.0379
4.23	1.0358
4.24	1.0338
4.25	1.0317
4.26	1.0297
4.27	1.0276
4.28	1.0256
4.29	1.0236
4.3	1.0216
4.31	1.0195
4.32	1.0175
4.33	1.0155
4.34	1.0135
4.35	1.0115
4.36	1.0095
4.37	1.0075
4.38	1.0055
4.39	1.0035
4.4	1.0015
4.41	0.99953
4.42	0.99755
4.43	0.99557
4.44	0.9936
4.45	0.99163
4.46	0.98966
4.47	0.9877
4.48	0.98574
4.49	0.98379
4.5	0.98183
4.51	0.97989
4.52	0.97794
4.53	0.976
4.54	0.97406
4.55	0.97213
4.56	0.97019
4.57	0.96827
4.58	0.96634
4.59	0.96442
4.6	0.9625
4.61	0.96059
4.62	0.95868
4.63	0.95677
4.64	0.95487
4.65	0.95297
4.66	0.95107
4.67	0.94917
4.68	0.94728
4.69	0.94539
4.7	0.94351
4.71	0.94163
4.72	0.93975
4.73	0.93788
4.74	0.936
4.75	0.93414
4.76	0.93227
4.77	0.93041
4.78	0.92855
4.79	0.9267
4.8	0.92484
4.81	0.92299
4.82	0.92115
4.83	0.9193
4.84	0.91746
4.85	0.91563
4.86	0.91379
4.87	0.91196
4.88	0.91013
4.89	0.90831
4.9	0.90649
4.91	0.90467
4.92	0.90285
4.93	0.90104
4.94	0.89923
4.95	0.89742
4.96	0.89562
4.97	0.89382
4.98	0.89202
4.99	0.89023
5.0	0.88843
5.01	0.88664
5.02	0.88486
5.03	0.88307
5.04	0.88129
5.05	0.87952
5.06	0.87774
5.07	0.87597
5.08	0.8742
5.09	0.87243
5.1	0.87067
5.11	0.86891
5.12	0.86715
5.13	0.86539
5.14	0.86364
5.15	0.86189
5.16	0.86014
5.17	0.8584
5.18	0.85665
5.19	0.85491
5.2	0.85318
5.21	0.85144
5.22	0.84971
5.23	0.84798
5.24	0.84626
5.25	0.84453
5.26	0.84281
5.27	0.84109
5.28	0.83938
5.29	0.83766
5.3	0.83595
5.31	0.83424
5.32	0.83254
5.33	0.83084
5.34	0.82914
5.35	0.82744
5.36	0.82574
5.37	0.82405
5.38	0.82236
5.39	0.82067
5.4	0.81899
5.41	0.8173
5.42	0.81562
5.43	0.81395
5.44	0.81227
5.45	0.8106
5.46	0.80893
5.47	0.80726
5.48	0.8056
5.49	0.80393
5.5	0.80227
5.51	0.80062
5.52	0.79896
5.53	0.79731
5.54	0.79566
5.55	0.79401
5.56	0.79237
5.57	0.79073
5.58	0.78909
5.59	0.78745
5.6	0.78581
5.61	0.78418
5.62	0.78255
5.63	0.78093
5.64	0.7793
5.65	0.77768
5.66	0.77606
5.67	0.77444
5.68	0.77283
5.69	0.77122
5.7	0.76961
5.71	0.768
5.72	0.7664
5.73	0.7648
5.74	0.7632
5.75	0.7616
5.76	0.76001
5.77	0.75842
5.78	0.75683
5.79	0.75524
5.8	0.75366
5.81	0.75208
5.82	0.7505
5.83	0.74892
5.84	0.74735
5.85	0.74578
5.86	0.74421
5.87	0.74265
5.88	0.74109
5.89	0.73953
5.9	0.73797
5.91	0.73642
5.92	0.73486
5.93	0.73332
5.94	0.73177
5.95	0.73023
5.96	0.72869
5.97	0.72715
5.98	0.72561
5.99	0.72408
6.0	0.72255
6.01	0.72103
6.02	0.7195
6.03	0.71798
6.04	0.71646
6.05	0.71495
6.06	0.71343
6.07	0.71193
6.08	0.71042
6.09	0.70891
6.1	0.70741
6.11	0.70591
6.12	0.70442
6.13	0.70293
6.14	0.70144
6.15	0.69995
6.16	0.69847
6.17	0.69698
6.18	0.69551
6.19	0.69403
6.2	0.69256
6.21	0.69109
6.22	0.68962
6.23	0.68816
6.24	0.6867
6.25	0.68524
6.26	0.68379
6.27	0.68233
6.28	0.68089
6.29	0.67944
6.3	0.678
6.31	0.67656
6.32	0.67512
6.33	0.67369
6.34	0.67226
6.35	0.67083
6.36	0.6694
6.37	0.66798
6.38	0.66656
6.39	0.66515
6.4	0.66373
6.41	0.66232
6.42	0.66092
6.43	0.65951
6.44	0.65811
6.45	0.65671
6.46	0.65532
6.47	0.65392
6.48	0.65254
6.49	0.65115
6.5	0.64977
6.51	0.64839
6.52	0.64701
6.53	0.64564
6.54	0.64426
6.55	0.6429
6.56	0.64153
6.57	0.64017
6.58	0.63881
6.59	0.63745
6.6	0.6361
6.61	0.63475
6.62	0.6334
6.63	0.63206
6.64	0.63072
6.65	0.62938
6.66	0.62804
6.67	0.62671
6.68	0.62538
6.69	0.62405
6.7	0.62273
6.71	0.62141
6.72	0.62009
6.73	0.61877
6.74	0.61746
6.75	0.61615
6.76	0.61485
6.77	0.61354
6.78	0.61224
6.79	0.61094
6.8	0.60965
6.81	0.60836
6.82	0.60707
6.83	0.60578
6.84	0.6045
6.85	0.60322
6.86	0.60194
6.87	0.60066
6.88	0.59939
6.89	0.59812
6.9	0.59685
6.91	0.59559
6.92	0.59433
6.93	0.59307
6.94	0.59181
6.95	0.59056
6.96	0.58931
6.97	0.58806
6.98	0.58682
6.99	0.58558
7.0	0.58434
7.01	0.5831
7.02	0.58187
7.03	0.58063
7.04	0.5794
7.05	0.57818
7.06	0.57696
7.07	0.57573
7.08	0.57452
7.09	0.5733
7.1	0.57209
7.11	0.57088
7.12	0.56967
7.13	0.56846
7.14	0.56726
7.15	0.56606
7.16	0.56486
7.17	0.56367
7.18	0.56247
7.19	0.56128
7.2	0.5601
7.21	0.55891
7.22	0.55773
7.23	0.55655
7.24	0.55537
7.25	0.5542
7.26	0.55302
7.27	0.55185
7.28	0.55069
7.29	0.54952
7.3	0.54836
7.31	0.5472
7.32	0.54604
7.33	0.54488
7.34	0.54373
7.35	0.54258
7.36	0.54143
7.37	0.54029
7.38	0.53914
7.39	0.538
7.4	0.53686
7.41	0.53573
7.42	0.53459
7.43	0.53346
7.44	0.53233
7.45	0.53121
7.46	0.53008
7.47	0.52896
7.48	0.52784
7.49	0.52673
7.5	0.52561
7.51	0.5245
7.52	0.52339
7.53	0.52228
7.54	0.52117
7.55	0.52007
7.56	0.51897
7.57	0.51787
7.58	0.51678
7.59	0.51568
7.6	0.51459
7.61	0.5135
7.62	0.51242
7.63	0.51133
7.64	0.51025
7.65	0.50917
7.66	0.50809
7.67	0.50702
7.68	0.50594
7.69	0.50487
7.7	0.5038
7.71	0.50274
7.72	0.50167
7.73	0.50061
7.74	0.49955
7.75	0.4985
7.76	0.49744
7.77	0.49639
7.78	0.49534
7.79	0.49429
7.8	0.49325
7.81	0.4922
7.82	0.49116
7.83	0.49012
7.84	0.48909
7.85	0.48805
7.86	0.48702
7.87	0.48599
7.88	0.48497
7.89	0.48394
7.9	0.48292
7.91	0.4819
7.92	0.48088
7.93	0.47986
7.94	0.47885
7.95	0.47784
7.96	0.47683
7.97	0.47582
7.98	0.47482
7.99	0.47382
8.0	0.47282
8.01	0.47182
8.02	0.47082
8.03	0.46983
8.04	0.46884
8.05	0.46785
8.06	0.46687
8.07	0.46588
8.08	0.4649
8.09	0.46392
8.1	0.46294
8.11	0.46197
8.12	0.461
8.13	0.46003
8.14	0.45906
8.15	0.45809
8.16	0.45713
8.17	0.45617
8.18	0.45521
8.19	0.45425
8.2	0.4533
8.21	0.45235
8.22	0.4514
8.23	0.45045
8.24	0.4495
8.25	0.44856
8.26	0.44762
8.27	0.44668
8.28	0.44574
8.29	0.44481
8.3	0.44388
8.31	0.44295
8.32	0.44202
8.33	0.44109
8.34	0.44017
8.35	0.43925
8.36	0.43833
8.37	0.43741
8.38	0.4365
8.39	0.43559
8.4	0.43468
8.41	0.43377
8.42	0.43286
8.43	0.43196
8.44	0.43106
8.45	0.43016
8.46	0.42926
8.47	0.42837
8.48	0.42748
8.49	0.42659
8.5	0.4257
8.51	0.42481
8.52	0.42393
8.53	0.42305
8.54	0.42217
8.55	0.42129
8.56	0.42042
8.57	0.41954
8.58	0.41867
8.59	0.4178
8.6	0.41694
8.61	0.41607
8.62	0.41521
8.63	0.41435
8.64	0.41349
8.65	0.41264
8.66	0.41178
8.67	0.41093
8.68	0.41008
8.69	0.40923
8.7	0.40839
8.71	0.40754
8.72	0.4067
8.73	0.40586
8.74	0.40502
8.75	0.40419
8.76	0.40336
8.77	0.40252
8.78	0.4017
8.79	0.40087
8.8	0.40004
8.81	0.39922
8.82	0.3984
8.83	0.39758
8.84	0.39676
8.85	0.39595
8.86	0.39513
8.87	0.39432
8.88	0.39351
8.89	0.3927
8.9	0.3919
8.91	0.3911
8.92	0.39029
8.93	0.38949
8.94	0.3887
8.95	0.3879
8.96	0.38711
8.97	0.38632
8.98	0.38553
8.99	0.38474
9.0	0.38395
9.01	0.38317
9.02	0.38238
9.03	0.3816
9.04	0.38082
9.05	0.38005
9.06	0.37927
9.07	0.3785
9.08	0.37773
9.09	0.37696
9.1	0.37619
9.11	0.37543
9.12	0.37466
9.13	0.3739
9.14	0.37314
9.15	0.37238
9.16	0.37162
9.17	0.37087
9.18	0.37012
9.19	0.36937
9.2	0.36862
9.21	0.36787
9.22	0.36712
9.23	0.36638
9.24	0.36564
9.25	0.3649
9.26	0.36416
9.27	0.36342
9.28	0.36268
9.29	0.36195
9.3	0.36122
9.31	0.36049
9.32	0.35976
9.33	0.35903
9.34	0.35831
9.35	0.35759
9.36	0.35686
9.37	0.35615
9.38	0.35543
9.39	0.35471
9.4	0.354
9.41	0.35328
9.42	0.35257
9.43	0.35186
9.44	0.35116
9.45	0.35045
9.46	0.34975
9.47	0.34904
9.48	0.34834
9.49	0.34764
9.5	0.34695
9.51	0.34625
9.52	0.34556
9.53	0.34487
9.54	0.34418
9.55	0.34349
9.56	0.3428
9.57	0.34212
9.58	0.34143
9.59	0.34075
9.6	0.34008
9.61	0.3394
9.62	0.33872
9.63	0.33805
9.64	0.33738
9.65	0.33671
9.66	0.33605
9.67	0.33538
9.68	0.33472
9.69	0.33407
9.7	0.33341
9.71	0.33276
9.72	0.33212
9.73	0.33148
9.74	0.33085
9.75	0.33023
9.76	0.32962
9.77	0.32903
9.78	0.32846
9.79	0.32795
9.8	0.32753
9.81	0.32729
9.82	0.32737
9.83	0.32743
9.84	0.32587
9.85	0.32411
9.86	0.32303
9.87	0.32223
9.88	0.32154
9.89	0.32089
9.9	0.32026
9.91	0.31964
9.92	0.31903
9.93	0.31842
9.94	0.31782
9.95	0.31723
9.96	0.31664
9.97	0.31606
9.98	0.31549
9.99	0.3154458333333333
10.0	0.3154016666666667
10.01	0.31535749999999996
10.02	0.31531333333333333
10.03	0.31526916666666666
10.04	0.315225
10.05	0.31518083333333335
10.06	0.3151366666666667
10.07	0.3150925
10.08	0.3150483333333333
10.09	0.31500416666666664
10.1	0.31496
10.11	0.31883
10.12	0.3181371428571429
10.13	0.31744428571428573
10.14	0.3167514285714286
10.15	0.3160585714285714
10.16	0.31536571428571425
10.17	0.3146728571428571
10.18	0.31398
10.19	0.30992
10.2	0.30883615384615387
10.21	0.30775230769230766
10.22	0.3066684615384615
10.23	0.30558461538461534
10.24	0.30450076923076924
10.25	0.30341692307692303
10.26	0.30233307692307687
10.27	0.3012492307692307
10.28	0.3001653846153846
10.29	0.29908153846153845
10.3	0.2979976923076923
10.31	0.29691384615384614
10.32	0.29583
10.33	0.29522
10.34	0.29463
10.35	0.29405
10.36	0.2935
10.37	0.29297
10.38	0.29248
10.39	0.29205
10.4	0.29172
10.41	0.29156
10.42	0.29159
10.43	0.29133
10.44	0.28981
10.45	0.28821
10.46	0.28719
10.47	0.28646
10.48	0.28584
10.49	0.28526
10.5	0.2847
10.51	0.28414
10.52	0.28359
10.53	0.28305
10.54	0.2825
10.55	0.28196
10.56	0.28142
10.57	0.28087
10.58	0.28033
10.59	0.2798
10.6	0.27926
10.61	0.27873
10.62	0.2782
10.63	0.27768
10.64	0.27717
10.65	0.27668
10.66	0.27622
10.67	0.27582
10.68	0.27557
10.69	0.2756
10.7	0.27604
10.71	0.27619
10.72	0.27525
10.73	0.27405
10.74	0.27305
10.75	0.27224
10.76	0.27153
10.77	0.27089
10.78	0.27029
10.79	0.26971
10.8	0.26915
10.81	0.26861
10.82	0.26807
10.83	0.26754
10.84	0.26701
10.85	0.26649
10.86	0.26597
10.87	0.26546
10.88	0.26494
10.89	0.26443
10.9	0.26393
10.91	0.26342
10.92	0.26292
10.93	0.26242
10.94	0.26193
10.95	0.26146
10.96	0.26102
10.97	0.26059
10.98	0.26014
10.99	0.25964
11.0	0.25914
11.01	0.25864
11.02	0.25814
11.03	0.25765
11.04	0.25717
11.05	0.25668
11.06	0.25621
11.07	0.25573
11.08	0.25526
11.09	0.25479
11.1	0.25433
11.11	0.25387
11.12	0.25341
11.13	0.25297
11.14	0.25253
11.15	0.25209
11.16	0.25167
11.17	0.25127
11.18	0.25088
11.19	0.2505
11.2	0.2501
11.21	0.24963
11.22	0.24905
11.23	0.24841
11.24	0.24779
11.25	0.24722
11.26	0.24671
11.27	0.24622
11.28	0.24575
11.29	0.24529
11.3	0.24483
11.31	0.24438
11.32	0.24394
11.33	0.24349
11.34	0.24305
11.35	0.24261
11.36	0.24218
11.37	0.24174
11.38	0.24131
11.39	0.24089
11.4	0.24046
11.41	0.24005
11.42	0.23963
11.43	0.23922
11.44	0.2388
11.45	0.23838
11.46	0.23793
11.47	0.23746
11.48	0.23699
11.49	0.23652
11.5	0.23606
11.51	0.23561
11.52	0.23517
11.53	0.23473
11.54	0.2343
11.55	0.23387
11.56	0.23345
11.57	0.23302
11.58	0.2326
11.59	0.23218
11.6	0.23176
11.61	0.23134
11.62	0.23093
11.63	0.23051
11.64	0.23009
11.65	0.22968
11.66	0.22927
11.67	0.22885
11.68	0.22844
11.69	0.22803
11.7	0.22762
11.71	0.22721
11.72	0.2268
11.73	0.22639
11.74	0.22599
11.75	0.22558
11.76	0.22518
11.77	0.22478
11.78	0.22438
11.79	0.22397
11.8	0.22357
11.81	0.22318
11.82	0.22278
11.83	0.22238
11.84	0.22198
11.85	0.22159
11.86	0.22119
11.87	0.2208
11.88	0.22041
11.89	0.22002
11.9	0.21964
11.91	0.21925
11.92	0.21887
11.93	0.21849
11.94	0.21811
11.95	0.21772
11.96	0.21734
11.97	0.21695
11.98	0.21656
11.99	0.21618
12.0	0.21579
12.01	0.21541
12.02	0.21503
12.03	0.21465
12.04	0.21427
12.05	0.21389
12.06	0.21351
12.07	0.21314
12.08	0.21277
12.09	0.2124
12.1	0.21203
12.11	0.21167
12.12	0.21131
12.13	0.21094
12.14	0.21057
12.15	0.2102
12.16	0.20983
12.17	0.20947
12.18	0.2091
12.19	0.20873
12.2	0.20836
12.21	0.208
12.22	0.20764
12.23	0.20728
12.24	0.20691
12.25	0.20656
12.26	0.2062
12.27	0.20584
12.28	0.20548
12.29	0.20513
12.3	0.20477
12.31	0.20442
12.32	0.20406
12.33	0.20371
12.34	0.20336
12.35	0.20302
12.36	0.20267
12.37	0.20232
12.38	0.20196
12.39	0.20159
12.4	0.20124
12.41	0.2009
12.42	0.20057
12.43	0.20024
12.44	0.19989
12.45	0.1995
12.46	0.19919
12.47	0.19884
12.48	0.1985
12.49	0.19816
12.5	0.19782
12.51	0.19748
12.52	0.19714
12.53	0.1968
12.54	0.19646
12.55	0.19612
12.56	0.19579
12.57	0.19545
12.58	0.19512
12.59	0.19478
12.6	0.19445
12.61	0.19411
12.62	0.19378
12.63	0.19345
12.64	0.19312
12.65	0.19279
12.66	0.19246
12.67	0.19213
12.68	0.1918
12.69	0.19148
12.7	0.19115
12.71	0.19082
12.72	0.1905
12.73	0.19017
12.74	0.18985
12.75	0.18953
12.76	0.1892
12.77	0.18888
12.78	0.18856
12.79	0.18824
12.8	0.18792
12.81	0.1876
12.82	0.18728
12.83	0.18696
12.84	0.18665
12.85	0.18633
12.86	0.18601
12.87	0.1857
12.88	0.18538
12.89	0.18507
12.9	0.18476
12.91	0.18444
12.92	0.18413
12.93	0.18382
12.94	0.18351
12.95	0.1832
12.96	0.18289
12.97	0.18258
12.98	0.18228
12.99	0.18197
13.0	0.18166
13.01	0.18136
13.02	0.18105
13.03	0.18075
13.04	0.18044
13.05	0.18014
13.06	0.17984
13.07	0.17953
13.08	0.17923
13.09	0.17893
13.1	0.17863
13.11	0.17833
13.12	0.17803
13.13	0.17774
13.14	0.17744
13.15	0.17714
13.16	0.17684
13.17	0.17655
13.18	0.17625
13.19	0.17596
13.2	0.17567
13.21	0.17537
13.22	0.17508
13.23	0.17479
13.24	0.1745
13.25	0.17421
13.26	0.17392
13.27	0.17363
13.28	0.17334
13.29	0.17305
13.3	0.17276
13.31	0.17248
13.32	0.17219
13.33	0.1719
13.34	0.17162
13.35	0.17133
13.36	0.17105
13.37	0.17077
13.38	0.17048
13.39	0.1702
13.4	0.16992
13.41	0.16964
13.42	0.16936
13.43	0.16908
13.44	0.1688
13.45	0.16852
13.46	0.16825
13.47	0.16797
13.48	0.16769
13.49	0.16742
13.5	0.16714
13.51	0.16687
13.52	0.16659
13.53	0.16632
13.54	0.16605
13.55	0.16577
13.56	0.1655
13.57	0.16523
13.58	0.16496
13.59	0.16469
13.6	0.16442
13.61	0.16415
13.62	0.16388
13.63	0.16362
13.64	0.16335
13.65	0.16308
13.66	0.16282
13.67	0.16255
13.68	0.16229
13.69	0.16202
13.7	0.16176
13.71	0.16149
13.72	0.16123
13.73	0.16097
13.74	0.16071
13.75	0.16045
13.76	0.16019
13.77	0.15993
13.78	0.15967
13.79	0.15941
13.8	0.15915
13.81	0.15889
13.82	0.15864
13.83	0.15838
13.84	0.15813
13.85	0.15787
13.86	0.15762
13.87	0.15736
13.88	0.15711
13.89	0.15685
13.9	0.1566
13.91	0.15635
13.92	0.1561
13.93	0.15585
13.94	0.1556
13.95	0.15535
13.96	0.1551
13.97	0.15485
13.98	0.1546
13.99	0.15435
14.0	0.15411
14.01	0.15386
14.02	0.15361
14.03	0.15337
14.04	0.15312
14.05	0.15288
14.06	0.15264
14.07	0.15239
14.08	0.15215
14.09	0.15191
14.1	0.15167
14.11	0.15142
14.12	0.15118
14.13	0.15094
14.14	0.1507
14.15	0.15046
14.16	0.15023
14.17	0.14999
14.18	0.14975
14.19	0.14951
14.2	0.14928
14.21	0.14904
14.22	0.1488
14.23	0.14857
14.24	0.14833
14.25	0.1481
14.26	0.14787
14.27	0.14763
14.28	0.1474
14.29	0.14717
14.3	0.14694
14.31	0.14671
14.32	0.14648
14.33	0.14625
14.34	0.14602
14.35	0.14579
14.36	0.14556
14.37	0.14533
14.38	0.1451
14.39	0.14488
14.4	0.14465
14.41	0.14442
14.42	0.1442
14.43	0.14397
14.44	0.14375
14.45	0.14352
14.46	0.1433
14.47	0.14308
14.48	0.14285
14.49	0.14263
14.5	0.14241
14.51	0.14219
14.52	0.14197
14.53	0.14175
14.54	0.14153
14.55	0.14131
14.56	0.14109
14.57	0.14087
14.58	0.14065
14.59	0.14043
14.6	0.14022
14.61	0.14
14.62	0.13978
14.63	0.13957
14.64	0.13935
14.65	0.13914
14.66	0.13892
14.67	0.13871
14.68	0.1385
14.69	0.13828
14.7	0.13807
14.71	0.13786
14.72	0.13765
14.73	0.13744
14.74	0.13723
14.75	0.13702
14.76	0.13681
14.77	0.1366
14.78	0.13639
14.79	0.13618
14.8	0.13597
14.81	0.13576
14.82	0.13556
14.83	0.13535
14.84	0.13514
14.85	0.13494
14.86	0.13473
14.87	0.13453
14.88	0.13432
14.89	0.13412
14.9	0.13391
14.91	0.13371
14.92	0.13351
14.93	0.13331
14.94	0.1331
14.95	0.1329
14.96	0.1327
14.97	0.1325
14.98	0.1323
14.99	0.1321
15.0	0.1319
15.01	0.1317
15.02	0.1315
15.03	0.13131
15.04	0.13111
15.05	0.13091
15.06	0.13071
15.07	0.13052
15.08	0.13032
15.09	0.13013
15.1	0.12993
15.11	0.12974
15.12	0.12954
15.13	0.12935
15.14	0.12915
15.15	0.12896
15.16	0.12877
15.17	0.12858
15.18	0.12838
15.19	0.12819
15.2	0.128
15.21	0.12781
15.22	0.12762
15.23	0.12743
15.24	0.12724
15.25	0.12705
15.26	0.12686
15.27	0.12667
15.28	0.12649
15.29	0.1263
15.3	0.12611
15.31	0.12592
15.32	0.12574
15.33	0.12555
15.34	0.12537
15.35	0.12518
15.36	0.125
15.37	0.12481
15.38	0.12463
15.39	0.12444
15.4	0.12426
15.41	0.12408
15.42	0.12389
15.43	0.12371
15.44	0.12353
15.45	0.12335
15.46	0.12317
15.47	0.12299
15.48	0.12281
15.49	0.12263
15.5	0.12245
15.51	0.12227
15.52	0.12209
15.53	0.12191
15.54	0.12173
15.55	0.12155
15.56	0.12138
15.57	0.1212
15.58	0.12102
15.59	0.12085
15.6	0.12067
15.61	0.12049
15.62	0.12032
15.63	0.12014
15.64	0.11997
15.65	0.1198
15.66	0.11962
15.67	0.11945
15.68	0.11928
15.69	0.1191
15.7	0.11893
15.71	0.11876
15.72	0.11859
15.73	0.11842
15.74	0.11824
15.75	0.11807
15.76	0.1179
15.77	0.11773
15.78	0.11756
15.79	0.11739
15.8	0.11723
15.81	0.11706
15.82	0.11689
15.83	0.11672
15.84	0.11655
15.85	0.11639
15.86	0.11622
15.87	0.11605
15.88	0.11589
15.89	0.11572
15.9	0.11556
15.91	0.11539
15.92	0.11523
15.93	0.11506
15.94	0.1149
15.95	0.11473
15.96	0.11457
15.97	0.11441
15.98	0.11424
15.99	0.11408
16.0	0.11392
16.01	0.11376
16.02	0.11359
16.03	0.11343
16.04	0.11327
16.05	0.11311
16.06	0.11295
16.07	0.11279
16.08	0.11263
16.09	0.11247
16.1	0.11231
16.11	0.11216
16.12	0.112
16.13	0.11184
16.14	0.11168
16.15	0.11152
16.16	0.11137
16.17	0.11121
16.18	0.11105
16.19	0.1109
16.2	0.11074
16.21	0.11059
16.22	0.11043
16.23	0.11028
16.24	0.11012
16.25	0.10997
16.26	0.10981
16.27	0.10966
16.28	0.10951
16.29	0.10935
16.3	0.1092
16.31	0.10905
16.32	0.1089
16.33	0.10874
16.34	0.10859
16.35	0.10844
16.36	0.10829
16.37	0.10814
16.38	0.10799
16.39	0.10784
16.4	0.10769
16.41	0.10754
16.42	0.10739
16.43	0.10724
16.44	0.10709
16.45	0.10694
16.46	0.1068
16.47	0.10665
16.48	0.1065
16.49	0.10635
16.5	0.10621
16.51	0.10606
16.52	0.10591
16.53	0.10577
16.54	0.10562
16.55	0.10548
16.56	0.10533
16.57	0.10519
16.58	0.10504
16.59	0.1049
16.6	0.10475
16.61	0.10461
16.62	0.10447
16.63	0.10432
16.64	0.10418
16.65	0.10404
16.66	0.1039
16.67	0.10375
16.68	0.10361
16.69	0.10347
16.7	0.10333
16.71	0.10319
16.72	0.10305
16.73	0.10291
16.74	0.10277
16.75	0.10263
16.76	0.10249
16.77	0.10235
16.78	0.10221
16.79	0.10207
16.8	0.10193
16.81	0.10179
16.82	0.10166
16.83	0.10152
16.84	0.10138
16.85	0.10124
16.86	0.10111
16.87	0.10097
16.88	0.10083
16.89	0.1007
16.9	0.10056
16.91	0.10043
16.92	0.10029
16.93	0.10016
16.94	0.10002
16.95	0.099886
16.96	0.099751
16.97	0.099617
16.98	0.099483
16.99	0.09935
17.0	0.099217
17.01	0.099083
17.02	0.098951
17.03	0.098818
17.04	0.098686
17.05	0.098554
17.06	0.098422
17.07	0.09829
17.08	0.098159
17.09	0.098028
17.1	0.097897
17.11	0.097767
17.12	0.097636
17.13	0.097506
17.14	0.097377
17.15	0.097247
17.16	0.097118
17.17	0.096989
17.18	0.09686
17.19	0.096731
17.2	0.096603
17.21	0.096475
17.22	0.096347
17.23	0.096219
17.24	0.096092
17.25	0.095965
17.26	0.095838
17.27	0.095711
17.28	0.095585
17.29	0.095459
17.3	0.095333
17.31	0.095207
17.32	0.095081
17.33	0.094956
17.34	0.094831
17.35	0.094706
17.36	0.094582
17.37	0.094458
17.38	0.094333
17.39	0.09421
17.4	0.094086
17.41	0.093963
17.42	0.09384
17.43	0.093717
17.44	0.093594
17.45	0.093471
17.46	0.093349
17.47	0.093227
17.48	0.093105
17.49	0.092984
17.5	0.092863
17.51	0.092741
17.52	0.092621
17.53	0.0925
17.54	0.09238
17.55	0.092259
17.56	0.092139
17.57	0.09202
17.58	0.0919
17.59	0.091781
17.6	0.091662
17.61	0.091543
17.62	0.091424
17.63	0.091306
17.64	0.091187
17.65	0.091069
17.66	0.090952
17.67	0.090834
17.68	0.090717
17.69	0.0906
17.7	0.090483
17.71	0.090366
17.72	0.09025
17.73	0.090133
17.74	0.090017
17.75	0.089901
17.76	0.089786
17.77	0.08967
17.78	0.089555
17.79	0.08944
17.8	0.089325
17.81	0.089211
17.82	0.089096
17.83	0.088982
17.84	0.088868
17.85	0.088755
17.86	0.088641
17.87	0.088528
17.88	0.088415
17.89	0.088302
17.9	0.088189
17.91	0.088076
17.92	0.087964
17.93	0.087852
17.94	0.08774
17.95	0.087628
17.96	0.087517
17.97	0.087406
17.98	0.087295
17.99	0.087184
18.0	0.087073
18.01	0.086963
18.02	0.086852
18.03	0.086742
18.04	0.086632
18.05	0.086523
18.06	0.086413
18.07	0.086304
18.08	0.086195
18.09	0.086086
18.1	0.085977
18.11	0.085869
18.12	0.08576
18.13	0.085652
18.14	0.085544
18.15	0.085437
18.16	0.085329
18.17	0.085222
18.18	0.085115
18.19	0.085008
18.2	0.084901
18.21	0.084794
18.22	0.084688
18.23	0.084582
18.24	0.084476
18.25	0.08437
18.26	0.084264
18.27	0.084159
18.28	0.084054
18.29	0.083949
18.3	0.083844
18.31	0.083739
18.32	0.083635
18.33	0.08353
18.34	0.083426
18.35	0.083322
18.36	0.083219
18.37	0.083115
18.38	0.083012
18.39	0.082908
18.4	0.082805
18.41	0.082703
18.42	0.0826
18.43	0.082498
18.44	0.082395
18.45	0.082293
18.46	0.082191
18.47	0.08209
18.48	0.081988
18.49	0.081887
18.5	0.081785
18.51	0.081684
18.52	0.081584
18.53	0.081483
18.54	0.081382
18.55	0.081282
18.56	0.081182
18.57	0.081082
18.58	0.080982
18.59	0.080883
18.6	0.080783
18.61	0.080684
18.62	0.080585
18.63	0.080486
18.64	0.080387
18.65	0.080289
18.66	0.08019
18.67	0.080092
18.68	0.079994
18.69	0.079896
18.7	0.079798
18.71	0.079701
18.72	0.079604
18.73	0.079506
18.74	0.079409
18.75	0.079313
18.76	0.079216
18.77	0.079119
18.78	0.079023
18.79	0.078927
18.8	0.078831
18.81	0.078735
18.82	0.078639
18.83	0.078544
18.84	0.078448
18.85	0.078353
18.86	0.078258
18.87	0.078163
18.88	0.078069
18.89	0.077974
18.9	0.07788
18.91	0.077786
18.92	0.077692
18.93	0.077598
18.94	0.077504
18.95	0.077411
18.96	0.077317
18.97	0.077224
18.98	0.077131
18.99	0.077038
19.0	0.076945
19.01	0.076853
19.02	0.07676
19.03	0.076668
19.04	0.076576
19.05	0.076484
19.06	0.076392
19.07	0.076301
19.08	0.076209
19.09	0.076118
19.1	0.076027
19.11	0.075936
19.12	0.075845
19.13	0.075754
19.14	0.075664
19.15	0.075573
19.16	0.075483
19.17	0.075393
19.18	0.075303
19.19	0.075214
19.2	0.075124
19.21	0.075035
19.22	0.074945
19.23	0.074856
19.24	0.074767
19.25	0.074678
19.26	0.07459
19.27	0.074501
19.28	0.074413
19.29	0.074324
19.3	0.074236
19.31	0.074148
19.32	0.074061
19.33	0.073973
19.34	0.073886
19.35	0.073798
19.36	0.073711
19.37	0.073624
19.38	0.073537
19.39	0.07345
19.4	0.073364
19.41	0.073277
19.42	0.073191
19.43	0.073105
19.44	0.073019
19.45	0.072933
19.46	0.072847
19.47	0.072762
19.48	0.072676
19.49	0.072591
19.5	0.072506
19.51	0.072421
19.52	0.072336
19.53	0.072251
19.54	0.072167
19.55	0.072082
19.56	0.071998
19.57	0.071914
19.58	0.07183
19.59	0.071746
19.6	0.071662
19.61	0.071579
19.62	0.071495
19.63	0.071412
19.64	0.071329
19.65	0.071246
19.66	0.071163
19.67	0.07108
19.68	0.070998
19.69	0.070915
19.7	0.070833
19.71	0.070751
19.72	0.070669
19.73	0.070587
19.74	0.070505
19.75	0.070423
19.76	0.070342
19.77	0.07026
19.78	0.070179
19.79	0.070098
19.8	0.070017
19.81	0.069936
19.82	0.069855
19.83	0.069775
19.84	0.069694
19.85	0.069614
19.86	0.069534
19.87	0.069454
19.88	0.069374
19.89	0.069294
19.9	0.069215
19.91	0.069135
19.92	0.069056
19.93	0.068977
19.94	0.068897
19.95	0.068818
19.96	0.06874
19.97	0.068661
19.98	0.068582
19.99	0.068504
20.0	0.068425
20.01	0.068347
20.02	0.068269
20.03	0.068191
20.04	0.068113
20.05	0.068036
20.06	0.067958
20.07	0.067881
20.08	0.067803
20.09	0.067726
20.1	0.067649
20.11	0.067572
20.12	0.067495
20.13	0.067419
20.14	0.067342
20.15	0.067266
20.16	0.06719
20.17	0.067113
20.18	0.067037
20.19	0.066961
20.2	0.066886
20.21	0.06681
20.22	0.066734
20.23	0.066659
20.24	0.066584
20.25	0.066508
20.26	0.066433
20.27	0.066358
20.28	0.066284
20.29	0.066209
20.3	0.066134
20.31	0.06606
20.32	0.065985
20.33	0.065911
20.34	0.065837
20.35	0.065763
20.36	0.065689
20.37	0.065616
20.38	0.065542
20.39	0.065469
20.4	0.065395
20.41	0.065322
20.42	0.065249
20.43	0.065176
20.44	0.065103
20.45	0.06503
20.46	0.064957
20.47	0.064885
20.48	0.064812
20.49	0.06474
20.5	0.064668
20.51	0.064596
20.52	0.064524
20.53	0.064452
20.54	0.06438
20.55	0.064309
20.56	0.064237
20.57	0.064166
20.58	0.064094
20.59	0.064023
20.6	0.063952
20.61	0.063881
20.62	0.06381
20.63	0.06374
20.64	0.063669
20.65	0.063599
20.66	0.063528
20.67	0.063458
20.68	0.063388
20.69	0.063318
20.7	0.063248
20.71	0.063178
20.72	0.063108
20.73	0.063039
20.74	0.062969
20.75	0.0629
20.76	0.062831
20.77	0.062762
20.78	0.062692
20.79	0.062624
20.8	0.062555
20.81	0.062486
20.82	0.062417
20.83	0.062349
20.84	0.062281
20.85	0.062212
20.86	0.062144
20.87	0.062076
20.88	0.062008
20.89	0.06194
20.9	0.061873
20.91	0.061805
20.92	0.061737
20.93	0.06167
20.94	0.061603
20.95	0.061535
20.96	0.061468
20.97	0.061401
20.98	0.061334
20.99	0.061268
21.0	0.061201
21.01	0.061134
21.02	0.061068
21.03	0.061002
21.04	0.060935
21.05	0.060869
21.06	0.060803
21.07	0.060737
21.08	0.060671
21.09	0.060606
21.1	0.06054
21.11	0.060474
21.12	0.060409
21.13	0.060344
21.14	0.060278
21.15	0.060213
21.16	0.060148
21.17	0.060083
21.18	0.060019
21.19	0.059954
21.2	0.059889
21.21	0.059825
21.22	0.05976
21.23	0.059696
21.24	0.059632
21.25	0.059568
21.26	0.059504
21.27	0.05944
21.28	0.059376
21.29	0.059312
21.3	0.059249
21.31	0.059185
21.32	0.059122
21.33	0.059058
21.34	0.058995
21.35	0.058932
21.36	0.058869
21.37	0.058806
21.38	0.058743
21.39	0.05868
21.4	0.058618
21.41	0.058555
21.42	0.058493
21.43	0.05843
21.44	0.058368
21.45	0.058306
21.46	0.058244
21.47	0.058182
21.48	0.05812
21.49	0.058058
21.5	0.057997
21.51	0.057935
21.52	0.057874
21.53	0.057812
21.54	0.057751
21.55	0.05769
21.56	0.057629
21.57	0.057568
21.58	0.057507
21.59	0.057446
21.6	0.057385
21.61	0.057324
21.62	0.057264
21.63	0.057203
21.64	0.057143
21.65	0.057083
21.66	0.057023
21.67	0.056963
21.68	0.056903
21.69	0.056843
21.7	0.056783
21.71	0.056723
21.72	0.056663
21.73	0.056604
21.74	0.056544
21.75	0.056485
21.76	0.056426
21.77	0.056367
21.78	0.056308
21.79	0.056249
21.8	0.05619
21.81	0.056131
21.82	0.056072
21.83	0.056013
21.84	0.055955
21.85	0.055896
21.86	0.055838
21.87	0.05578
21.88	0.055722
21.89	0.055663
21.9	0.055605
21.91	0.055547
21.92	0.05549
21.93	0.055432
21.94	0.055374
21.95	0.055317
21.96	0.055259
21.97	0.055202
21.98	0.055144
21.99	0.055087
22.0	0.05503
22.01	0.054973
22.02	0.054916
22.03	0.054859
22.04	0.054802
22.05	0.054745
22.06	0.054689
22.07	0.054632
22.08	0.054576
22.09	0.054519
22.1	0.054463
22.11	0.054407
22.12	0.054351
22.13	0.054295
22.14	0.054239
22.15	0.054183
22.16	0.054127
22.17	0.054071
22.18	0.054016
22.19	0.05396
22.2	0.053905
22.21	0.053849
22.22	0.053794
22.23	0.053739
22.24	0.053684
22.25	0.053629
22.26	0.053574
22.27	0.053519
22.28	0.053464
22.29	0.053409
22.3	0.053355
22.31	0.0533
22.32	0.053246
22.33	0.053191
22.34	0.053137
22.35	0.053083
22.36	0.053028
22.37	0.052974
22.38	0.05292
22.39	0.052866
22.4	0.052813
22.41	0.052759
22.42	0.052705
22.43	0.052652
22.44	0.052598
22.45	0.052545
22.46	0.052491
22.47	0.052438
22.48	0.052385
22.49	0.052332
22.5	0.052279
22.51	0.052226
22.52	0.052173
22.53	0.05212
22.54	0.052067
22.55	0.052014
22.56	0.051962
22.57	0.051909
22.58	0.051857
22.59	0.051805
22.6	0.051752
22.61	0.0517
22.62	0.051648
22.63	0.051596
22.64	0.051544
22.65	0.051492
22.66	0.05144
22.67	0.051389
22.68	0.051337
22.69	0.051285
22.7	0.051234
22.71	0.051182
22.72	0.051131
22.73	0.05108
22.74	0.051028
22.75	0.050977
22.76	0.050926
22.77	0.050875
22.78	0.050824
22.79	0.050774
22.8	0.050723
22.81	0.050672
22.82	0.050621
22.83	0.050571
22.84	0.05052
22.85	0.05047
22.86	0.05042
22.87	0.050369
22.88	0.050319
22.89	0.050269
22.9	0.050219
22.91	0.050169
22.92	0.050119
22.93	0.050069
22.94	0.05002
22.95	0.04997
22.96	0.04992
22.97	0.049871
22.98	0.049821
22.99	0.049772
23.0	0.049723
23.01	0.049673
23.02	0.049624
23.03	0.049575
23.04	0.049526
23.05	0.049477
23.06	0.049428
23.07	0.049379
23.08	0.049331
23.09	0.049282
23.1	0.049233
23.11	0.049185
23.12	0.049136
23.13	0.049088
23.14	0.04904
23.15	0.048991
23.16	0.048943
23.17	0.048895
23.18	0.048847
23.19	0.048799
23.2	0.048751
23.21	0.048703
23.22	0.048655
23.23	0.048608
23.24	0.04856
23.25	0.048513
23.26	0.048465
23.27	0.048418
23.28	0.04837
23.29	0.048323
23.3	0.048276
23.31	0.048228
23.32	0.048181
23.33	0.048134
23.34	0.048087
23.35	0.04804
23.36	0.047994
23.37	0.047947
23.38	0.0479
23.39	0.047853
23.4	0.047807
23.41	0.04776
23.42	0.047714
23.43	0.047668
23.44	0.047621
23.45	0.047575
23.46	0.047529
23.47	0.047483
23.48	0.047437
23.49	0.047391
23.5	0.047345
23.51	0.047299
23.52	0.047253
23.53	0.047207
23.54	0.047162
23.55	0.047116
23.56	0.047071
23.57	0.047025
23.58	0.04698
23.59	0.046934
23.6	0.046889
23.61	0.046844
23.62	0.046799
23.63	0.046754
23.64	0.046709
23.65	0.046664
23.66	0.046619
23.67	0.046574
23.68	0.046529
23.69	0.046485
23.7	0.04644
23.71	0.046395
23.72	0.046351
23.73	0.046306
23.74	0.046262
23.75	0.046218
23.76	0.046173
23.77	0.046129
23.78	0.046085
23.79	0.046041
23.8	0.045997
23.81	0.045953
23.82	0.045909
23.83	0.045865
23.84	0.045821
23.85	0.045778
23.86	0.045734
23.87	0.04569
23.88	0.045647
23.89	0.045603
23.9	0.04556
23.91	0.045517
23.92	0.045473
23.93	0.04543
23.94	0.045387
23.95	0.045344
23.96	0.045301
23.97	0.045258
23.98	0.045215
23.99	0.045172
24.0	0.045129
24.01	0.045086
24.02	0.045044
24.03	0.045001
24.04	0.044959
24.05	0.044916
24.06	0.044874
24.07	0.044831
24.08	0.044789
24.09	0.044746
24.1	0.044704
24.11	0.044662
24.12	0.04462
24.13	0.044578
24.14	0.044536
24.15	0.044494
24.16	0.044452
24.17	0.04441
24.18	0.044369
24.19	0.044327
24.2	0.044285
24.21	0.044244
24.22	0.044202
24.23	0.044161
24.24	0.044119
24.25	0.044078
24.26	0.044036
24.27	0.043995
24.28	0.043954
24.29	0.043913
24.3	0.043872
24.31	0.043831
24.32	0.04379
24.33	0.043749
24.34	0.043708
24.35	0.043667
24.36	0.043626
24.37	0.043586
24.38	0.043545
24.39	0.043505
24.4	0.043464
24.41	0.043424
24.42	0.043383
24.43	0.043343
24.44	0.043302
24.45	0.043262
24.46	0.043222
24.47	0.043182
24.48	0.043142
24.49	0.043102
24.5	0.043062
24.51	0.043022
24.52	0.042982
24.53	0.042942
24.54	0.042902
24.55	0.042863
24.56	0.042823
24.57	0.042783
24.58	0.042744
24.59	0.042704
24.6	0.042665
24.61	0.042626
24.62	0.042586
24.63	0.042547
24.64	0.042508
24.65	0.042469
24.66	0.042429
24.67	0.04239
24.68	0.042351
24.69	0.042312
24.7	0.042273
24.71	0.042235
24.72	0.042196
24.73	0.042157
24.74	0.042118
24.75	0.04208
24.76	0.042041
24.77	0.042002
24.78	0.041964
24.79	0.041926
24.8	0.041887
24.81	0.041849
24.82	0.04181
24.83	0.041772
24.84	0.041734
24.85	0.041696
24.86	0.041658
24.87	0.04162
24.88	0.041582
24.89	0.041544
24.9	0.041506
24.91	0.041468
24.92	0.04143
24.93	0.041393
24.94	0.041355
24.95	0.041317
24.96	0.04128
24.97	0.041242
24.98	0.041205
24.99	0.041167
25.0	0.04113
25.01	0.041093
25.02	0.041055
25.03	0.041018
25.04	0.040981
25.05	0.040944
25.06	0.040907
25.07	0.04087
25.08	0.040833
25.09	0.040796
25.1	0.040759
25.11	0.040722
25.12	0.040685
25.13	0.040648
25.14	0.040612
25.15	0.040575
25.16	0.040538
25.17	0.040502
25.18	0.040465
25.19	0.040429
25.2	0.040393
25.21	0.040356
25.22	0.04032
25.23	0.040284
25.24	0.040247
25.25	0.040211
25.26	0.040175
25.27	0.040139
25.28	0.040103
25.29	0.040067
25.3	0.040031
25.31	0.039995
25.32	0.039959
25.33	0.039924
25.34	0.039888
25.35	0.039852
25.36	0.039817
25.37	0.039781
25.38	0.039745
25.39	0.03971
25.4	0.039674
25.41	0.039639
25.42	0.039604
25.43	0.039568
25.44	0.039533
25.45	0.039498
25.46	0.039463
25.47	0.039427
25.48	0.039392
25.49	0.039357
25.5	0.039322
25.51	0.039287
25.52	0.039252
25.53	0.039218
25.54	0.039183
25.55	0.039148
25.56	0.039113
25.57	0.039079
25.58	0.039044
25.59	0.039009
25.6	0.038975
25.61	0.03894
25.62	0.038906
25.63	0.038871
25.64	0.038837
25.65	0.038803
25.66	0.038768
25.67	0.038734
25.68	0.0387
25.69	0.038666
25.7	0.038632
25.71	0.038598
25.72	0.038564
25.73	0.03853
25.74	0.038496
25.75	0.038462
25.76	0.038428
25.77	0.038394
25.78	0.038361
25.79	0.038327
25.8	0.038293
25.81	0.03826
25.82	0.038226
25.83	0.038192
25.84	0.038159
25.85	0.038125
25.86	0.038092
25.87	0.038059
25.88	0.038025
25.89	0.037992
25.9	0.037959
25.91	0.037926
25.92	0.037892
25.93	0.037859
25.94	0.037826
25.95	0.037793
25.96	0.03776
25.97	0.037727
25.98	0.037694
25.99	0.037662
26.0	0.037629
26.01	0.037596
26.02	0.037563
26.03	0.037531
26.04	0.037498
26.05	0.037465
26.06	0.037433
26.07	0.0374
26.08	0.037368
26.09	0.037335
26.1	0.037303
26.11	0.037271
26.12	0.037238
26.13	0.037206
26.14	0.037174
26.15	0.037142
26.16	0.037109
26.17	0.037077
26.18	0.037045
26.19	0.037013
26.2	0.036981
26.21	0.036949
26.22	0.036917
26.23	0.036885
26.24	0.036854
26.25	0.036822
26.26	0.03679
26.27	0.036758
26.28	0.036727
26.29	0.036695
26.3	0.036664
26.31	0.036632
26.32	0.036601
26.33	0.036569
26.34	0.036538
26.35	0.036506
26.36	0.036475
26.37	0.036444
26.38	0.036412
26.39	0.036381
26.4	0.03635
26.41	0.036319
26.42	0.036288
26.43	0.036257
26.44	0.036226
26.45	0.036195
26.46	0.036164
26.47	0.036133
26.48	0.036102
26.49	0.036071
26.5	0.03604
26.51	0.036009
26.52	0.035979
26.53	0.035948
26.54	0.035917
26.55	0.035887
26.56	0.035856
26.57	0.035826
26.58	0.035795
26.59	0.035765
26.6	0.035734
26.61	0.035704
26.62	0.035673
26.63	0.035643
26.64	0.035613
26.65	0.035583
26.66	0.035553
26.67	0.035522
26.68	0.035492
26.69	0.035462
26.7	0.035432
26.71	0.035402
26.72	0.035372
26.73	0.035342
26.74	0.035312
26.75	0.035282
26.76	0.035253
26.77	0.035223
26.78	0.035193
26.79	0.035163
26.8	0.035134
26.81	0.035104
26.82	0.035075
26.83	0.035045
26.84	0.035015
26.85	0.034986
26.86	0.034957
26.87	0.034927
26.88	0.034898
26.89	0.034868
26.9	0.034839
26.91	0.03481
26.92	0.034781
26.93	0.034751
26.94	0.034722
26.95	0.034693
26.96	0.034664
26.97	0.034635
26.98	0.034606
26.99	0.034577
27.0	0.034548
27.01	0.034519
27.02	0.03449
27.03	0.034461
27.04	0.034433
27.05	0.034404
27.06	0.034375
27.07	0.034346
27.08	0.034318
27.09	0.034289
27.1	0.03426
27.11	0.034232
27.12	0.034203
27.13	0.034175
27.14	0.034146
27.15	0.034118
27.16	0.03409
27.17	0.034061
27.18	0.034033
27.19	0.034005
27.2	0.033976
27.21	0.033948
27.22	0.03392
27.23	0.033892
27.24	0.033864
27.25	0.033836
27.26	0.033808
27.27	0.03378
27.28	0.033752
27.29	0.033724
27.3	0.033696
27.31	0.033668
27.32	0.03364
27.33	0.033612
27.34	0.033585
27.35	0.033557
27.36	0.033529
27.37	0.033502
27.38	0.033474
27.39	0.033446
27.4	0.033419
27.41	0.033391
27.42	0.033364
27.43	0.033336
27.44	0.033309
27.45	0.033281
27.46	0.033254
27.47	0.033227
27.48	0.033199
27.49	0.033172
27.5	0.033145
27.51	0.033118
27.52	0.033091
27.53	0.033063
27.54	0.033036
27.55	0.033009
27.56	0.032982
27.57	0.032955
27.58	0.032928
27.59	0.032901
27.6	0.032874
27.61	0.032847
27.62	0.032821
27.63	0.032794
27.64	0.032767
27.65	0.03274
27.66	0.032714
27.67	0.032687
27.68	0.03266
27.69	0.032634
27.7	0.032607
27.71	0.03258
27.72	0.032554
27.73	0.032527
27.74	0.032501
27.75	0.032475
27.76	0.032448
27.77	0.032422
27.78	0.032395
27.79	0.032369
27.8	0.032343
27.81	0.032317
27.82	0.03229
27.83	0.032264
27.84	0.032238
27.85	0.032212
27.86	0.032186
27.87	0.03216
27.88	0.032134
27.89	0.032108
27.9	0.032082
27.91	0.032056
27.92	0.03203
27.93	0.032004
27.94	0.031978
27.95	0.031953
27.96	0.031927
27.97	0.031901
27.98	0.031875
27.99	0.03185
28.0	0.031824
28.01	0.031798
28.02	0.031773
28.03	0.031747
28.04	0.031722
28.05	0.031696
28.06	0.031671
28.07	0.031645
28.08	0.03162
28.09	0.031595
28.1	0.031569
28.11	0.031544
28.12	0.031519
28.13	0.031493
28.14	0.031468
28.15	0.031443
28.16	0.031418
28.17	0.031393
28.18	0.031367
28.19	0.031342
28.2	0.031317
28.21	0.031292
28.22	0.031267
28.23	0.031242
28.24	0.031217
28.25	0.031192
28.26	0.031168
28.27	0.031143
28.28	0.031118
28.29	0.031093
28.3	0.031068
28.31	0.031044
28.32	0.031019
28.33	0.030994
28.34	0.03097
28.35	0.030945
28.36	0.03092
28.37	0.030896
28.38	0.030871
28.39	0.030847
28.4	0.030822
28.41	0.030798
28.42	0.030774
28.43	0.030749
28.44	0.030725
28.45	0.0307
28.46	0.030676
28.47	0.030652
28.48	0.030628
28.49	0.030603
28.5	0.030579
28.51	0.030555
28.52	0.030531
28.53	0.030507
28.54	0.030483
28.55	0.030459
28.56	0.030435
28.57	0.030411
28.58	0.030387
28.59	0.030363
28.6	0.030339
28.61	0.030315
28.62	0.030291
28.63	0.030267
28.64	0.030243
28.65	0.03022
28.66	0.030196
28.67	0.030172
28.68	0.030149
28.69	0.030125
28.7	0.030101
28.71	0.030078
28.72	0.030054
28.73	0.030031
28.74	0.030007
28.75	0.029984
28.76	0.02996
28.77	0.029937
28.78	0.029913
28.79	0.02989
28.8	0.029866
28.81	0.029843
28.82	0.02982
28.83	0.029797
28.84	0.029773
28.85	0.02975
28.86	0.029727
28.87	0.029704
28.88	0.029681
28.89	0.029657
28.9	0.029634
28.91	0.029611
28.92	0.029588
28.93	0.029565
28.94	0.029542
28.95	0.029519
28.96	0.029496
28.97	0.029473
28.98	0.02945
28.99	0.029428
29.0	0.029405
29.01	0.029382
29.02	0.029359
29.03	0.029336
29.04	0.029314
29.05	0.029291
29.06	0.029268
29.07	0.029246
29.08	0.029223
29.09	0.0292
29.1	0.029178
29.11	0.029155
29.12	0.029133
29.13	0.02911
29.14	0.029088
29.15	0.029065
29.16	0.029043
29.17	0.029021
29.18	0.028998
29.19	0.028976
29.2	0.028954
29.21	0.028931
29.22	0.028909
29.23	0.028887
29.24	0.028865
29.25	0.028842
29.26	0.02882
29.27	0.028798
29.28	0.028776
29.29	0.028754
29.3	0.028732
29.31	0.02871
29.32	0.028688
29.33	0.028666
29.34	0.028644
29.35	0.028622
29.36	0.0286
29.37	0.028578
29.38	0.028556
29.39	0.028534
29.4	0.028512
29.41	0.028491
29.42	0.028469
29.43	0.028447
29.44	0.028425
29.45	0.028404
29.46	0.028382
29.47	0.02836
29.48	0.028339
29.49	0.028317
29.5	0.028296
29.51	0.028274
29.52	0.028253
29.53	0.028231
29.54	0.02821
29.55	0.028188
29.56	0.028167
29.57	0.028145
29.58	0.028124
29.59	0.028103
29.6	0.028081
29.61	0.02806
29.62	0.028039
29.63	0.028017
29.64	0.027996
29.65	0.027975
29.66	0.027954
29.67	0.027933
29.68	0.027911
29.69	0.02789
29.7	0.027869
29.71	0.027848
29.72	0.027827
29.73	0.027806
29.74	0.027785
29.75	0.027764
29.76	0.027743
29.77	0.027722
29.78	0.027701
29.79	0.02768
29.8	0.02766
29.81	0.027639
29.82	0.027618
29.83	0.027597
29.84	0.027576
29.85	0.027556
29.86	0.027535
29.87	0.027514
29.88	0.027493
29.89	0.027473
29.9	0.027452
29.91	0.027432
29.92	0.027411
29.93	0.02739
29.94	0.02737
29.95	0.027349
29.96	0.027329
29.97	0.027308
29.98	0.027288
29.99	0.027268
30.0	0.027247
30.01	0.027227
30.02	0.027206
30.03	0.027186
30.04	0.027166
30.05	0.027145
30.06	0.027125
30.07	0.027105
30.08	0.027085
30.09	0.027064
30.1	0.027044
30.11	0.027024
30.12	0.027004
30.13	0.026984
30.14	0.026964
30.15	0.026944
30.16	0.026924
30.17	0.026904
30.18	0.026884
30.19	0.026864
30.2	0.026844
30.21	0.026824
30.22	0.026804
30.23	0.026784
30.24	0.026764
30.25	0.026744
30.26	0.026724
30.27	0.026705
30.28	0.026685
30.29	0.026665
30.3	0.026645
30.31	0.026626
30.32	0.026606
30.33	0.026586
30.34	0.026567
30.35	0.026547
30.36	0.026527
30.37	0.026508
30.38	0.026488
30.39	0.026469
30.4	0.026449
30.41	0.02643
30.42	0.02641
30.43	0.026391
30.44	0.026371
30.45	0.026352
30.46	0.026332
30.47	0.026313
30.48	0.026294
30.49	0.026274
30.5	0.026255
30.51	0.026236
30.52	0.026216
30.53	0.026197
30.54	0.026178
30.55	0.026159
30.56	0.026139
30.57	0.02612
30.58	0.026101
30.59	0.026082
30.6	0.026063
30.61	0.026044
30.62	0.026025
30.63	0.026006
30.64	0.025987
30.65	0.025968
30.66	0.025949
30.67	0.02593
30.68	0.025911
30.69	0.025892
30.7	0.025873
30.71	0.025854
30.72	0.025835
30.73	0.025816
30.74	0.025798
30.75	0.025779
30.76	0.02576
30.77	0.025741
30.78	0.025722
30.79	0.025704
30.8	0.025685
30.81	0.025666
30.82	0.025648
30.83	0.025629
30.84	0.02561
30.85	0.025592
30.86	0.025573
30.87	0.025555
30.88	0.025536
30.89	0.025518
30.9	0.025499
30.91	0.025481
30.92	0.025462
30.93	0.025444
30.94	0.025425
30.95	0.025407
30.96	0.025389
30.97	0.02537
30.98	0.025352
30.99	0.025333
31.0	0.025315
31.01	0.025297
31.02	0.025279
31.03	0.02526
31.04	0.025242
31.05	0.025224
31.06	0.025206
31.07	0.025188
31.08	0.025169
31.09	0.025151
31.1	0.025133
31.11	0.025115
31.12	0.025097
31.13	0.025079
31.14	0.025061
31.15	0.025043
31.16	0.025025
31.17	0.025007
31.18	0.024989
31.19	0.024971
31.2	0.024953
31.21	0.024935
31.22	0.024917
31.23	0.0249
31.24	0.024882
31.25	0.024864
31.26	0.024846
31.27	0.024828
31.28	0.02481
31.29	0.024793
31.3	0.024775
31.31	0.024757
31.32	0.02474
31.33	0.024722
31.34	0.024704
31.35	0.024687
31.36	0.024669
31.37	0.024651
31.38	0.024634
31.39	0.024616
31.4	0.024599
31.41	0.024581
31.42	0.024564
31.43	0.024546
31.44	0.024529
31.45	0.024511
31.46	0.024494
31.47	0.024476
31.48	0.024459
31.49	0.024442
31.5	0.024424
31.51	0.024407
31.52	0.02439
31.53	0.024372
31.54	0.024355
31.55	0.024338
31.56	0.024321
31.57	0.024303
31.58	0.024286
31.59	0.024269
31.6	0.024252
31.61	0.024235
31.62	0.024217
31.63	0.0242
31.64	0.024183
31.65	0.024166
31.66	0.024149
31.67	0.024132
31.68	0.024115
31.69	0.024098
31.7	0.024081
31.71	0.024064
31.72	0.024047
31.73	0.02403
31.74	0.024013
31.75	0.023996
31.76	0.023979
31.77	0.023962
31.78	0.023946
31.79	0.023929
31.8	0.023912
31.81	0.023895
31.82	0.023878
31.83	0.023861
31.84	0.023845
31.85	0.023828
31.86	0.023811
31.87	0.023795
31.88	0.023778
31.89	0.023761
31.9	0.023745
31.91	0.023728
31.92	0.023711
31.93	0.023695
31.94	0.023678
31.95	0.023662
31.96	0.023645
31.97	0.023628
31.98	0.023612
31.99	0.023595
32.0	0.023579
32.01	0.023563
32.02	0.023546
32.03	0.02353
32.04	0.023513
32.05	0.023497
32.06	0.02348
32.07	0.023464
32.08	0.023448
32.09	0.023431
32.1	0.023415
32.11	0.023399
32.12	0.023383
32.13	0.023366
32.14	0.02335
32.15	0.023334
32.16	0.023318
32.17	0.023301
32.18	0.023285
32.19	0.023269
32.2	0.023253
32.21	0.023237
32.22	0.023221
32.23	0.023205
32.24	0.023189
32.25	0.023172
32.26	0.023156
32.27	0.02314
32.28	0.023124
32.29	0.023108
32.3	0.023092
32.31	0.023076
32.32	0.023061
32.33	0.023045
32.34	0.023029
32.35	0.023013
32.36	0.022997
32.37	0.022981
32.38	0.022965
32.39	0.022949
32.4	0.022934
32.41	0.022918
32.42	0.022902
32.43	0.022886
32.44	0.02287
32.45	0.022855
32.46	0.022839
32.47	0.022823
32.48	0.022808
32.49	0.022792
32.5	0.022776
32.51	0.022761
32.52	0.022745
32.53	0.022729
32.54	0.022714
32.55	0.022698
32.56	0.022683
32.57	0.022667
32.58	0.022652
32.59	0.022636
32.6	0.022621
32.61	0.022605
32.62	0.02259
32.63	0.022574
32.64	0.022559
32.65	0.022543
32.66	0.022528
32.67	0.022512
32.68	0.022497
32.69	0.022482
32.7	0.022466
32.71	0.022451
32.72	0.022436
32.73	0.02242
32.74	0.022405
32.75	0.02239
32.76	0.022375
32.77	0.022359
32.78	0.022344
32.79	0.022329
32.8	0.022314
32.81	0.022299
32.82	0.022284
32.83	0.022268
32.84	0.022253
32.85	0.022238
32.86	0.022223
32.87	0.022208
32.88	0.022193
32.89	0.022178
32.9	0.022163
32.91	0.022148
32.92	0.022133
32.93	0.022118
32.94	0.022103
32.95	0.022088
32.96	0.022073
32.97	0.022058
32.98	0.022043
32.99	0.022028
33.0	0.022013
33.01	0.021998
33.02	0.021984
33.03	0.021969
33.04	0.021954
33.05	0.021939
33.06	0.021924
33.07	0.021909
33.08	0.021895
33.09	0.02188
33.1	0.021865
33.11	0.021851
33.12	0.021836
33.13	0.021821
33.14	0.021806
33.15	0.021792
33.16	0.021777
33.17	0.021762
33.18	0.021748
33.19	0.021733
33.2	0.021719
33.21	0.021704
33.22	0.02169
33.23	0.021675
33.24	0.02166
33.25	0.021646
33.26	0.021631
33.27	0.021617
33.28	0.021602
33.29	0.021588
33.3	0.021574
33.31	0.021559
33.32	0.021545
33.33	0.02153
33.34	0.021516
33.35	0.021501
33.36	0.021487
33.37	0.021473
33.38	0.021458
33.39	0.021444
33.4	0.02143
33.41	0.021416
33.42	0.021401
33.43	0.021387
33.44	0.021373
33.45	0.021359
33.46	0.021344
33.47	0.02133
33.48	0.021316
33.49	0.021302
33.5	0.021288
33.51	0.021273
33.52	0.021259
33.53	0.021245
33.54	0.021231
33.55	0.021217
33.56	0.021203
33.57	0.021189
33.58	0.021175
33.59	0.021161
33.6	0.021147
33.61	0.021133
33.62	0.021119
33.63	0.021105
33.64	0.021091
33.65	0.021077
33.66	0.021063
33.67	0.021049
33.68	0.021035
33.69	0.021021
33.7	0.021007
33.71	0.020993
33.72	0.020979
33.73	0.020966
33.74	0.020952
33.75	0.020938
33.76	0.020924
33.77	0.02091
33.78	0.020897
33.79	0.020883
33.8	0.020869
33.81	0.020855
33.82	0.020842
33.83	0.020828
33.84	0.020814
33.85	0.0208
33.86	0.020787
33.87	0.020773
33.88	0.020759
33.89	0.020746
33.9	0.020732
33.91	0.020719
33.92	0.020705
33.93	0.020691
33.94	0.020678
33.95	0.020664
33.96	0.020651
33.97	0.020637
33.98	0.020624
33.99	0.02061
34.0	0.020597
34.01	0.020583
34.02	0.02057
34.03	0.020556
34.04	0.020543
34.05	0.020529
34.06	0.020516
34.07	0.020503
34.08	0.020489
34.09	0.020476
34.1	0.020463
34.11	0.020449
34.12	0.020436
34.13	0.020423
34.14	0.020409
34.15	0.020396
34.16	0.020383
34.17	0.020369
34.18	0.020356
34.19	0.020343
34.2	0.02033
34.21	0.020316
34.22	0.020303
34.23	0.02029
34.24	0.020277
34.25	0.020264
34.26	0.020251
34.27	0.020237
34.28	0.020224
34.29	0.020211
34.3	0.020198
34.31	0.020185
34.32	0.020172
34.33	0.020159
34.34	0.020146
34.35	0.020133
34.36	0.02012
34.37	0.020107
34.38	0.020094
34.39	0.020081
34.4	0.020068
34.41	0.020055
34.42	0.020042
34.43	0.020029
34.44	0.020016
34.45	0.020003
34.46	0.01999
34.47	0.019977
34.48	0.019964
34.49	0.019951
34.5	0.019939
34.51	0.019926
34.52	0.019913
34.53	0.0199
34.54	0.019887
34.55	0.019874
34.56	0.019862
34.57	0.019849
34.58	0.019836
34.59	0.019823
34.6	0.019811
34.61	0.019798
34.62	0.019785
34.63	0.019773
34.64	0.01976
34.65	0.019747
34.66	0.019735
34.67	0.019722
34.68	0.019709
34.69	0.019697
34.7	0.019684
34.71	0.019671
34.72	0.019659
34.73	0.019646
34.74	0.019634
34.75	0.019621
34.76	0.019609
34.77	0.019596
34.78	0.019584
34.79	0.019571
34.8	0.019559
34.81	0.019546
34.82	0.019534
34.83	0.019521
34.84	0.019509
34.85	0.019496
34.86	0.019484
34.87	0.019471
34.88	0.019459
34.89	0.019447
34.9	0.019434
34.91	0.019422
34.92	0.01941
34.93	0.019397
34.94	0.019385
34.95	0.019373
34.96	0.01936
34.97	0.019348
34.98	0.019336
34.99	0.019323
35.0	0.019311
35.01	0.019299
35.02	0.019287
35.03	0.019274
35.04	0.019262
35.05	0.01925
35.06	0.019238
35.07	0.019226
35.08	0.019213
35.09	0.019201
35.1	0.019189
35.11	0.019177
35.12	0.019165
35.13	0.019153
35.14	0.019141
35.15	0.019129
35.16	0.019117
35.17	0.019104
35.18	0.019092
35.19	0.01908
35.2	0.019068
35.21	0.019056
35.22	0.019044
35.23	0.019032
35.24	0.01902
35.25	0.019008
35.26	0.018996
35.27	0.018984
35.28	0.018972
35.29	0.018961
35.3	0.018949
35.31	0.018937
35.32	0.018925
35.33	0.018913
35.34	0.018901
35.35	0.018889
35.36	0.018877
35.37	0.018865
35.38	0.018854
35.39	0.018842
35.4	0.01883
35.41	0.018818
35.42	0.018806
35.43	0.018795
35.44	0.018783
35.45	0.018771
35.46	0.018759
35.47	0.018748
35.48	0.018736
35.49	0.018724
35.5	0.018713
35.51	0.018701
35.52	0.018689
35.53	0.018677
35.54	0.018666
35.55	0.018654
35.56	0.018643
35.57	0.018631
35.58	0.018619
35.59	0.018608
35.6	0.018596
35.61	0.018585
35.62	0.018573
35.63	0.018561
35.64	0.01855
35.65	0.018538
35.66	0.018527
35.67	0.018515
35.68	0.018504
35.69	0.018492
35.7	0.018481
35.71	0.018469
35.72	0.018458
35.73	0.018446
35.74	0.018435
35.75	0.018423
35.76	0.018412
35.77	0.018401
35.78	0.018389
35.79	0.018378
35.8	0.018366
35.81	0.018355
35.82	0.018344
35.83	0.018332
35.84	0.018321
35.85	0.01831
35.86	0.018298
35.87	0.018287
35.88	0.018276
35.89	0.018264
35.9	0.018253
35.91	0.018242
35.92	0.018231
35.93	0.018219
35.94	0.018208
35.95	0.018197
35.96	0.018186
35.97	0.018175
35.98	0.018163
35.99	0.018152
36.0	0.018141
36.01	0.01813
36.02	0.018119
36.03	0.018108
36.04	0.018096
36.05	0.018085
36.06	0.018074
36.07	0.018063
36.08	0.018052
36.09	0.018041
36.1	0.01803
36.11	0.018019
36.12	0.018008
36.13	0.017997
36.14	0.017986
36.15	0.017975
36.16	0.017964
36.17	0.017953
36.18	0.017942
36.19	0.017931
36.2	0.01792
36.21	0.017909
36.22	0.017898
36.23	0.017887
36.24	0.017876
36.25	0.017865
36.26	0.017854
36.27	0.017843
36.28	0.017832
36.29	0.017821
36.3	0.01781
36.31	0.0178
36.32	0.017789
36.33	0.017778
36.34	0.017767
36.35	0.017756
36.36	0.017745
36.37	0.017735
36.38	0.017724
36.39	0.017713
36.4	0.017702
36.41	0.017692
36.42	0.017681
36.43	0.01767
36.44	0.017659
36.45	0.017649
36.46	0.017638
36.47	0.017627
36.48	0.017616
36.49	0.017606
36.5	0.017595
36.51	0.017584
36.52	0.017574
36.53	0.017563
36.54	0.017552
36.55	0.017542
36.56	0.017531
36.57	0.017521
36.58	0.01751
36.59	0.017499
36.6	0.017489
36.61	0.017478
36.62	0.017468
36.63	0.017457
36.64	0.017447
36.65	0.017436
36.66	0.017425
36.67	0.017415
36.68	0.017404
36.69	0.017394
36.7	0.017383
36.71	0.017373
36.72	0.017363
36.73	0.017352
36.74	0.017342
36.75	0.017331
36.76	0.017321
36.77	0.01731
36.78	0.0173
36.79	0.017289
36.8	0.017279
36.81	0.017269
36.82	0.017258
36.83	0.017248
36.84	0.017238
36.85	0.017227
36.86	0.017217
36.87	0.017207
36.88	0.017196
36.89	0.017186
36.9	0.017176
36.91	0.017165
36.92	0.017155
36.93	0.017145
36.94	0.017135
36.95	0.017124
36.96	0.017114
36.97	0.017104
36.98	0.017094
36.99	0.017083
37.0	0.017073
37.01	0.017063
37.02	0.017053
37.03	0.017043
37.04	0.017032
37.05	0.017022
37.06	0.017012
37.07	0.017002
37.08	0.016992
37.09	0.016982
37.1	0.016971
37.11	0.016961
37.12	0.016951
37.13	0.016941
37.14	0.016931
37.15	0.016921
37.16	0.016911
37.17	0.016901
37.18	0.016891
37.19	0.016881
37.2	0.016871
37.21	0.016861
37.22	0.016851
37.23	0.016841
37.24	0.016831
37.25	0.016821
37.26	0.016811
37.27	0.016801
37.28	0.016791
37.29	0.016781
37.3	0.016771
37.31	0.016761
37.32	0.016751
37.33	0.016741
37.34	0.016731
37.35	0.016721
37.36	0.016711
37.37	0.016702
37.38	0.016692
37.39	0.016682
37.4	0.016672
37.41	0.016662
37.42	0.016652
37.43	0.016642
37.44	0.016633
37.45	0.016623
37.46	0.016613
37.47	0.016603
37.48	0.016593
37.49	0.016584
37.5	0.016574
37.51	0.016564
37.52	0.016554
37.53	0.016545
37.54	0.016535
37.55	0.016525
37.56	0.016515
37.57	0.016506
37.58	0.016496
37.59	0.016486
37.6	0.016477
37.61	0.016467
37.62	0.016457
37.63	0.016448
37.64	0.016438
37.65	0.016428
37.66	0.016419
37.67	0.016409
37.68	0.016399
37.69	0.01639
37.7	0.01638
37.71	0.016371
37.72	0.016361
37.73	0.016351
37.74	0.016342
37.75	0.016332
37.76	0.016323
37.77	0.016313
37.78	0.016304
37.79	0.016294
37.8	0.016285
37.81	0.016275
37.82	0.016266
37.83	0.016256
37.84	0.016247
37.85	0.016237
37.86	0.016228
37.87	0.016218
37.88	0.016209
37.89	0.016199
37.9	0.01619
37.91	0.01618
37.92	0.016171
37.93	0.016162
37.94	0.016152
37.95	0.016143
37.96	0.016133
37.97	0.016124
37.98	0.016115
37.99	0.016105
38.0	0.016096
38.01	0.016087
38.02	0.016077
38.03	0.016068
38.04	0.016059
38.05	0.016049
38.06	0.01604
38.07	0.016031
38.08	0.016021
38.09	0.016012
38.1	0.016003
38.11	0.015994
38.12	0.015984
38.13	0.015975
38.14	0.015966
38.15	0.015957
38.16	0.015947
38.17	0.015938
38.18	0.015929
38.19	0.01592
38.2	0.015911
38.21	0.015901
38.22	0.015892
38.23	0.015883
38.24	0.015874
38.25	0.015865
38.26	0.015856
38.27	0.015846
38.28	0.015837
38.29	0.015828
38.3	0.015819
38.31	0.01581
38.32	0.015801
38.33	0.015792
38.34	0.015783
38.35	0.015774
38.36	0.015764
38.37	0.015755
38.38	0.015746
38.39	0.015737
38.4	0.015728
38.41	0.015719
38.42	0.01571
38.43	0.015701
38.44	0.015692
38.45	0.015683
38.46	0.015674
38.47	0.015665
38.48	0.015656
38.49	0.015647
38.5	0.015638
38.51	0.015629
38.52	0.01562
38.53	0.015611
38.54	0.015602
38.55	0.015594
38.56	0.015585
38.57	0.015576
38.58	0.015567
38.59	0.015558
38.6	0.015549
38.61	0.01554
38.62	0.015531
38.63	0.015522
38.64	0.015514
38.65	0.015505
38.66	0.015496
38.67	0.015487
38.68	0.015478
38.69	0.015469
38.7	0.015461
38.71	0.015452
38.72	0.015443
38.73	0.015434
38.74	0.015425
38.75	0.015417
38.76	0.015408
38.77	0.015399
38.78	0.01539
38.79	0.015382
38.8	0.015373
38.81	0.015364
38.82	0.015355
38.83	0.015347
38.84	0.015338
38.85	0.015329
38.86	0.015321
38.87	0.015312
38.88	0.015303
38.89	0.015295
38.9	0.015286
38.91	0.015277
38.92	0.015269
38.93	0.01526
38.94	0.015251
38.95	0.015243
38.96	0.015234
38.97	0.015225
38.98	0.015217
38.99	0.015208
39.0	0.0152
39.01	0.015191
39.02	0.015182
39.03	0.015174
39.04	0.015165
39.05	0.015157
39.06	0.015148
39.07	0.01514
39.08	0.015131
39.09	0.015123
39.1	0.015114
39.11	0.015106
39.12	0.015097
39.13	0.015089
39.14	0.01508
39.15	0.015072
39.16	0.015063
39.17	0.015055
39.18	0.015046
39.19	0.015038
39.2	0.015029
39.21	0.015021
39.22	0.015012
39.23	0.015004
39.24	0.014996
39.25	0.014987
39.26	0.014979
39.27	0.01497
39.28	0.014962
39.29	0.014954
39.3	0.014945
39.31	0.014937
39.32	0.014928
39.33	0.01492
39.34	0.014912
39.35	0.014903
39.36	0.014895
39.37	0.014887
39.38	0.014878
39.39	0.01487
39.4	0.014862
39.41	0.014853
39.42	0.014845
39.43	0.014837
39.44	0.014829
39.45	0.01482
39.46	0.014812
39.47	0.014804
39.48	0.014796
39.49	0.014787
39.5	0.014779
39.51	0.014771
39.52	0.014763
39.53	0.014754
39.54	0.014746
39.55	0.014738
39.56	0.01473
39.57	0.014722
39.58	0.014713
39.59	0.014705
39.6	0.014697
39.61	0.014689
39.62	0.014681
39.63	0.014673
39.64	0.014664
39.65	0.014656
39.66	0.014648
39.67	0.01464
39.68	0.014632
39.69	0.014624
39.7	0.014616
39.71	0.014608
39.72	0.014599
39.73	0.014591
39.74	0.014583
39.75	0.014575
39.76	0.014567
39.77	0.014559
39.78	0.014551
39.79	0.014543
39.8	0.014535
39.81	0.014527
39.82	0.014519
39.83	0.014511
39.84	0.014503
39.85	0.014495
39.86	0.014487
39.87	0.014479
39.88	0.014471
39.89	0.014463
39.9	0.014455
39.91	0.014447
39.92	0.014439
39.93	0.014431
39.94	0.014423
39.95	0.014415
39.96	0.014407
39.97	0.014399
39.98	0.014391
39.99	0.014383
40.0	0.014376
40.01	0.014368
40.02	0.01436
40.03	0.014352
40.04	0.014344
40.05	0.014336
40.06	0.014328
40.07	0.01432
40.08	0.014313
40.09	0.014305
40.1	0.014297
40.11	0.014289
40.12	0.014281
40.13	0.014273
40.14	0.014265
40.15	0.014258
40.16	0.01425
40.17	0.014242
40.18	0.014234
40.19	0.014226
40.2	0.014219
40.21	0.014211
40.22	0.014203
40.23	0.014195
40.24	0.014188
40.25	0.01418
40.26	0.014172
40.27	0.014164
40.28	0.014157
40.29	0.014149
40.3	0.014141
40.31	0.014134
40.32	0.014126
40.33	0.014118
40.34	0.01411
40.35	0.014103
40.36	0.014095
40.37	0.014087
40.38	0.01408
40.39	0.014072
40.4	0.014064
40.41	0.014057
40.42	0.014049
40.43	0.014041
40.44	0.014034
40.45	0.014026
40.46	0.014019
40.47	0.014011
40.48	0.014003
40.49	0.013996
40.5	0.013988
40.51	0.013981
40.52	0.013973
40.53	0.013965
40.54	0.013958
40.55	0.01395
40.56	0.013943
40.57	0.013935
40.58	0.013928
40.59	0.01392
40.6	0.013913
40.61	0.013905
40.62	0.013898
40.63	0.01389
40.64	0.013883
40.65	0.013875
40.66	0.013868
40.67	0.01386
40.68	0.013853
40.69	0.013845
40.7	0.013838
40.71	0.01383
40.72	0.013823
40.73	0.013815
40.74	0.013808
40.75	0.0138
40.76	0.013793
40.77	0.013785
40.78	0.013778
40.79	0.013771
40.8	0.013763
40.81	0.013756
40.82	0.013748
40.83	0.013741
40.84	0.013734
40.85	0.013726
40.86	0.013719
40.87	0.013711
40.88	0.013704
40.89	0.013697
40.9	0.013689
40.91	0.013682
40.92	0.013675
40.93	0.013667
40.94	0.01366
40.95	0.013653
40.96	0.013645
40.97	0.013638
40.98	0.013631
40.99	0.013623
41.0	0.013616
41.01	0.013609
41.02	0.013602
41.03	0.013594
41.04	0.013587
41.05	0.01358
41.06	0.013573
41.07	0.013565
41.08	0.013558
41.09	0.013551
41.1	0.013544
41.11	0.013536
41.12	0.013529
41.13	0.013522
41.14	0.013515
41.15	0.013507
41.16	0.0135
41.17	0.013493
41.18	0.013486
41.19	0.013479
41.2	0.013471
41.21	0.013464
41.22	0.013457
41.23	0.01345
41.24	0.013443
41.25	0.013436
41.26	0.013429
41.27	0.013421
41.28	0.013414
41.29	0.013407
41.3	0.0134
41.31	0.013393
41.32	0.013386
41.33	0.013379
41.34	0.013372
41.35	0.013364
41.36	0.013357
41.37	0.01335
41.38	0.013343
41.39	0.013336
41.4	0.013329
41.41	0.013322
41.42	0.013315
41.43	0.013308
41.44	0.013301
41.45	0.013294
41.46	0.013287
41.47	0.01328
41.48	0.013273
41.49	0.013266
41.5	0.013259
41.51	0.013252
41.52	0.013245
41.53	0.013238
41.54	0.013231
41.55	0.013224
41.56	0.013217
41.57	0.01321
41.58	0.013203
41.59	0.013196
41.6	0.013189
41.61	0.013182
41.62	0.013175
41.63	0.013168
41.64	0.013161
41.65	0.013154
41.66	0.013147
41.67	0.01314
41.68	0.013133
41.69	0.013127
41.7	0.01312
41.71	0.013113
41.72	0.013106
41.73	0.013099
41.74	0.013092
41.75	0.013085
41.76	0.013078
41.77	0.013071
41.78	0.013065
41.79	0.013058
41.8	0.013051
41.81	0.013044
41.82	0.013037
41.83	0.01303
41.84	0.013024
41.85	0.013017
41.86	0.01301
41.87	0.013003
41.88	0.012996
41.89	0.012989
41.9	0.012983
41.91	0.012976
41.92	0.012969
41.93	0.012962
41.94	0.012956
41.95	0.012949
41.96	0.012942
41.97	0.012935
41.98	0.012929
41.99	0.012922
42.0	0.012915
42.01	0.012908
42.02	0.012902
42.03	0.012895
42.04	0.012888
42.05	0.012881
42.06	0.012875
42.07	0.012868
42.08	0.012861
42.09	0.012855
42.1	0.012848
42.11	0.012841
42.12	0.012835
42.13	0.012828
42.14	0.012821
42.15	0.012814
42.16	0.012808
42.17	0.012801
42.18	0.012795
42.19	0.012788
42.2	0.012781
42.21	0.012775
42.22	0.012768
42.23	0.012761
42.24	0.012755
42.25	0.012748
42.26	0.012742
42.27	0.012735
42.28	0.012728
42.29	0.012722
42.3	0.012715
42.31	0.012709
42.32	0.012702
42.33	0.012695
42.34	0.012689
42.35	0.012682
42.36	0.012676
42.37	0.012669
42.38	0.012663
42.39	0.012656
42.4	0.01265
42.41	0.012643
42.42	0.012636
42.43	0.01263
42.44	0.012623
42.45	0.012617
42.46	0.01261
42.47	0.012604
42.48	0.012597
42.49	0.012591
42.5	0.012584
42.51	0.012578
42.52	0.012571
42.53	0.012565
42.54	0.012559
42.55	0.012552
42.56	0.012546
42.57	0.012539
42.58	0.012533
42.59	0.012526
42.6	0.01252
42.61	0.012513
42.62	0.012507
42.63	0.012501
42.64	0.012494
42.65	0.012488
42.66	0.012481
42.67	0.012475
42.68	0.012468
42.69	0.012462
42.7	0.012456
42.71	0.012449
42.72	0.012443
42.73	0.012437
42.74	0.01243
42.75	0.012424
42.76	0.012417
42.77	0.012411
42.78	0.012405
42.79	0.012398
42.8	0.012392
42.81	0.012386
42.82	0.012379
42.83	0.012373
42.84	0.012367
42.85	0.01236
42.86	0.012354
42.87	0.012348
42.88	0.012342
42.89	0.012335
42.9	0.012329
42.91	0.012323
42.92	0.012316
42.93	0.01231
42.94	0.012304
42.95	0.012298
42.96	0.012291
42.97	0.012285
42.98	0.012279
42.99	0.012273
43.0	0.012266
43.01	0.01226
43.02	0.012254
43.03	0.012248
43.04	0.012241
43.05	0.012235
43.06	0.012229
43.07	0.012223
43.08	0.012216
43.09	0.01221
43.1	0.012204
43.11	0.012198
43.12	0.012192
43.13	0.012186
43.14	0.012179
43.15	0.012173
43.16	0.012167
43.17	0.012161
43.18	0.012155
43.19	0.012149
43.2	0.012142
43.21	0.012136
43.22	0.01213
43.23	0.012124
43.24	0.012118
43.25	0.012112
43.26	0.012106
43.27	0.012099
43.28	0.012093
43.29	0.012087
43.3	0.012081
43.31	0.012075
43.32	0.012069
43.33	0.012063
43.34	0.012057
43.35	0.012051
43.36	0.012045
43.37	0.012038
43.38	0.012032
43.39	0.012026
43.4	0.01202
43.41	0.012014
43.42	0.012008
43.43	0.012002
43.44	0.011996
43.45	0.01199
43.46	0.011984
43.47	0.011978
43.48	0.011972
43.49	0.011966
43.5	0.01196
43.51	0.011954
43.52	0.011948
43.53	0.011942
43.54	0.011936
43.55	0.01193
43.56	0.011924
43.57	0.011918
43.58	0.011912
43.59	0.011906
43.6	0.0119
43.61	0.011894
43.62	0.011888
43.63	0.011882
43.64	0.011876
43.65	0.01187
43.66	0.011864
43.67	0.011858
43.68	0.011852
43.69	0.011847
43.7	0.011841
43.71	0.011835
43.72	0.011829
43.73	0.011823
43.74	0.011817
43.75	0.011811
43.76	0.011805
43.77	0.011799
43.78	0.011793
43.79	0.011787
43.8	0.011782
43.81	0.011776
43.82	0.01177
43.83	0.011764
43.84	0.011758
43.85	0.011752
43.86	0.011746
43.87	0.011741
43.88	0.011735
43.89	0.011729
43.9	0.011723
43.91	0.011717
43.92	0.011711
43.93	0.011706
43.94	0.0117
43.95	0.011694
43.96	0.011688
43.97	0.011682
43.98	0.011676
43.99	0.011671
44.0	0.011665
44.01	0.011659
44.02	0.011653
44.03	0.011648
44.04	0.011642
44.05	0.011636
44.06	0.01163
44.07	0.011624
44.08	0.011619
44.09	0.011613
44.1	0.011607
44.11	0.011601
44.12	0.011596
44.13	0.01159
44.14	0.011584
44.15	0.011578
44.16	0.011573
44.17	0.011567
44.18	0.011561
44.19	0.011556
44.2	0.01155
44.21	0.011544
44.22	0.011538
44.23	0.011533
44.24	0.011527
44.25	0.011521
44.26	0.011516
44.27	0.01151
44.28	0.011504
44.29	0.011499
44.3	0.011493
44.31	0.011487
44.32	0.011482
44.33	0.011476
44.34	0.01147
44.35	0.011465
44.36	0.011459
44.37	0.011453
44.38	0.011448
44.39	0.011442
44.4	0.011437
44.41	0.011431
44.42	0.011425
44.43	0.01142
44.44	0.011414
44.45	0.011409
44.46	0.011403
44.47	0.011397
44.48	0.011392
44.49	0.011386
44.5	0.011381
44.51	0.011375
44.52	0.011369
44.53	0.011364
44.54	0.011358
44.55	0.011353
44.56	0.011347
44.57	0.011342
44.58	0.011336
44.59	0.01133
44.6	0.011325
44.61	0.011319
44.62	0.011314
44.63	0.011308
44.64	0.011303
44.65	0.011297
44.66	0.011292
44.67	0.011286
44.68	0.011281
44.69	0.011275
44.7	0.01127
44.71	0.011264
44.72	0.011259
44.73	0.011253
44.74	0.011248
44.75	0.011242
44.76	0.011237
44.77	0.011231
44.78	0.011226
44.79	0.01122
44.8	0.011215
44.81	0.011209
44.82	0.011204
44.83	0.011198
44.84	0.011193
44.85	0.011188
44.86	0.011182
44.87	0.011177
44.88	0.011171
44.89	0.011166
44.9	0.01116
44.91	0.011155
44.92	0.01115
44.93	0.011144
44.94	0.011139
44.95	0.011133
44.96	0.011128
44.97	0.011123
44.98	0.011117
44.99	0.011112
45.0	0.011106
45.01	0.011101
45.02	0.011096
45.03	0.01109
45.04	0.011085
45.05	0.01108
45.06	0.011074
45.07	0.011069
45.08	0.011063
45.09	0.011058
45.1	0.011053
45.11	0.011047
45.12	0.011042
45.13	0.011037
45.14	0.011031
45.15	0.011026
45.16	0.011021
45.17	0.011015
45.18	0.01101
45.19	0.011005
45.2	0.010999
45.21	0.010994
45.22	0.010989
45.23	0.010984
45.24	0.010978
45.25	0.010973
45.26	0.010968
45.27	0.010962
45.28	0.010957
45.29	0.010952
45.3	0.010947
45.31	0.010941
45.32	0.010936
45.33	0.010931
45.34	0.010926
45.35	0.01092
45.36	0.010915
45.37	0.01091
45.38	0.010905
45.39	0.010899
45.4	0.010894
45.41	0.010889
45.42	0.010884
45.43	0.010878
45.44	0.010873
45.45	0.010868
45.46	0.010863
45.47	0.010858
45.48	0.010852
45.49	0.010847
45.5	0.010842
45.51	0.010837
45.52	0.010832
45.53	0.010826
45.54	0.010821
45.55	0.010816
45.56	0.010811
45.57	0.010806
45.58	0.010801
45.59	0.010795
45.6	0.01079
45.61	0.010785
45.62	0.01078
45.63	0.010775
45.64	0.01077
45.65	0.010764
45.66	0.010759
45.67	0.010754
45.68	0.010749
45.69	0.010744
45.7	0.010739
45.71	0.010734
45.72	0.010729
45.73	0.010723
45.74	0.010718
45.75	0.010713
45.76	0.010708
45.77	0.010703
45.78	0.010698
45.79	0.010693
45.8	0.010688
45.81	0.010683
45.82	0.010678
45.83	0.010673
45.84	0.010667
45.85	0.010662
45.86	0.010657
45.87	0.010652
45.88	0.010647
45.89	0.010642
45.9	0.010637
45.91	0.010632
45.92	0.010627
45.93	0.010622
45.94	0.010617
45.95	0.010612
45.96	0.010607
45.97	0.010602
45.98	0.010597
45.99	0.010592
46.0	0.010587
46.01	0.010582
46.02	0.010577
46.03	0.010572
46.04	0.010567
46.05	0.010562
46.06	0.010557
46.07	0.010552
46.08	0.010547
46.09	0.010542
46.1	0.010537
46.11	0.010532
46.12	0.010527
46.13	0.010522
46.14	0.010517
46.15	0.010512
46.16	0.010507
46.17	0.010502
46.18	0.010497
46.19	0.010492
46.2	0.010487
46.21	0.010482
46.22	0.010477
46.23	0.010472
46.24	0.010468
46.25	0.010463
46.26	0.010458
46.27	0.010453
46.28	0.010448
46.29	0.010443
46.3	0.010438
46.31	0.010433
46.32	0.010428
46.33	0.010423
46.34	0.010418
46.35	0.010414
46.36	0.010409
46.37	0.010404
46.38	0.010399
46.39	0.010394
46.4	0.010389
46.41	0.010384
46.42	0.010379
46.43	0.010375
46.44	0.01037
46.45	0.010365
46.46	0.01036
46.47	0.010355
46.48	0.01035
46.49	0.010345
46.5	0.010341
46.51	0.010336
46.52	0.010331
46.53	0.010326
46.54	0.010321
46.55	0.010316
46.56	0.010312
46.57	0.010307
46.58	0.010302
46.59	0.010297
46.6	0.010292
46.61	0.010287
46.62	0.010283
46.63	0.010278
46.64	0.010273
46.65	0.010268
46.66	0.010264
46.67	0.010259
46.68	0.010254
46.69	0.010249
46.7	0.010244
46.71	0.01024
46.72	0.010235
46.73	0.01023
46.74	0.010225
46.75	0.010221
46.76	0.010216
46.77	0.010211
46.78	0.010206
46.79	0.010202
46.8	0.010197
46.81	0.010192
46.82	0.010187
46.83	0.010183
46.84	0.010178
46.85	0.010173
46.86	0.010168
46.87	0.010164
46.88	0.010159
46.89	0.010154
46.9	0.01015
46.91	0.010145
46.92	0.01014
46.93	0.010135
46.94	0.010131
46.95	0.010126
46.96	0.010121
46.97	0.010117
46.98	0.010112
46.99	0.010107
47.0	0.010103
47.01	0.010098
47.02	0.010093
47.03	0.010089
47.04	0.010084
47.05	0.010079
47.06	0.010075
47.07	0.01007
47.08	0.010065
47.09	0.010061
47.1	0.010056
47.11	0.010051
47.12	0.010047
47.13	0.010042
47.14	0.010038
47.15	0.010033
47.16	0.010028
47.17	0.010024
47.18	0.010019
47.19	0.010014
47.2	0.01001
47.21	0.010005
47.22	0.010001
47.23	0.009996
47.24	0.0099914
47.25	0.0099868
47.26	0.0099822
47.27	0.0099776
47.28	0.009973
47.29	0.0099685
47.3	0.0099639
47.31	0.0099593
47.32	0.0099547
47.33	0.0099502
47.34	0.0099456
47.35	0.009941
47.36	0.0099365
47.37	0.0099319
47.38	0.0099273
47.39	0.0099228
47.4	0.0099182
47.41	0.0099137
47.42	0.0099091
47.43	0.0099046
47.44	0.0099001
47.45	0.0098955
47.46	0.009891
47.47	0.0098865
47.48	0.009882
47.49	0.0098774
47.5	0.0098729
47.51	0.0098684
47.52	0.0098639
47.53	0.0098594
47.54	0.0098549
47.55	0.0098504
47.56	0.0098459
47.57	0.0098414
47.58	0.0098369
47.59	0.0098324
47.6	0.0098279
47.61	0.0098234
47.62	0.0098189
47.63	0.0098144
47.64	0.00981
47.65	0.0098055
47.66	0.009801
47.67	0.0097966
47.68	0.0097921
47.69	0.0097876
47.7	0.0097832
47.71	0.0097787
47.72	0.0097743
47.73	0.0097698
47.74	0.0097654
47.75	0.0097609
47.76	0.0097565
47.77	0.0097521
47.78	0.0097476
47.79	0.0097432
47.8	0.0097388
47.81	0.0097343
47.82	0.0097299
47.83	0.0097255
47.84	0.0097211
47.85	0.0097167
47.86	0.0097123
47.87	0.0097079
47.88	0.0097035
47.89	0.0096991
47.9	0.0096947
47.91	0.0096903
47.92	0.0096859
47.93	0.0096815
47.94	0.0096771
47.95	0.0096727
47.96	0.0096683
47.97	0.009664
47.98	0.0096596
47.99	0.0096552
48.0	0.0096508
48.01	0.0096465
48.02	0.0096421
48.03	0.0096378
48.04	0.0096334
48.05	0.009629
48.06	0.0096247
48.07	0.0096203
48.08	0.009616
48.09	0.0096117
48.1	0.0096073
48.11	0.009603
48.12	0.0095986
48.13	0.0095943
48.14	0.00959
48.15	0.0095857
48.16	0.0095813
48.17	0.009577
48.18	0.0095727
48.19	0.0095684
48.2	0.0095641
48.21	0.0095598
48.22	0.0095555
48.23	0.0095512
48.24	0.0095469
48.25	0.0095426
48.26	0.0095383
48.27	0.009534
48.28	0.0095297
48.29	0.0095254
48.3	0.0095212
48.31	0.0095169
48.32	0.0095126
48.33	0.0095083
48.34	0.0095041
48.35	0.0094998
48.36	0.0094955
48.37	0.0094913
48.38	0.009487
48.39	0.0094828
48.4	0.0094785
48.41	0.0094743
48.42	0.00947
48.43	0.0094658
48.44	0.0094615
48.45	0.0094573
48.46	0.009453
48.47	0.0094488
48.48	0.0094446
48.49	0.0094404
48.5	0.0094361
48.51	0.0094319
48.52	0.0094277
48.53	0.0094235
48.54	0.0094193
48.55	0.0094151
48.56	0.0094109
48.57	0.0094066
48.58	0.0094024
48.59	0.0093982
48.6	0.0093941
48.61	0.0093899
48.62	0.0093857
48.63	0.0093815
48.64	0.0093773
48.65	0.0093731
48.66	0.0093689
48.67	0.0093648
48.68	0.0093606
48.69	0.0093564
48.7	0.0093522
48.71	0.0093481
48.72	0.0093439
48.73	0.0093398
48.74	0.0093356
48.75	0.0093314
48.76	0.0093273
48.77	0.0093231
48.78	0.009319
48.79	0.0093149
48.8	0.0093107
48.81	0.0093066
48.82	0.0093024
48.83	0.0092983
48.84	0.0092942
48.85	0.0092901
48.86	0.0092859
48.87	0.0092818
48.88	0.0092777
48.89	0.0092736
48.9	0.0092695
48.91	0.0092654
48.92	0.0092612
48.93	0.0092571
48.94	0.009253
48.95	0.0092489
48.96	0.0092448
48.97	0.0092407
48.98	0.0092367
48.99	0.0092326
49.0	0.0092285
49.01	0.0092244
49.02	0.0092203
49.03	0.0092162
49.04	0.0092122
49.05	0.0092081
49.06	0.009204
49.07	0.0092
49.08	0.0091959
49.09	0.0091918
49.1	0.0091878
49.11	0.0091837
49.12	0.0091797
49.13	0.0091756
49.14	0.0091716
49.15	0.0091675
49.16	0.0091635
49.17	0.0091594
49.18	0.0091554
49.19	0.0091514
49.2	0.0091473
49.21	0.0091433
49.22	0.0091393
49.23	0.0091352
49.24	0.0091312
49.25	0.0091272
49.26	0.0091232
49.27	0.0091192
49.28	0.0091152
49.29	0.0091112
49.3	0.0091071
49.31	0.0091031
49.32	0.0090991
49.33	0.0090951
49.34	0.0090911
49.35	0.0090872
49.36	0.0090832
49.37	0.0090792
49.38	0.0090752
49.39	0.0090712
49.4	0.0090672
49.41	0.0090633
49.42	0.0090593
49.43	0.0090553
49.44	0.0090513
49.45	0.0090474
49.46	0.0090434
49.47	0.0090394
49.48	0.0090355
49.49	0.0090315
49.5	0.0090276
49.51	0.0090236
49.52	0.0090197
49.53	0.0090157
49.54	0.0090118
49.55	0.0090078
49.56	0.0090039
49.57	0.009
49.58	0.008996
49.59	0.0089921
49.6	0.0089882
49.61	0.0089842
49.62	0.0089803
49.63	0.0089764
49.64	0.0089725
49.65	0.0089686
49.66	0.0089647
49.67	0.0089607
49.68	0.0089568
49.69	0.0089529
49.7	0.008949
49.71	0.0089451
49.72	0.0089412
49.73	0.0089373
49.74	0.0089334
49.75	0.0089296
49.76	0.0089257
49.77	0.0089218
49.78	0.0089179
49.79	0.008914
49.8	0.0089101
49.81	0.0089063
49.82	0.0089024
49.83	0.0088985
49.84	0.0088947
49.85	0.0088908
49.86	0.0088869
49.87	0.0088831
49.88	0.0088792
49.89	0.0088754
49.9	0.0088715
49.91	0.0088677
49.92	0.0088638
49.93	0.00886
49.94	0.0088561
49.95	0.0088523
49.96	0.0088484
49.97	0.0088446
49.98	0.0088408
49.99	0.0088369
50.0	0.0088331
