eng	y_fit
0.01	15.015
0.02	12.122
0.03	11.204
0.04	10.879
0.05	10.793
0.06	10.803
0.07	10.832
0.08	10.831
0.09	10.768
0.1	10.621
0.11	10.375
0.12	10.024
0.13	9.5695
0.14	9.0157
0.15	8.373
0.16	7.6553
0.17	6.8788
0.18	6.0621
0.19	5.2248
0.2	4.3875
0.21	3.5712
0.22	2.7973
0.23	2.7783508196721307
0.24	2.759401639344262
0.25	2.7404524590163932
0.26	2.721503278688525
0.27	2.7025540983606557
0.28	2.6836049180327866
0.29	2.664655737704918
0.3	2.6457065573770486
0.31	2.6267573770491808
0.32	2.6078081967213116
0.33	2.5888590163934424
0.34	2.5699098360655737
0.35	2.5509606557377045
0.36	2.5320114754098357
0.37	2.513062295081967
0.38	2.4941131147540982
0.39	2.4751639344262295
0.4	2.4562147540983608
0.41	2.4372655737704916
0.42	2.4183163934426233
0.43	2.399367213114754
0.44	2.3804180327868854
0.45	2.3614688524590166
0.46	2.3425196721311474
0.47	2.3235704918032787
0.48	2.3046213114754095
0.49	2.2856721311475408
0.5	2.2667229508196716
0.51	2.2477737704918033
0.52	2.2288245901639345
0.53	2.2098754098360653
0.54	2.1909262295081966
0.55	2.1719770491803274
0.56	2.153027868852459
0.57	2.1340786885245904
0.58	2.115129508196721
0.59	2.0961803278688524
0.6	2.0772311475409833
0.61	2.0582819672131145
0.62	2.0393327868852458
0.63	2.020383606557377
0.64	2.0014344262295083
0.65	1.9824852459016395
0.66	1.9635360655737704
0.67	1.9445868852459016
0.68	1.9256377049180329
0.69	1.9066885245901641
0.7	1.887739344262295
0.71	1.8687901639344262
0.72	1.8498409836065572
0.73	1.8308918032786885
0.74	1.8119426229508195
0.75	1.7929934426229508
0.76	1.7740442622950818
0.77	1.755095081967213
0.78	1.7361459016393441
0.79	1.7171967213114754
0.8	1.6982475409836066
0.81	1.6792983606557377
0.82	1.660349180327869
0.83	1.6414
0.84	1.6440533333333334
0.85	1.6467066666666665
0.86	1.64936
0.87	1.6520133333333333
0.88	1.6546666666666665
0.89	1.65732
0.9	1.6599733333333333
0.91	1.6626266666666667
0.92	1.6652799999999999
0.93	1.6679333333333335
0.94	1.6705866666666664
0.95	1.67324
0.96	1.6758933333333335
0.97	1.6785466666666664
0.98	1.6812
0.99	1.6838533333333334
1.0	1.6865066666666666
1.01	1.6891599999999998
1.02	1.6918133333333334
1.03	1.6944666666666666
1.04	1.69712
1.05	1.6997733333333334
1.06	1.7024266666666668
1.07	1.70508
1.08	1.707733333333333
1.09	1.7103866666666667
1.1	1.7130400000000001
1.11	1.7156933333333333
1.12	1.7183466666666667
1.13	1.721
1.14	1.7236533333333335
1.15	1.7263066666666667
1.16	1.7289599999999998
1.17	1.7316133333333332
1.18	1.7342666666666666
1.19	1.73692
1.2	1.7395733333333334
1.21	1.7422266666666668
1.22	1.74488
1.23	1.7475333333333332
1.24	1.7501866666666666
1.25	1.75284
1.26	1.7554933333333334
1.27	1.7581466666666665
1.28	1.7608
1.29	1.7634533333333333
1.3	1.7661066666666665
1.31	1.7687599999999999
1.32	1.7714133333333333
1.33	1.7740666666666667
1.34	1.77672
1.35	1.7793733333333335
1.36	1.7820266666666666
1.37	1.78468
1.38	1.7873333333333334
1.39	1.7899866666666666
1.4	1.79264
1.41	1.7952933333333334
1.42	1.7979466666666666
1.43	1.8006
1.44	1.7999
1.45	1.7992
1.46	1.7983
1.47	1.7974
1.48	1.7963
1.49	1.7951
1.5	1.7939
1.51	1.7927
1.52	1.7913
1.53	1.7899
1.54	1.7883
1.55	1.7867
1.56	1.785
1.57	1.7833
1.58	1.7815
1.59	1.7796
1.6	1.7776
1.61	1.7755
1.62	1.7734
1.63	1.7712
1.64	1.769
1.65	1.7666
1.66	1.7642
1.67	1.7617
1.68	1.7592
1.69	1.7567
1.7	1.7541
1.71	1.7514
1.72	1.7486
1.73	1.7459
1.74	1.743
1.75	1.7402
1.76	1.7373
1.77	1.7343
1.78	1.7313
1.79	1.7282
1.8	1.7251
1.81	1.7219
1.82	1.7188
1.83	1.7156
1.84	1.7123
1.85	1.709
1.86	1.7057
1.87	1.7023
1.88	1.6989
1.89	1.6955
1.9	1.6921
1.91	1.6886
1.92	1.6851
1.93	1.6816
1.94	1.678
1.95	1.6745
1.96	1.6709
1.97	1.6673
1.98	1.6637
1.99	1.66
2.0	1.6564
2.01	1.6527
2.02	1.649
2.03	1.6453
2.04	1.6422608108108108
2.05	1.6392216216216215
2.06	1.6361824324324326
2.07	1.6331432432432433
2.08	1.6301040540540541
2.09	1.6270648648648647
2.1	1.6240256756756757
2.11	1.6209864864864865
2.12	1.6179472972972972
2.13	1.614908108108108
2.14	1.6118689189189188
2.15	1.6088297297297296
2.16	1.6057905405405406
2.17	1.6027513513513514
2.18	1.5997121621621622
2.19	1.596672972972973
2.2	1.5936337837837837
2.21	1.5905945945945947
2.22	1.5875554054054053
2.23	1.5845162162162163
2.24	1.5814770270270269
2.25	1.5784378378378379
2.26	1.5753986486486486
2.27	1.5723594594594594
2.28	1.5693202702702704
2.29	1.566281081081081
2.3	1.563241891891892
2.31	1.5602027027027026
2.32	1.5571635135135136
2.33	1.5541243243243241
2.34	1.5510851351351351
2.35	1.548045945945946
2.36	1.5450067567567567
2.37	1.5419675675675677
2.38	1.5389283783783783
2.39	1.5358891891891893
2.4	1.53285
2.41	1.5298108108108108
2.42	1.5267716216216216
2.43	1.5237324324324324
2.44	1.5206932432432434
2.45	1.5176540540540542
2.46	1.5146148648648647
2.47	1.5115756756756755
2.48	1.5085364864864863
2.49	1.5054972972972975
2.5	1.502458108108108
2.51	1.4994189189189189
2.52	1.4963797297297297
2.53	1.4933405405405404
2.54	1.4903013513513517
2.55	1.4872621621621622
2.56	1.484222972972973
2.57	1.4811837837837836
2.58	1.4781445945945944
2.59	1.4751054054054054
2.6	1.4720662162162164
2.61	1.469027027027027
2.62	1.4659878378378377
2.63	1.4629486486486485
2.64	1.4599094594594595
2.65	1.4568702702702705
2.66	1.453831081081081
2.67	1.4507918918918918
2.68	1.4477527027027026
2.69	1.4447135135135136
2.7	1.4416743243243244
2.71	1.4386351351351352
2.72	1.435595945945946
2.73	1.4325567567567568
2.74	1.4295175675675678
2.75	1.4264783783783783
2.76	1.4234391891891893
2.77	1.4203999999999999
2.78	1.417360810810811
2.79	1.4143216216216217
2.8	1.4112824324324325
2.81	1.4082432432432435
2.82	1.405204054054054
2.83	1.402164864864865
2.84	1.3991256756756756
2.85	1.3960864864864866
2.86	1.3930472972972971
2.87	1.3900081081081082
2.88	1.386968918918919
2.89	1.3839297297297297
2.9	1.3808905405405405
2.91	1.3778513513513513
2.92	1.3748121621621623
2.93	1.3717729729729728
2.94	1.3687337837837839
2.95	1.3656945945945944
2.96	1.3626554054054054
2.97	1.3596162162162162
2.98	1.356577027027027
2.99	1.3535378378378378
3.0	1.3504986486486488
3.01	1.3474594594594596
3.02	1.3444202702702703
3.03	1.3413810810810811
3.04	1.3383418918918917
3.05	1.3353027027027027
3.06	1.3322635135135135
3.07	1.3292243243243242
3.08	1.3261851351351353
3.09	1.323145945945946
3.1	1.3201067567567568
3.11	1.3170675675675676
3.12	1.3140283783783784
3.13	1.3109891891891892
3.14	1.30795
3.15	1.304910810810811
3.16	1.3018716216216217
3.17	1.2988324324324325
3.18	1.2957932432432433
3.19	1.292754054054054
3.2	1.2897148648648649
3.21	1.2866756756756756
3.22	1.2836364864864866
3.23	1.2805972972972972
3.24	1.2775581081081082
3.25	1.2745189189189188
3.26	1.2714797297297298
3.27	1.2684405405405406
3.28	1.2654013513513513
3.29	1.2623621621621621
3.3	1.2593229729729731
3.31	1.2562837837837837
3.32	1.2532445945945947
3.33	1.2502054054054053
3.34	1.2471662162162163
3.35	1.244127027027027
3.36	1.2410878378378378
3.37	1.2380486486486486
3.38	1.2350094594594594
3.39	1.2319702702702704
3.4	1.2289310810810812
3.41	1.225891891891892
3.42	1.2228527027027027
3.43	1.2198135135135135
3.44	1.2167743243243243
3.45	1.2137351351351353
3.46	1.2106959459459459
3.47	1.2076567567567567
3.48	1.2046175675675674
3.49	1.2015783783783784
3.5	1.1985391891891892
3.51	1.1955
3.52	1.1933500000000001
3.53	1.1912
3.54	1.18905
3.55	1.1869
3.56	1.1847666666666667
3.57	1.1826333333333334
3.58	1.1805
3.59	1.1784
3.6	1.1763
3.61	1.1742
3.62	1.1721
3.63	1.17
3.64	1.1679
3.65	1.1658
3.66	1.1637
3.67	1.1616499999999998
3.68	1.1596
3.69	1.1575
3.7	1.1555
3.71	1.1534
3.72	1.1513499999999999
3.73	1.1493
3.74	1.1473
3.75	1.1452
3.76	1.1432
3.77	1.1411
3.78	1.1391
3.79	1.1371
3.8	1.1351
3.81	1.1331
3.82	1.131
3.83	1.129
3.84	1.127
3.85	1.125
3.86	1.123
3.87	1.121
3.88	1.119
3.89	1.117
3.9	1.115
3.91	1.113
3.92	1.1111
3.93	1.1091
3.94	1.1071
3.95	1.1051
3.96	1.1031
3.97	1.1012
3.98	1.0992
3.99	1.0972
4.0	1.0953
4.01	1.0933
4.02	1.0913
4.03	1.0894
4.04	1.0874
4.05	1.0855
4.06	1.0835
4.07	1.0816
4.08	1.0796
4.09	1.0777
4.1	1.0757
4.11	1.0738
4.12	1.0718
4.13	1.0699
4.14	1.068
4.15	1.066
4.16	1.0641
4.17	1.0622
4.18	1.0603
4.19	1.0583
4.2	1.0564
4.21	1.0545
4.22	1.0526
4.23	1.0507
4.24	1.0487
4.25	1.0468
4.26	1.0449
4.27	1.043
4.28	1.0411
4.29	1.0392
4.3	1.0373
4.31	1.0354
4.32	1.0335
4.33	1.0316
4.34	1.0297
4.35	1.0278
4.36	1.026
4.37	1.0241
4.38	1.0222
4.39	1.0203
4.4	1.0184
4.41	1.0166
4.42	1.0147
4.43	1.0128
4.44	1.01095
4.45	1.0091
4.46	1.0072
4.47	1.0054
4.48	1.0035
4.49	1.001645
4.5	0.99979
4.51	0.99794
4.52	0.9961
4.53	0.99425
4.54	0.99241
4.55	0.99057
4.56	0.98873
4.57	0.9869
4.58	0.98506
4.59	0.98324
4.6	0.98141
4.61	0.97958
4.62	0.97776
4.63	0.97594
4.64	0.97413
4.65	0.97231
4.66	0.9705
4.67	0.9687
4.68	0.96689
4.69	0.96509
4.7	0.96329
4.71	0.96149
4.72	0.9597
4.73	0.95791
4.74	0.95612
4.75	0.95433
4.76	0.95255
4.77	0.95077
4.78	0.94899
4.79	0.94722
4.8	0.9454499999999999
4.81	0.94368
4.82	0.94191
4.83	0.94015
4.84	0.93839
4.85	0.93663
4.86	0.9348799999999999
4.87	0.93313
4.88	0.93138
4.89	0.92963
4.9	0.927892
4.91	0.926154
4.92	0.9244159999999999
4.93	0.922678
4.94	0.92094
4.95	0.91921
4.96	0.917485
4.97	0.91576
4.98	0.91404
4.99	0.912812279792746
5.0	0.9115845595854921
5.01	0.9103568393782383
5.02	0.9091291191709844
5.03	0.9079013989637305
5.04	0.9066736787564765
5.05	0.9054459585492228
5.06	0.9042182383419689
5.07	0.902990518134715
5.08	0.9017627979274611
5.09	0.9005350777202072
5.1	0.8993073575129533
5.11	0.8980796373056994
5.12	0.8968519170984455
5.13	0.8956241968911917
5.14	0.8943964766839377
5.15	0.8931687564766838
5.16	0.89194103626943
5.17	0.8907133160621762
5.18	0.8894855958549223
5.19	0.8882578756476683
5.2	0.8870301554404144
5.21	0.8858024352331606
5.22	0.8845747150259067
5.23	0.8833469948186528
5.24	0.8821192746113988
5.25	0.880891554404145
5.26	0.8796638341968911
5.27	0.8784361139896372
5.28	0.8772083937823832
5.29	0.8759806735751295
5.3	0.8747529533678756
5.31	0.8735252331606217
5.32	0.8722975129533678
5.33	0.871069792746114
5.34	0.86984207253886
5.35	0.8686143523316061
5.36	0.8673866321243522
5.37	0.8661589119170984
5.38	0.8649311917098444
5.39	0.8637034715025905
5.4	0.8624757512953367
5.41	0.8612480310880829
5.42	0.860020310880829
5.43	0.858792590673575
5.44	0.8575648704663211
5.45	0.8563371502590673
5.46	0.8551094300518134
5.47	0.8538817098445596
5.48	0.8526539896373057
5.49	0.8514262694300518
5.5	0.8501985492227979
5.51	0.848970829015544
5.52	0.8477431088082901
5.53	0.8465153886010363
5.54	0.8452876683937824
5.55	0.8440599481865285
5.56	0.8428322279792746
5.57	0.8416045077720208
5.58	0.8403767875647669
5.59	0.8391490673575129
5.6	0.837921347150259
5.61	0.8366936269430052
5.62	0.8354659067357513
5.63	0.8342381865284975
5.64	0.8330104663212435
5.65	0.8317827461139897
5.66	0.8305550259067358
5.67	0.8293273056994819
5.68	0.828099585492228
5.69	0.8268718652849741
5.7	0.8256441450777202
5.71	0.8244164248704663
5.72	0.8231887046632124
5.73	0.8219609844559586
5.74	0.8207332642487046
5.75	0.8195055440414507
5.76	0.8182778238341968
5.77	0.817050103626943
5.78	0.8158223834196892
5.79	0.8145946632124352
5.8	0.8133669430051813
5.81	0.8121392227979275
5.82	0.8109115025906736
5.83	0.8096837823834196
5.84	0.8084560621761657
5.85	0.8072283419689119
5.86	0.806000621761658
5.87	0.8047729015544042
5.88	0.8035451813471503
5.89	0.8023174611398964
5.9	0.8010897409326425
5.91	0.7998620207253886
5.92	0.7986343005181347
5.93	0.7974065803108809
5.94	0.7961788601036269
5.95	0.794951139896373
5.96	0.7937234196891191
5.97	0.7924956994818653
5.98	0.7912679792746113
5.99	0.7900402590673574
6.0	0.7888125388601035
6.01	0.7875848186528497
6.02	0.7863570984455958
6.03	0.7851293782383418
6.04	0.783901658031088
6.05	0.7826739378238341
6.06	0.7814462176165803
6.07	0.7802184974093264
6.08	0.7789907772020725
6.09	0.7777630569948186
6.1	0.7765353367875648
6.11	0.7753076165803109
6.12	0.774079896373057
6.13	0.7728521761658032
6.14	0.7716244559585492
6.15	0.7703967357512953
6.16	0.7691690155440414
6.17	0.7679412953367875
6.18	0.7667135751295336
6.19	0.7654858549222797
6.2	0.7642581347150259
6.21	0.763030414507772
6.22	0.7618026943005181
6.23	0.7605749740932641
6.24	0.7593472538860102
6.25	0.7581195336787563
6.26	0.7568918134715025
6.27	0.7556640932642485
6.28	0.7544363730569947
6.29	0.7532086528497408
6.3	0.751980932642487
6.31	0.7507532124352331
6.32	0.7495254922279792
6.33	0.7482977720207253
6.34	0.7470700518134715
6.35	0.7458423316062176
6.36	0.7446146113989637
6.37	0.7433868911917099
6.38	0.7421591709844559
6.39	0.740931450777202
6.4	0.7397037305699481
6.41	0.7384760103626942
6.42	0.7372482901554404
6.43	0.7360205699481865
6.44	0.7347928497409326
6.45	0.7335651295336788
6.46	0.7323374093264249
6.47	0.731109689119171
6.48	0.729881968911917
6.49	0.7286542487046632
6.5	0.7274265284974093
6.51	0.7261988082901554
6.52	0.7249710880829016
6.53	0.7237433678756477
6.54	0.7225156476683938
6.55	0.7212879274611399
6.56	0.720060207253886
6.57	0.718832487046632
6.58	0.7176047668393783
6.59	0.7163770466321244
6.6	0.7151493264248705
6.61	0.7139216062176166
6.62	0.7126938860103628
6.63	0.7114661658031088
6.64	0.7102384455958549
6.65	0.7090107253886011
6.66	0.7077830051813472
6.67	0.7065552849740933
6.68	0.7053275647668393
6.69	0.7040998445595854
6.7	0.7028721243523316
6.71	0.7016444041450777
6.72	0.7004166839378237
6.73	0.6991889637305699
6.74	0.697961243523316
6.75	0.6967335233160621
6.76	0.6955058031088083
6.77	0.6942780829015545
6.78	0.6930503626943005
6.79	0.6918226424870466
6.8	0.6905949222797927
6.81	0.6893672020725388
6.82	0.6881394818652851
6.83	0.6869117616580311
6.84	0.6856840414507772
6.85	0.6844563212435233
6.86	0.6832286010362695
6.87	0.6820008808290156
6.88	0.6807731606217616
6.89	0.6795454404145078
6.9	0.6783177202072539
6.91	0.67709
6.92	0.675862279792746
6.93	0.6746345595854921
6.94	0.6734068393782383
6.95	0.6721791191709844
6.96	0.6709513989637306
6.97	0.6697236787564766
6.98	0.6684959585492227
6.99	0.6672682383419689
7.0	0.666040518134715
7.01	0.6648127979274612
7.02	0.6635850777202073
7.03	0.6623573575129533
7.04	0.6611296373056994
7.05	0.6599019170984455
7.06	0.6586741968911917
7.07	0.6574464766839377
7.08	0.6562187564766839
7.09	0.65499103626943
7.1	0.6537633160621761
7.11	0.6525355958549223
7.12	0.6513078756476683
7.13	0.6500801554404145
7.14	0.6488524352331606
7.15	0.6476247150259067
7.16	0.6463969948186529
7.17	0.645169274611399
7.18	0.6439415544041451
7.19	0.6427138341968912
7.2	0.6414861139896373
7.21	0.6402583937823834
7.22	0.6390306735751295
7.23	0.6378029533678757
7.24	0.6365752331606218
7.25	0.6353475129533679
7.26	0.634119792746114
7.27	0.63289207253886
7.28	0.6316643523316061
7.29	0.6304366321243523
7.3	0.6292089119170985
7.31	0.6279811917098446
7.32	0.6267534715025906
7.33	0.6255257512953367
7.34	0.6242980310880829
7.35	0.6230703108808291
7.36	0.6218425906735752
7.37	0.6206148704663212
7.38	0.6193871502590673
7.39	0.6181594300518134
7.4	0.6169317098445595
7.41	0.6157039896373057
7.42	0.6144762694300518
7.43	0.6132485492227979
7.44	0.612020829015544
7.45	0.6107931088082901
7.46	0.6095653886010363
7.47	0.6083376683937824
7.48	0.6071099481865285
7.49	0.6058822279792746
7.5	0.6046545077720207
7.51	0.6034267875647668
7.52	0.6021990673575128
7.53	0.600971347150259
7.54	0.5997436269430052
7.55	0.5985159067357513
7.56	0.5972881865284974
7.57	0.5960604663212434
7.58	0.5948327461139896
7.59	0.5936050259067358
7.6	0.5923773056994819
7.61	0.591149585492228
7.62	0.589921865284974
7.63	0.5886941450777201
7.64	0.5874664248704663
7.65	0.5862387046632125
7.66	0.5850109844559586
7.67	0.5837832642487046
7.68	0.5825555440414507
7.69	0.5813278238341968
7.7	0.5801001036269431
7.71	0.5788723834196892
7.72	0.5776446632124352
7.73	0.5764169430051813
7.74	0.5751892227979274
7.75	0.5739615025906736
7.76	0.5727337823834197
7.77	0.5715060621761658
7.78	0.5702783419689119
7.79	0.569050621761658
7.8	0.5678229015544041
7.81	0.5665951813471501
7.82	0.5653674611398964
7.83	0.5641397409326425
7.84	0.5629120207253886
7.85	0.5616843005181347
7.86	0.5604565803108807
7.87	0.5592288601036269
7.88	0.558001139896373
7.89	0.5567734196891192
7.9	0.5555456994818653
7.91	0.5543179792746113
7.92	0.5530902590673574
7.93	0.5518625388601035
7.94	0.5506348186528498
7.95	0.5494070984455959
7.96	0.548179378238342
7.97	0.546951658031088
7.98	0.5457239378238341
7.99	0.5444962176165803
8.0	0.5432684974093264
8.01	0.5420407772020726
8.02	0.5408130569948186
8.03	0.5395853367875647
8.04	0.5383576165803109
8.05	0.537129896373057
8.06	0.5359021761658032
8.07	0.5346744559585492
8.08	0.5334467357512953
8.09	0.5322190155440415
8.1	0.5309912953367876
8.11	0.5297635751295336
8.12	0.5285358549222797
8.13	0.5273081347150259
8.14	0.526080414507772
8.15	0.5248526943005181
8.16	0.5236249740932641
8.17	0.5223972538860103
8.18	0.5211695336787565
8.19	0.5199418134715026
8.2	0.5187140932642487
8.21	0.5174863730569947
8.22	0.5162586528497409
8.23	0.515030932642487
8.24	0.5138032124352332
8.25	0.5125754922279793
8.26	0.5113477720207253
8.27	0.5101200518134714
8.28	0.5088923316062175
8.29	0.5076646113989637
8.3	0.5064368911917099
8.31	0.505209170984456
8.32	0.503981450777202
8.33	0.5027537305699481
8.34	0.5015260103626943
8.35	0.5002982901554405
8.36	0.4990705699481865
8.37	0.4978428497409326
8.38	0.4966151295336787
8.39	0.49538740932642483
8.4	0.4941596891191709
8.41	0.49293196891191704
8.42	0.4917042487046632
8.43	0.4904765284974093
8.44	0.48924880829015543
8.45	0.4880210880829015
8.46	0.48679336787564764
8.47	0.4855656476683938
8.48	0.48433792746113985
8.49	0.483110207253886
8.5	0.48188248704663206
8.51	0.4806547668393782
8.52	0.4794270466321243
8.53	0.4781993264248704
8.54	0.4769716062176166
8.55	0.47574388601036266
8.56	0.4745161658031088
8.57	0.4732884455958549
8.58	0.472060725388601
8.59	0.4708330051813472
8.6	0.46960528497409326
8.61	0.46837756476683934
8.62	0.46714984455958547
8.63	0.4659221243523316
8.64	0.4646944041450777
8.65	0.4634666839378238
8.66	0.46223896373056994
8.67	0.46101124352331607
8.68	0.4597835233160622
8.69	0.4585558031088083
8.7	0.4573280829015544
8.71	0.4561003626943005
8.72	0.4548726424870466
8.73	0.45364492227979275
8.74	0.4524172020725388
8.75	0.45118948186528496
8.76	0.44996176165803103
8.77	0.44873404145077717
8.78	0.44750632124352335
8.79	0.44627860103626943
8.8	0.44505088082901556
8.81	0.44382316062176164
8.82	0.44259544041450777
8.83	0.44136772020725384
8.84	0.44014
8.85	0.43948
8.86	0.43891
8.87	0.43846
8.88	0.437475
8.89	0.43649
8.9	0.43571693877551015
8.91	0.4349438775510204
8.92	0.4341708163265306
8.93	0.4333977551020408
8.94	0.43262469387755104
8.95	0.4318516326530612
8.96	0.4310785714285715
8.97	0.43030551020408164
8.98	0.42953244897959186
8.99	0.42875938775510203
9.0	0.4279863265306122
9.01	0.4272132653061224
9.02	0.42644020408163263
9.03	0.4256671428571428
9.04	0.4248940816326531
9.05	0.42412102040816335
9.06	0.4233479591836735
9.07	0.4225748979591837
9.08	0.42180183673469385
9.09	0.42102877551020407
9.1	0.4202557142857143
9.11	0.41948265306122445
9.12	0.4187095918367347
9.13	0.4179365306122449
9.14	0.4171634693877551
9.15	0.41639040816326534
9.16	0.4156173469387755
9.17	0.4148442857142857
9.18	0.41407122448979594
9.19	0.4132981632653061
9.2	0.4125251020408163
9.21	0.41175204081632655
9.22	0.4109789795918367
9.23	0.410205918367347
9.24	0.40943285714285715
9.25	0.4086597959183674
9.26	0.4078867346938776
9.27	0.40711367346938776
9.28	0.406340612244898
9.29	0.40556755102040815
9.3	0.40479448979591837
9.31	0.4040214285714286
9.32	0.40324836734693875
9.33	0.402475306122449
9.34	0.40170224489795925
9.35	0.4009291836734694
9.36	0.40015612244897963
9.37	0.3993830612244898
9.38	0.39861
9.39	0.39786
9.4	0.39708
9.41	0.3963383333333333
9.42	0.3955966666666667
9.43	0.394855
9.44	0.3941133333333333
9.45	0.3933716666666667
9.46	0.39263000000000003
9.47	0.39188833333333334
9.48	0.39114666666666664
9.49	0.390405
9.5	0.38966333333333336
9.51	0.38892166666666667
9.52	0.38818
9.53	0.38747
9.54	0.38677
9.55	0.38610363636363637
9.56	0.3854372727272727
9.57	0.38477090909090905
9.58	0.3841045454545455
9.59	0.3834381818181818
9.6	0.38277181818181816
9.61	0.3821054545454545
9.62	0.38143909090909095
9.63	0.38077272727272726
9.64	0.38010636363636363
9.65	0.37944
9.66	0.37894
9.67	0.3784
9.68	0.37776
9.69	0.37705
9.7	0.37631
9.71	0.37557
9.72	0.37484
9.73	0.37413
9.74	0.3734627272727273
9.75	0.37279545454545454
9.76	0.37212818181818186
9.77	0.3714609090909091
9.78	0.3707936363636364
9.79	0.37012636363636364
9.8	0.3694590909090909
9.81	0.36879181818181817
9.82	0.3681245454545455
9.83	0.36745727272727274
9.84	0.36679
9.85	0.36616
9.86	0.36554
9.87	0.36492
9.88	0.3643
9.89	0.36367
9.9	0.363
9.91	0.36227
9.92	0.36152
9.93	0.36077
9.94	0.3601192857142857
9.95	0.35946857142857147
9.96	0.3588178571428571
9.97	0.3581671428571428
9.98	0.3575164285714285
9.99	0.35686571428571423
10.0	0.35621499999999995
10.01	0.35556428571428567
10.02	0.3549135714285714
10.03	0.3542628571428571
10.04	0.3536121428571428
10.05	0.35296142857142854
10.06	0.35231071428571425
10.07	0.35166
10.08	0.35104
10.09	0.35043
10.1	0.34981
10.11	0.3492
10.12	0.34859
10.13	0.34797
10.14	0.34735
10.15	0.34672
10.16	0.34609
10.17	0.34546
10.18	0.34485000000000005
10.19	0.34424
10.2	0.34363
10.21	0.34302
10.22	0.34241
10.23	0.3418
10.24	0.34119
10.25	0.34058
10.26	0.33997
10.27	0.33936
10.28	0.33876
10.29	0.33817
10.3	0.33757
10.31	0.33698
10.32	0.33639
10.33	0.3358
10.34	0.33521
10.35	0.33463
10.36	0.33405
10.37	0.33347
10.38	0.33289
10.39	0.33231
10.4	0.33173
10.41	0.33115
10.42	0.33057
10.43	0.32998
10.44	0.32941
10.45	0.32883
10.46	0.32825
10.47	0.32768
10.48	0.3271
10.49	0.32653
10.5	0.32596
10.51	0.32539333333333337
10.52	0.3248266666666667
10.53	0.32426
10.54	0.3237
10.55	0.32315
10.56	0.3226
10.57	0.32204
10.58	0.32149
10.59	0.32093
10.6	0.32037
10.61	0.31982
10.62	0.31926
10.63	0.31871
10.64	0.31816
10.65	0.31761
10.66	0.31706
10.67	0.31652
10.68	0.31597
10.69	0.31543
10.7	0.31489
10.71	0.31434
10.72	0.31378
10.73	0.313238
10.74	0.312696
10.75	0.31215400000000004
10.76	0.311612
10.77	0.31107
10.78	0.31054
10.79	0.31002
10.8	0.30951
10.81	0.30899
10.82	0.30847
10.83	0.30791
10.84	0.3073725
10.85	0.30683499999999997
10.86	0.3062975
10.87	0.30576
10.88	0.30528
10.89	0.3048
10.9	0.30424
10.91	0.30368
10.92	0.30315
10.93	0.30263
10.94	0.30211
10.95	0.30159
10.96	0.30107
10.97	0.30056
10.98	0.30004
10.99	0.29953
11.0	0.29902
11.01	0.2985
11.02	0.29799
11.03	0.29748
11.04	0.29698
11.05	0.29647
11.06	0.29596
11.07	0.29546
11.08	0.29495
11.09	0.29445
11.1	0.29395
11.11	0.29345
11.12	0.29295
11.13	0.29245
11.14	0.29195
11.15	0.29146
11.16	0.29096
11.17	0.29047
11.18	0.28997
11.19	0.28948
11.2	0.28899
11.21	0.2885
11.22	0.28801
11.23	0.28753
11.24	0.28704
11.25	0.28655
11.26	0.28607
11.27	0.28559
11.28	0.28511
11.29	0.28463
11.3	0.28415
11.31	0.28367
11.32	0.28319
11.33	0.28271
11.34	0.28224
11.35	0.28176
11.36	0.28129
11.37	0.28082
11.38	0.28035
11.39	0.27988
11.4	0.27941
11.41	0.27894
11.42	0.27847
11.43	0.27801
11.44	0.27754
11.45	0.27708
11.46	0.27662
11.47	0.27616
11.48	0.2757
11.49	0.27524
11.5	0.27478
11.51	0.27432
11.52	0.27387
11.53	0.27341
11.54	0.27296
11.55	0.2725
11.56	0.27205
11.57	0.2716
11.58	0.27115
11.59	0.2707
11.6	0.27025
11.61	0.26981
11.62	0.26936
11.63	0.26892
11.64	0.26847
11.65	0.26803
11.66	0.26759
11.67	0.26715
11.68	0.26671
11.69	0.26627
11.7	0.26583
11.71	0.26539
11.72	0.26496
11.73	0.26452
11.74	0.26409
11.75	0.26366
11.76	0.26322
11.77	0.26279
11.78	0.26236
11.79	0.26193
11.8	0.26151
11.81	0.26108
11.82	0.26065
11.83	0.26023
11.84	0.2598
11.85	0.25938
11.86	0.25896
11.87	0.25853
11.88	0.25811
11.89	0.25769
11.9	0.25727
11.91	0.25686
11.92	0.25644
11.93	0.25602
11.94	0.25561
11.95	0.25519
11.96	0.25478
11.97	0.25437
11.98	0.25396
11.99	0.25354
12.0	0.25313
12.01	0.25273
12.02	0.25232
12.03	0.25191
12.04	0.2515
12.05	0.2511
12.06	0.25069
12.07	0.25029
12.08	0.24989
12.09	0.24948
12.1	0.24908
12.11	0.24868
12.12	0.24828
12.13	0.24788
12.14	0.24749
12.15	0.24709
12.16	0.24669
12.17	0.2463
12.18	0.2459
12.19	0.24551
12.2	0.24512
12.21	0.24472
12.22	0.24433
12.23	0.24394
12.24	0.24355
12.25	0.24316
12.26	0.24278
12.27	0.24239
12.28	0.242
12.29	0.24162
12.3	0.24123
12.31	0.24085
12.32	0.24046
12.33	0.24008
12.34	0.2397
12.35	0.23932
12.36	0.23894
12.37	0.23856
12.38	0.23818
12.39	0.2378
12.4	0.23743
12.41	0.23705
12.42	0.23668
12.43	0.2363
12.44	0.23593
12.45	0.23555
12.46	0.23518
12.47	0.23481
12.48	0.23444
12.49	0.23407
12.5	0.2337
12.51	0.23333
12.52	0.23296
12.53	0.2326
12.54	0.23223
12.55	0.23186
12.56	0.2315
12.57	0.23114
12.58	0.23077
12.59	0.23041
12.6	0.23005
12.61	0.22969
12.62	0.22933
12.63	0.22897
12.64	0.22861
12.65	0.22825
12.66	0.22789
12.67	0.22754
12.68	0.22718
12.69	0.22682
12.7	0.22647
12.71	0.22612
12.72	0.22576
12.73	0.22541
12.74	0.22506
12.75	0.22471
12.76	0.22436
12.77	0.22401
12.78	0.22366
12.79	0.22331
12.8	0.22296
12.81	0.22262
12.82	0.22227
12.83	0.22192
12.84	0.22158
12.85	0.22124
12.86	0.22089
12.87	0.22055
12.88	0.22021
12.89	0.21987
12.9	0.21953
12.91	0.21919
12.92	0.21885
12.93	0.21851
12.94	0.21817
12.95	0.21783
12.96	0.2175
12.97	0.21716
12.98	0.21682
12.99	0.21649
13.0	0.21616
13.01	0.21582
13.02	0.21549
13.03	0.21516
13.04	0.21483
13.05	0.2145
13.06	0.21417
13.07	0.21384
13.08	0.21351
13.09	0.21318
13.1	0.21285
13.11	0.21253
13.12	0.2122
13.13	0.21188
13.14	0.21155
13.15	0.21123
13.16	0.2109
13.17	0.21058
13.18	0.21026
13.19	0.20994
13.2	0.20962
13.21	0.2093
13.22	0.20898
13.23	0.20866
13.24	0.20834
13.25	0.20802
13.26	0.20771
13.27	0.20739
13.28	0.20707
13.29	0.20676
13.3	0.20644
13.31	0.20613
13.32	0.20582
13.33	0.2055
13.34	0.20519
13.35	0.20488
13.36	0.20457
13.37	0.20426
13.38	0.20395
13.39	0.20364
13.4	0.20333
13.41	0.20303
13.42	0.20272
13.43	0.20241
13.44	0.20211
13.45	0.2018
13.46	0.2015
13.47	0.20119
13.48	0.20089
13.49	0.20059
13.5	0.20028
13.51	0.19998
13.52	0.19968
13.53	0.19938
13.54	0.19908
13.55	0.19878
13.56	0.19848
13.57	0.19818
13.58	0.19789
13.59	0.19759
13.6	0.19729
13.61	0.197
13.62	0.1967
13.63	0.19641
13.64	0.19611
13.65	0.19582
13.66	0.19553
13.67	0.19524
13.68	0.19494
13.69	0.19465
13.7	0.19436
13.71	0.19407
13.72	0.19378
13.73	0.19349
13.74	0.19321
13.75	0.19292
13.76	0.19263
13.77	0.19235
13.78	0.19206
13.79	0.19177
13.8	0.19149
13.81	0.1912
13.82	0.19092
13.83	0.19064
13.84	0.19036
13.85	0.19007
13.86	0.18979
13.87	0.18951
13.88	0.18923
13.89	0.18895
13.9	0.18867
13.91	0.18839
13.92	0.18811
13.93	0.18784
13.94	0.18756
13.95	0.18728
13.96	0.18701
13.97	0.18673
13.98	0.18646
13.99	0.18618
14.0	0.18591
14.01	0.18564
14.02	0.18536
14.03	0.18509
14.04	0.18482
14.05	0.18455
14.06	0.18428
14.07	0.18401
14.08	0.18374
14.09	0.18347
14.1	0.1832
14.11	0.18293
14.12	0.18267
14.13	0.1824
14.14	0.18213
14.15	0.18187
14.16	0.1816
14.17	0.18134
14.18	0.18107
14.19	0.18081
14.2	0.18055
14.21	0.18028
14.22	0.18002
14.23	0.17976
14.24	0.1795
14.25	0.17924
14.26	0.17898
14.27	0.17872
14.28	0.17846
14.29	0.1782
14.3	0.17794
14.31	0.17769
14.32	0.17743
14.33	0.17717
14.34	0.17692
14.35	0.17666
14.36	0.17641
14.37	0.17615
14.38	0.1759
14.39	0.17564
14.4	0.17539
14.41	0.17514
14.42	0.17489
14.43	0.17463
14.44	0.17438
14.45	0.17413
14.46	0.17388
14.47	0.17363
14.48	0.17338
14.49	0.17314
14.5	0.17289
14.51	0.17264
14.52	0.17239
14.53	0.17215
14.54	0.1719
14.55	0.17165
14.56	0.17141
14.57	0.17116
14.58	0.17092
14.59	0.17068
14.6	0.17043
14.61	0.17019
14.62	0.16995
14.63	0.16971
14.64	0.16946
14.65	0.16922
14.66	0.16898
14.67	0.16874
14.68	0.1685
14.69	0.16827
14.7	0.16803
14.71	0.16779
14.72	0.16755
14.73	0.16731
14.74	0.16708
14.75	0.16684
14.76	0.1666
14.77	0.16637
14.78	0.16613
14.79	0.1659
14.8	0.16567
14.81	0.16543
14.82	0.1652
14.83	0.16497
14.84	0.16474
14.85	0.1645
14.86	0.16427
14.87	0.16404
14.88	0.16381
14.89	0.16358
14.9	0.16335
14.91	0.16312
14.92	0.16289
14.93	0.16267
14.94	0.16244
14.95	0.16221
14.96	0.16198
14.97	0.16176
14.98	0.16153
14.99	0.16131
15.0	0.16108
15.01	0.16086
15.02	0.16063
15.03	0.16041
15.04	0.16019
15.05	0.15996
15.06	0.15974
15.07	0.15952
15.08	0.1593
15.09	0.15908
15.1	0.15886
15.11	0.15864
15.12	0.15842
15.13	0.1582
15.14	0.15798
15.15	0.15776
15.16	0.15754
15.17	0.15732
15.18	0.15711
15.19	0.15689
15.2	0.15667
15.21	0.15646
15.22	0.15624
15.23	0.15602
15.24	0.15581
15.25	0.1556
15.26	0.15538
15.27	0.15517
15.28	0.15495
15.29	0.15474
15.3	0.15453
15.31	0.15432
15.32	0.15411
15.33	0.1539
15.34	0.15368
15.35	0.15347
15.36	0.15326
15.37	0.15305
15.38	0.15285
15.39	0.15264
15.4	0.15243
15.41	0.15222
15.42	0.15201
15.43	0.15181
15.44	0.1516
15.45	0.15139
15.46	0.15119
15.47	0.15098
15.48	0.15078
15.49	0.15057
15.5	0.15037
15.51	0.15016
15.52	0.14996
15.53	0.14976
15.54	0.14955
15.55	0.14935
15.56	0.14915
15.57	0.14895
15.58	0.14875
15.59	0.14854
15.6	0.14834
15.61	0.14814
15.62	0.14794
15.63	0.14774
15.64	0.14755
15.65	0.14735
15.66	0.14715
15.67	0.14695
15.68	0.14675
15.69	0.14656
15.7	0.14636
15.71	0.14616
15.72	0.14597
15.73	0.14577
15.74	0.14558
15.75	0.14538
15.76	0.14519
15.77	0.14499
15.78	0.1448
15.79	0.14461
15.8	0.14441
15.81	0.14422
15.82	0.14403
15.83	0.14383
15.84	0.14364
15.85	0.14345
15.86	0.14326
15.87	0.14307
15.88	0.14288
15.89	0.14269
15.9	0.1425
15.91	0.14231
15.92	0.14212
15.93	0.14193
15.94	0.14175
15.95	0.14156
15.96	0.14137
15.97	0.14118
15.98	0.141
15.99	0.14081
16.0	0.14062
16.01	0.14044
16.02	0.14025
16.03	0.14007
16.04	0.13988
16.05	0.1397
16.06	0.13952
16.07	0.13933
16.08	0.13915
16.09	0.13897
16.1	0.13878
16.11	0.1386
16.12	0.13842
16.13	0.13824
16.14	0.13806
16.15	0.13788
16.16	0.1377
16.17	0.13752
16.18	0.13734
16.19	0.13716
16.2	0.13698
16.21	0.1368
16.22	0.13662
16.23	0.13644
16.24	0.13626
16.25	0.13609
16.26	0.13591
16.27	0.13573
16.28	0.13555
16.29	0.13538
16.3	0.1352
16.31	0.13503
16.32	0.13485
16.33	0.13468
16.34	0.1345
16.35	0.13433
16.36	0.13415
16.37	0.13398
16.38	0.13381
16.39	0.13363
16.4	0.13346
16.41	0.13329
16.42	0.13312
16.43	0.13294
16.44	0.13277
16.45	0.1326
16.46	0.13243
16.47	0.13226
16.48	0.13209
16.49	0.13192
16.5	0.13175
16.51	0.13158
16.52	0.13141
16.53	0.13124
16.54	0.13107
16.55	0.13091
16.56	0.13074
16.57	0.13057
16.58	0.1304
16.59	0.13024
16.6	0.13007
16.61	0.1299
16.62	0.12974
16.63	0.12957
16.64	0.12941
16.65	0.12924
16.66	0.12908
16.67	0.12891
16.68	0.12875
16.69	0.12858
16.7	0.12842
16.71	0.12826
16.72	0.12809
16.73	0.12793
16.74	0.12777
16.75	0.12761
16.76	0.12745
16.77	0.12728
16.78	0.12712
16.79	0.12696
16.8	0.1268
16.81	0.12664
16.82	0.12648
16.83	0.12632
16.84	0.12616
16.85	0.126
16.86	0.12584
16.87	0.12568
16.88	0.12553
16.89	0.12537
16.9	0.12521
16.91	0.12505
16.92	0.12489
16.93	0.12474
16.94	0.12458
16.95	0.12442
16.96	0.12427
16.97	0.12411
16.98	0.12396
16.99	0.1238
17.0	0.12365
17.01	0.12349
17.02	0.12334
17.03	0.12318
17.04	0.12303
17.05	0.12288
17.06	0.12272
17.07	0.12257
17.08	0.12242
17.09	0.12226
17.1	0.12211
17.11	0.12196
17.12	0.12181
17.13	0.12166
17.14	0.1215
17.15	0.12135
17.16	0.1212
17.17	0.12105
17.18	0.1209
17.19	0.12075
17.2	0.1206
17.21	0.12045
17.22	0.1203
17.23	0.12016
17.24	0.12001
17.25	0.11986
17.26	0.11971
17.27	0.11956
17.28	0.11941
17.29	0.11927
17.3	0.11912
17.31	0.11897
17.32	0.11883
17.33	0.11868
17.34	0.11853
17.35	0.11839
17.36	0.11824
17.37	0.1181
17.38	0.11795
17.39	0.11781
17.4	0.11766
17.41	0.11752
17.42	0.11738
17.43	0.11723
17.44	0.11709
17.45	0.11694
17.46	0.1168
17.47	0.11666
17.48	0.11652
17.49	0.11637
17.5	0.11623
17.51	0.11609
17.52	0.11595
17.53	0.11581
17.54	0.11567
17.55	0.11553
17.56	0.11539
17.57	0.11524
17.58	0.1151
17.59	0.11497
17.6	0.11483
17.61	0.11469
17.62	0.11455
17.63	0.11441
17.64	0.11427
17.65	0.11413
17.66	0.11399
17.67	0.11386
17.68	0.11372
17.69	0.11358
17.7	0.11344
17.71	0.11331
17.72	0.11317
17.73	0.11303
17.74	0.1129
17.75	0.11276
17.76	0.11262
17.77	0.11249
17.78	0.11235
17.79	0.11222
17.8	0.11208
17.81	0.11195
17.82	0.11181
17.83	0.11168
17.84	0.11155
17.85	0.11141
17.86	0.11128
17.87	0.11115
17.88	0.11101
17.89	0.11088
17.9	0.11075
17.91	0.11062
17.92	0.11048
17.93	0.11035
17.94	0.11022
17.95	0.11009
17.96	0.10996
17.97	0.10983
17.98	0.10969
17.99	0.10956
18.0	0.10943
18.01	0.1093
18.02	0.10917
18.03	0.10904
18.04	0.10891
18.05	0.10879
18.06	0.10866
18.07	0.10853
18.08	0.1084
18.09	0.10827
18.1	0.10814
18.11	0.10801
18.12	0.10789
18.13	0.10776
18.14	0.10763
18.15	0.1075
18.16	0.10738
18.17	0.10725
18.18	0.10712
18.19	0.107
18.2	0.10687
18.21	0.10675
18.22	0.10662
18.23	0.1065
18.24	0.10637
18.25	0.10625
18.26	0.10612
18.27	0.106
18.28	0.10587
18.29	0.10575
18.3	0.10562
18.31	0.1055
18.32	0.10538
18.33	0.10525
18.34	0.10513
18.35	0.10501
18.36	0.10488
18.37	0.10476
18.38	0.10464
18.39	0.10452
18.4	0.1044
18.41	0.10427
18.42	0.10415
18.43	0.10403
18.44	0.10391
18.45	0.10379
18.46	0.10367
18.47	0.10355
18.48	0.10343
18.49	0.10331
18.5	0.10319
18.51	0.10307
18.52	0.10295
18.53	0.10283
18.54	0.10271
18.55	0.10259
18.56	0.10247
18.57	0.10235
18.58	0.10224
18.59	0.10212
18.6	0.102
18.61	0.10188
18.62	0.10177
18.63	0.10165
18.64	0.10153
18.65	0.10141
18.66	0.1013
18.67	0.10118
18.68	0.10106
18.69	0.10095
18.7	0.10083
18.71	0.10072
18.72	0.1006
18.73	0.10049
18.74	0.10037
18.75	0.10026
18.76	0.10014
18.77	0.10003
18.78	0.099911
18.79	0.099797
18.8	0.099683
18.81	0.099569
18.82	0.099455
18.83	0.099342
18.84	0.099229
18.85	0.099115
18.86	0.099002
18.87	0.09889
18.88	0.098777
18.89	0.098665
18.9	0.098552
18.91	0.09844
18.92	0.098328
18.93	0.098217
18.94	0.098105
18.95	0.097994
18.96	0.097883
18.97	0.097772
18.98	0.097661
18.99	0.09755
19.0	0.09744
19.01	0.09733
19.02	0.09722
19.03	0.09711
19.04	0.097
19.05	0.096891
19.06	0.096781
19.07	0.096672
19.08	0.096563
19.09	0.096454
19.1	0.096346
19.11	0.096237
19.12	0.096129
19.13	0.096021
19.14	0.095913
19.15	0.095805
19.16	0.095697
19.17	0.09559
19.18	0.095483
19.19	0.095376
19.2	0.095269
19.21	0.095162
19.22	0.095055
19.23	0.094949
19.24	0.094843
19.25	0.094737
19.26	0.094631
19.27	0.094525
19.28	0.09442
19.29	0.094314
19.3	0.094209
19.31	0.094104
19.32	0.093999
19.33	0.093894
19.34	0.09379
19.35	0.093685
19.36	0.093581
19.37	0.093477
19.38	0.093373
19.39	0.09327
19.4	0.093166
19.41	0.093063
19.42	0.092959
19.43	0.092856
19.44	0.092754
19.45	0.092651
19.46	0.092548
19.47	0.092446
19.48	0.092344
19.49	0.092242
19.5	0.09214
19.51	0.092038
19.52	0.091936
19.53	0.091835
19.54	0.091734
19.55	0.091633
19.56	0.091532
19.57	0.091431
19.58	0.09133
19.59	0.09123
19.6	0.091129
19.61	0.091029
19.62	0.090929
19.63	0.090829
19.64	0.09073
19.65	0.09063
19.66	0.090531
19.67	0.090432
19.68	0.090333
19.69	0.090234
19.7	0.090135
19.71	0.090036
19.72	0.089938
19.73	0.08984
19.74	0.089742
19.75	0.089644
19.76	0.089546
19.77	0.089448
19.78	0.089351
19.79	0.089253
19.8	0.089156
19.81	0.089059
19.82	0.088962
19.83	0.088865
19.84	0.088769
19.85	0.088672
19.86	0.088576
19.87	0.08848
19.88	0.088384
19.89	0.088288
19.9	0.088193
19.91	0.088097
19.92	0.088002
19.93	0.087906
19.94	0.087811
19.95	0.087716
19.96	0.087622
19.97	0.087527
19.98	0.087432
19.99	0.087338
20.0	0.087244
20.01	0.08715
20.02	0.087056
20.03	0.086962
20.04	0.086868
20.05	0.086775
20.06	0.086682
20.07	0.086588
20.08	0.086495
20.09	0.086402
20.1	0.08631
20.11	0.086217
20.12	0.086125
20.13	0.086032
20.14	0.08594
20.15	0.085848
20.16	0.085756
20.17	0.085664
20.18	0.085573
20.19	0.085481
20.2	0.08539
20.21	0.085299
20.22	0.085208
20.23	0.085117
20.24	0.085026
20.25	0.084935
20.26	0.084845
20.27	0.084755
20.28	0.084664
20.29	0.084574
20.3	0.084484
20.31	0.084395
20.32	0.084305
20.33	0.084215
20.34	0.084126
20.35	0.084037
20.36	0.083948
20.37	0.083859
20.38	0.08377
20.39	0.083681
20.4	0.083592
20.41	0.083504
20.42	0.083416
20.43	0.083327
20.44	0.083239
20.45	0.083152
20.46	0.083064
20.47	0.082976
20.48	0.082889
20.49	0.082801
20.5	0.082714
20.51	0.082627
20.52	0.08254
20.53	0.082453
20.54	0.082366
20.55	0.08228
20.56	0.082193
20.57	0.082107
20.58	0.082021
20.59	0.081935
20.6	0.081849
20.61	0.081763
20.62	0.081677
20.63	0.081592
20.64	0.081507
20.65	0.081421
20.66	0.081336
20.67	0.081251
20.68	0.081166
20.69	0.081081
20.7	0.080997
20.71	0.080912
20.72	0.080828
20.73	0.080744
20.74	0.08066
20.75	0.080576
20.76	0.080492
20.77	0.080408
20.78	0.080324
20.79	0.080241
20.8	0.080157
20.81	0.080074
20.82	0.079991
20.83	0.079908
20.84	0.079825
20.85	0.079742
20.86	0.07966
20.87	0.079577
20.88	0.079495
20.89	0.079413
20.9	0.079331
20.91	0.079249
20.92	0.079167
20.93	0.079085
20.94	0.079003
20.95	0.078922
20.96	0.07884
20.97	0.078759
20.98	0.078678
20.99	0.078597
21.0	0.078516
21.01	0.078435
21.02	0.078355
21.03	0.078274
21.04	0.078194
21.05	0.078113
21.06	0.078033
21.07	0.077953
21.08	0.077873
21.09	0.077793
21.1	0.077713
21.11	0.077634
21.12	0.077554
21.13	0.077475
21.14	0.077396
21.15	0.077317
21.16	0.077238
21.17	0.077159
21.18	0.07708
21.19	0.077001
21.2	0.076923
21.21	0.076844
21.22	0.076766
21.23	0.076688
21.24	0.07661
21.25	0.076532
21.26	0.076454
21.27	0.076376
21.28	0.076299
21.29	0.076221
21.3	0.076144
21.31	0.076066
21.32	0.075989
21.33	0.075912
21.34	0.075835
21.35	0.075758
21.36	0.075682
21.37	0.075605
21.38	0.075529
21.39	0.075452
21.4	0.075376
21.41	0.0753
21.42	0.075224
21.43	0.075148
21.44	0.075072
21.45	0.074996
21.46	0.074921
21.47	0.074845
21.48	0.07477
21.49	0.074694
21.5	0.074619
21.51	0.074544
21.52	0.074469
21.53	0.074394
21.54	0.07432
21.55	0.074245
21.56	0.074171
21.57	0.074096
21.58	0.074022
21.59	0.073948
21.6	0.073874
21.61	0.0738
21.62	0.073726
21.63	0.073652
21.64	0.073578
21.65	0.073505
21.66	0.073431
21.67	0.073358
21.68	0.073285
21.69	0.073212
21.7	0.073139
21.71	0.073066
21.72	0.072993
21.73	0.07292
21.74	0.072848
21.75	0.072775
21.76	0.072703
21.77	0.072631
21.78	0.072559
21.79	0.072486
21.8	0.072414
21.81	0.072343
21.82	0.072271
21.83	0.072199
21.84	0.072128
21.85	0.072056
21.86	0.071985
21.87	0.071914
21.88	0.071842
21.89	0.071771
21.9	0.071701
21.91	0.07163
21.92	0.071559
21.93	0.071488
21.94	0.071418
21.95	0.071347
21.96	0.071277
21.97	0.071207
21.98	0.071137
21.99	0.071067
22.0	0.070997
22.01	0.070927
22.02	0.070857
22.03	0.070788
22.04	0.070718
22.05	0.070649
22.06	0.070579
22.07	0.07051
22.08	0.070441
22.09	0.070372
22.1	0.070303
22.11	0.070234
22.12	0.070165
22.13	0.070097
22.14	0.070028
22.15	0.06996
22.16	0.069891
22.17	0.069823
22.18	0.069755
22.19	0.069687
22.2	0.069619
22.21	0.069551
22.22	0.069483
22.23	0.069416
22.24	0.069348
22.25	0.069281
22.26	0.069213
22.27	0.069146
22.28	0.069079
22.29	0.069012
22.3	0.068945
22.31	0.068878
22.32	0.068811
22.33	0.068744
22.34	0.068677
22.35	0.068611
22.36	0.068544
22.37	0.068478
22.38	0.068412
22.39	0.068346
22.4	0.06828
22.41	0.068214
22.42	0.068148
22.43	0.068082
22.44	0.068016
22.45	0.067951
22.46	0.067885
22.47	0.06782
22.48	0.067754
22.49	0.067689
22.5	0.067624
22.51	0.067559
22.52	0.067494
22.53	0.067429
22.54	0.067364
22.55	0.0673
22.56	0.067235
22.57	0.06717
22.58	0.067106
22.59	0.067042
22.6	0.066977
22.61	0.066913
22.62	0.066849
22.63	0.066785
22.64	0.066721
22.65	0.066658
22.66	0.066594
22.67	0.06653
22.68	0.066467
22.69	0.066403
22.7	0.06634
22.71	0.066277
22.72	0.066213
22.73	0.06615
22.74	0.066087
22.75	0.066024
22.76	0.065962
22.77	0.065899
22.78	0.065836
22.79	0.065774
22.8	0.065711
22.81	0.065649
22.82	0.065586
22.83	0.065524
22.84	0.065462
22.85	0.0654
22.86	0.065338
22.87	0.065276
22.88	0.065214
22.89	0.065153
22.9	0.065091
22.91	0.065029
22.92	0.064968
22.93	0.064907
22.94	0.064845
22.95	0.064784
22.96	0.064723
22.97	0.064662
22.98	0.064601
22.99	0.06454
23.0	0.064479
23.01	0.064419
23.02	0.064358
23.03	0.064297
23.04	0.064237
23.05	0.064177
23.06	0.064116
23.07	0.064056
23.08	0.063996
23.09	0.063936
23.1	0.063876
23.11	0.063816
23.12	0.063756
23.13	0.063696
23.14	0.063637
23.15	0.063577
23.16	0.063518
23.17	0.063458
23.18	0.063399
23.19	0.06334
23.2	0.063281
23.21	0.063222
23.22	0.063163
23.23	0.063104
23.24	0.063045
23.25	0.062986
23.26	0.062928
23.27	0.062869
23.28	0.06281
23.29	0.062752
23.3	0.062694
23.31	0.062635
23.32	0.062577
23.33	0.062519
23.34	0.062461
23.35	0.062403
23.36	0.062345
23.37	0.062287
23.38	0.06223
23.39	0.062172
23.4	0.062114
23.41	0.062057
23.42	0.062
23.43	0.061942
23.44	0.061885
23.45	0.061828
23.46	0.061771
23.47	0.061714
23.48	0.061657
23.49	0.0616
23.5	0.061543
23.51	0.061486
23.52	0.06143
23.53	0.061373
23.54	0.061317
23.55	0.06126
23.56	0.061204
23.57	0.061148
23.58	0.061091
23.59	0.061035
23.6	0.060979
23.61	0.060923
23.62	0.060867
23.63	0.060812
23.64	0.060756
23.65	0.0607
23.66	0.060645
23.67	0.060589
23.68	0.060534
23.69	0.060478
23.7	0.060423
23.71	0.060368
23.72	0.060313
23.73	0.060258
23.74	0.060203
23.75	0.060148
23.76	0.060093
23.77	0.060038
23.78	0.059983
23.79	0.059929
23.8	0.059874
23.81	0.05982
23.82	0.059765
23.83	0.059711
23.84	0.059657
23.85	0.059602
23.86	0.059548
23.87	0.059494
23.88	0.05944
23.89	0.059386
23.9	0.059332
23.91	0.059279
23.92	0.059225
23.93	0.059171
23.94	0.059118
23.95	0.059064
23.96	0.059011
23.97	0.058957
23.98	0.058904
23.99	0.058851
24.0	0.058798
24.01	0.058745
24.02	0.058692
24.03	0.058639
24.04	0.058586
24.05	0.058533
24.06	0.05848
24.07	0.058428
24.08	0.058375
24.09	0.058323
24.1	0.05827
24.11	0.058218
24.12	0.058166
24.13	0.058113
24.14	0.058061
24.15	0.058009
24.16	0.057957
24.17	0.057905
24.18	0.057853
24.19	0.057801
24.2	0.05775
24.21	0.057698
24.22	0.057646
24.23	0.057595
24.24	0.057543
24.25	0.057492
24.26	0.057441
24.27	0.057389
24.28	0.057338
24.29	0.057287
24.3	0.057236
24.31	0.057185
24.32	0.057134
24.33	0.057083
24.34	0.057032
24.35	0.056981
24.36	0.056931
24.37	0.05688
24.38	0.056829
24.39	0.056779
24.4	0.056729
24.41	0.056678
24.42	0.056628
24.43	0.056578
24.44	0.056528
24.45	0.056477
24.46	0.056427
24.47	0.056377
24.48	0.056327
24.49	0.056278
24.5	0.056228
24.51	0.056178
24.52	0.056129
24.53	0.056079
24.54	0.056029
24.55	0.05598
24.56	0.055931
24.57	0.055881
24.58	0.055832
24.59	0.055783
24.6	0.055734
24.61	0.055685
24.62	0.055636
24.63	0.055587
24.64	0.055538
24.65	0.055489
24.66	0.05544
24.67	0.055391
24.68	0.055343
24.69	0.055294
24.7	0.055246
24.71	0.055197
24.72	0.055149
24.73	0.055101
24.74	0.055052
24.75	0.055004
24.76	0.054956
24.77	0.054908
24.78	0.05486
24.79	0.054812
24.8	0.054764
24.81	0.054716
24.82	0.054668
24.83	0.054621
24.84	0.054573
24.85	0.054525
24.86	0.054478
24.87	0.05443
24.88	0.054383
24.89	0.054336
24.9	0.054288
24.91	0.054241
24.92	0.054194
24.93	0.054147
24.94	0.0541
24.95	0.054053
24.96	0.054006
24.97	0.053959
24.98	0.053912
24.99	0.053866
25.0	0.053819
25.01	0.053772
25.02	0.053726
25.03	0.053679
25.04	0.053633
25.05	0.053586
25.06	0.05354
25.07	0.053494
25.08	0.053448
25.09	0.053401
25.1	0.053355
25.11	0.053309
25.12	0.053263
25.13	0.053217
25.14	0.053171
25.15	0.053126
25.16	0.05308
25.17	0.053034
25.18	0.052989
25.19	0.052943
25.2	0.052897
25.21	0.052852
25.22	0.052807
25.23	0.052761
25.24	0.052716
25.25	0.052671
25.26	0.052626
25.27	0.05258
25.28	0.052535
25.29	0.05249
25.3	0.052445
25.31	0.0524
25.32	0.052356
25.33	0.052311
25.34	0.052266
25.35	0.052221
25.36	0.052177
25.37	0.052132
25.38	0.052088
25.39	0.052043
25.4	0.051999
25.41	0.051955
25.42	0.05191
25.43	0.051866
25.44	0.051822
25.45	0.051778
25.46	0.051734
25.47	0.05169
25.48	0.051646
25.49	0.051602
25.5	0.051558
25.51	0.051514
25.52	0.051471
25.53	0.051427
25.54	0.051383
25.55	0.05134
25.56	0.051296
25.57	0.051253
25.58	0.051209
25.59	0.051166
25.6	0.051123
25.61	0.051079
25.62	0.051036
25.63	0.050993
25.64	0.05095
25.65	0.050907
25.66	0.050864
25.67	0.050821
25.68	0.050778
25.69	0.050735
25.7	0.050693
25.71	0.05065
25.72	0.050607
25.73	0.050565
25.74	0.050522
25.75	0.05048
25.76	0.050437
25.77	0.050395
25.78	0.050352
25.79	0.05031
25.8	0.050268
25.81	0.050226
25.82	0.050183
25.83	0.050141
25.84	0.050099
25.85	0.050057
25.86	0.050015
25.87	0.049974
25.88	0.049932
25.89	0.04989
25.9	0.049848
25.91	0.049807
25.92	0.049765
25.93	0.049723
25.94	0.049682
25.95	0.04964
25.96	0.049599
25.97	0.049558
25.98	0.049516
25.99	0.049475
26.0	0.049434
26.01	0.049393
26.02	0.049351
26.03	0.04931
26.04	0.049269
26.05	0.049228
26.06	0.049187
26.07	0.049147
26.08	0.049106
26.09	0.049065
26.1	0.049024
26.11	0.048984
26.12	0.048943
26.13	0.048902
26.14	0.048862
26.15	0.048821
26.16	0.048781
26.17	0.048741
26.18	0.0487
26.19	0.04866
26.2	0.04862
26.21	0.04858
26.22	0.04854
26.23	0.048499
26.24	0.048459
26.25	0.048419
26.26	0.04838
26.27	0.04834
26.28	0.0483
26.29	0.04826
26.3	0.04822
26.31	0.048181
26.32	0.048141
26.33	0.048101
26.34	0.048062
26.35	0.048022
26.36	0.047983
26.37	0.047943
26.38	0.047904
26.39	0.047865
26.4	0.047825
26.41	0.047786
26.42	0.047747
26.43	0.047708
26.44	0.047669
26.45	0.04763
26.46	0.047591
26.47	0.047552
26.48	0.047513
26.49	0.047474
26.5	0.047435
26.51	0.047397
26.52	0.047358
26.53	0.047319
26.54	0.047281
26.55	0.047242
26.56	0.047204
26.57	0.047165
26.58	0.047127
26.59	0.047088
26.6	0.04705
26.61	0.047012
26.62	0.046973
26.63	0.046935
26.64	0.046897
26.65	0.046859
26.66	0.046821
26.67	0.046783
26.68	0.046745
26.69	0.046707
26.7	0.046669
26.71	0.046631
26.72	0.046594
26.73	0.046556
26.74	0.046518
26.75	0.04648
26.76	0.046443
26.77	0.046405
26.78	0.046368
26.79	0.04633
26.8	0.046293
26.81	0.046255
26.82	0.046218
26.83	0.046181
26.84	0.046144
26.85	0.046106
26.86	0.046069
26.87	0.046032
26.88	0.045995
26.89	0.045958
26.9	0.045921
26.91	0.045884
26.92	0.045847
26.93	0.04581
26.94	0.045773
26.95	0.045737
26.96	0.0457
26.97	0.045663
26.98	0.045627
26.99	0.04559
27.0	0.045553
27.01	0.045517
27.02	0.04548
27.03	0.045444
27.04	0.045408
27.05	0.045371
27.06	0.045335
27.07	0.045299
27.08	0.045263
27.09	0.045226
27.1	0.04519
27.11	0.045154
27.12	0.045118
27.13	0.045082
27.14	0.045046
27.15	0.04501
27.16	0.044974
27.17	0.044939
27.18	0.044903
27.19	0.044867
27.2	0.044831
27.21	0.044796
27.22	0.04476
27.23	0.044724
27.24	0.044689
27.25	0.044653
27.26	0.044618
27.27	0.044583
27.28	0.044547
27.29	0.044512
27.3	0.044477
27.31	0.044441
27.32	0.044406
27.33	0.044371
27.34	0.044336
27.35	0.044301
27.36	0.044266
27.37	0.044231
27.38	0.044196
27.39	0.044161
27.4	0.044126
27.41	0.044091
27.42	0.044056
27.43	0.044021
27.44	0.043987
27.45	0.043952
27.46	0.043917
27.47	0.043883
27.48	0.043848
27.49	0.043814
27.5	0.043779
27.51	0.043745
27.52	0.04371
27.53	0.043676
27.54	0.043642
27.55	0.043607
27.56	0.043573
27.57	0.043539
27.58	0.043505
27.59	0.043471
27.6	0.043437
27.61	0.043403
27.62	0.043369
27.63	0.043335
27.64	0.043301
27.65	0.043267
27.66	0.043233
27.67	0.043199
27.68	0.043165
27.69	0.043132
27.7	0.043098
27.71	0.043064
27.72	0.043031
27.73	0.042997
27.74	0.042964
27.75	0.04293
27.76	0.042897
27.77	0.042863
27.78	0.04283
27.79	0.042796
27.8	0.042763
27.81	0.04273
27.82	0.042697
27.83	0.042663
27.84	0.04263
27.85	0.042597
27.86	0.042564
27.87	0.042531
27.88	0.042498
27.89	0.042465
27.9	0.042432
27.91	0.042399
27.92	0.042366
27.93	0.042334
27.94	0.042301
27.95	0.042268
27.96	0.042235
27.97	0.042203
27.98	0.04217
27.99	0.042137
28.0	0.042105
28.01	0.042072
28.02	0.04204
28.03	0.042007
28.04	0.041975
28.05	0.041943
28.06	0.04191
28.07	0.041878
28.08	0.041846
28.09	0.041814
28.1	0.041781
28.11	0.041749
28.12	0.041717
28.13	0.041685
28.14	0.041653
28.15	0.041621
28.16	0.041589
28.17	0.041557
28.18	0.041525
28.19	0.041493
28.2	0.041461
28.21	0.04143
28.22	0.041398
28.23	0.041366
28.24	0.041335
28.25	0.041303
28.26	0.041271
28.27	0.04124
28.28	0.041208
28.29	0.041177
28.3	0.041145
28.31	0.041114
28.32	0.041082
28.33	0.041051
28.34	0.04102
28.35	0.040988
28.36	0.040957
28.37	0.040926
28.38	0.040895
28.39	0.040864
28.4	0.040832
28.41	0.040801
28.42	0.04077
28.43	0.040739
28.44	0.040708
28.45	0.040677
28.46	0.040646
28.47	0.040616
28.48	0.040585
28.49	0.040554
28.5	0.040523
28.51	0.040492
28.52	0.040462
28.53	0.040431
28.54	0.0404
28.55	0.04037
28.56	0.040339
28.57	0.040309
28.58	0.040278
28.59	0.040248
28.6	0.040217
28.61	0.040187
28.62	0.040157
28.63	0.040126
28.64	0.040096
28.65	0.040066
28.66	0.040035
28.67	0.040005
28.68	0.039975
28.69	0.039945
28.7	0.039915
28.71	0.039885
28.72	0.039855
28.73	0.039825
28.74	0.039795
28.75	0.039765
28.76	0.039735
28.77	0.039705
28.78	0.039675
28.79	0.039646
28.8	0.039616
28.81	0.039586
28.82	0.039556
28.83	0.039527
28.84	0.039497
28.85	0.039467
28.86	0.039438
28.87	0.039408
28.88	0.039379
28.89	0.039349
28.9	0.03932
28.91	0.039291
28.92	0.039261
28.93	0.039232
28.94	0.039203
28.95	0.039173
28.96	0.039144
28.97	0.039115
28.98	0.039086
28.99	0.039056
29.0	0.039027
29.01	0.038998
29.02	0.038969
29.03	0.03894
29.04	0.038911
29.05	0.038882
29.06	0.038853
29.07	0.038824
29.08	0.038796
29.09	0.038767
29.1	0.038738
29.11	0.038709
29.12	0.038681
29.13	0.038652
29.14	0.038623
29.15	0.038594
29.16	0.038566
29.17	0.038537
29.18	0.038509
29.19	0.03848
29.2	0.038452
29.21	0.038423
29.22	0.038395
29.23	0.038367
29.24	0.038338
29.25	0.03831
29.26	0.038282
29.27	0.038253
29.28	0.038225
29.29	0.038197
29.3	0.038169
29.31	0.038141
29.32	0.038112
29.33	0.038084
29.34	0.038056
29.35	0.038028
29.36	0.038
29.37	0.037972
29.38	0.037944
29.39	0.037916
29.4	0.037889
29.41	0.037861
29.42	0.037833
29.43	0.037805
29.44	0.037777
29.45	0.03775
29.46	0.037722
29.47	0.037694
29.48	0.037667
29.49	0.037639
29.5	0.037612
29.51	0.037584
29.52	0.037557
29.53	0.037529
29.54	0.037502
29.55	0.037474
29.56	0.037447
29.57	0.037419
29.58	0.037392
29.59	0.037365
29.6	0.037338
29.61	0.03731
29.62	0.037283
29.63	0.037256
29.64	0.037229
29.65	0.037202
29.66	0.037175
29.67	0.037147
29.68	0.03712
29.69	0.037093
29.7	0.037066
29.71	0.037039
29.72	0.037013
29.73	0.036986
29.74	0.036959
29.75	0.036932
29.76	0.036905
29.77	0.036878
29.78	0.036852
29.79	0.036825
29.8	0.036798
29.81	0.036772
29.82	0.036745
29.83	0.036718
29.84	0.036692
29.85	0.036665
29.86	0.036639
29.87	0.036612
29.88	0.036586
29.89	0.036559
29.9	0.036533
29.91	0.036506
29.92	0.03648
29.93	0.036454
29.94	0.036428
29.95	0.036401
29.96	0.036375
29.97	0.036349
29.98	0.036323
29.99	0.036296
30.0	0.03627
30.01	0.036244
30.02	0.036218
30.03	0.036192
30.04	0.036166
30.05	0.03614
30.06	0.036114
30.07	0.036088
30.08	0.036062
30.09	0.036036
30.1	0.036011
30.11	0.035985
30.12	0.035959
30.13	0.035933
30.14	0.035907
30.15	0.035882
30.16	0.035856
30.17	0.03583
30.18	0.035805
30.19	0.035779
30.2	0.035754
30.21	0.035728
30.22	0.035702
30.23	0.035677
30.24	0.035651
30.25	0.035626
30.26	0.035601
30.27	0.035575
30.28	0.03555
30.29	0.035525
30.3	0.035499
30.31	0.035474
30.32	0.035449
30.33	0.035423
30.34	0.035398
30.35	0.035373
30.36	0.035348
30.37	0.035323
30.38	0.035298
30.39	0.035273
30.4	0.035248
30.41	0.035223
30.42	0.035198
30.43	0.035173
30.44	0.035148
30.45	0.035123
30.46	0.035098
30.47	0.035073
30.48	0.035048
30.49	0.035023
30.5	0.034998
30.51	0.034974
30.52	0.034949
30.53	0.034924
30.54	0.0349
30.55	0.034875
30.56	0.03485
30.57	0.034826
30.58	0.034801
30.59	0.034777
30.6	0.034752
30.61	0.034728
30.62	0.034703
30.63	0.034679
30.64	0.034654
30.65	0.03463
30.66	0.034605
30.67	0.034581
30.68	0.034557
30.69	0.034532
30.7	0.034508
30.71	0.034484
30.72	0.03446
30.73	0.034435
30.74	0.034411
30.75	0.034387
30.76	0.034363
30.77	0.034339
30.78	0.034315
30.79	0.034291
30.8	0.034267
30.81	0.034243
30.82	0.034219
30.83	0.034195
30.84	0.034171
30.85	0.034147
30.86	0.034123
30.87	0.034099
30.88	0.034075
30.89	0.034052
30.9	0.034028
30.91	0.034004
30.92	0.03398
30.93	0.033957
30.94	0.033933
30.95	0.033909
30.96	0.033886
30.97	0.033862
30.98	0.033839
30.99	0.033815
31.0	0.033791
31.01	0.033768
31.02	0.033744
31.03	0.033721
31.04	0.033698
31.05	0.033674
31.06	0.033651
31.07	0.033627
31.08	0.033604
31.09	0.033581
31.1	0.033557
31.11	0.033534
31.12	0.033511
31.13	0.033488
31.14	0.033464
31.15	0.033441
31.16	0.033418
31.17	0.033395
31.18	0.033372
31.19	0.033349
31.2	0.033326
31.21	0.033303
31.22	0.03328
31.23	0.033257
31.24	0.033234
31.25	0.033211
31.26	0.033188
31.27	0.033165
31.28	0.033142
31.29	0.033119
31.3	0.033097
31.31	0.033074
31.32	0.033051
31.33	0.033028
31.34	0.033005
31.35	0.032983
31.36	0.03296
31.37	0.032937
31.38	0.032915
31.39	0.032892
31.4	0.03287
31.41	0.032847
31.42	0.032824
31.43	0.032802
31.44	0.032779
31.45	0.032757
31.46	0.032734
31.47	0.032712
31.48	0.03269
31.49	0.032667
31.5	0.032645
31.51	0.032623
31.52	0.0326
31.53	0.032578
31.54	0.032556
31.55	0.032533
31.56	0.032511
31.57	0.032489
31.58	0.032467
31.59	0.032445
31.6	0.032423
31.61	0.0324
31.62	0.032378
31.63	0.032356
31.64	0.032334
31.65	0.032312
31.66	0.03229
31.67	0.032268
31.68	0.032246
31.69	0.032224
31.7	0.032202
31.71	0.03218
31.72	0.032159
31.73	0.032137
31.74	0.032115
31.75	0.032093
31.76	0.032071
31.77	0.03205
31.78	0.032028
31.79	0.032006
31.8	0.031984
31.81	0.031963
31.82	0.031941
31.83	0.031919
31.84	0.031898
31.85	0.031876
31.86	0.031855
31.87	0.031833
31.88	0.031812
31.89	0.03179
31.9	0.031769
31.91	0.031747
31.92	0.031726
31.93	0.031704
31.94	0.031683
31.95	0.031662
31.96	0.03164
31.97	0.031619
31.98	0.031598
31.99	0.031576
32.0	0.031555
32.01	0.031534
32.02	0.031513
32.03	0.031491
32.04	0.03147
32.05	0.031449
32.06	0.031428
32.07	0.031407
32.08	0.031386
32.09	0.031365
32.1	0.031343
32.11	0.031322
32.12	0.031301
32.13	0.03128
32.14	0.031259
32.15	0.031239
32.16	0.031218
32.17	0.031197
32.18	0.031176
32.19	0.031155
32.2	0.031134
32.21	0.031113
32.22	0.031092
32.23	0.031072
32.24	0.031051
32.25	0.03103
32.26	0.031009
32.27	0.030989
32.28	0.030968
32.29	0.030947
32.3	0.030927
32.31	0.030906
32.32	0.030885
32.33	0.030865
32.34	0.030844
32.35	0.030824
32.36	0.030803
32.37	0.030783
32.38	0.030762
32.39	0.030742
32.4	0.030721
32.41	0.030701
32.42	0.030681
32.43	0.03066
32.44	0.03064
32.45	0.030619
32.46	0.030599
32.47	0.030579
32.48	0.030559
32.49	0.030538
32.5	0.030518
32.51	0.030498
32.52	0.030478
32.53	0.030457
32.54	0.030437
32.55	0.030417
32.56	0.030397
32.57	0.030377
32.58	0.030357
32.59	0.030337
32.6	0.030317
32.61	0.030297
32.62	0.030277
32.63	0.030257
32.64	0.030237
32.65	0.030217
32.66	0.030197
32.67	0.030177
32.68	0.030157
32.69	0.030137
32.7	0.030117
32.71	0.030098
32.72	0.030078
32.73	0.030058
32.74	0.030038
32.75	0.030018
32.76	0.029999
32.77	0.029979
32.78	0.029959
32.79	0.02994
32.8	0.02992
32.81	0.0299
32.82	0.029881
32.83	0.029861
32.84	0.029842
32.85	0.029822
32.86	0.029802
32.87	0.029783
32.88	0.029763
32.89	0.029744
32.9	0.029724
32.91	0.029705
32.92	0.029686
32.93	0.029666
32.94	0.029647
32.95	0.029627
32.96	0.029608
32.97	0.029589
32.98	0.029569
32.99	0.02955
33.0	0.029531
33.01	0.029512
33.02	0.029492
33.03	0.029473
33.04	0.029454
33.05	0.029435
33.06	0.029416
33.07	0.029396
33.08	0.029377
33.09	0.029358
33.1	0.029339
33.11	0.02932
33.12	0.029301
33.13	0.029282
33.14	0.029263
33.15	0.029244
33.16	0.029225
33.17	0.029206
33.18	0.029187
33.19	0.029168
33.2	0.029149
33.21	0.02913
33.22	0.029111
33.23	0.029092
33.24	0.029074
33.25	0.029055
33.26	0.029036
33.27	0.029017
33.28	0.028998
33.29	0.02898
33.3	0.028961
33.31	0.028942
33.32	0.028924
33.33	0.028905
33.34	0.028886
33.35	0.028868
33.36	0.028849
33.37	0.02883
33.38	0.028812
33.39	0.028793
33.4	0.028775
33.41	0.028756
33.42	0.028738
33.43	0.028719
33.44	0.028701
33.45	0.028682
33.46	0.028664
33.47	0.028645
33.48	0.028627
33.49	0.028608
33.5	0.02859
33.51	0.028572
33.52	0.028553
33.53	0.028535
33.54	0.028517
33.55	0.028498
33.56	0.02848
33.57	0.028462
33.58	0.028444
33.59	0.028426
33.6	0.028407
33.61	0.028389
33.62	0.028371
33.63	0.028353
33.64	0.028335
33.65	0.028317
33.66	0.028298
33.67	0.02828
33.68	0.028262
33.69	0.028244
33.7	0.028226
33.71	0.028208
33.72	0.02819
33.73	0.028172
33.74	0.028154
33.75	0.028136
33.76	0.028118
33.77	0.0281
33.78	0.028083
33.79	0.028065
33.8	0.028047
33.81	0.028029
33.82	0.028011
33.83	0.027993
33.84	0.027976
33.85	0.027958
33.86	0.02794
33.87	0.027922
33.88	0.027905
33.89	0.027887
33.9	0.027869
33.91	0.027851
33.92	0.027834
33.93	0.027816
33.94	0.027799
33.95	0.027781
33.96	0.027763
33.97	0.027746
33.98	0.027728
33.99	0.027711
34.0	0.027693
34.01	0.027676
34.02	0.027658
34.03	0.027641
34.04	0.027623
34.05	0.027606
34.06	0.027588
34.07	0.027571
34.08	0.027554
34.09	0.027536
34.1	0.027519
34.11	0.027501
34.12	0.027484
34.13	0.027467
34.14	0.027449
34.15	0.027432
34.16	0.027415
34.17	0.027398
34.18	0.02738
34.19	0.027363
34.2	0.027346
34.21	0.027329
34.22	0.027312
34.23	0.027294
34.24	0.027277
34.25	0.02726
34.26	0.027243
34.27	0.027226
34.28	0.027209
34.29	0.027192
34.3	0.027175
34.31	0.027158
34.32	0.027141
34.33	0.027124
34.34	0.027107
34.35	0.02709
34.36	0.027073
34.37	0.027056
34.38	0.027039
34.39	0.027022
34.4	0.027005
34.41	0.026988
34.42	0.026972
34.43	0.026955
34.44	0.026938
34.45	0.026921
34.46	0.026904
34.47	0.026888
34.48	0.026871
34.49	0.026854
34.5	0.026837
34.51	0.026821
34.52	0.026804
34.53	0.026787
34.54	0.02677
34.55	0.026754
34.56	0.026737
34.57	0.026721
34.58	0.026704
34.59	0.026687
34.6	0.026671
34.61	0.026654
34.62	0.026638
34.63	0.026621
34.64	0.026605
34.65	0.026588
34.66	0.026572
34.67	0.026555
34.68	0.026539
34.69	0.026522
34.7	0.026506
34.71	0.026489
34.72	0.026473
34.73	0.026457
34.74	0.02644
34.75	0.026424
34.76	0.026408
34.77	0.026391
34.78	0.026375
34.79	0.026359
34.8	0.026342
34.81	0.026326
34.82	0.02631
34.83	0.026294
34.84	0.026277
34.85	0.026261
34.86	0.026245
34.87	0.026229
34.88	0.026213
34.89	0.026197
34.9	0.02618
34.91	0.026164
34.92	0.026148
34.93	0.026132
34.94	0.026116
34.95	0.0261
34.96	0.026084
34.97	0.026068
34.98	0.026052
34.99	0.026036
35.0	0.02602
35.01	0.026004
35.02	0.025988
35.03	0.025972
35.04	0.025956
35.05	0.02594
35.06	0.025924
35.07	0.025909
35.08	0.025893
35.09	0.025877
35.1	0.025861
35.11	0.025845
35.12	0.025829
35.13	0.025814
35.14	0.025798
35.15	0.025782
35.16	0.025766
35.17	0.025751
35.18	0.025735
35.19	0.025719
35.2	0.025703
35.21	0.025688
35.22	0.025672
35.23	0.025656
35.24	0.025641
35.25	0.025625
35.26	0.02561
35.27	0.025594
35.28	0.025578
35.29	0.025563
35.3	0.025547
35.31	0.025532
35.32	0.025516
35.33	0.025501
35.34	0.025485
35.35	0.02547
35.36	0.025454
35.37	0.025439
35.38	0.025423
35.39	0.025408
35.4	0.025393
35.41	0.025377
35.42	0.025362
35.43	0.025346
35.44	0.025331
35.45	0.025316
35.46	0.0253
35.47	0.025285
35.48	0.02527
35.49	0.025254
35.5	0.025239
35.51	0.025224
35.52	0.025209
35.53	0.025193
35.54	0.025178
35.55	0.025163
35.56	0.025148
35.57	0.025133
35.58	0.025117
35.59	0.025102
35.6	0.025087
35.61	0.025072
35.62	0.025057
35.63	0.025042
35.64	0.025027
35.65	0.025012
35.66	0.024997
35.67	0.024982
35.68	0.024967
35.69	0.024952
35.7	0.024937
35.71	0.024922
35.72	0.024907
35.73	0.024892
35.74	0.024877
35.75	0.024862
35.76	0.024847
35.77	0.024832
35.78	0.024817
35.79	0.024802
35.8	0.024787
35.81	0.024772
35.82	0.024758
35.83	0.024743
35.84	0.024728
35.85	0.024713
35.86	0.024698
35.87	0.024684
35.88	0.024669
35.89	0.024654
35.9	0.024639
35.91	0.024625
35.92	0.02461
35.93	0.024595
35.94	0.02458
35.95	0.024566
35.96	0.024551
35.97	0.024536
35.98	0.024522
35.99	0.024507
36.0	0.024493
36.01	0.024478
36.02	0.024463
36.03	0.024449
36.04	0.024434
36.05	0.02442
36.06	0.024405
36.07	0.024391
36.08	0.024376
36.09	0.024362
36.1	0.024347
36.11	0.024333
36.12	0.024318
36.13	0.024304
36.14	0.024289
36.15	0.024275
36.16	0.024261
36.17	0.024246
36.18	0.024232
36.19	0.024217
36.2	0.024203
36.21	0.024189
36.22	0.024174
36.23	0.02416
36.24	0.024146
36.25	0.024132
36.26	0.024117
36.27	0.024103
36.28	0.024089
36.29	0.024075
36.3	0.02406
36.31	0.024046
36.32	0.024032
36.33	0.024018
36.34	0.024003
36.35	0.023989
36.36	0.023975
36.37	0.023961
36.38	0.023947
36.39	0.023933
36.4	0.023919
36.41	0.023905
36.42	0.023891
36.43	0.023876
36.44	0.023862
36.45	0.023848
36.46	0.023834
36.47	0.02382
36.48	0.023806
36.49	0.023792
36.5	0.023778
36.51	0.023764
36.52	0.02375
36.53	0.023736
36.54	0.023723
36.55	0.023709
36.56	0.023695
36.57	0.023681
36.58	0.023667
36.59	0.023653
36.6	0.023639
36.61	0.023625
36.62	0.023612
36.63	0.023598
36.64	0.023584
36.65	0.02357
36.66	0.023556
36.67	0.023543
36.68	0.023529
36.69	0.023515
36.7	0.023501
36.71	0.023488
36.72	0.023474
36.73	0.02346
36.74	0.023446
36.75	0.023433
36.76	0.023419
36.77	0.023405
36.78	0.023392
36.79	0.023378
36.8	0.023365
36.81	0.023351
36.82	0.023337
36.83	0.023324
36.84	0.02331
36.85	0.023297
36.86	0.023283
36.87	0.02327
36.88	0.023256
36.89	0.023242
36.9	0.023229
36.91	0.023215
36.92	0.023202
36.93	0.023189
36.94	0.023175
36.95	0.023162
36.96	0.023148
36.97	0.023135
36.98	0.023121
36.99	0.023108
37.0	0.023095
37.01	0.023081
37.02	0.023068
37.03	0.023054
37.04	0.023041
37.05	0.023028
37.06	0.023014
37.07	0.023001
37.08	0.022988
37.09	0.022975
37.1	0.022961
37.11	0.022948
37.12	0.022935
37.13	0.022922
37.14	0.022908
37.15	0.022895
37.16	0.022882
37.17	0.022869
37.18	0.022856
37.19	0.022842
37.2	0.022829
37.21	0.022816
37.22	0.022803
37.23	0.02279
37.24	0.022777
37.25	0.022764
37.26	0.022751
37.27	0.022737
37.28	0.022724
37.29	0.022711
37.3	0.022698
37.31	0.022685
37.32	0.022672
37.33	0.022659
37.34	0.022646
37.35	0.022633
37.36	0.02262
37.37	0.022607
37.38	0.022594
37.39	0.022581
37.4	0.022568
37.41	0.022555
37.42	0.022543
37.43	0.02253
37.44	0.022517
37.45	0.022504
37.46	0.022491
37.47	0.022478
37.48	0.022465
37.49	0.022452
37.5	0.02244
37.51	0.022427
37.52	0.022414
37.53	0.022401
37.54	0.022388
37.55	0.022376
37.56	0.022363
37.57	0.02235
37.58	0.022337
37.59	0.022325
37.6	0.022312
37.61	0.022299
37.62	0.022287
37.63	0.022274
37.64	0.022261
37.65	0.022249
37.66	0.022236
37.67	0.022223
37.68	0.022211
37.69	0.022198
37.7	0.022185
37.71	0.022173
37.72	0.02216
37.73	0.022148
37.74	0.022135
37.75	0.022122
37.76	0.02211
37.77	0.022097
37.78	0.022085
37.79	0.022072
37.8	0.02206
37.81	0.022047
37.82	0.022035
37.83	0.022022
37.84	0.02201
37.85	0.021997
37.86	0.021985
37.87	0.021973
37.88	0.02196
37.89	0.021948
37.9	0.021935
37.91	0.021923
37.92	0.021911
37.93	0.021898
37.94	0.021886
37.95	0.021873
37.96	0.021861
37.97	0.021849
37.98	0.021836
37.99	0.021824
38.0	0.021812
38.01	0.0218
38.02	0.021787
38.03	0.021775
38.04	0.021763
38.05	0.021751
38.06	0.021738
38.07	0.021726
38.08	0.021714
38.09	0.021702
38.1	0.021689
38.11	0.021677
38.12	0.021665
38.13	0.021653
38.14	0.021641
38.15	0.021629
38.16	0.021617
38.17	0.021604
38.18	0.021592
38.19	0.02158
38.2	0.021568
38.21	0.021556
38.22	0.021544
38.23	0.021532
38.24	0.02152
38.25	0.021508
38.26	0.021496
38.27	0.021484
38.28	0.021472
38.29	0.02146
38.3	0.021448
38.31	0.021436
38.32	0.021424
38.33	0.021412
38.34	0.0214
38.35	0.021388
38.36	0.021376
38.37	0.021364
38.38	0.021352
38.39	0.02134
38.4	0.021328
38.41	0.021316
38.42	0.021305
38.43	0.021293
38.44	0.021281
38.45	0.021269
38.46	0.021257
38.47	0.021245
38.48	0.021233
38.49	0.021222
38.5	0.02121
38.51	0.021198
38.52	0.021186
38.53	0.021175
38.54	0.021163
38.55	0.021151
38.56	0.021139
38.57	0.021128
38.58	0.021116
38.59	0.021104
38.6	0.021092
38.61	0.021081
38.62	0.021069
38.63	0.021057
38.64	0.021046
38.65	0.021034
38.66	0.021022
38.67	0.021011
38.68	0.020999
38.69	0.020988
38.7	0.020976
38.71	0.020964
38.72	0.020953
38.73	0.020941
38.74	0.02093
38.75	0.020918
38.76	0.020907
38.77	0.020895
38.78	0.020884
38.79	0.020872
38.8	0.02086
38.81	0.020849
38.82	0.020837
38.83	0.020826
38.84	0.020815
38.85	0.020803
38.86	0.020792
38.87	0.02078
38.88	0.020769
38.89	0.020757
38.9	0.020746
38.91	0.020735
38.92	0.020723
38.93	0.020712
38.94	0.0207
38.95	0.020689
38.96	0.020678
38.97	0.020666
38.98	0.020655
38.99	0.020644
39.0	0.020632
39.01	0.020621
39.02	0.02061
39.03	0.020598
39.04	0.020587
39.05	0.020576
39.06	0.020565
39.07	0.020553
39.08	0.020542
39.09	0.020531
39.1	0.02052
39.11	0.020508
39.12	0.020497
39.13	0.020486
39.14	0.020475
39.15	0.020464
39.16	0.020452
39.17	0.020441
39.18	0.02043
39.19	0.020419
39.2	0.020408
39.21	0.020397
39.22	0.020386
39.23	0.020374
39.24	0.020363
39.25	0.020352
39.26	0.020341
39.27	0.02033
39.28	0.020319
39.29	0.020308
39.3	0.020297
39.31	0.020286
39.32	0.020275
39.33	0.020264
39.34	0.020253
39.35	0.020242
39.36	0.020231
39.37	0.02022
39.38	0.020209
39.39	0.020198
39.4	0.020187
39.41	0.020176
39.42	0.020165
39.43	0.020154
39.44	0.020143
39.45	0.020132
39.46	0.020121
39.47	0.02011
39.48	0.0201
39.49	0.020089
39.5	0.020078
39.51	0.020067
39.52	0.020056
39.53	0.020045
39.54	0.020034
39.55	0.020024
39.56	0.020013
39.57	0.020002
39.58	0.019991
39.59	0.01998
39.6	0.01997
39.61	0.019959
39.62	0.019948
39.63	0.019937
39.64	0.019926
39.65	0.019916
39.66	0.019905
39.67	0.019894
39.68	0.019884
39.69	0.019873
39.7	0.019862
39.71	0.019851
39.72	0.019841
39.73	0.01983
39.74	0.019819
39.75	0.019809
39.76	0.019798
39.77	0.019787
39.78	0.019777
39.79	0.019766
39.8	0.019756
39.81	0.019745
39.82	0.019734
39.83	0.019724
39.84	0.019713
39.85	0.019703
39.86	0.019692
39.87	0.019682
39.88	0.019671
39.89	0.01966
39.9	0.01965
39.91	0.019639
39.92	0.019629
39.93	0.019618
39.94	0.019608
39.95	0.019597
39.96	0.019587
39.97	0.019576
39.98	0.019566
39.99	0.019556
40.0	0.019545
40.01	0.019535
40.02	0.019524
40.03	0.019514
40.04	0.019503
40.05	0.019493
40.06	0.019483
40.07	0.019472
40.08	0.019462
40.09	0.019451
40.1	0.019441
40.11	0.019431
40.12	0.01942
40.13	0.01941
40.14	0.0194
40.15	0.019389
40.16	0.019379
40.17	0.019369
40.18	0.019358
40.19	0.019348
40.2	0.019338
40.21	0.019328
40.22	0.019317
40.23	0.019307
40.24	0.019297
40.25	0.019287
40.26	0.019276
40.27	0.019266
40.28	0.019256
40.29	0.019246
40.3	0.019236
40.31	0.019225
40.32	0.019215
40.33	0.019205
40.34	0.019195
40.35	0.019185
40.36	0.019175
40.37	0.019164
40.38	0.019154
40.39	0.019144
40.4	0.019134
40.41	0.019124
40.42	0.019114
40.43	0.019104
40.44	0.019094
40.45	0.019084
40.46	0.019073
40.47	0.019063
40.48	0.019053
40.49	0.019043
40.5	0.019033
40.51	0.019023
40.52	0.019013
40.53	0.019003
40.54	0.018993
40.55	0.018983
40.56	0.018973
40.57	0.018963
40.58	0.018953
40.59	0.018943
40.6	0.018933
40.61	0.018923
40.62	0.018913
40.63	0.018903
40.64	0.018893
40.65	0.018884
40.66	0.018874
40.67	0.018864
40.68	0.018854
40.69	0.018844
40.7	0.018834
40.71	0.018824
40.72	0.018814
40.73	0.018804
40.74	0.018795
40.75	0.018785
40.76	0.018775
40.77	0.018765
40.78	0.018755
40.79	0.018745
40.8	0.018736
40.81	0.018726
40.82	0.018716
40.83	0.018706
40.84	0.018696
40.85	0.018687
40.86	0.018677
40.87	0.018667
40.88	0.018657
40.89	0.018648
40.9	0.018638
40.91	0.018628
40.92	0.018618
40.93	0.018609
40.94	0.018599
40.95	0.018589
40.96	0.01858
40.97	0.01857
40.98	0.01856
40.99	0.018551
41.0	0.018541
41.01	0.018531
41.02	0.018522
41.03	0.018512
41.04	0.018502
41.05	0.018493
41.06	0.018483
41.07	0.018474
41.08	0.018464
41.09	0.018454
41.1	0.018445
41.11	0.018435
41.12	0.018426
41.13	0.018416
41.14	0.018407
41.15	0.018397
41.16	0.018388
41.17	0.018378
41.18	0.018368
41.19	0.018359
41.2	0.018349
41.21	0.01834
41.22	0.01833
41.23	0.018321
41.24	0.018311
41.25	0.018302
41.26	0.018293
41.27	0.018283
41.28	0.018274
41.29	0.018264
41.3	0.018255
41.31	0.018245
41.32	0.018236
41.33	0.018226
41.34	0.018217
41.35	0.018208
41.36	0.018198
41.37	0.018189
41.38	0.01818
41.39	0.01817
41.4	0.018161
41.41	0.018151
41.42	0.018142
41.43	0.018133
41.44	0.018123
41.45	0.018114
41.46	0.018105
41.47	0.018095
41.48	0.018086
41.49	0.018077
41.5	0.018068
41.51	0.018058
41.52	0.018049
41.53	0.01804
41.54	0.01803
41.55	0.018021
41.56	0.018012
41.57	0.018003
41.58	0.017993
41.59	0.017984
41.6	0.017975
41.61	0.017966
41.62	0.017957
41.63	0.017947
41.64	0.017938
41.65	0.017929
41.66	0.01792
41.67	0.017911
41.68	0.017901
41.69	0.017892
41.7	0.017883
41.71	0.017874
41.72	0.017865
41.73	0.017856
41.74	0.017847
41.75	0.017838
41.76	0.017828
41.77	0.017819
41.78	0.01781
41.79	0.017801
41.8	0.017792
41.81	0.017783
41.82	0.017774
41.83	0.017765
41.84	0.017756
41.85	0.017747
41.86	0.017738
41.87	0.017729
41.88	0.01772
41.89	0.017711
41.9	0.017702
41.91	0.017693
41.92	0.017684
41.93	0.017675
41.94	0.017666
41.95	0.017657
41.96	0.017648
41.97	0.017639
41.98	0.01763
41.99	0.017621
42.0	0.017612
42.01	0.017603
42.02	0.017594
42.03	0.017585
42.04	0.017576
42.05	0.017567
42.06	0.017558
42.07	0.017549
42.08	0.017541
42.09	0.017532
42.1	0.017523
42.11	0.017514
42.12	0.017505
42.13	0.017496
42.14	0.017487
42.15	0.017478
42.16	0.01747
42.17	0.017461
42.18	0.017452
42.19	0.017443
42.2	0.017434
42.21	0.017426
42.22	0.017417
42.23	0.017408
42.24	0.017399
42.25	0.01739
42.26	0.017382
42.27	0.017373
42.28	0.017364
42.29	0.017355
42.3	0.017347
42.31	0.017338
42.32	0.017329
42.33	0.01732
42.34	0.017312
42.35	0.017303
42.36	0.017294
42.37	0.017286
42.38	0.017277
42.39	0.017268
42.4	0.017259
42.41	0.017251
42.42	0.017242
42.43	0.017233
42.44	0.017225
42.45	0.017216
42.46	0.017208
42.47	0.017199
42.48	0.01719
42.49	0.017182
42.5	0.017173
42.51	0.017164
42.52	0.017156
42.53	0.017147
42.54	0.017139
42.55	0.01713
42.56	0.017121
42.57	0.017113
42.58	0.017104
42.59	0.017096
42.6	0.017087
42.61	0.017079
42.62	0.01707
42.63	0.017062
42.64	0.017053
42.65	0.017045
42.66	0.017036
42.67	0.017028
42.68	0.017019
42.69	0.017011
42.7	0.017002
42.71	0.016994
42.72	0.016985
42.73	0.016977
42.74	0.016968
42.75	0.01696
42.76	0.016951
42.77	0.016943
42.78	0.016934
42.79	0.016926
42.8	0.016918
42.81	0.016909
42.82	0.016901
42.83	0.016892
42.84	0.016884
42.85	0.016876
42.86	0.016867
42.87	0.016859
42.88	0.01685
42.89	0.016842
42.9	0.016834
42.91	0.016825
42.92	0.016817
42.93	0.016809
42.94	0.0168
42.95	0.016792
42.96	0.016784
42.97	0.016775
42.98	0.016767
42.99	0.016759
43.0	0.01675
43.01	0.016742
43.02	0.016734
43.03	0.016725
43.04	0.016717
43.05	0.016709
43.06	0.016701
43.07	0.016692
43.08	0.016684
43.09	0.016676
43.1	0.016668
43.11	0.016659
43.12	0.016651
43.13	0.016643
43.14	0.016635
43.15	0.016627
43.16	0.016618
43.17	0.01661
43.18	0.016602
43.19	0.016594
43.2	0.016586
43.21	0.016577
43.22	0.016569
43.23	0.016561
43.24	0.016553
43.25	0.016545
43.26	0.016537
43.27	0.016528
43.28	0.01652
43.29	0.016512
43.3	0.016504
43.31	0.016496
43.32	0.016488
43.33	0.01648
43.34	0.016472
43.35	0.016464
43.36	0.016456
43.37	0.016447
43.38	0.016439
43.39	0.016431
43.4	0.016423
43.41	0.016415
43.42	0.016407
43.43	0.016399
43.44	0.016391
43.45	0.016383
43.46	0.016375
43.47	0.016367
43.48	0.016359
43.49	0.016351
43.5	0.016343
43.51	0.016335
43.52	0.016327
43.53	0.016319
43.54	0.016311
43.55	0.016303
43.56	0.016295
43.57	0.016287
43.58	0.016279
43.59	0.016271
43.6	0.016263
43.61	0.016255
43.62	0.016247
43.63	0.016239
43.64	0.016232
43.65	0.016224
43.66	0.016216
43.67	0.016208
43.68	0.0162
43.69	0.016192
43.7	0.016184
43.71	0.016176
43.72	0.016168
43.73	0.01616
43.74	0.016153
43.75	0.016145
43.76	0.016137
43.77	0.016129
43.78	0.016121
43.79	0.016113
43.8	0.016106
43.81	0.016098
43.82	0.01609
43.83	0.016082
43.84	0.016074
43.85	0.016067
43.86	0.016059
43.87	0.016051
43.88	0.016043
43.89	0.016035
43.9	0.016028
43.91	0.01602
43.92	0.016012
43.93	0.016004
43.94	0.015997
43.95	0.015989
43.96	0.015981
43.97	0.015973
43.98	0.015966
43.99	0.015958
44.0	0.01595
44.01	0.015942
44.02	0.015935
44.03	0.015927
44.04	0.015919
44.05	0.015912
44.06	0.015904
44.07	0.015896
44.08	0.015889
44.09	0.015881
44.1	0.015873
44.11	0.015866
44.12	0.015858
44.13	0.01585
44.14	0.015843
44.15	0.015835
44.16	0.015827
44.17	0.01582
44.18	0.015812
44.19	0.015805
44.2	0.015797
44.21	0.015789
44.22	0.015782
44.23	0.015774
44.24	0.015767
44.25	0.015759
44.26	0.015751
44.27	0.015744
44.28	0.015736
44.29	0.015729
44.3	0.015721
44.31	0.015714
44.32	0.015706
44.33	0.015699
44.34	0.015691
44.35	0.015684
44.36	0.015676
44.37	0.015668
44.38	0.015661
44.39	0.015653
44.4	0.015646
44.41	0.015638
44.42	0.015631
44.43	0.015623
44.44	0.015616
44.45	0.015609
44.46	0.015601
44.47	0.015594
44.48	0.015586
44.49	0.015579
44.5	0.015571
44.51	0.015564
44.52	0.015556
44.53	0.015549
44.54	0.015542
44.55	0.015534
44.56	0.015527
44.57	0.015519
44.58	0.015512
44.59	0.015504
44.6	0.015497
44.61	0.01549
44.62	0.015482
44.63	0.015475
44.64	0.015468
44.65	0.01546
44.66	0.015453
44.67	0.015445
44.68	0.015438
44.69	0.015431
44.7	0.015423
44.71	0.015416
44.72	0.015409
44.73	0.015401
44.74	0.015394
44.75	0.015387
44.76	0.01538
44.77	0.015372
44.78	0.015365
44.79	0.015358
44.8	0.01535
44.81	0.015343
44.82	0.015336
44.83	0.015328
44.84	0.015321
44.85	0.015314
44.86	0.015307
44.87	0.015299
44.88	0.015292
44.89	0.015285
44.9	0.015278
44.91	0.01527
44.92	0.015263
44.93	0.015256
44.94	0.015249
44.95	0.015242
44.96	0.015234
44.97	0.015227
44.98	0.01522
44.99	0.015213
45.0	0.015206
45.01	0.015198
45.02	0.015191
45.03	0.015184
45.04	0.015177
45.05	0.01517
45.06	0.015163
45.07	0.015155
45.08	0.015148
45.09	0.015141
45.1	0.015134
45.11	0.015127
45.12	0.01512
45.13	0.015113
45.14	0.015106
45.15	0.015098
45.16	0.015091
45.17	0.015084
45.18	0.015077
45.19	0.01507
45.2	0.015063
45.21	0.015056
45.22	0.015049
45.23	0.015042
45.24	0.015035
45.25	0.015028
45.26	0.015021
45.27	0.015013
45.28	0.015006
45.29	0.014999
45.3	0.014992
45.31	0.014985
45.32	0.014978
45.33	0.014971
45.34	0.014964
45.35	0.014957
45.36	0.01495
45.37	0.014943
45.38	0.014936
45.39	0.014929
45.4	0.014922
45.41	0.014915
45.42	0.014908
45.43	0.014901
45.44	0.014894
45.45	0.014887
45.46	0.01488
45.47	0.014873
45.48	0.014867
45.49	0.01486
45.5	0.014853
45.51	0.014846
45.52	0.014839
45.53	0.014832
45.54	0.014825
45.55	0.014818
45.56	0.014811
45.57	0.014804
45.58	0.014797
45.59	0.01479
45.6	0.014784
45.61	0.014777
45.62	0.01477
45.63	0.014763
45.64	0.014756
45.65	0.014749
45.66	0.014742
45.67	0.014735
45.68	0.014729
45.69	0.014722
45.7	0.014715
45.71	0.014708
45.72	0.014701
45.73	0.014694
45.74	0.014688
45.75	0.014681
45.76	0.014674
45.77	0.014667
45.78	0.01466
45.79	0.014653
45.8	0.014647
45.81	0.01464
45.82	0.014633
45.83	0.014626
45.84	0.01462
45.85	0.014613
45.86	0.014606
45.87	0.014599
45.88	0.014592
45.89	0.014586
45.9	0.014579
45.91	0.014572
45.92	0.014565
45.93	0.014559
45.94	0.014552
45.95	0.014545
45.96	0.014539
45.97	0.014532
45.98	0.014525
45.99	0.014518
46.0	0.014512
46.01	0.014505
46.02	0.014498
46.03	0.014492
46.04	0.014485
46.05	0.014478
46.06	0.014472
46.07	0.014465
46.08	0.014458
46.09	0.014452
46.1	0.014445
46.11	0.014438
46.12	0.014432
46.13	0.014425
46.14	0.014418
46.15	0.014412
46.16	0.014405
46.17	0.014398
46.18	0.014392
46.19	0.014385
46.2	0.014379
46.21	0.014372
46.22	0.014365
46.23	0.014359
46.24	0.014352
46.25	0.014346
46.26	0.014339
46.27	0.014332
46.28	0.014326
46.29	0.014319
46.3	0.014313
46.31	0.014306
46.32	0.0143
46.33	0.014293
46.34	0.014287
46.35	0.01428
46.36	0.014273
46.37	0.014267
46.38	0.01426
46.39	0.014254
46.4	0.014247
46.41	0.014241
46.42	0.014234
46.43	0.014228
46.44	0.014221
46.45	0.014215
46.46	0.014208
46.47	0.014202
46.48	0.014195
46.49	0.014189
46.5	0.014182
46.51	0.014176
46.52	0.014169
46.53	0.014163
46.54	0.014157
46.55	0.01415
46.56	0.014144
46.57	0.014137
46.58	0.014131
46.59	0.014124
46.6	0.014118
46.61	0.014111
46.62	0.014105
46.63	0.014099
46.64	0.014092
46.65	0.014086
46.66	0.014079
46.67	0.014073
46.68	0.014067
46.69	0.01406
46.7	0.014054
46.71	0.014047
46.72	0.014041
46.73	0.014035
46.74	0.014028
46.75	0.014022
46.76	0.014016
46.77	0.014009
46.78	0.014003
46.79	0.013996
46.8	0.01399
46.81	0.013984
46.82	0.013977
46.83	0.013971
46.84	0.013965
46.85	0.013958
46.86	0.013952
46.87	0.013946
46.88	0.013939
46.89	0.013933
46.9	0.013927
46.91	0.013921
46.92	0.013914
46.93	0.013908
46.94	0.013902
46.95	0.013895
46.96	0.013889
46.97	0.013883
46.98	0.013877
46.99	0.01387
47.0	0.013864
47.01	0.013858
47.02	0.013852
47.03	0.013845
47.04	0.013839
47.05	0.013833
47.06	0.013827
47.07	0.01382
47.08	0.013814
47.09	0.013808
47.1	0.013802
47.11	0.013795
47.12	0.013789
47.13	0.013783
47.14	0.013777
47.15	0.013771
47.16	0.013764
47.17	0.013758
47.18	0.013752
47.19	0.013746
47.2	0.01374
47.21	0.013734
47.22	0.013727
47.23	0.013721
47.24	0.013715
47.25	0.013709
47.26	0.013703
47.27	0.013697
47.28	0.01369
47.29	0.013684
47.3	0.013678
47.31	0.013672
47.32	0.013666
47.33	0.01366
47.34	0.013654
47.35	0.013648
47.36	0.013641
47.37	0.013635
47.38	0.013629
47.39	0.013623
47.4	0.013617
47.41	0.013611
47.42	0.013605
47.43	0.013599
47.44	0.013593
47.45	0.013587
47.46	0.01358
47.47	0.013574
47.48	0.013568
47.49	0.013562
47.5	0.013556
47.51	0.01355
47.52	0.013544
47.53	0.013538
47.54	0.013532
47.55	0.013526
47.56	0.01352
47.57	0.013514
47.58	0.013508
47.59	0.013502
47.6	0.013496
47.61	0.01349
47.62	0.013484
47.63	0.013478
47.64	0.013472
47.65	0.013466
47.66	0.01346
47.67	0.013454
47.68	0.013448
47.69	0.013442
47.7	0.013436
47.71	0.01343
47.72	0.013424
47.73	0.013418
47.74	0.013412
47.75	0.013406
47.76	0.0134
47.77	0.013394
47.78	0.013388
47.79	0.013382
47.8	0.013376
47.81	0.013371
47.82	0.013365
47.83	0.013359
47.84	0.013353
47.85	0.013347
47.86	0.013341
47.87	0.013335
47.88	0.013329
47.89	0.013323
47.9	0.013317
47.91	0.013311
47.92	0.013306
47.93	0.0133
47.94	0.013294
47.95	0.013288
47.96	0.013282
47.97	0.013276
47.98	0.01327
47.99	0.013264
48.0	0.013259
48.01	0.013253
48.02	0.013247
48.03	0.013241
48.04	0.013235
48.05	0.013229
48.06	0.013223
48.07	0.013218
48.08	0.013212
48.09	0.013206
48.1	0.0132
48.11	0.013194
48.12	0.013189
48.13	0.013183
48.14	0.013177
48.15	0.013171
48.16	0.013165
48.17	0.01316
48.18	0.013154
48.19	0.013148
48.2	0.013142
48.21	0.013136
48.22	0.013131
48.23	0.013125
48.24	0.013119
48.25	0.013113
48.26	0.013108
48.27	0.013102
48.28	0.013096
48.29	0.01309
48.3	0.013085
48.31	0.013079
48.32	0.013073
48.33	0.013067
48.34	0.013062
48.35	0.013056
48.36	0.01305
48.37	0.013044
48.38	0.013039
48.39	0.013033
48.4	0.013027
48.41	0.013022
48.42	0.013016
48.43	0.01301
48.44	0.013005
48.45	0.012999
48.46	0.012993
48.47	0.012988
48.48	0.012982
48.49	0.012976
48.5	0.01297
48.51	0.012965
48.52	0.012959
48.53	0.012954
48.54	0.012948
48.55	0.012942
48.56	0.012937
48.57	0.012931
48.58	0.012925
48.59	0.01292
48.6	0.012914
48.61	0.012908
48.62	0.012903
48.63	0.012897
48.64	0.012892
48.65	0.012886
48.66	0.01288
48.67	0.012875
48.68	0.012869
48.69	0.012863
48.7	0.012858
48.71	0.012852
48.72	0.012847
48.73	0.012841
48.74	0.012836
48.75	0.01283
48.76	0.012824
48.77	0.012819
48.78	0.012813
48.79	0.012808
48.8	0.012802
48.81	0.012797
48.82	0.012791
48.83	0.012785
48.84	0.01278
48.85	0.012774
48.86	0.012769
48.87	0.012763
48.88	0.012758
48.89	0.012752
48.9	0.012747
48.91	0.012741
48.92	0.012736
48.93	0.01273
48.94	0.012725
48.95	0.012719
48.96	0.012714
48.97	0.012708
48.98	0.012703
48.99	0.012697
49.0	0.012692
49.01	0.012686
49.02	0.012681
49.03	0.012675
49.04	0.01267
49.05	0.012664
49.06	0.012659
49.07	0.012653
49.08	0.012648
49.09	0.012642
49.1	0.012637
49.11	0.012632
49.12	0.012626
49.13	0.012621
49.14	0.012615
49.15	0.01261
49.16	0.012604
49.17	0.012599
49.18	0.012593
49.19	0.012588
49.2	0.012583
49.21	0.012577
49.22	0.012572
49.23	0.012566
49.24	0.012561
49.25	0.012556
49.26	0.01255
49.27	0.012545
49.28	0.012539
49.29	0.012534
49.3	0.012529
49.31	0.012523
49.32	0.012518
49.33	0.012513
49.34	0.012507
49.35	0.012502
49.36	0.012496
49.37	0.012491
49.38	0.012486
49.39	0.01248
49.4	0.012475
49.41	0.01247
49.42	0.012464
49.43	0.012459
49.44	0.012454
49.45	0.012448
49.46	0.012443
49.47	0.012438
49.48	0.012432
49.49	0.012427
49.5	0.012422
49.51	0.012416
49.52	0.012411
49.53	0.012406
49.54	0.0124
49.55	0.012395
49.56	0.01239
49.57	0.012385
49.58	0.012379
49.59	0.012374
49.6	0.012369
49.61	0.012363
49.62	0.012358
49.63	0.012353
49.64	0.012348
49.65	0.012342
49.66	0.012337
49.67	0.012332
49.68	0.012327
49.69	0.012321
49.7	0.012316
49.71	0.012311
49.72	0.012306
49.73	0.0123
49.74	0.012295
49.75	0.01229
49.76	0.012285
49.77	0.012279
49.78	0.012274
49.79	0.012269
49.8	0.012264
49.81	0.012259
49.82	0.012253
49.83	0.012248
49.84	0.012243
49.85	0.012238
49.86	0.012233
49.87	0.012227
49.88	0.012222
49.89	0.012217
49.9	0.012212
49.91	0.012207
49.92	0.012202
49.93	0.012196
49.94	0.012191
49.95	0.012186
49.96	0.012181
49.97	0.012176
49.98	0.012171
49.99	0.012165
50.0	0.01216
