eng	y_fit
0.25	0.0
0.26	0.19489
0.27	0.29747
0.28	0.36885
0.29	0.42556
0.3	0.47318
0.31	0.51418
0.32	0.5505
0.33	0.58315
0.34	0.61259
0.35	0.63966
0.36	0.66476
0.37	0.68788
0.38	0.7094
0.39	0.72972
0.4	0.74873
0.41	0.76653
0.42	0.78351
0.43	0.79974
0.44	0.81509
0.45	0.82971
0.46	0.84383
0.47	0.85738
0.48	0.87023
0.49	0.8825
0.5	0.8944
0.51	0.90586
0.52	0.91678
0.53	0.92729
0.54	0.93758
0.55	0.94761
0.56	0.95728
0.57	0.96659
0.58	0.9757
0.59	0.98462
0.6	0.99324
0.61	1.0015
0.62	1.0095
0.63	1.0173
0.64	1.025
0.65	1.0323
0.66	1.0394
0.67	1.0464
0.68	1.0533
0.69	1.06
0.7	1.0665
0.71	1.0728
0.72	1.079
0.73	1.0851
0.74	1.0911
0.75	1.0969
0.76	1.1024
0.77	1.1079
0.78	1.1132
0.79	1.1184
0.8	1.1235
0.81	1.1283
0.82	1.1331
0.83	1.1378
0.84	1.1424
0.85	1.1469
0.86	1.1512
0.87	1.1554
0.88	1.1595
0.89	1.1636
0.9	1.1676
0.91	1.1715
0.92	1.1752
0.93	1.1788
0.94	1.1823
0.95	1.1857
0.96	1.1891
0.97	1.1923
0.98	1.1954
0.99	1.1984
1.0	1.2013
1.01	1.2042
1.02	1.207
1.03	1.2097
1.04	1.2122
1.05	1.2147
1.06	1.2171
1.07	1.2195
1.08	1.2218
1.09	1.224
1.1	1.226
1.11	1.228
1.12	1.2299
1.13	1.2317
1.14	1.2335
1.15	1.2352
1.16	1.2368
1.17	1.2382
1.18	1.2396
1.19	1.241
1.2	1.2423
1.21	1.2435
1.22	1.2446
1.23	1.2456
1.24	1.2465
1.25	1.2473
1.26	1.2481
1.27	1.2489
1.28	1.2495
1.29	1.2501
1.3	1.2506
1.31	1.251
1.32	1.2513
1.33	1.2516
1.34	1.2518
1.35	1.2519
1.36	1.252
1.37	1.2519
1.38	1.2518
1.39	1.2516
1.4	1.2514
1.41	1.2511
1.42	1.2508
1.43	1.2503
1.44	1.2498
1.45	1.2492
1.46	1.2486
1.47	1.2479
1.48	1.2472
1.49	1.2464
1.5	1.2456
1.51	1.2446
1.52	1.2436
1.53	1.2426
1.54	1.2415
1.55	1.2404
1.56	1.2392
1.57	1.2379
1.58	1.2366
1.59	1.2352
1.6	1.2338
1.61	1.2323
1.62	1.2308
1.63	1.2293
1.64	1.2277
1.65	1.2261
1.66	1.2244
1.67	1.2227
1.68	1.2209
1.69	1.2191
1.7	1.2173
1.71	1.2155
1.72	1.2136
1.73	1.2117
1.74	1.2097
1.75	1.2077
1.76	1.2056
1.77	1.2036
1.78	1.2015
1.79	1.1994
1.8	1.1972
1.81	1.195
1.82	1.1928
1.83	1.1905
1.84	1.1883
1.85	1.186
1.86	1.1836
1.87	1.1813
1.88	1.1789
1.89	1.1765
1.9	1.1741
1.91	1.1717
1.92	1.1692
1.93	1.1668
1.94	1.1643
1.95	1.1618
1.96	1.1593
1.97	1.1567
1.98	1.1542
1.99	1.1516
2.0	1.149
2.01	1.1464
2.02	1.1438
2.03	1.1412
2.04	1.1385
2.05	1.1359
2.06	1.1332
2.07	1.1305
2.08	1.1278
2.09	1.1251
2.1	1.1224
2.11	1.1197
2.12	1.1169
2.13	1.1142
2.14	1.1114
2.15	1.1086
2.16	1.1059
2.17	1.1031
2.18	1.1003
2.19	1.0975
2.2	1.0947
2.21	1.0919
2.22	1.0891
2.23	1.0863
2.24	1.0835
2.25	1.0807
2.26	1.0779
2.27	1.0751
2.28	1.0723
2.29	1.0695
2.3	1.0666
2.31	1.0638
2.32	1.061
2.33	1.0582
2.34	1.0554
2.35	1.0525
2.36	1.0497
2.37	1.0469
2.38	1.0441
2.39	1.0413
2.4	1.0385
2.41	1.0357
2.42	1.0329
2.43	1.0301
2.44	1.0273
2.45	1.0245
2.46	1.0218
2.47	1.019
2.48	1.0162
2.49	1.0135
2.5	1.0107
2.51	1.008
2.52	1.0053
2.53	1.0025
2.54	0.99983
2.55	0.99713
2.56	0.99443
2.57	0.99175
2.58	0.98907
2.59	0.98641
2.6	0.98375
2.61	0.98111
2.62	0.97847
2.63	0.97584
2.64	0.97322
2.65	0.97062
2.66	0.96803
2.67	0.96544
2.68	0.96288
2.69	0.96032
2.7	0.95777
2.71	0.95524
2.72	0.95271
2.73	0.9502
2.74	0.94771
2.75	0.94522
2.76	0.94275
2.77	0.94029
2.78	0.93785
2.79	0.93542
2.8	0.933
2.81	0.9306
2.82	0.9282
2.83	0.92583
2.84	0.92346
2.85	0.92111
2.86	0.91877
2.87	0.91645
2.88	0.91414
2.89	0.91185
2.9	0.90956
2.91	0.90729
2.92	0.90504
2.93	0.9028
2.94	0.90057
2.95	0.89835
2.96	0.89615
2.97	0.89397
2.98	0.8918
2.99	0.88964
3.0	0.88749
3.01	0.88536
3.02	0.88324
3.03	0.88114
3.04	0.87905
3.05	0.87697
3.06	0.87491
3.07	0.87286
3.08	0.87082
3.09	0.8688
3.1	0.86679
3.11	0.8648
3.12	0.86282
3.13	0.86085
3.14	0.85889
3.15	0.85695
3.16	0.85502
3.17	0.8531
3.18	0.8512
3.19	0.84931
3.2	0.84743
3.21	0.84556
3.22	0.84371
3.23	0.84187
3.24	0.84004
3.25	0.83822
3.26	0.83642
3.27	0.83463
3.28	0.83285
3.29	0.83108
3.3	0.82932
3.31	0.82758
3.32	0.82584
3.33	0.82412
3.34	0.82241
3.35	0.82071
3.36	0.81902
3.37	0.81734
3.38	0.81568
3.39	0.81402
3.4	0.81237
3.41	0.81074
3.42	0.80911
3.43	0.8075
3.44	0.80589
3.45	0.8043
3.46	0.80271
3.47	0.80114
3.48	0.79957
3.49	0.79801
3.5	0.79647
3.51	0.79493
3.52	0.7934
3.53	0.79188
3.54	0.79036
3.55	0.78886
3.56	0.78737
3.57	0.78588
3.58	0.7844
3.59	0.78293
3.6	0.78147
3.61	0.78001
3.62	0.77856
3.63	0.77712
3.64	0.77569
3.65	0.77427
3.66	0.77285
3.67	0.77144
3.68	0.77003
3.69	0.76863
3.7	0.76724
3.71	0.76586
3.72	0.76448
3.73	0.7631
3.74	0.76174
3.75	0.76038
3.76	0.75902
3.77	0.75767
3.78	0.75633
3.79	0.75499
3.8	0.75366
3.81	0.75233
3.82	0.751
3.83	0.74969
3.84	0.74837
3.85	0.74706
3.86	0.74576
3.87	0.74446
3.88	0.74317
3.89	0.74188
3.9	0.74059
3.91	0.73931
3.92	0.73803
3.93	0.73675
3.94	0.73548
3.95	0.73422
3.96	0.73295
3.97	0.7317
3.98	0.73044
3.99	0.72919
4.0	0.72794
4.01	0.72669
4.02	0.72545
4.03	0.72421
4.04	0.72297
4.05	0.72174
4.06	0.72051
4.07	0.71928
4.08	0.71805
4.09	0.71683
4.1	0.71561
4.11	0.71439
4.12	0.71318
4.13	0.71196
4.14	0.71075
4.15	0.70955
4.16	0.70834
4.17	0.70714
4.18	0.70593
4.19	0.70473
4.2	0.70354
4.21	0.70234
4.22	0.70115
4.23	0.69995
4.24	0.69876
4.25	0.69758
4.26	0.69639
4.27	0.6952
4.28	0.69402
4.29	0.69284
4.3	0.69166
4.31	0.69048
4.32	0.6893
4.33	0.68813
4.34	0.68695
4.35	0.68578
4.36	0.68461
4.37	0.68344
4.38	0.68227
4.39	0.6811
4.4	0.67994
4.41	0.67877
4.42	0.67761
4.43	0.67645
4.44	0.67529
4.45	0.67413
4.46	0.67297
4.47	0.67181
4.48	0.67065
4.49	0.6695
4.5	0.66834
4.51	0.66719
4.52	0.66604
4.53	0.66489
4.54	0.66373
4.55	0.66259
4.56	0.66144
4.57	0.66029
4.58	0.65914
4.59	0.658
4.6	0.65685
4.61	0.65571
4.62	0.65457
4.63	0.65343
4.64	0.65229
4.65	0.65115
4.66	0.65001
4.67	0.64887
4.68	0.64773
4.69	0.6466
4.7	0.64546
4.71	0.64433
4.72	0.6432
4.73	0.64206
4.74	0.64093
4.75	0.6398
4.76	0.63868
4.77	0.63755
4.78	0.63642
4.79	0.63529
4.8	0.63417
4.81	0.63305
4.82	0.63192
4.83	0.6308
4.84	0.62968
4.85	0.62856
4.86	0.62744
4.87	0.62632
4.88	0.62521
4.89	0.62409
4.9	0.62298
4.91	0.62186
4.92	0.62075
4.93	0.61964
4.94	0.61853
4.95	0.61742
4.96	0.61632
4.97	0.61521
4.98	0.61411
4.99	0.613
5.0	0.6119
5.01	0.6108
5.02	0.6097
5.03	0.6086
5.04	0.6075
5.05	0.60641
5.06	0.60531
5.07	0.60422
5.08	0.60313
5.09	0.60204
5.1	0.60095
5.11	0.59986
5.12	0.59877
5.13	0.59769
5.14	0.5966
5.15	0.59552
5.16	0.59444
5.17	0.59336
5.18	0.59229
5.19	0.59121
5.2	0.59014
5.21	0.58906
5.22	0.58799
5.23	0.58692
5.24	0.58585
5.25	0.58479
5.26	0.58372
5.27	0.58266
5.28	0.5816
5.29	0.58054
5.3	0.57948
5.31	0.57842
5.32	0.57737
5.33	0.57631
5.34	0.57526
5.35	0.57421
5.36	0.57316
5.37	0.57211
5.38	0.57107
5.39	0.57003
5.4	0.56898
5.41	0.56794
5.42	0.56691
5.43	0.56587
5.44	0.56484
5.45	0.5638
5.46	0.56277
5.47	0.56174
5.48	0.56072
5.49	0.55969
5.5	0.55867
5.51	0.55764
5.52	0.55662
5.53	0.55561
5.54	0.55459
5.55	0.55358
5.56	0.55256
5.57	0.55155
5.58	0.55054
5.59	0.54954
5.6	0.54853
5.61	0.54753
5.62	0.54652
5.63	0.54552
5.64	0.54453
5.65	0.54353
5.66	0.54254
5.67	0.54154
5.68	0.54055
5.69	0.53956
5.7	0.53858
5.71	0.53759
5.72	0.53661
5.73	0.53563
5.74	0.53465
5.75	0.53367
5.76	0.5327
5.77	0.53172
5.78	0.53075
5.79	0.52978
5.8	0.52881
5.81	0.52785
5.82	0.52688
5.83	0.52592
5.84	0.52496
5.85	0.524
5.86	0.52304
5.87	0.52209
5.88	0.52113
5.89	0.52018
5.9	0.51923
5.91	0.51828
5.92	0.51734
5.93	0.51639
5.94	0.51545
5.95	0.51451
5.96	0.51357
5.97	0.51263
5.98	0.5117
5.99	0.51077
6.0	0.50983
6.01	0.50891
6.02	0.50798
6.03	0.50705
6.04	0.50613
6.05	0.5052
6.06	0.50428
6.07	0.50337
6.08	0.50245
6.09	0.50153
6.1	0.50062
6.11	0.49971
6.12	0.4988
6.13	0.49789
6.14	0.49698
6.15	0.49608
6.16	0.49518
6.17	0.49428
6.18	0.49338
6.19	0.49248
6.2	0.49158
6.21	0.49069
6.22	0.4898
6.23	0.48891
6.24	0.48802
6.25	0.48713
6.26	0.48625
6.27	0.48536
6.28	0.48448
6.29	0.4836
6.3	0.48272
6.31	0.48185
6.32	0.48097
6.33	0.4801
6.34	0.47923
6.35	0.47836
6.36	0.47749
6.37	0.47662
6.38	0.47576
6.39	0.47489
6.4	0.47403
6.41	0.47317
6.42	0.47231
6.43	0.47146
6.44	0.4706
6.45	0.46975
6.46	0.4689
6.47	0.46805
6.48	0.4672
6.49	0.46635
6.5	0.46551
6.51	0.46466
6.52	0.46382
6.53	0.46298
6.54	0.46214
6.55	0.46131
6.56	0.46047
6.57	0.45964
6.58	0.4588
6.59	0.45797
6.6	0.45714
6.61	0.45632
6.62	0.45549
6.63	0.45466
6.64	0.45384
6.65	0.45302
6.66	0.4522
6.67	0.45138
6.68	0.45057
6.69	0.44975
6.7	0.44894
6.71	0.44812
6.72	0.44731
6.73	0.4465
6.74	0.4457
6.75	0.44489
6.76	0.44408
6.77	0.44328
6.78	0.44248
6.79	0.44168
6.8	0.44088
6.81	0.44008
6.82	0.43929
6.83	0.43849
6.84	0.4377
6.85	0.43691
6.86	0.43612
6.87	0.43533
6.88	0.43454
6.89	0.43375
6.9	0.43297
6.91	0.43219
6.92	0.4314
6.93	0.43062
6.94	0.42984
6.95	0.42907
6.96	0.42829
6.97	0.42752
6.98	0.42674
6.99	0.42597
7.0	0.4252
7.01	0.42443
7.02	0.42366
7.03	0.4229
7.04	0.42213
7.05	0.42137
7.06	0.42061
7.07	0.41985
7.08	0.41909
7.09	0.41833
7.1	0.41757
7.11	0.41682
7.12	0.41606
7.13	0.41531
7.14	0.41456
7.15	0.41381
7.16	0.41306
7.17	0.41231
7.18	0.41157
7.19	0.41082
7.2	0.41008
7.21	0.40934
7.22	0.40859
7.23	0.40786
7.24	0.40712
7.25	0.40638
7.26	0.40565
7.27	0.40491
7.28	0.40418
7.29	0.40345
7.3	0.40272
7.31	0.40199
7.32	0.40126
7.33	0.40053
7.34	0.39981
7.35	0.39909
7.36	0.39836
7.37	0.39764
7.38	0.39692
7.39	0.39621
7.4	0.39549
7.41	0.39477
7.42	0.39406
7.43	0.39335
7.44	0.39263
7.45	0.39192
7.46	0.39121
7.47	0.39051
7.48	0.3898
7.49	0.38909
7.5	0.38839
7.51	0.38769
7.52	0.38699
7.53	0.38629
7.54	0.38559
7.55	0.38489
7.56	0.38419
7.57	0.3835
7.58	0.38281
7.59	0.38211
7.6	0.38142
7.61	0.38073
7.62	0.38004
7.63	0.37936
7.64	0.37867
7.65	0.37799
7.66	0.3773
7.67	0.37662
7.68	0.37594
7.69	0.37526
7.7	0.37458
7.71	0.37391
7.72	0.37323
7.73	0.37256
7.74	0.37188
7.75	0.37121
7.76	0.37054
7.77	0.36987
7.78	0.3692
7.79	0.36854
7.8	0.36787
7.81	0.36721
7.82	0.36654
7.83	0.36588
7.84	0.36522
7.85	0.36456
7.86	0.36391
7.87	0.36325
7.88	0.36259
7.89	0.36194
7.9	0.36129
7.91	0.36064
7.92	0.35999
7.93	0.35934
7.94	0.35869
7.95	0.35804
7.96	0.3574
7.97	0.35675
7.98	0.35611
7.99	0.35547
8.0	0.35483
8.01	0.35419
8.02	0.35355
8.03	0.35291
8.04	0.35228
8.05	0.35164
8.06	0.35101
8.07	0.35038
8.08	0.34975
8.09	0.34912
8.1	0.34849
8.11	0.34787
8.12	0.34724
8.13	0.34662
8.14	0.34599
8.15	0.34537
8.16	0.34475
8.17	0.34413
8.18	0.34351
8.19	0.3429
8.2	0.34228
8.21	0.34167
8.22	0.34105
8.23	0.34044
8.24	0.33983
8.25	0.33922
8.26	0.33861
8.27	0.338
8.28	0.3374
8.29	0.33679
8.3	0.33619
8.31	0.33559
8.32	0.33498
8.33	0.33438
8.34	0.33379
8.35	0.33319
8.36	0.33259
8.37	0.332
8.38	0.3314
8.39	0.33081
8.4	0.33022
8.41	0.32963
8.42	0.32904
8.43	0.32845
8.44	0.32786
8.45	0.32728
8.46	0.32669
8.47	0.32611
8.48	0.32552
8.49	0.32494
8.5	0.32436
8.51	0.32378
8.52	0.32321
8.53	0.32263
8.54	0.32205
8.55	0.32148
8.56	0.32091
8.57	0.32034
8.58	0.31977
8.59	0.3192
8.6	0.31863
8.61	0.31806
8.62	0.3175
8.63	0.31693
8.64	0.31637
8.65	0.31581
8.66	0.31525
8.67	0.31469
8.68	0.31413
8.69	0.31357
8.7	0.31302
8.71	0.31246
8.72	0.31191
8.73	0.31136
8.74	0.31081
8.75	0.31026
8.76	0.30971
8.77	0.30916
8.78	0.30862
8.79	0.30807
8.8	0.30752
8.81	0.30697
8.82	0.30642
8.83	0.30589
8.84	0.30536
8.85	0.30483
8.86	0.30431
8.87	0.30378
8.88	0.30326
8.89	0.30274
8.9	0.30223
8.91	0.30171
8.92	0.3012
8.93	0.3007
8.94	0.3002
8.95	0.29971
8.96	0.29923
8.97	0.29876
8.98	0.29831
8.99	0.29788
9.0	0.29747
9.01	0.2971
9.02	0.29678
9.03	0.29651
9.04	0.29628
9.05	0.29603
9.06	0.29559
9.07	0.2948
9.08	0.29378
9.09	0.29279
9.1	0.29193
9.11	0.29121
9.12	0.29059
9.13	0.29002
9.14	0.28949
9.15	0.28898
9.16	0.2885
9.17	0.28804
9.18	0.2876
9.19	0.28719
9.2	0.28681
9.21	0.28647
9.22	0.28618
9.23	0.28598
9.24	0.28588
9.25	0.28594
9.26	0.28621
9.27	0.28677
9.28	0.28767
9.29	0.28884
9.3	0.28998
9.31	0.29052
9.32	0.29008
9.33	0.28878
9.34	0.28712
9.35	0.28544
9.36	0.28394
9.37	0.28263
9.38	0.28149
9.39	0.2805
9.4	0.27962
9.41	0.27883
9.42	0.2781
9.43	0.27743
9.44	0.2768
9.45	0.27622
9.46	0.27566
9.47	0.27513
9.48	0.27462
9.49	0.27413
9.5	0.27364
9.51	0.27316
9.52	0.27264
9.53	0.27205
9.54	0.27137
9.55	0.27059
9.56	0.26978
9.57	0.26901
9.58	0.26832
9.59	0.2677
9.6	0.26715
9.61	0.26663
9.62	0.26614
9.63	0.26567
9.64	0.2652
9.65	0.26474
9.66	0.26428
9.67	0.26383
9.68	0.26337
9.69	0.26292
9.7	0.26246
9.71	0.26201
9.72	0.26156
9.73	0.26111
9.74	0.26066
9.75	0.26022
9.76	0.25978
9.77	0.25935
9.78	0.25891
9.79	0.25848
9.8	0.25804
9.81	0.25759
9.82	0.25715
9.83	0.25671
9.84	0.25626
9.85	0.25582
9.86	0.25538
9.87	0.25494
9.88	0.25451
9.89	0.25407
9.9	0.25364
9.91	0.25321
9.92	0.25278
9.93	0.25235
9.94	0.25193
9.95	0.2515
9.96	0.25106
9.97	0.25063
9.98	0.25019
9.99	0.24975
10.0	0.24932
10.01	0.24889
10.02	0.24847
10.03	0.24805
10.04	0.24763
10.05	0.24721
10.06	0.2468
10.07	0.24639
10.08	0.24598
10.09	0.24558
10.1	0.24517
10.11	0.24474
10.12	0.24428
10.13	0.24382
10.14	0.24337
10.15	0.24294
10.16	0.24253
10.17	0.24212
10.18	0.24172
10.19	0.24133
10.2	0.24094
10.21	0.24056
10.22	0.24017
10.23	0.23974
10.24	0.23927
10.25	0.23882
10.26	0.23841
10.27	0.23802
10.28	0.23766
10.29	0.23731
10.3	0.23679
10.31	0.23643
10.32	0.23601
10.33	0.2356
10.34	0.2352
10.35	0.2348
10.36	0.2344
10.37	0.234
10.38	0.2336
10.39	0.2332
10.4	0.23281
10.41	0.23241
10.42	0.23202
10.43	0.23162
10.44	0.23123
10.45	0.23084
10.46	0.23044
10.47	0.23005
10.48	0.22966
10.49	0.22927
10.5	0.22889
10.51	0.2285
10.52	0.22811
10.53	0.22773
10.54	0.22734
10.55	0.22696
10.56	0.22658
10.57	0.2262
10.58	0.22582
10.59	0.22544
10.6	0.22506
10.61	0.22468
10.62	0.2243
10.63	0.22393
10.64	0.22355
10.65	0.22318
10.66	0.2228
10.67	0.22243
10.68	0.22206
10.69	0.22169
10.7	0.22132
10.71	0.22095
10.72	0.22058
10.73	0.22021
10.74	0.21984
10.75	0.21948
10.76	0.21911
10.77	0.21875
10.78	0.21838
10.79	0.21802
10.8	0.21766
10.81	0.2173
10.82	0.21694
10.83	0.21658
10.84	0.21622
10.85	0.21586
10.86	0.2155
10.87	0.21514
10.88	0.21479
10.89	0.21443
10.9	0.21408
10.91	0.21372
10.92	0.21337
10.93	0.21302
10.94	0.21266
10.95	0.21231
10.96	0.21196
10.97	0.21161
10.98	0.21126
10.99	0.21091
11.0	0.21057
11.01	0.21022
11.02	0.20987
11.03	0.20953
11.04	0.20918
11.05	0.20884
11.06	0.20849
11.07	0.20815
11.08	0.20781
11.09	0.20746
11.1	0.20712
11.11	0.20678
11.12	0.20644
11.13	0.2061
11.14	0.20576
11.15	0.20542
11.16	0.20509
11.17	0.20475
11.18	0.20441
11.19	0.20408
11.2	0.20374
11.21	0.20341
11.22	0.20308
11.23	0.20274
11.24	0.20241
11.25	0.20208
11.26	0.20175
11.27	0.20142
11.28	0.20109
11.29	0.20076
11.3	0.20043
11.31	0.2001
11.32	0.19977
11.33	0.19945
11.34	0.19912
11.35	0.1988
11.36	0.19847
11.37	0.19815
11.38	0.19783
11.39	0.1975
11.4	0.19718
11.41	0.19686
11.42	0.19654
11.43	0.19622
11.44	0.1959
11.45	0.19558
11.46	0.19526
11.47	0.19495
11.48	0.19463
11.49	0.19432
11.5	0.194
11.51	0.19369
11.52	0.19337
11.53	0.19306
11.54	0.19275
11.55	0.19243
11.56	0.19212
11.57	0.19181
11.58	0.1915
11.59	0.19119
11.6	0.19088
11.61	0.19058
11.62	0.19027
11.63	0.18996
11.64	0.18966
11.65	0.18935
11.66	0.18905
11.67	0.18874
11.68	0.18844
11.69	0.18813
11.7	0.18783
11.71	0.18753
11.72	0.18723
11.73	0.18693
11.74	0.18663
11.75	0.18633
11.76	0.18603
11.77	0.18574
11.78	0.18544
11.79	0.18514
11.8	0.18485
11.81	0.18455
11.82	0.18426
11.83	0.18396
11.84	0.18367
11.85	0.18338
11.86	0.18308
11.87	0.18279
11.88	0.1825
11.89	0.18221
11.9	0.18192
11.91	0.18163
11.92	0.18135
11.93	0.18106
11.94	0.18077
11.95	0.18048
11.96	0.1802
11.97	0.17991
11.98	0.17963
11.99	0.17934
12.0	0.17906
12.01	0.17878
12.02	0.1785
12.03	0.17821
12.04	0.17793
12.05	0.17765
12.06	0.17737
12.07	0.17709
12.08	0.17681
12.09	0.17654
12.1	0.17626
12.11	0.17598
12.12	0.17571
12.13	0.17543
12.14	0.17516
12.15	0.17488
12.16	0.17461
12.17	0.17433
12.18	0.17406
12.19	0.17379
12.2	0.17352
12.21	0.17325
12.22	0.17297
12.23	0.1727
12.24	0.17244
12.25	0.17217
12.26	0.1719
12.27	0.17163
12.28	0.17136
12.29	0.1711
12.3	0.17083
12.31	0.17057
12.32	0.1703
12.33	0.17004
12.34	0.16977
12.35	0.16951
12.36	0.16925
12.37	0.16898
12.38	0.16872
12.39	0.16846
12.4	0.1682
12.41	0.16794
12.42	0.16768
12.43	0.16742
12.44	0.16716
12.45	0.16691
12.46	0.16665
12.47	0.16639
12.48	0.16614
12.49	0.16588
12.5	0.16562
12.51	0.16537
12.52	0.16512
12.53	0.16486
12.54	0.16461
12.55	0.16436
12.56	0.1641
12.57	0.16385
12.58	0.1636
12.59	0.16335
12.6	0.1631
12.61	0.16285
12.62	0.1626
12.63	0.16235
12.64	0.1621
12.65	0.16186
12.66	0.16161
12.67	0.16136
12.68	0.16112
12.69	0.16087
12.7	0.16063
12.71	0.16038
12.72	0.16014
12.73	0.15989
12.74	0.15965
12.75	0.15941
12.76	0.15916
12.77	0.15892
12.78	0.15868
12.79	0.15844
12.8	0.1582
12.81	0.15796
12.82	0.15772
12.83	0.15748
12.84	0.15724
12.85	0.15701
12.86	0.15677
12.87	0.15653
12.88	0.15629
12.89	0.15606
12.9	0.15582
12.91	0.15559
12.92	0.15535
12.93	0.15512
12.94	0.15489
12.95	0.15465
12.96	0.15442
12.97	0.15419
12.98	0.15395
12.99	0.15372
13.0	0.15349
13.01	0.15326
13.02	0.15303
13.03	0.1528
13.04	0.15257
13.05	0.15234
13.06	0.15212
13.07	0.15189
13.08	0.15166
13.09	0.15143
13.1	0.15121
13.11	0.15098
13.12	0.15076
13.13	0.15053
13.14	0.15031
13.15	0.15008
13.16	0.14986
13.17	0.14963
13.18	0.14941
13.19	0.14919
13.2	0.14897
13.21	0.14874
13.22	0.14852
13.23	0.1483
13.24	0.14808
13.25	0.14786
13.26	0.14764
13.27	0.14742
13.28	0.1472
13.29	0.14699
13.3	0.14677
13.31	0.14655
13.32	0.14633
13.33	0.14612
13.34	0.1459
13.35	0.14568
13.36	0.14547
13.37	0.14525
13.38	0.14504
13.39	0.14483
13.4	0.14461
13.41	0.1444
13.42	0.14418
13.43	0.14397
13.44	0.14376
13.45	0.14355
13.46	0.14334
13.47	0.14313
13.48	0.14292
13.49	0.14271
13.5	0.1425
13.51	0.14229
13.52	0.14208
13.53	0.14187
13.54	0.14166
13.55	0.14145
13.56	0.14125
13.57	0.14104
13.58	0.14083
13.59	0.14063
13.6	0.14042
13.61	0.14022
13.62	0.14001
13.63	0.13981
13.64	0.1396
13.65	0.1394
13.66	0.13919
13.67	0.13899
13.68	0.13879
13.69	0.13859
13.7	0.13838
13.71	0.13818
13.72	0.13798
13.73	0.13778
13.74	0.13758
13.75	0.13738
13.76	0.13718
13.77	0.13698
13.78	0.13678
13.79	0.13658
13.8	0.13639
13.81	0.13619
13.82	0.13599
13.83	0.13579
13.84	0.1356
13.85	0.1354
13.86	0.13521
13.87	0.13501
13.88	0.13481
13.89	0.13462
13.9	0.13443
13.91	0.13423
13.92	0.13404
13.93	0.13384
13.94	0.13365
13.95	0.13346
13.96	0.13327
13.97	0.13308
13.98	0.13288
13.99	0.13269
14.0	0.1325
14.01	0.13231
14.02	0.13212
14.03	0.13193
14.04	0.13174
14.05	0.13155
14.06	0.13137
14.07	0.13118
14.08	0.13099
14.09	0.1308
14.1	0.13061
14.11	0.13043
14.12	0.13024
14.13	0.13005
14.14	0.12987
14.15	0.12968
14.16	0.1295
14.17	0.12931
14.18	0.12913
14.19	0.12895
14.2	0.12876
14.21	0.12858
14.22	0.1284
14.23	0.12821
14.24	0.12803
14.25	0.12785
14.26	0.12767
14.27	0.12749
14.28	0.12731
14.29	0.12712
14.3	0.12694
14.31	0.12676
14.32	0.12658
14.33	0.12641
14.34	0.12623
14.35	0.12605
14.36	0.12587
14.37	0.12569
14.38	0.12551
14.39	0.12534
14.4	0.12516
14.41	0.12498
14.42	0.12481
14.43	0.12463
14.44	0.12446
14.45	0.12428
14.46	0.12411
14.47	0.12393
14.48	0.12376
14.49	0.12358
14.5	0.12341
14.51	0.12324
14.52	0.12306
14.53	0.12289
14.54	0.12272
14.55	0.12255
14.56	0.12238
14.57	0.12221
14.58	0.12203
14.59	0.12186
14.6	0.12169
14.61	0.12152
14.62	0.12135
14.63	0.12118
14.64	0.12102
14.65	0.12085
14.66	0.12068
14.67	0.12051
14.68	0.12034
14.69	0.12018
14.7	0.12001
14.71	0.11984
14.72	0.11967
14.73	0.11951
14.74	0.11934
14.75	0.11918
14.76	0.11901
14.77	0.11885
14.78	0.11868
14.79	0.11852
14.8	0.11835
14.81	0.11819
14.82	0.11803
14.83	0.11786
14.84	0.1177
14.85	0.11754
14.86	0.11738
14.87	0.11722
14.88	0.11705
14.89	0.11689
14.9	0.11673
14.91	0.11657
14.92	0.11641
14.93	0.11625
14.94	0.11609
14.95	0.11593
14.96	0.11577
14.97	0.11561
14.98	0.11545
14.99	0.1153
15.0	0.11514
15.01	0.11498
15.02	0.11482
15.03	0.11467
15.04	0.11451
15.05	0.11435
15.06	0.1142
15.07	0.11404
15.08	0.11389
15.09	0.11373
15.1	0.11358
15.11	0.11342
15.12	0.11327
15.13	0.11311
15.14	0.11296
15.15	0.1128
15.16	0.11265
15.17	0.1125
15.18	0.11235
15.19	0.11219
15.2	0.11204
15.21	0.11189
15.22	0.11174
15.23	0.11159
15.24	0.11144
15.25	0.11128
15.26	0.11113
15.27	0.11098
15.28	0.11083
15.29	0.11068
15.3	0.11054
15.31	0.11039
15.32	0.11024
15.33	0.11009
15.34	0.10994
15.35	0.10979
15.36	0.10965
15.37	0.1095
15.38	0.10935
15.39	0.1092
15.4	0.10906
15.41	0.10891
15.42	0.10877
15.43	0.10862
15.44	0.10847
15.45	0.10833
15.46	0.10818
15.47	0.10804
15.48	0.1079
15.49	0.10775
15.5	0.10761
15.51	0.10746
15.52	0.10732
15.53	0.10718
15.54	0.10703
15.55	0.10689
15.56	0.10675
15.57	0.10661
15.58	0.10647
15.59	0.10632
15.6	0.10618
15.61	0.10604
15.62	0.1059
15.63	0.10576
15.64	0.10562
15.65	0.10548
15.66	0.10534
15.67	0.1052
15.68	0.10506
15.69	0.10492
15.7	0.10479
15.71	0.10465
15.72	0.10451
15.73	0.10437
15.74	0.10423
15.75	0.1041
15.76	0.10396
15.77	0.10382
15.78	0.10369
15.79	0.10355
15.8	0.10341
15.81	0.10328
15.82	0.10314
15.83	0.10301
15.84	0.10287
15.85	0.10274
15.86	0.1026
15.87	0.10247
15.88	0.10233
15.89	0.1022
15.9	0.10207
15.91	0.10193
15.92	0.1018
15.93	0.10167
15.94	0.10153
15.95	0.1014
15.96	0.10127
15.97	0.10114
15.98	0.10101
15.99	0.10087
16.0	0.10074
16.01	0.10061
16.02	0.10048
16.03	0.10035
16.04	0.10022
16.05	0.10009
16.06	0.099962
16.07	0.099832
16.08	0.099703
16.09	0.099574
16.1	0.099445
16.11	0.099316
16.12	0.099188
16.13	0.09906
16.14	0.098932
16.15	0.098804
16.16	0.098677
16.17	0.09855
16.18	0.098423
16.19	0.098296
16.2	0.09817
16.21	0.098043
16.22	0.097917
16.23	0.097792
16.24	0.097666
16.25	0.097541
16.26	0.097416
16.27	0.097291
16.28	0.097166
16.29	0.097041
16.3	0.096917
16.31	0.096793
16.32	0.096669
16.33	0.096546
16.34	0.096423
16.35	0.096299
16.36	0.096177
16.37	0.096054
16.38	0.095931
16.39	0.095809
16.4	0.095687
16.41	0.095565
16.42	0.095444
16.43	0.095322
16.44	0.095201
16.45	0.09508
16.46	0.09496
16.47	0.094839
16.48	0.094719
16.49	0.094599
16.5	0.094479
16.51	0.094359
16.52	0.09424
16.53	0.094121
16.54	0.094002
16.55	0.093883
16.56	0.093764
16.57	0.093646
16.58	0.093528
16.59	0.09341
16.6	0.093292
16.61	0.093174
16.62	0.093057
16.63	0.09294
16.64	0.092823
16.65	0.092706
16.66	0.09259
16.67	0.092474
16.68	0.092358
16.69	0.092242
16.7	0.092126
16.71	0.092011
16.72	0.091895
16.73	0.09178
16.74	0.091665
16.75	0.091551
16.76	0.091436
16.77	0.091322
16.78	0.091208
16.79	0.091094
16.8	0.09098
16.81	0.090867
16.82	0.090754
16.83	0.090641
16.84	0.090528
16.85	0.090415
16.86	0.090303
16.87	0.090191
16.88	0.090078
16.89	0.089967
16.9	0.089855
16.91	0.089743
16.92	0.089632
16.93	0.089521
16.94	0.08941
16.95	0.089299
16.96	0.089189
16.97	0.089079
16.98	0.088969
16.99	0.088859
17.0	0.088749
17.01	0.088639
17.02	0.08853
17.03	0.088421
17.04	0.088312
17.05	0.088203
17.06	0.088095
17.07	0.087986
17.08	0.087878
17.09	0.08777
17.1	0.087662
17.11	0.087554
17.12	0.087447
17.13	0.08734
17.14	0.087233
17.15	0.087126
17.16	0.087019
17.17	0.086912
17.18	0.086806
17.19	0.0867
17.2	0.086594
17.21	0.086488
17.22	0.086382
17.23	0.086277
17.24	0.086172
17.25	0.086067
17.26	0.085962
17.27	0.085857
17.28	0.085752
17.29	0.085648
17.3	0.085544
17.31	0.08544
17.32	0.085336
17.33	0.085233
17.34	0.085129
17.35	0.085026
17.36	0.084923
17.37	0.08482
17.38	0.084717
17.39	0.084614
17.4	0.084512
17.41	0.08441
17.42	0.084308
17.43	0.084206
17.44	0.084104
17.45	0.084003
17.46	0.083901
17.47	0.0838
17.48	0.083699
17.49	0.083598
17.5	0.083498
17.51	0.083397
17.52	0.083297
17.53	0.083197
17.54	0.083097
17.55	0.082997
17.56	0.082897
17.57	0.082798
17.58	0.082698
17.59	0.082599
17.6	0.0825
17.61	0.082401
17.62	0.082303
17.63	0.082204
17.64	0.082106
17.65	0.082008
17.66	0.08191
17.67	0.081812
17.68	0.081714
17.69	0.081617
17.7	0.08152
17.71	0.081423
17.72	0.081326
17.73	0.081229
17.74	0.081132
17.75	0.081036
17.76	0.080939
17.77	0.080843
17.78	0.080747
17.79	0.080651
17.8	0.080556
17.81	0.08046
17.82	0.080365
17.83	0.08027
17.84	0.080174
17.85	0.08008
17.86	0.079985
17.87	0.07989
17.88	0.079796
17.89	0.079702
17.9	0.079608
17.91	0.079514
17.92	0.07942
17.93	0.079326
17.94	0.079233
17.95	0.07914
17.96	0.079046
17.97	0.078953
17.98	0.078861
17.99	0.078768
18.0	0.078675
18.01	0.078583
18.02	0.078491
18.03	0.078399
18.04	0.078307
18.05	0.078215
18.06	0.078123
18.07	0.078032
18.08	0.077941
18.09	0.077849
18.1	0.077758
18.11	0.077668
18.12	0.077577
18.13	0.077486
18.14	0.077396
18.15	0.077306
18.16	0.077216
18.17	0.077126
18.18	0.077036
18.19	0.076946
18.2	0.076857
18.21	0.076767
18.22	0.076678
18.23	0.076589
18.24	0.0765
18.25	0.076411
18.26	0.076323
18.27	0.076234
18.28	0.076146
18.29	0.076058
18.3	0.07597
18.31	0.075882
18.32	0.075794
18.33	0.075707
18.34	0.075619
18.35	0.075532
18.36	0.075445
18.37	0.075358
18.38	0.075271
18.39	0.075184
18.4	0.075097
18.41	0.075011
18.42	0.074925
18.43	0.074838
18.44	0.074752
18.45	0.074666
18.46	0.074581
18.47	0.074495
18.48	0.07441
18.49	0.074324
18.5	0.074239
18.51	0.074154
18.52	0.074069
18.53	0.073984
18.54	0.0739
18.55	0.073815
18.56	0.073731
18.57	0.073647
18.58	0.073563
18.59	0.073479
18.6	0.073395
18.61	0.073311
18.62	0.073228
18.63	0.073144
18.64	0.073061
18.65	0.072978
18.66	0.072895
18.67	0.072812
18.68	0.072729
18.69	0.072646
18.7	0.072564
18.71	0.072482
18.72	0.072399
18.73	0.072317
18.74	0.072235
18.75	0.072154
18.76	0.072072
18.77	0.07199
18.78	0.071909
18.79	0.071828
18.8	0.071747
18.81	0.071666
18.82	0.071585
18.83	0.071504
18.84	0.071423
18.85	0.071343
18.86	0.071262
18.87	0.071182
18.88	0.071102
18.89	0.071022
18.9	0.070942
18.91	0.070863
18.92	0.070783
18.93	0.070704
18.94	0.070624
18.95	0.070545
18.96	0.070466
18.97	0.070387
18.98	0.070308
18.99	0.070229
19.0	0.070151
19.01	0.070072
19.02	0.069994
19.03	0.069916
19.04	0.069838
19.05	0.06976
19.06	0.069682
19.07	0.069604
19.08	0.069527
19.09	0.069449
19.1	0.069372
19.11	0.069295
19.12	0.069218
19.13	0.069141
19.14	0.069064
19.15	0.068987
19.16	0.06891
19.17	0.068834
19.18	0.068758
19.19	0.068681
19.2	0.068605
19.21	0.068529
19.22	0.068453
19.23	0.068378
19.24	0.068302
19.25	0.068226
19.26	0.068151
19.27	0.068076
19.28	0.068001
19.29	0.067926
19.3	0.067851
19.31	0.067776
19.32	0.067701
19.33	0.067627
19.34	0.067552
19.35	0.067478
19.36	0.067404
19.37	0.06733
19.38	0.067256
19.39	0.067182
19.4	0.067108
19.41	0.067034
19.42	0.066961
19.43	0.066887
19.44	0.066814
19.45	0.066741
19.46	0.066668
19.47	0.066595
19.48	0.066522
19.49	0.066449
19.5	0.066377
19.51	0.066304
19.52	0.066232
19.53	0.06616
19.54	0.066088
19.55	0.066015
19.56	0.065944
19.57	0.065872
19.58	0.0658
19.59	0.065728
19.6	0.065657
19.61	0.065586
19.62	0.065514
19.63	0.065443
19.64	0.065372
19.65	0.065301
19.66	0.06523
19.67	0.06516
19.68	0.065089
19.69	0.065019
19.7	0.064948
19.71	0.064878
19.72	0.064808
19.73	0.064738
19.74	0.064668
19.75	0.064598
19.76	0.064528
19.77	0.064459
19.78	0.064389
19.79	0.06432
19.8	0.064251
19.81	0.064181
19.82	0.064112
19.83	0.064043
19.84	0.063974
19.85	0.063906
19.86	0.063837
19.87	0.063769
19.88	0.0637
19.89	0.063632
19.9	0.063564
19.91	0.063495
19.92	0.063427
19.93	0.063359
19.94	0.063292
19.95	0.063224
19.96	0.063156
19.97	0.063089
19.98	0.063021
19.99	0.062954
20.0	0.062887
20.01	0.06282
20.02	0.062753
20.03	0.062686
20.04	0.062619
20.05	0.062553
20.06	0.062486
20.07	0.06242
20.08	0.062353
20.09	0.062287
20.1	0.062221
20.11	0.062155
20.12	0.062089
20.13	0.062023
20.14	0.061957
20.15	0.061891
20.16	0.061826
20.17	0.06176
20.18	0.061695
20.19	0.06163
20.2	0.061565
20.21	0.0615
20.22	0.061435
20.23	0.06137
20.24	0.061305
20.25	0.06124
20.26	0.061176
20.27	0.061111
20.28	0.061047
20.29	0.060983
20.3	0.060918
20.31	0.060854
20.32	0.06079
20.33	0.060726
20.34	0.060663
20.35	0.060599
20.36	0.060535
20.37	0.060472
20.38	0.060408
20.39	0.060345
20.4	0.060282
20.41	0.060219
20.42	0.060156
20.43	0.060093
20.44	0.06003
20.45	0.059967
20.46	0.059905
20.47	0.059842
20.48	0.05978
20.49	0.059717
20.5	0.059655
20.51	0.059593
20.52	0.059531
20.53	0.059469
20.54	0.059407
20.55	0.059345
20.56	0.059283
20.57	0.059222
20.58	0.05916
20.59	0.059099
20.6	0.059037
20.61	0.058976
20.62	0.058915
20.63	0.058854
20.64	0.058793
20.65	0.058732
20.66	0.058671
20.67	0.05861
20.68	0.05855
20.69	0.058489
20.7	0.058429
20.71	0.058368
20.72	0.058308
20.73	0.058248
20.74	0.058188
20.75	0.058128
20.76	0.058068
20.77	0.058008
20.78	0.057949
20.79	0.057889
20.8	0.057829
20.81	0.05777
20.82	0.057711
20.83	0.057651
20.84	0.057592
20.85	0.057533
20.86	0.057474
20.87	0.057415
20.88	0.057356
20.89	0.057297
20.9	0.057239
20.91	0.05718
20.92	0.057122
20.93	0.057063
20.94	0.057005
20.95	0.056947
20.96	0.056888
20.97	0.05683
20.98	0.056772
20.99	0.056715
21.0	0.056657
21.01	0.056599
21.02	0.056541
21.03	0.056484
21.04	0.056426
21.05	0.056369
21.06	0.056312
21.07	0.056254
21.08	0.056197
21.09	0.05614
21.1	0.056083
21.11	0.056026
21.12	0.05597
21.13	0.055913
21.14	0.055856
21.15	0.0558
21.16	0.055743
21.17	0.055687
21.18	0.055631
21.19	0.055574
21.2	0.055518
21.21	0.055462
21.22	0.055406
21.23	0.05535
21.24	0.055294
21.25	0.055239
21.26	0.055183
21.27	0.055127
21.28	0.055072
21.29	0.055017
21.3	0.054961
21.31	0.054906
21.32	0.054851
21.33	0.054796
21.34	0.054741
21.35	0.054686
21.36	0.054631
21.37	0.054576
21.38	0.054521
21.39	0.054467
21.4	0.054412
21.41	0.054358
21.42	0.054303
21.43	0.054249
21.44	0.054195
21.45	0.054141
21.46	0.054087
21.47	0.054033
21.48	0.053979
21.49	0.053925
21.5	0.053871
21.51	0.053818
21.52	0.053764
21.53	0.053711
21.54	0.053657
21.55	0.053604
21.56	0.05355
21.57	0.053497
21.58	0.053444
21.59	0.053391
21.6	0.053338
21.61	0.053285
21.62	0.053232
21.63	0.05318
21.64	0.053127
21.65	0.053074
21.66	0.053022
21.67	0.052969
21.68	0.052917
21.69	0.052865
21.7	0.052812
21.71	0.05276
21.72	0.052708
21.73	0.052656
21.74	0.052604
21.75	0.052552
21.76	0.052501
21.77	0.052449
21.78	0.052397
21.79	0.052346
21.8	0.052294
21.81	0.052243
21.82	0.052191
21.83	0.05214
21.84	0.052089
21.85	0.052038
21.86	0.051987
21.87	0.051936
21.88	0.051885
21.89	0.051834
21.9	0.051783
21.91	0.051733
21.92	0.051682
21.93	0.051632
21.94	0.051581
21.95	0.051531
21.96	0.05148
21.97	0.05143
21.98	0.05138
21.99	0.05133
22.0	0.05128
22.01	0.05123
22.02	0.05118
22.03	0.05113
22.04	0.05108
22.05	0.051031
22.06	0.050981
22.07	0.050931
22.08	0.050882
22.09	0.050832
22.1	0.050783
22.11	0.050734
22.12	0.050685
22.13	0.050636
22.14	0.050586
22.15	0.050537
22.16	0.050489
22.17	0.05044
22.18	0.050391
22.19	0.050342
22.2	0.050293
22.21	0.050245
22.22	0.050196
22.23	0.050148
22.24	0.0501
22.25	0.050051
22.26	0.050003
22.27	0.049955
22.28	0.049907
22.29	0.049859
22.3	0.049811
22.31	0.049763
22.32	0.049715
22.33	0.049667
22.34	0.049619
22.35	0.049572
22.36	0.049524
22.37	0.049477
22.38	0.049429
22.39	0.049382
22.4	0.049335
22.41	0.049287
22.42	0.04924
22.43	0.049193
22.44	0.049146
22.45	0.049099
22.46	0.049052
22.47	0.049005
22.48	0.048958
22.49	0.048912
22.5	0.048865
22.51	0.048818
22.52	0.048772
22.53	0.048725
22.54	0.048679
22.55	0.048633
22.56	0.048586
22.57	0.04854
22.58	0.048494
22.59	0.048448
22.6	0.048402
22.61	0.048356
22.62	0.04831
22.63	0.048264
22.64	0.048218
22.65	0.048173
22.66	0.048127
22.67	0.048082
22.68	0.048036
22.69	0.047991
22.7	0.047945
22.71	0.0479
22.72	0.047855
22.73	0.047809
22.74	0.047764
22.75	0.047719
22.76	0.047674
22.77	0.047629
22.78	0.047584
22.79	0.047539
22.8	0.047495
22.81	0.04745
22.82	0.047405
22.83	0.047361
22.84	0.047316
22.85	0.047272
22.86	0.047227
22.87	0.047183
22.88	0.047139
22.89	0.047094
22.9	0.04705
22.91	0.047006
22.92	0.046962
22.93	0.046918
22.94	0.046874
22.95	0.04683
22.96	0.046787
22.97	0.046743
22.98	0.046699
22.99	0.046655
23.0	0.046612
23.01	0.046568
23.02	0.046525
23.03	0.046482
23.04	0.046438
23.05	0.046395
23.06	0.046352
23.07	0.046309
23.08	0.046266
23.09	0.046222
23.1	0.046179
23.11	0.046137
23.12	0.046094
23.13	0.046051
23.14	0.046008
23.15	0.045965
23.16	0.045923
23.17	0.04588
23.18	0.045838
23.19	0.045795
23.2	0.045753
23.21	0.045711
23.22	0.045668
23.23	0.045626
23.24	0.045584
23.25	0.045542
23.26	0.0455
23.27	0.045458
23.28	0.045416
23.29	0.045374
23.3	0.045332
23.31	0.04529
23.32	0.045248
23.33	0.045207
23.34	0.045165
23.35	0.045124
23.36	0.045082
23.37	0.045041
23.38	0.044999
23.39	0.044958
23.4	0.044917
23.41	0.044875
23.42	0.044834
23.43	0.044793
23.44	0.044752
23.45	0.044711
23.46	0.04467
23.47	0.044629
23.48	0.044588
23.49	0.044548
23.5	0.044507
23.51	0.044466
23.52	0.044426
23.53	0.044385
23.54	0.044344
23.55	0.044304
23.56	0.044264
23.57	0.044223
23.58	0.044183
23.59	0.044143
23.6	0.044102
23.61	0.044062
23.62	0.044022
23.63	0.043982
23.64	0.043942
23.65	0.043902
23.66	0.043862
23.67	0.043823
23.68	0.043783
23.69	0.043743
23.7	0.043703
23.71	0.043664
23.72	0.043624
23.73	0.043585
23.74	0.043545
23.75	0.043506
23.76	0.043467
23.77	0.043427
23.78	0.043388
23.79	0.043349
23.8	0.04331
23.81	0.043271
23.82	0.043232
23.83	0.043193
23.84	0.043154
23.85	0.043115
23.86	0.043076
23.87	0.043037
23.88	0.042998
23.89	0.04296
23.9	0.042921
23.91	0.042882
23.92	0.042844
23.93	0.042805
23.94	0.042767
23.95	0.042729
23.96	0.04269
23.97	0.042652
23.98	0.042614
23.99	0.042576
24.0	0.042537
24.01	0.042499
24.02	0.042461
24.03	0.042423
24.04	0.042385
24.05	0.042348
24.06	0.04231
24.07	0.042272
24.08	0.042234
24.09	0.042197
24.1	0.042159
24.11	0.042121
24.12	0.042084
24.13	0.042046
24.14	0.042009
24.15	0.041971
24.16	0.041934
24.17	0.041897
24.18	0.04186
24.19	0.041822
24.2	0.041785
24.21	0.041748
24.22	0.041711
24.23	0.041674
24.24	0.041637
24.25	0.0416
24.26	0.041563
24.27	0.041526
24.28	0.04149
24.29	0.041453
24.3	0.041416
24.31	0.04138
24.32	0.041343
24.33	0.041307
24.34	0.04127
24.35	0.041234
24.36	0.041197
24.37	0.041161
24.38	0.041125
24.39	0.041088
24.4	0.041052
24.41	0.041016
24.42	0.04098
24.43	0.040944
24.44	0.040908
24.45	0.040872
24.46	0.040836
24.47	0.0408
24.48	0.040764
24.49	0.040728
24.5	0.040693
24.51	0.040657
24.52	0.040621
24.53	0.040586
24.54	0.04055
24.55	0.040515
24.56	0.040479
24.57	0.040444
24.58	0.040408
24.59	0.040373
24.6	0.040338
24.61	0.040303
24.62	0.040267
24.63	0.040232
24.64	0.040197
24.65	0.040162
24.66	0.040127
24.67	0.040092
24.68	0.040057
24.69	0.040022
24.7	0.039987
24.71	0.039953
24.72	0.039918
24.73	0.039883
24.74	0.039848
24.75	0.039814
24.76	0.039779
24.77	0.039745
24.78	0.03971
24.79	0.039676
24.8	0.039641
24.81	0.039607
24.82	0.039573
24.83	0.039538
24.84	0.039504
24.85	0.03947
24.86	0.039436
24.87	0.039402
24.88	0.039368
24.89	0.039334
24.9	0.0393
24.91	0.039266
24.92	0.039232
24.93	0.039198
24.94	0.039164
24.95	0.039131
24.96	0.039097
24.97	0.039063
24.98	0.03903
24.99	0.038996
25.0	0.038962
25.01	0.038929
25.02	0.038896
25.03	0.038862
25.04	0.038829
25.05	0.038795
25.06	0.038762
25.07	0.038729
25.08	0.038696
25.09	0.038662
25.1	0.038629
25.11	0.038596
25.12	0.038563
25.13	0.03853
25.14	0.038497
25.15	0.038464
25.16	0.038431
25.17	0.038399
25.18	0.038366
25.19	0.038333
25.2	0.0383
25.21	0.038268
25.22	0.038235
25.23	0.038203
25.24	0.03817
25.25	0.038137
25.26	0.038105
25.27	0.038073
25.28	0.03804
25.29	0.038008
25.3	0.037976
25.31	0.037943
25.32	0.037911
25.33	0.037879
25.34	0.037847
25.35	0.037815
25.36	0.037783
25.37	0.037751
25.38	0.037719
25.39	0.037687
25.4	0.037655
25.41	0.037623
25.42	0.037591
25.43	0.037559
25.44	0.037527
25.45	0.037496
25.46	0.037464
25.47	0.037432
25.48	0.037401
25.49	0.037369
25.5	0.037338
25.51	0.037306
25.52	0.037275
25.53	0.037243
25.54	0.037212
25.55	0.037181
25.56	0.03715
25.57	0.037118
25.58	0.037087
25.59	0.037056
25.6	0.037025
25.61	0.036994
25.62	0.036963
25.63	0.036932
25.64	0.036901
25.65	0.03687
25.66	0.036839
25.67	0.036808
25.68	0.036777
25.69	0.036746
25.7	0.036716
25.71	0.036685
25.72	0.036654
25.73	0.036624
25.74	0.036593
25.75	0.036562
25.76	0.036532
25.77	0.036501
25.78	0.036471
25.79	0.036441
25.8	0.03641
25.81	0.03638
25.82	0.03635
25.83	0.036319
25.84	0.036289
25.85	0.036259
25.86	0.036229
25.87	0.036199
25.88	0.036169
25.89	0.036138
25.9	0.036108
25.91	0.036079
25.92	0.036049
25.93	0.036019
25.94	0.035989
25.95	0.035959
25.96	0.035929
25.97	0.035899
25.98	0.03587
25.99	0.03584
26.0	0.03581
26.01	0.035781
26.02	0.035751
26.03	0.035722
26.04	0.035692
26.05	0.035663
26.06	0.035633
26.07	0.035604
26.08	0.035575
26.09	0.035545
26.1	0.035516
26.11	0.035487
26.12	0.035458
26.13	0.035428
26.14	0.035399
26.15	0.03537
26.16	0.035341
26.17	0.035312
26.18	0.035283
26.19	0.035254
26.2	0.035225
26.21	0.035196
26.22	0.035167
26.23	0.035138
26.24	0.03511
26.25	0.035081
26.26	0.035052
26.27	0.035023
26.28	0.034995
26.29	0.034966
26.3	0.034938
26.31	0.034909
26.32	0.034881
26.33	0.034852
26.34	0.034824
26.35	0.034795
26.36	0.034767
26.37	0.034738
26.38	0.03471
26.39	0.034682
26.4	0.034654
26.41	0.034625
26.42	0.034597
26.43	0.034569
26.44	0.034541
26.45	0.034513
26.46	0.034485
26.47	0.034457
26.48	0.034429
26.49	0.034401
26.5	0.034373
26.51	0.034345
26.52	0.034317
26.53	0.034289
26.54	0.034262
26.55	0.034234
26.56	0.034206
26.57	0.034178
26.58	0.034151
26.59	0.034123
26.6	0.034096
26.61	0.034068
26.62	0.034041
26.63	0.034013
26.64	0.033986
26.65	0.033958
26.66	0.033931
26.67	0.033903
26.68	0.033876
26.69	0.033849
26.7	0.033822
26.71	0.033794
26.72	0.033767
26.73	0.03374
26.74	0.033713
26.75	0.033686
26.76	0.033659
26.77	0.033632
26.78	0.033605
26.79	0.033578
26.8	0.033551
26.81	0.033524
26.82	0.033497
26.83	0.03347
26.84	0.033443
26.85	0.033417
26.86	0.03339
26.87	0.033363
26.88	0.033336
26.89	0.03331
26.9	0.033283
26.91	0.033257
26.92	0.03323
26.93	0.033203
26.94	0.033177
26.95	0.03315
26.96	0.033124
26.97	0.033098
26.98	0.033071
26.99	0.033045
27.0	0.033019
27.01	0.032992
27.02	0.032966
27.03	0.03294
27.04	0.032914
27.05	0.032888
27.06	0.032861
27.07	0.032835
27.08	0.032809
27.09	0.032783
27.1	0.032757
27.11	0.032731
27.12	0.032705
27.13	0.032679
27.14	0.032653
27.15	0.032628
27.16	0.032602
27.17	0.032576
27.18	0.03255
27.19	0.032524
27.2	0.032499
27.21	0.032473
27.22	0.032447
27.23	0.032422
27.24	0.032396
27.25	0.032371
27.26	0.032345
27.27	0.03232
27.28	0.032294
27.29	0.032269
27.3	0.032243
27.31	0.032218
27.32	0.032193
27.33	0.032167
27.34	0.032142
27.35	0.032117
27.36	0.032091
27.37	0.032066
27.38	0.032041
27.39	0.032016
27.4	0.031991
27.41	0.031966
27.42	0.031941
27.43	0.031916
27.44	0.031891
27.45	0.031866
27.46	0.031841
27.47	0.031816
27.48	0.031791
27.49	0.031766
27.5	0.031741
27.51	0.031716
27.52	0.031692
27.53	0.031667
27.54	0.031642
27.55	0.031618
27.56	0.031593
27.57	0.031568
27.58	0.031544
27.59	0.031519
27.6	0.031494
27.61	0.03147
27.62	0.031445
27.63	0.031421
27.64	0.031397
27.65	0.031372
27.66	0.031348
27.67	0.031323
27.68	0.031299
27.69	0.031275
27.7	0.031251
27.71	0.031226
27.72	0.031202
27.73	0.031178
27.74	0.031154
27.75	0.03113
27.76	0.031106
27.77	0.031081
27.78	0.031057
27.79	0.031033
27.8	0.031009
27.81	0.030985
27.82	0.030961
27.83	0.030938
27.84	0.030914
27.85	0.03089
27.86	0.030866
27.87	0.030842
27.88	0.030818
27.89	0.030795
27.9	0.030771
27.91	0.030747
27.92	0.030724
27.93	0.0307
27.94	0.030676
27.95	0.030653
27.96	0.030629
27.97	0.030606
27.98	0.030582
27.99	0.030559
28.0	0.030535
28.01	0.030512
28.02	0.030488
28.03	0.030465
28.04	0.030442
28.05	0.030418
28.06	0.030395
28.07	0.030372
28.08	0.030349
28.09	0.030325
28.1	0.030302
28.11	0.030279
28.12	0.030256
28.13	0.030233
28.14	0.03021
28.15	0.030187
28.16	0.030164
28.17	0.03014
28.18	0.030118
28.19	0.030095
28.2	0.030072
28.21	0.030049
28.22	0.030026
28.23	0.030003
28.24	0.02998
28.25	0.029957
28.26	0.029935
28.27	0.029912
28.28	0.029889
28.29	0.029866
28.3	0.029844
28.31	0.029821
28.32	0.029798
28.33	0.029776
28.34	0.029753
28.35	0.029731
28.36	0.029708
28.37	0.029686
28.38	0.029663
28.39	0.029641
28.4	0.029618
28.41	0.029596
28.42	0.029574
28.43	0.029551
28.44	0.029529
28.45	0.029507
28.46	0.029484
28.47	0.029462
28.48	0.02944
28.49	0.029418
28.5	0.029395
28.51	0.029373
28.52	0.029351
28.53	0.029329
28.54	0.029307
28.55	0.029285
28.56	0.029263
28.57	0.029241
28.58	0.029219
28.59	0.029197
28.6	0.029175
28.61	0.029153
28.62	0.029131
28.63	0.029109
28.64	0.029088
28.65	0.029066
28.66	0.029044
28.67	0.029022
28.68	0.029
28.69	0.028979
28.7	0.028957
28.71	0.028935
28.72	0.028914
28.73	0.028892
28.74	0.02887
28.75	0.028849
28.76	0.028827
28.77	0.028806
28.78	0.028784
28.79	0.028763
28.8	0.028741
28.81	0.02872
28.82	0.028699
28.83	0.028677
28.84	0.028656
28.85	0.028634
28.86	0.028613
28.87	0.028592
28.88	0.028571
28.89	0.028549
28.9	0.028528
28.91	0.028507
28.92	0.028486
28.93	0.028465
28.94	0.028444
28.95	0.028422
28.96	0.028401
28.97	0.02838
28.98	0.028359
28.99	0.028338
29.0	0.028317
29.01	0.028296
29.02	0.028275
29.03	0.028254
29.04	0.028233
29.05	0.028213
29.06	0.028192
29.07	0.028171
29.08	0.02815
29.09	0.028129
29.1	0.028109
29.11	0.028088
29.12	0.028067
29.13	0.028046
29.14	0.028026
29.15	0.028005
29.16	0.027984
29.17	0.027964
29.18	0.027943
29.19	0.027923
29.2	0.027902
29.21	0.027882
29.22	0.027861
29.23	0.027841
29.24	0.02782
29.25	0.0278
29.26	0.027779
29.27	0.027759
29.28	0.027739
29.29	0.027718
29.3	0.027698
29.31	0.027678
29.32	0.027657
29.33	0.027637
29.34	0.027617
29.35	0.027597
29.36	0.027577
29.37	0.027556
29.38	0.027536
29.39	0.027516
29.4	0.027496
29.41	0.027476
29.42	0.027456
29.43	0.027436
29.44	0.027416
29.45	0.027396
29.46	0.027376
29.47	0.027356
29.48	0.027336
29.49	0.027316
29.5	0.027296
29.51	0.027276
29.52	0.027257
29.53	0.027237
29.54	0.027217
29.55	0.027197
29.56	0.027177
29.57	0.027158
29.58	0.027138
29.59	0.027118
29.6	0.027099
29.61	0.027079
29.62	0.027059
29.63	0.02704
29.64	0.02702
29.65	0.027001
29.66	0.026981
29.67	0.026962
29.68	0.026942
29.69	0.026923
29.7	0.026903
29.71	0.026884
29.72	0.026864
29.73	0.026845
29.74	0.026825
29.75	0.026806
29.76	0.026787
29.77	0.026767
29.78	0.026748
29.79	0.026729
29.8	0.02671
29.81	0.02669
29.82	0.026671
29.83	0.026652
29.84	0.026633
29.85	0.026614
29.86	0.026595
29.87	0.026575
29.88	0.026556
29.89	0.026537
29.9	0.026518
29.91	0.026499
29.92	0.02648
29.93	0.026461
29.94	0.026442
29.95	0.026423
29.96	0.026404
29.97	0.026385
29.98	0.026366
29.99	0.026348
30.0	0.026329
30.01	0.02631
30.02	0.026291
30.03	0.026272
30.04	0.026254
30.05	0.026235
30.06	0.026216
30.07	0.026197
30.08	0.026179
30.09	0.02616
30.1	0.026141
30.11	0.026123
30.12	0.026104
30.13	0.026085
30.14	0.026067
30.15	0.026048
30.16	0.02603
30.17	0.026011
30.18	0.025993
30.19	0.025974
30.2	0.025956
30.21	0.025937
30.22	0.025919
30.23	0.025901
30.24	0.025882
30.25	0.025864
30.26	0.025846
30.27	0.025827
30.28	0.025809
30.29	0.025791
30.3	0.025772
30.31	0.025754
30.32	0.025736
30.33	0.025718
30.34	0.025699
30.35	0.025681
30.36	0.025663
30.37	0.025645
30.38	0.025627
30.39	0.025609
30.4	0.025591
30.41	0.025573
30.42	0.025555
30.43	0.025537
30.44	0.025519
30.45	0.025501
30.46	0.025483
30.47	0.025465
30.48	0.025447
30.49	0.025429
30.5	0.025411
30.51	0.025393
30.52	0.025375
30.53	0.025357
30.54	0.02534
30.55	0.025322
30.56	0.025304
30.57	0.025286
30.58	0.025269
30.59	0.025251
30.6	0.025233
30.61	0.025215
30.62	0.025198
30.63	0.02518
30.64	0.025162
30.65	0.025145
30.66	0.025127
30.67	0.02511
30.68	0.025092
30.69	0.025075
30.7	0.025057
30.71	0.02504
30.72	0.025022
30.73	0.025005
30.74	0.024987
30.75	0.02497
30.76	0.024952
30.77	0.024935
30.78	0.024918
30.79	0.0249
30.8	0.024883
30.81	0.024866
30.82	0.024848
30.83	0.024831
30.84	0.024814
30.85	0.024796
30.86	0.024779
30.87	0.024762
30.88	0.024745
30.89	0.024728
30.9	0.02471
30.91	0.024693
30.92	0.024676
30.93	0.024659
30.94	0.024642
30.95	0.024625
30.96	0.024608
30.97	0.024591
30.98	0.024574
30.99	0.024557
31.0	0.02454
31.01	0.024523
31.02	0.024506
31.03	0.024489
31.04	0.024472
31.05	0.024455
31.06	0.024438
31.07	0.024421
31.08	0.024404
31.09	0.024388
31.1	0.024371
31.11	0.024354
31.12	0.024337
31.13	0.02432
31.14	0.024304
31.15	0.024287
31.16	0.02427
31.17	0.024254
31.18	0.024237
31.19	0.02422
31.2	0.024204
31.21	0.024187
31.22	0.02417
31.23	0.024154
31.24	0.024137
31.25	0.024121
31.26	0.024104
31.27	0.024087
31.28	0.024071
31.29	0.024054
31.3	0.024038
31.31	0.024022
31.32	0.024005
31.33	0.023989
31.34	0.023972
31.35	0.023956
31.36	0.023939
31.37	0.023923
31.38	0.023907
31.39	0.02389
31.4	0.023874
31.41	0.023858
31.42	0.023842
31.43	0.023825
31.44	0.023809
31.45	0.023793
31.46	0.023777
31.47	0.02376
31.48	0.023744
31.49	0.023728
31.5	0.023712
31.51	0.023696
31.52	0.02368
31.53	0.023664
31.54	0.023647
31.55	0.023631
31.56	0.023615
31.57	0.023599
31.58	0.023583
31.59	0.023567
31.6	0.023551
31.61	0.023535
31.62	0.023519
31.63	0.023503
31.64	0.023487
31.65	0.023472
31.66	0.023456
31.67	0.02344
31.68	0.023424
31.69	0.023408
31.7	0.023392
31.71	0.023376
31.72	0.023361
31.73	0.023345
31.74	0.023329
31.75	0.023313
31.76	0.023298
31.77	0.023282
31.78	0.023266
31.79	0.02325
31.8	0.023235
31.81	0.023219
31.82	0.023204
31.83	0.023188
31.84	0.023172
31.85	0.023157
31.86	0.023141
31.87	0.023126
31.88	0.02311
31.89	0.023094
31.9	0.023079
31.91	0.023063
31.92	0.023048
31.93	0.023033
31.94	0.023017
31.95	0.023002
31.96	0.022986
31.97	0.022971
31.98	0.022955
31.99	0.02294
32.0	0.022925
32.01	0.022909
32.02	0.022894
32.03	0.022879
32.04	0.022863
32.05	0.022848
32.06	0.022833
32.07	0.022818
32.08	0.022802
32.09	0.022787
32.1	0.022772
32.11	0.022757
32.12	0.022741
32.13	0.022726
32.14	0.022711
32.15	0.022696
32.16	0.022681
32.17	0.022666
32.18	0.022651
32.19	0.022636
32.2	0.022621
32.21	0.022605
32.22	0.02259
32.23	0.022575
32.24	0.02256
32.25	0.022545
32.26	0.02253
32.27	0.022516
32.28	0.022501
32.29	0.022486
32.3	0.022471
32.31	0.022456
32.32	0.022441
32.33	0.022426
32.34	0.022411
32.35	0.022396
32.36	0.022382
32.37	0.022367
32.38	0.022352
32.39	0.022337
32.4	0.022322
32.41	0.022308
32.42	0.022293
32.43	0.022278
32.44	0.022263
32.45	0.022249
32.46	0.022234
32.47	0.022219
32.48	0.022205
32.49	0.02219
32.5	0.022175
32.51	0.022161
32.52	0.022146
32.53	0.022132
32.54	0.022117
32.55	0.022103
32.56	0.022088
32.57	0.022073
32.58	0.022059
32.59	0.022044
32.6	0.02203
32.61	0.022016
32.62	0.022001
32.63	0.021987
32.64	0.021972
32.65	0.021958
32.66	0.021943
32.67	0.021929
32.68	0.021915
32.69	0.0219
32.7	0.021886
32.71	0.021872
32.72	0.021857
32.73	0.021843
32.74	0.021829
32.75	0.021814
32.76	0.0218
32.77	0.021786
32.78	0.021772
32.79	0.021757
32.8	0.021743
32.81	0.021729
32.82	0.021715
32.83	0.021701
32.84	0.021687
32.85	0.021672
32.86	0.021658
32.87	0.021644
32.88	0.02163
32.89	0.021616
32.9	0.021602
32.91	0.021588
32.92	0.021574
32.93	0.02156
32.94	0.021546
32.95	0.021532
32.96	0.021518
32.97	0.021504
32.98	0.02149
32.99	0.021476
33.0	0.021462
33.01	0.021448
33.02	0.021434
33.03	0.02142
33.04	0.021406
33.05	0.021393
33.06	0.021379
33.07	0.021365
33.08	0.021351
33.09	0.021337
33.1	0.021323
33.11	0.02131
33.12	0.021296
33.13	0.021282
33.14	0.021268
33.15	0.021255
33.16	0.021241
33.17	0.021227
33.18	0.021213
33.19	0.0212
33.2	0.021186
33.21	0.021172
33.22	0.021159
33.23	0.021145
33.24	0.021132
33.25	0.021118
33.26	0.021104
33.27	0.021091
33.28	0.021077
33.29	0.021064
33.3	0.02105
33.31	0.021037
33.32	0.021023
33.33	0.02101
33.34	0.020996
33.35	0.020983
33.36	0.020969
33.37	0.020956
33.38	0.020942
33.39	0.020929
33.4	0.020915
33.41	0.020902
33.42	0.020889
33.43	0.020875
33.44	0.020862
33.45	0.020849
33.46	0.020835
33.47	0.020822
33.48	0.020809
33.49	0.020795
33.5	0.020782
33.51	0.020769
33.52	0.020755
33.53	0.020742
33.54	0.020729
33.55	0.020716
33.56	0.020703
33.57	0.020689
33.58	0.020676
33.59	0.020663
33.6	0.02065
33.61	0.020637
33.62	0.020624
33.63	0.02061
33.64	0.020597
33.65	0.020584
33.66	0.020571
33.67	0.020558
33.68	0.020545
33.69	0.020532
33.7	0.020519
33.71	0.020506
33.72	0.020493
33.73	0.02048
33.74	0.020467
33.75	0.020454
33.76	0.020441
33.77	0.020428
33.78	0.020415
33.79	0.020402
33.8	0.020389
33.81	0.020376
33.82	0.020363
33.83	0.020351
33.84	0.020338
33.85	0.020325
33.86	0.020312
33.87	0.020299
33.88	0.020286
33.89	0.020274
33.9	0.020261
33.91	0.020248
33.92	0.020235
33.93	0.020222
33.94	0.02021
33.95	0.020197
33.96	0.020184
33.97	0.020171
33.98	0.020159
33.99	0.020146
34.0	0.020133
34.01	0.020121
34.02	0.020108
34.03	0.020095
34.04	0.020083
34.05	0.02007
34.06	0.020058
34.07	0.020045
34.08	0.020032
34.09	0.02002
34.1	0.020007
34.11	0.019995
34.12	0.019982
34.13	0.01997
34.14	0.019957
34.15	0.019945
34.16	0.019932
34.17	0.01992
34.18	0.019907
34.19	0.019895
34.2	0.019882
34.21	0.01987
34.22	0.019858
34.23	0.019845
34.24	0.019833
34.25	0.01982
34.26	0.019808
34.27	0.019796
34.28	0.019783
34.29	0.019771
34.3	0.019759
34.31	0.019746
34.32	0.019734
34.33	0.019722
34.34	0.019709
34.35	0.019697
34.36	0.019685
34.37	0.019673
34.38	0.01966
34.39	0.019648
34.4	0.019636
34.41	0.019624
34.42	0.019612
34.43	0.019599
34.44	0.019587
34.45	0.019575
34.46	0.019563
34.47	0.019551
34.48	0.019539
34.49	0.019527
34.5	0.019514
34.51	0.019502
34.52	0.01949
34.53	0.019478
34.54	0.019466
34.55	0.019454
34.56	0.019442
34.57	0.01943
34.58	0.019418
34.59	0.019406
34.6	0.019394
34.61	0.019382
34.62	0.01937
34.63	0.019358
34.64	0.019346
34.65	0.019334
34.66	0.019322
34.67	0.01931
34.68	0.019298
34.69	0.019287
34.7	0.019275
34.71	0.019263
34.72	0.019251
34.73	0.019239
34.74	0.019227
34.75	0.019215
34.76	0.019204
34.77	0.019192
34.78	0.01918
34.79	0.019168
34.8	0.019156
34.81	0.019145
34.82	0.019133
34.83	0.019121
34.84	0.019109
34.85	0.019098
34.86	0.019086
34.87	0.019074
34.88	0.019063
34.89	0.019051
34.9	0.019039
34.91	0.019028
34.92	0.019016
34.93	0.019004
34.94	0.018993
34.95	0.018981
34.96	0.01897
34.97	0.018958
34.98	0.018946
34.99	0.018935
35.0	0.018923
35.01	0.018912
35.02	0.0189
35.03	0.018889
35.04	0.018877
35.05	0.018866
35.06	0.018854
35.07	0.018843
35.08	0.018831
35.09	0.01882
35.1	0.018808
35.11	0.018797
35.12	0.018785
35.13	0.018774
35.14	0.018762
35.15	0.018751
35.16	0.01874
35.17	0.018728
35.18	0.018717
35.19	0.018705
35.2	0.018694
35.21	0.018683
35.22	0.018671
35.23	0.01866
35.24	0.018649
35.25	0.018638
35.26	0.018626
35.27	0.018615
35.28	0.018604
35.29	0.018592
35.3	0.018581
35.31	0.01857
35.32	0.018559
35.33	0.018547
35.34	0.018536
35.35	0.018525
35.36	0.018514
35.37	0.018503
35.38	0.018491
35.39	0.01848
35.4	0.018469
35.41	0.018458
35.42	0.018447
35.43	0.018436
35.44	0.018425
35.45	0.018414
35.46	0.018402
35.47	0.018391
35.48	0.01838
35.49	0.018369
35.5	0.018358
35.51	0.018347
35.52	0.018336
35.53	0.018325
35.54	0.018314
35.55	0.018303
35.56	0.018292
35.57	0.018281
35.58	0.01827
35.59	0.018259
35.6	0.018248
35.61	0.018237
35.62	0.018226
35.63	0.018215
35.64	0.018204
35.65	0.018194
35.66	0.018183
35.67	0.018172
35.68	0.018161
35.69	0.01815
35.7	0.018139
35.71	0.018128
35.72	0.018117
35.73	0.018107
35.74	0.018096
35.75	0.018085
35.76	0.018074
35.77	0.018063
35.78	0.018053
35.79	0.018042
35.8	0.018031
35.81	0.01802
35.82	0.01801
35.83	0.017999
35.84	0.017988
35.85	0.017977
35.86	0.017967
35.87	0.017956
35.88	0.017945
35.89	0.017935
35.9	0.017924
35.91	0.017913
35.92	0.017903
35.93	0.017892
35.94	0.017881
35.95	0.017871
35.96	0.01786
35.97	0.01785
35.98	0.017839
35.99	0.017828
36.0	0.017818
36.01	0.017807
36.02	0.017797
36.03	0.017786
36.04	0.017776
36.05	0.017765
36.06	0.017755
36.07	0.017744
36.08	0.017734
36.09	0.017723
36.1	0.017713
36.11	0.017702
36.12	0.017692
36.13	0.017681
36.14	0.017671
36.15	0.01766
36.16	0.01765
36.17	0.017639
36.18	0.017629
36.19	0.017619
36.2	0.017608
36.21	0.017598
36.22	0.017588
36.23	0.017577
36.24	0.017567
36.25	0.017556
36.26	0.017546
36.27	0.017536
36.28	0.017525
36.29	0.017515
36.3	0.017505
36.31	0.017495
36.32	0.017484
36.33	0.017474
36.34	0.017464
36.35	0.017454
36.36	0.017443
36.37	0.017433
36.38	0.017423
36.39	0.017413
36.4	0.017402
36.41	0.017392
36.42	0.017382
36.43	0.017372
36.44	0.017362
36.45	0.017351
36.46	0.017341
36.47	0.017331
36.48	0.017321
36.49	0.017311
36.5	0.017301
36.51	0.017291
36.52	0.017281
36.53	0.01727
36.54	0.01726
36.55	0.01725
36.56	0.01724
36.57	0.01723
36.58	0.01722
36.59	0.01721
36.6	0.0172
36.61	0.01719
36.62	0.01718
36.63	0.01717
36.64	0.01716
36.65	0.01715
36.66	0.01714
36.67	0.01713
36.68	0.01712
36.69	0.01711
36.7	0.0171
36.71	0.01709
36.72	0.01708
36.73	0.01707
36.74	0.01706
36.75	0.017051
36.76	0.017041
36.77	0.017031
36.78	0.017021
36.79	0.017011
36.8	0.017001
36.81	0.016991
36.82	0.016981
36.83	0.016972
36.84	0.016962
36.85	0.016952
36.86	0.016942
36.87	0.016932
36.88	0.016923
36.89	0.016913
36.9	0.016903
36.91	0.016893
36.92	0.016883
36.93	0.016874
36.94	0.016864
36.95	0.016854
36.96	0.016845
36.97	0.016835
36.98	0.016825
36.99	0.016815
37.0	0.016806
37.01	0.016796
37.02	0.016786
37.03	0.016777
37.04	0.016767
37.05	0.016757
37.06	0.016748
37.07	0.016738
37.08	0.016728
37.09	0.016719
37.1	0.016709
37.11	0.0167
37.12	0.01669
37.13	0.01668
37.14	0.016671
37.15	0.016661
37.16	0.016652
37.17	0.016642
37.18	0.016633
37.19	0.016623
37.2	0.016614
37.21	0.016604
37.22	0.016594
37.23	0.016585
37.24	0.016575
37.25	0.016566
37.26	0.016557
37.27	0.016547
37.28	0.016538
37.29	0.016528
37.3	0.016519
37.31	0.016509
37.32	0.0165
37.33	0.01649
37.34	0.016481
37.35	0.016472
37.36	0.016462
37.37	0.016453
37.38	0.016443
37.39	0.016434
37.4	0.016425
37.41	0.016415
37.42	0.016406
37.43	0.016397
37.44	0.016387
37.45	0.016378
37.46	0.016369
37.47	0.016359
37.48	0.01635
37.49	0.016341
37.5	0.016331
37.51	0.016322
37.52	0.016313
37.53	0.016304
37.54	0.016294
37.55	0.016285
37.56	0.016276
37.57	0.016267
37.58	0.016257
37.59	0.016248
37.6	0.016239
37.61	0.01623
37.62	0.01622
37.63	0.016211
37.64	0.016202
37.65	0.016193
37.66	0.016184
37.67	0.016175
37.68	0.016165
37.69	0.016156
37.7	0.016147
37.71	0.016138
37.72	0.016129
37.73	0.01612
37.74	0.016111
37.75	0.016102
37.76	0.016093
37.77	0.016083
37.78	0.016074
37.79	0.016065
37.8	0.016056
37.81	0.016047
37.82	0.016038
37.83	0.016029
37.84	0.01602
37.85	0.016011
37.86	0.016002
37.87	0.015993
37.88	0.015984
37.89	0.015975
37.9	0.015966
37.91	0.015957
37.92	0.015948
37.93	0.015939
37.94	0.01593
37.95	0.015921
37.96	0.015912
37.97	0.015903
37.98	0.015894
37.99	0.015886
38.0	0.015877
38.01	0.015868
38.02	0.015859
38.03	0.01585
38.04	0.015841
38.05	0.015832
38.06	0.015823
38.07	0.015814
38.08	0.015806
38.09	0.015797
38.1	0.015788
38.11	0.015779
38.12	0.01577
38.13	0.015761
38.14	0.015753
38.15	0.015744
38.16	0.015735
38.17	0.015726
38.18	0.015718
38.19	0.015709
38.2	0.0157
38.21	0.015691
38.22	0.015682
38.23	0.015674
38.24	0.015665
38.25	0.015656
38.26	0.015648
38.27	0.015639
38.28	0.01563
38.29	0.015621
38.3	0.015613
38.31	0.015604
38.32	0.015595
38.33	0.015587
38.34	0.015578
38.35	0.015569
38.36	0.015561
38.37	0.015552
38.38	0.015544
38.39	0.015535
38.4	0.015526
38.41	0.015518
38.42	0.015509
38.43	0.0155
38.44	0.015492
38.45	0.015483
38.46	0.015475
38.47	0.015466
38.48	0.015458
38.49	0.015449
38.5	0.01544
38.51	0.015432
38.52	0.015423
38.53	0.015415
38.54	0.015406
38.55	0.015398
38.56	0.015389
38.57	0.015381
38.58	0.015372
38.59	0.015364
38.6	0.015355
38.61	0.015347
38.62	0.015338
38.63	0.01533
38.64	0.015322
38.65	0.015313
38.66	0.015305
38.67	0.015296
38.68	0.015288
38.69	0.015279
38.7	0.015271
38.71	0.015263
38.72	0.015254
38.73	0.015246
38.74	0.015237
38.75	0.015229
38.76	0.015221
38.77	0.015212
38.78	0.015204
38.79	0.015196
38.8	0.015187
38.81	0.015179
38.82	0.015171
38.83	0.015162
38.84	0.015154
38.85	0.015146
38.86	0.015137
38.87	0.015129
38.88	0.015121
38.89	0.015113
38.9	0.015104
38.91	0.015096
38.92	0.015088
38.93	0.015079
38.94	0.015071
38.95	0.015063
38.96	0.015055
38.97	0.015047
38.98	0.015038
38.99	0.01503
39.0	0.015022
39.01	0.015014
39.02	0.015006
39.03	0.014997
39.04	0.014989
39.05	0.014981
39.06	0.014973
39.07	0.014965
39.08	0.014957
39.09	0.014948
39.1	0.01494
39.11	0.014932
39.12	0.014924
39.13	0.014916
39.14	0.014908
39.15	0.0149
39.16	0.014892
39.17	0.014883
39.18	0.014875
39.19	0.014867
39.2	0.014859
39.21	0.014851
39.22	0.014843
39.23	0.014835
39.24	0.014827
39.25	0.014819
39.26	0.014811
39.27	0.014803
39.28	0.014795
39.29	0.014787
39.3	0.014779
39.31	0.014771
39.32	0.014763
39.33	0.014755
39.34	0.014747
39.35	0.014739
39.36	0.014731
39.37	0.014723
39.38	0.014715
39.39	0.014707
39.4	0.014699
39.41	0.014691
39.42	0.014683
39.43	0.014675
39.44	0.014667
39.45	0.014659
39.46	0.014652
39.47	0.014644
39.48	0.014636
39.49	0.014628
39.5	0.01462
39.51	0.014612
39.52	0.014604
39.53	0.014596
39.54	0.014589
39.55	0.014581
39.56	0.014573
39.57	0.014565
39.58	0.014557
39.59	0.014549
39.6	0.014542
39.61	0.014534
39.62	0.014526
39.63	0.014518
39.64	0.01451
39.65	0.014503
39.66	0.014495
39.67	0.014487
39.68	0.014479
39.69	0.014471
39.7	0.014464
39.71	0.014456
39.72	0.014448
39.73	0.01444
39.74	0.014433
39.75	0.014425
39.76	0.014417
39.77	0.01441
39.78	0.014402
39.79	0.014394
39.8	0.014386
39.81	0.014379
39.82	0.014371
39.83	0.014363
39.84	0.014356
39.85	0.014348
39.86	0.01434
39.87	0.014333
39.88	0.014325
39.89	0.014318
39.9	0.01431
39.91	0.014302
39.92	0.014295
39.93	0.014287
39.94	0.014279
39.95	0.014272
39.96	0.014264
39.97	0.014257
39.98	0.014249
39.99	0.014241
40.0	0.014234
40.01	0.014226
40.02	0.014219
40.03	0.014211
40.04	0.014204
40.05	0.014196
40.06	0.014189
40.07	0.014181
40.08	0.014174
40.09	0.014166
40.1	0.014158
40.11	0.014151
40.12	0.014143
40.13	0.014136
40.14	0.014128
40.15	0.014121
40.16	0.014114
40.17	0.014106
40.18	0.014099
40.19	0.014091
40.2	0.014084
40.21	0.014076
40.22	0.014069
40.23	0.014061
40.24	0.014054
40.25	0.014046
40.26	0.014039
40.27	0.014032
40.28	0.014024
40.29	0.014017
40.3	0.014009
40.31	0.014002
40.32	0.013995
40.33	0.013987
40.34	0.01398
40.35	0.013973
40.36	0.013965
40.37	0.013958
40.38	0.01395
40.39	0.013943
40.4	0.013936
40.41	0.013928
40.42	0.013921
40.43	0.013914
40.44	0.013907
40.45	0.013899
40.46	0.013892
40.47	0.013885
40.48	0.013877
40.49	0.01387
40.5	0.013863
40.51	0.013855
40.52	0.013848
40.53	0.013841
40.54	0.013834
40.55	0.013826
40.56	0.013819
40.57	0.013812
40.58	0.013805
40.59	0.013797
40.6	0.01379
40.61	0.013783
40.62	0.013776
40.63	0.013769
40.64	0.013761
40.65	0.013754
40.66	0.013747
40.67	0.01374
40.68	0.013733
40.69	0.013725
40.7	0.013718
40.71	0.013711
40.72	0.013704
40.73	0.013697
40.74	0.01369
40.75	0.013683
40.76	0.013675
40.77	0.013668
40.78	0.013661
40.79	0.013654
40.8	0.013647
40.81	0.01364
40.82	0.013633
40.83	0.013626
40.84	0.013619
40.85	0.013611
40.86	0.013604
40.87	0.013597
40.88	0.01359
40.89	0.013583
40.9	0.013576
40.91	0.013569
40.92	0.013562
40.93	0.013555
40.94	0.013548
40.95	0.013541
40.96	0.013534
40.97	0.013527
40.98	0.01352
40.99	0.013513
41.0	0.013506
41.01	0.013499
41.02	0.013492
41.03	0.013485
41.04	0.013478
41.05	0.013471
41.06	0.013464
41.07	0.013457
41.08	0.01345
41.09	0.013443
41.1	0.013436
41.11	0.013429
41.12	0.013422
41.13	0.013415
41.14	0.013408
41.15	0.013401
41.16	0.013395
41.17	0.013388
41.18	0.013381
41.19	0.013374
41.2	0.013367
41.21	0.01336
41.22	0.013353
41.23	0.013346
41.24	0.013339
41.25	0.013332
41.26	0.013326
41.27	0.013319
41.28	0.013312
41.29	0.013305
41.3	0.013298
41.31	0.013291
41.32	0.013285
41.33	0.013278
41.34	0.013271
41.35	0.013264
41.36	0.013257
41.37	0.01325
41.38	0.013244
41.39	0.013237
41.4	0.01323
41.41	0.013223
41.42	0.013216
41.43	0.01321
41.44	0.013203
41.45	0.013196
41.46	0.013189
41.47	0.013183
41.48	0.013176
41.49	0.013169
41.5	0.013162
41.51	0.013156
41.52	0.013149
41.53	0.013142
41.54	0.013136
41.55	0.013129
41.56	0.013122
41.57	0.013115
41.58	0.013109
41.59	0.013102
41.6	0.013095
41.61	0.013089
41.62	0.013082
41.63	0.013075
41.64	0.013069
41.65	0.013062
41.66	0.013055
41.67	0.013049
41.68	0.013042
41.69	0.013035
41.7	0.013029
41.71	0.013022
41.72	0.013015
41.73	0.013009
41.74	0.013002
41.75	0.012996
41.76	0.012989
41.77	0.012982
41.78	0.012976
41.79	0.012969
41.8	0.012963
41.81	0.012956
41.82	0.012949
41.83	0.012943
41.84	0.012936
41.85	0.01293
41.86	0.012923
41.87	0.012917
41.88	0.01291
41.89	0.012904
41.9	0.012897
41.91	0.01289
41.92	0.012884
41.93	0.012877
41.94	0.012871
41.95	0.012864
41.96	0.012858
41.97	0.012851
41.98	0.012845
41.99	0.012838
42.0	0.012832
42.01	0.012825
42.02	0.012819
42.03	0.012812
42.04	0.012806
42.05	0.012799
42.06	0.012793
42.07	0.012787
42.08	0.01278
42.09	0.012774
42.1	0.012767
42.11	0.012761
42.12	0.012754
42.13	0.012748
42.14	0.012742
42.15	0.012735
42.16	0.012729
42.17	0.012722
42.18	0.012716
42.19	0.012709
42.2	0.012703
42.21	0.012697
42.22	0.01269
42.23	0.012684
42.24	0.012678
42.25	0.012671
42.26	0.012665
42.27	0.012658
42.28	0.012652
42.29	0.012646
42.3	0.012639
42.31	0.012633
42.32	0.012627
42.33	0.01262
42.34	0.012614
42.35	0.012608
42.36	0.012601
42.37	0.012595
42.38	0.012589
42.39	0.012583
42.4	0.012576
42.41	0.01257
42.42	0.012564
42.43	0.012557
42.44	0.012551
42.45	0.012545
42.46	0.012539
42.47	0.012532
42.48	0.012526
42.49	0.01252
42.5	0.012514
42.51	0.012507
42.52	0.012501
42.53	0.012495
42.54	0.012489
42.55	0.012482
42.56	0.012476
42.57	0.01247
42.58	0.012464
42.59	0.012457
42.6	0.012451
42.61	0.012445
42.62	0.012439
42.63	0.012433
42.64	0.012426
42.65	0.01242
42.66	0.012414
42.67	0.012408
42.68	0.012402
42.69	0.012396
42.7	0.012389
42.71	0.012383
42.72	0.012377
42.73	0.012371
42.74	0.012365
42.75	0.012359
42.76	0.012353
42.77	0.012346
42.78	0.01234
42.79	0.012334
42.8	0.012328
42.81	0.012322
42.82	0.012316
42.83	0.01231
42.84	0.012304
42.85	0.012298
42.86	0.012292
42.87	0.012285
42.88	0.012279
42.89	0.012273
42.9	0.012267
42.91	0.012261
42.92	0.012255
42.93	0.012249
42.94	0.012243
42.95	0.012237
42.96	0.012231
42.97	0.012225
42.98	0.012219
42.99	0.012213
43.0	0.012207
43.01	0.012201
43.02	0.012195
43.03	0.012189
43.04	0.012183
43.05	0.012177
43.06	0.012171
43.07	0.012165
43.08	0.012159
43.09	0.012153
43.1	0.012147
43.11	0.012141
43.12	0.012135
43.13	0.012129
43.14	0.012123
43.15	0.012117
43.16	0.012111
43.17	0.012105
43.18	0.012099
43.19	0.012093
43.2	0.012087
43.21	0.012081
43.22	0.012075
43.23	0.012069
43.24	0.012064
43.25	0.012058
43.26	0.012052
43.27	0.012046
43.28	0.01204
43.29	0.012034
43.3	0.012028
43.31	0.012022
43.32	0.012016
43.33	0.01201
43.34	0.012005
43.35	0.011999
43.36	0.011993
43.37	0.011987
43.38	0.011981
43.39	0.011975
43.4	0.011969
43.41	0.011964
43.42	0.011958
43.43	0.011952
43.44	0.011946
43.45	0.01194
43.46	0.011934
43.47	0.011929
43.48	0.011923
43.49	0.011917
43.5	0.011911
43.51	0.011905
43.52	0.0119
43.53	0.011894
43.54	0.011888
43.55	0.011882
43.56	0.011876
43.57	0.011871
43.58	0.011865
43.59	0.011859
43.6	0.011853
43.61	0.011848
43.62	0.011842
43.63	0.011836
43.64	0.01183
43.65	0.011824
43.66	0.011819
43.67	0.011813
43.68	0.011807
43.69	0.011802
43.7	0.011796
43.71	0.01179
43.72	0.011784
43.73	0.011779
43.74	0.011773
43.75	0.011767
43.76	0.011762
43.77	0.011756
43.78	0.01175
43.79	0.011744
43.8	0.011739
43.81	0.011733
43.82	0.011727
43.83	0.011722
43.84	0.011716
43.85	0.01171
43.86	0.011705
43.87	0.011699
43.88	0.011693
43.89	0.011688
43.9	0.011682
43.91	0.011677
43.92	0.011671
43.93	0.011665
43.94	0.01166
43.95	0.011654
43.96	0.011648
43.97	0.011643
43.98	0.011637
43.99	0.011632
44.0	0.011626
44.01	0.01162
44.02	0.011615
44.03	0.011609
44.04	0.011604
44.05	0.011598
44.06	0.011592
44.07	0.011587
44.08	0.011581
44.09	0.011576
44.1	0.01157
44.11	0.011565
44.12	0.011559
44.13	0.011554
44.14	0.011548
44.15	0.011542
44.16	0.011537
44.17	0.011531
44.18	0.011526
44.19	0.01152
44.2	0.011515
44.21	0.011509
44.22	0.011504
44.23	0.011498
44.24	0.011493
44.25	0.011487
44.26	0.011482
44.27	0.011476
44.28	0.011471
44.29	0.011465
44.3	0.01146
44.31	0.011454
44.32	0.011449
44.33	0.011443
44.34	0.011438
44.35	0.011432
44.36	0.011427
44.37	0.011422
44.38	0.011416
44.39	0.011411
44.4	0.011405
44.41	0.0114
44.42	0.011394
44.43	0.011389
44.44	0.011383
44.45	0.011378
44.46	0.011373
44.47	0.011367
44.48	0.011362
44.49	0.011356
44.5	0.011351
44.51	0.011346
44.52	0.01134
44.53	0.011335
44.54	0.011329
44.55	0.011324
44.56	0.011319
44.57	0.011313
44.58	0.011308
44.59	0.011302
44.6	0.011297
44.61	0.011292
44.62	0.011286
44.63	0.011281
44.64	0.011276
44.65	0.01127
44.66	0.011265
44.67	0.01126
44.68	0.011254
44.69	0.011249
44.7	0.011244
44.71	0.011238
44.72	0.011233
44.73	0.011228
44.74	0.011222
44.75	0.011217
44.76	0.011212
44.77	0.011206
44.78	0.011201
44.79	0.011196
44.8	0.011191
44.81	0.011185
44.82	0.01118
44.83	0.011175
44.84	0.011169
44.85	0.011164
44.86	0.011159
44.87	0.011154
44.88	0.011148
44.89	0.011143
44.9	0.011138
44.91	0.011133
44.92	0.011127
44.93	0.011122
44.94	0.011117
44.95	0.011112
44.96	0.011106
44.97	0.011101
44.98	0.011096
44.99	0.011091
45.0	0.011085
45.01	0.01108
45.02	0.011075
45.03	0.01107
45.04	0.011065
45.05	0.011059
45.06	0.011054
45.07	0.011049
45.08	0.011044
45.09	0.011039
45.1	0.011033
45.11	0.011028
45.12	0.011023
45.13	0.011018
45.14	0.011013
45.15	0.011008
45.16	0.011002
45.17	0.010997
45.18	0.010992
45.19	0.010987
45.2	0.010982
45.21	0.010977
45.22	0.010972
45.23	0.010966
45.24	0.010961
45.25	0.010956
45.26	0.010951
45.27	0.010946
45.28	0.010941
45.29	0.010936
45.3	0.010931
45.31	0.010926
45.32	0.01092
45.33	0.010915
45.34	0.01091
45.35	0.010905
45.36	0.0109
45.37	0.010895
45.38	0.01089
45.39	0.010885
45.4	0.01088
45.41	0.010875
45.42	0.01087
45.43	0.010865
45.44	0.010859
45.45	0.010854
45.46	0.010849
45.47	0.010844
45.48	0.010839
45.49	0.010834
45.5	0.010829
45.51	0.010824
45.52	0.010819
45.53	0.010814
45.54	0.010809
45.55	0.010804
45.56	0.010799
45.57	0.010794
45.58	0.010789
45.59	0.010784
45.6	0.010779
45.61	0.010774
45.62	0.010769
45.63	0.010764
45.64	0.010759
45.65	0.010754
45.66	0.010749
45.67	0.010744
45.68	0.010739
45.69	0.010734
45.7	0.010729
45.71	0.010724
45.72	0.010719
45.73	0.010714
45.74	0.010709
45.75	0.010704
45.76	0.010699
45.77	0.010694
45.78	0.010689
45.79	0.010685
45.8	0.01068
45.81	0.010675
45.82	0.01067
45.83	0.010665
45.84	0.01066
45.85	0.010655
45.86	0.01065
45.87	0.010645
45.88	0.01064
45.89	0.010635
45.9	0.01063
45.91	0.010626
45.92	0.010621
45.93	0.010616
45.94	0.010611
45.95	0.010606
45.96	0.010601
45.97	0.010596
45.98	0.010591
45.99	0.010586
46.0	0.010582
46.01	0.010577
46.02	0.010572
46.03	0.010567
46.04	0.010562
46.05	0.010557
46.06	0.010552
46.07	0.010548
46.08	0.010543
46.09	0.010538
46.1	0.010533
46.11	0.010528
46.12	0.010523
46.13	0.010519
46.14	0.010514
46.15	0.010509
46.16	0.010504
46.17	0.010499
46.18	0.010495
46.19	0.01049
46.2	0.010485
46.21	0.01048
46.22	0.010475
46.23	0.010471
46.24	0.010466
46.25	0.010461
46.26	0.010456
46.27	0.010451
46.28	0.010447
46.29	0.010442
46.3	0.010437
46.31	0.010432
46.32	0.010428
46.33	0.010423
46.34	0.010418
46.35	0.010413
46.36	0.010409
46.37	0.010404
46.38	0.010399
46.39	0.010394
46.4	0.01039
46.41	0.010385
46.42	0.01038
46.43	0.010375
46.44	0.010371
46.45	0.010366
46.46	0.010361
46.47	0.010356
46.48	0.010352
46.49	0.010347
46.5	0.010342
46.51	0.010338
46.52	0.010333
46.53	0.010328
46.54	0.010324
46.55	0.010319
46.56	0.010314
46.57	0.01031
46.58	0.010305
46.59	0.0103
46.6	0.010295
46.61	0.010291
46.62	0.010286
46.63	0.010281
46.64	0.010277
46.65	0.010272
46.66	0.010267
46.67	0.010263
46.68	0.010258
46.69	0.010254
46.7	0.010249
46.71	0.010244
46.72	0.01024
46.73	0.010235
46.74	0.01023
46.75	0.010226
46.76	0.010221
46.77	0.010217
46.78	0.010212
46.79	0.010207
46.8	0.010203
46.81	0.010198
46.82	0.010193
46.83	0.010189
46.84	0.010184
46.85	0.01018
46.86	0.010175
46.87	0.01017
46.88	0.010166
46.89	0.010161
46.9	0.010157
46.91	0.010152
46.92	0.010148
46.93	0.010143
46.94	0.010138
46.95	0.010134
46.96	0.010129
46.97	0.010125
46.98	0.01012
46.99	0.010116
47.0	0.010111
47.01	0.010107
47.02	0.010102
47.03	0.010097
47.04	0.010093
47.05	0.010088
47.06	0.010084
47.07	0.010079
47.08	0.010075
47.09	0.01007
47.1	0.010066
47.11	0.010061
47.12	0.010057
47.13	0.010052
47.14	0.010048
47.15	0.010043
47.16	0.010039
47.17	0.010034
47.18	0.01003
47.19	0.010025
47.2	0.010021
47.21	0.010016
47.22	0.010012
47.23	0.010007
47.24	0.010003
47.25	0.0099984
47.26	0.0099939
47.27	0.0099894
47.28	0.009985
47.29	0.0099805
47.3	0.009976
47.31	0.0099716
47.32	0.0099671
47.33	0.0099627
47.34	0.0099582
47.35	0.0099538
47.36	0.0099493
47.37	0.0099449
47.38	0.0099405
47.39	0.009936
47.4	0.0099316
47.41	0.0099272
47.42	0.0099228
47.43	0.0099183
47.44	0.0099139
47.45	0.0099095
47.46	0.0099051
47.47	0.0099007
47.48	0.0098963
47.49	0.0098919
47.5	0.0098875
47.51	0.0098831
47.52	0.0098787
47.53	0.0098743
47.54	0.0098699
47.55	0.0098655
47.56	0.0098611
47.57	0.0098568
47.58	0.0098524
47.59	0.009848
47.6	0.0098436
47.61	0.0098393
47.62	0.0098349
47.63	0.0098305
47.64	0.0098262
47.65	0.0098218
47.66	0.0098175
47.67	0.0098131
47.68	0.0098088
47.69	0.0098044
47.7	0.0098001
47.71	0.0097958
47.72	0.0097914
47.73	0.0097871
47.74	0.0097828
47.75	0.0097784
47.76	0.0097741
47.77	0.0097698
47.78	0.0097655
47.79	0.0097611
47.8	0.0097568
47.81	0.0097525
47.82	0.0097482
47.83	0.0097439
47.84	0.0097396
47.85	0.0097353
47.86	0.009731
47.87	0.0097267
47.88	0.0097224
47.89	0.0097181
47.9	0.0097139
47.91	0.0097096
47.92	0.0097053
47.93	0.009701
47.94	0.0096967
47.95	0.0096925
47.96	0.0096882
47.97	0.0096839
47.98	0.0096797
47.99	0.0096754
48.0	0.0096712
48.01	0.0096669
48.02	0.0096627
48.03	0.0096584
48.04	0.0096542
48.05	0.0096499
48.06	0.0096457
48.07	0.0096414
48.08	0.0096372
48.09	0.009633
48.1	0.0096287
48.11	0.0096245
48.12	0.0096203
48.13	0.0096161
48.14	0.0096119
48.15	0.0096076
48.16	0.0096034
48.17	0.0095992
48.18	0.009595
48.19	0.0095908
48.2	0.0095866
48.21	0.0095824
48.22	0.0095782
48.23	0.009574
48.24	0.0095698
48.25	0.0095656
48.26	0.0095615
48.27	0.0095573
48.28	0.0095531
48.29	0.0095489
48.3	0.0095447
48.31	0.0095406
48.32	0.0095364
48.33	0.0095322
48.34	0.0095281
48.35	0.0095239
48.36	0.0095198
48.37	0.0095156
48.38	0.0095114
48.39	0.0095073
48.4	0.0095032
48.41	0.009499
48.42	0.0094949
48.43	0.0094907
48.44	0.0094866
48.45	0.0094825
48.46	0.0094783
48.47	0.0094742
48.48	0.0094701
48.49	0.009466
48.5	0.0094618
48.51	0.0094577
48.52	0.0094536
48.53	0.0094495
48.54	0.0094454
48.55	0.0094413
48.56	0.0094372
48.57	0.0094331
48.58	0.009429
48.59	0.0094249
48.6	0.0094208
48.61	0.0094167
48.62	0.0094126
48.63	0.0094085
48.64	0.0094044
48.65	0.0094003
48.66	0.0093963
48.67	0.0093922
48.68	0.0093881
48.69	0.0093841
48.7	0.00938
48.71	0.0093759
48.72	0.0093719
48.73	0.0093678
48.74	0.0093637
48.75	0.0093597
48.76	0.0093556
48.77	0.0093516
48.78	0.0093475
48.79	0.0093435
48.8	0.0093395
48.81	0.0093354
48.82	0.0093314
48.83	0.0093274
48.84	0.0093233
48.85	0.0093193
48.86	0.0093153
48.87	0.0093112
48.88	0.0093072
48.89	0.0093032
48.9	0.0092992
48.91	0.0092952
48.92	0.0092912
48.93	0.0092872
48.94	0.0092832
48.95	0.0092792
48.96	0.0092752
48.97	0.0092712
48.98	0.0092672
48.99	0.0092632
49.0	0.0092592
49.01	0.0092552
49.02	0.0092512
49.03	0.0092472
49.04	0.0092433
49.05	0.0092393
49.06	0.0092353
49.07	0.0092313
49.08	0.0092274
49.09	0.0092234
49.1	0.0092194
49.11	0.0092155
49.12	0.0092115
49.13	0.0092076
49.14	0.0092036
49.15	0.0091997
49.16	0.0091957
49.17	0.0091918
49.18	0.0091878
49.19	0.0091839
49.2	0.0091799
49.21	0.009176
49.22	0.0091721
49.23	0.0091681
49.24	0.0091642
49.25	0.0091603
49.26	0.0091564
49.27	0.0091524
49.28	0.0091485
49.29	0.0091446
49.3	0.0091407
49.31	0.0091368
49.32	0.0091329
49.33	0.009129
49.34	0.0091251
49.35	0.0091212
49.36	0.0091173
49.37	0.0091134
49.38	0.0091095
49.39	0.0091056
49.4	0.0091017
49.41	0.0090978
49.42	0.0090939
49.43	0.0090901
49.44	0.0090862
49.45	0.0090823
49.46	0.0090784
49.47	0.0090746
49.48	0.0090707
49.49	0.0090668
49.5	0.009063
49.51	0.0090591
49.52	0.0090552
49.53	0.0090514
49.54	0.0090475
49.55	0.0090437
49.56	0.0090398
49.57	0.009036
49.58	0.0090321
49.59	0.0090283
49.6	0.0090245
49.61	0.0090206
49.62	0.0090168
49.63	0.009013
49.64	0.0090091
49.65	0.0090053
49.66	0.0090015
49.67	0.0089977
49.68	0.0089938
49.69	0.00899
49.7	0.0089862
49.71	0.0089824
49.72	0.0089786
49.73	0.0089748
49.74	0.008971
49.75	0.0089672
49.76	0.0089634
49.77	0.0089596
49.78	0.0089558
49.79	0.008952
49.8	0.0089482
49.81	0.0089444
49.82	0.0089406
49.83	0.0089368
49.84	0.0089331
49.85	0.0089293
49.86	0.0089255
49.87	0.0089217
49.88	0.0089179
49.89	0.0089142
49.9	0.0089104
49.91	0.0089066
49.92	0.0089029
49.93	0.0088991
49.94	0.0088954
49.95	0.0088916
49.96	0.0088879
49.97	0.0088841
49.98	0.0088804
49.99	0.0088766
50.0	0.0088729
