eng	y_fit
0.01	4.3583
0.02	3.2222
0.03	2.7512
0.04	2.4919
0.05	2.3314
0.06	2.2265
0.07	2.1568
0.08	2.1112
0.09	2.0832
0.1	2.0686
0.11	2.0647
0.12	2.0695
0.13	2.0819
0.14	2.1007
0.15	2.1252
0.16	2.1551
0.17	2.1897
0.18	2.2288
0.19	2.2722
0.2	2.3198
0.21	2.3713
0.22	2.4266
0.23	2.4858
0.24	2.5487
0.25	2.6153
0.26	2.6856
0.27	2.7595
0.28	2.8371
0.29	2.9183
0.3	3.0031
0.31	3.1052444444444443
0.32	3.2073888888888886
0.33	3.3095333333333334
0.34	3.411677777777778
0.35	3.513822222222222
0.36	3.6159666666666666
0.37	3.7181111111111114
0.38	3.8202555555555557
0.39	3.9224
0.4	4.0401
0.41	4.1603
0.42	4.2827
0.43	4.4069
0.44	4.385096739130434
0.45	4.3632934782608706
0.46	4.341490217391304
0.47	4.319686956521739
0.48	4.297883695652175
0.49	4.276080434782609
0.5	4.254277173913043
0.51	4.232473913043479
0.52	4.2106706521739135
0.53	4.188867391304347
0.54	4.167064130434783
0.55	4.1452608695652176
0.56	4.123457608695652
0.57	4.101654347826087
0.58	4.079851086956522
0.59	4.058047826086957
0.6	4.036244565217392
0.61	4.014441304347827
0.62	3.992638043478261
0.63	3.970834782608696
0.64	3.9490315217391307
0.65	3.9272282608695654
0.66	3.905425
0.67	3.883621739130435
0.68	3.8618184782608695
0.69	3.8400152173913047
0.7	3.8182119565217394
0.71	3.7964086956521736
0.72	3.7746054347826083
0.73	3.7528021739130435
0.74	3.7309989130434786
0.75	3.709195652173913
0.76	3.6873923913043476
0.77	3.6655891304347827
0.78	3.6437858695652174
0.79	3.6219826086956526
0.8	3.6001793478260873
0.81	3.5783760869565215
0.82	3.5565728260869567
0.83	3.534769565217392
0.84	3.5129663043478265
0.85	3.491163043478261
0.86	3.4693597826086955
0.87	3.4475565217391306
0.88	3.4257532608695653
0.89	3.40395
0.9	3.3821467391304347
0.91	3.3603434782608694
0.92	3.338540217391304
0.93	3.316736956521739
0.94	3.2949336956521735
0.95	3.273130434782609
0.96	3.251327173913044
0.97	3.2295239130434785
0.98	3.2077206521739132
0.99	3.185917391304348
1.0	3.1641141304347826
1.01	3.1423108695652173
1.02	3.120507608695652
1.03	3.0987043478260867
1.04	3.0769010869565214
1.05	3.055097826086956
1.06	3.033294565217391
1.07	3.0114913043478264
1.08	2.989688043478261
1.09	2.967884782608696
1.1	2.9460815217391305
1.11	2.924278260869565
1.12	2.902475
1.13	2.8806717391304346
1.14	2.8588684782608693
1.15	2.837065217391304
1.16	2.815261956521739
1.17	2.793458695652174
1.18	2.7716554347826086
1.19	2.7498521739130433
1.2	2.728048913043478
1.21	2.706245652173913
1.22	2.684442391304348
1.23	2.6626391304347825
1.24	2.640835869565217
1.25	2.6190326086956524
1.26	2.597229347826087
1.27	2.5754260869565218
1.28	2.5536228260869565
1.29	2.531819565217391
1.3	2.510016304347826
1.31	2.4882130434782606
1.32	2.4664097826086957
1.33	2.4446065217391304
1.34	2.422803260869565
1.35	2.401
1.36	2.3881799999999997
1.37	2.37536
1.38	2.36254
1.39	2.34972
1.4	2.3369
1.41	2.32408
1.42	2.31126
1.43	2.29844
1.44	2.2856199999999998
1.45	2.2728
1.46	2.2599799999999997
1.47	2.24716
1.48	2.23434
1.49	2.22152
1.5	2.2087
1.51	2.2001
1.52	2.1915
1.53	2.1829
1.54	2.1742999999999997
1.55	2.1657
1.56	2.1571
1.57	2.1485000000000003
1.58	2.1399
1.59	2.1313
1.6	2.1231
1.61	2.1147
1.62	2.1066
1.63	2.0987
1.64	2.0906
1.65	2.0827
1.66	2.075
1.67	2.0671
1.68	2.0593
1.69	2.0518
1.7	2.0442
1.71	2.0367
1.72	2.0293
1.73	2.022
1.74	2.0147
1.75	2.0074
1.76	2.0003
1.77	1.9931
1.78	1.986
1.79	1.979
1.8	1.9721
1.81	1.9653
1.82	1.9585
1.83	1.9518
1.84	1.9451
1.85	1.9385
1.86	1.9319
1.87	1.9254
1.88	1.9189
1.89	1.9125
1.9	1.9061
1.91	1.8998
1.92	1.8936
1.93	1.8874
1.94	1.8813
1.95	1.8752
1.96	1.8692
1.97	1.8632
1.98	1.8573
1.99	1.8513
2.0	1.8455
2.01	1.8397
2.02	1.8339
2.03	1.8282
2.04	1.8225
2.05	1.8169
2.06	1.8113
2.07	1.8058
2.08	1.8004
2.09	1.7949
2.1	1.7895
2.11	1.7842
2.12	1.7789
2.13	1.7736
2.14	1.7683
2.15	1.7631
2.16	1.758
2.17	1.7528
2.18	1.7478
2.19	1.7427
2.2	1.7377
2.21	1.7327
2.22	1.7278
2.23	1.7229
2.24	1.718
2.25	1.7132
2.26	1.7084
2.27	1.7036
2.28	1.6989
2.29	1.6942
2.3	1.6895
2.31	1.6849
2.32	1.6802
2.33	1.6757
2.34	1.6711
2.35	1.6666
2.36	1.6621
2.37	1.6577
2.38	1.6532
2.39	1.6488
2.4	1.6444
2.41	1.6401
2.42	1.6358
2.43	1.6315
2.44	1.6272
2.45	1.623
2.46	1.6188
2.47	1.6146
2.48	1.6104
2.49	1.6063
2.5	1.6022
2.51	1.5981
2.52	1.594
2.53	1.59
2.54	1.586
2.55	1.582
2.56	1.578
2.57	1.5741
2.58	1.5701
2.59	1.5662
2.6	1.5623
2.61	1.5585
2.62	1.5546
2.63	1.5508
2.64	1.547
2.65	1.5432
2.66	1.5395
2.67	1.5357
2.68	1.532
2.69	1.5283
2.7	1.5246
2.71	1.521
2.72	1.5173
2.73	1.5137
2.74	1.5101
2.75	1.5065
2.76	1.5029
2.77	1.4993
2.78	1.4958
2.79	1.4923
2.8	1.4888
2.81	1.4853
2.82	1.4818
2.83	1.4783
2.84	1.4749
2.85	1.4714
2.86	1.468
2.87	1.4646
2.88	1.4612
2.89	1.4578
2.9	1.4545
2.91	1.4511
2.92	1.4478
2.93	1.4445
2.94	1.4412
2.95	1.4379
2.96	1.4346
2.97	1.4314
2.98	1.4281
2.99	1.4249
3.0	1.4216
3.01	1.4184
3.02	1.4152
3.03	1.412
3.04	1.4088
3.05	1.4057
3.06	1.4025
3.07	1.3994
3.08	1.3962
3.09	1.3931
3.1	1.39
3.11	1.3869
3.12	1.3838
3.13	1.3808
3.14	1.3777
3.15	1.3746
3.16	1.3716
3.17	1.3685
3.18	1.3655
3.19	1.3625
3.2	1.3595
3.21	1.3565
3.22	1.3535
3.23	1.3505
3.24	1.3476
3.25	1.3446
3.26	1.3417
3.27	1.3387
3.28	1.3358
3.29	1.3329
3.3	1.33
3.31	1.3271
3.32	1.3242
3.33	1.3213
3.34	1.3184
3.35	1.3155
3.36	1.3127
3.37	1.3098
3.38	1.307
3.39	1.3042
3.4	1.3013
3.41	1.2985
3.42	1.2957
3.43	1.2929
3.44	1.2901
3.45	1.2873
3.46	1.2845
3.47	1.2818
3.48	1.279
3.49	1.2763
3.5	1.2735
3.51	1.2708
3.52	1.268
3.53	1.2653
3.54	1.2626
3.55	1.2599
3.56	1.2572
3.57	1.2545
3.58	1.2518
3.59	1.2491
3.6	1.2464
3.61	1.2438
3.62	1.2411
3.63	1.2385
3.64	1.2358
3.65	1.2332
3.66	1.2305
3.67	1.2279
3.68	1.2253
3.69	1.2227
3.7	1.2201
3.71	1.2175
3.72	1.2149
3.73	1.2123
3.74	1.2097
3.75	1.2071
3.76	1.2046
3.77	1.202
3.78	1.1995
3.79	1.1969
3.8	1.1944
3.81	1.1918
3.82	1.1893
3.83	1.1868
3.84	1.1842
3.85	1.1817
3.86	1.1792
3.87	1.1767
3.88	1.1742
3.89	1.1717
3.9	1.1692
3.91	1.1668
3.92	1.1643
3.93	1.1618
3.94	1.1594
3.95	1.1569
3.96	1.1544
3.97	1.152
3.98	1.1496
3.99	1.1471
4.0	1.1447
4.01	1.1423
4.02	1.1398
4.03	1.1374
4.04	1.135
4.05	1.1326
4.06	1.1302
4.07	1.1278
4.08	1.1254
4.09	1.123
4.1	1.1207
4.11	1.1183
4.12	1.1159
4.13	1.1136
4.14	1.1112
4.15	1.1088
4.16	1.1065
4.17	1.1042
4.18	1.1018
4.19	1.0995
4.2	1.0972
4.21	1.0948
4.22	1.0925
4.23	1.0902
4.24	1.0879
4.25	1.0856
4.26	1.0833
4.27	1.081
4.28	1.0787
4.29	1.0764
4.3	1.0741
4.31	1.0719
4.32	1.0696
4.33	1.0673
4.34	1.0651
4.35	1.0628
4.36	1.0605
4.37	1.0583
4.38	1.0561
4.39	1.0538
4.4	1.0516
4.41	1.0493
4.42	1.0471
4.43	1.0449
4.44	1.0427
4.45	1.0405
4.46	1.0383
4.47	1.0361
4.48	1.0339
4.49	1.0317
4.5	1.0295
4.51	1.0273
4.52	1.0251
4.53	1.023
4.54	1.0208
4.55	1.0186
4.56	1.0165
4.57	1.0143
4.58	1.0122
4.59	1.01
4.6	1.0079
4.61	1.0057
4.62	1.0036
4.63	1.0015
4.64	0.99936
4.65	0.99724
4.66	0.99512
4.67	0.99301
4.68	0.99091
4.69	0.98881
4.7	0.98672
4.71	0.98462
4.72	0.98254
4.73	0.98046
4.74	0.97838
4.75	0.97631
4.76	0.97424
4.77	0.97218
4.78	0.97012
4.79	0.96807
4.8	0.96602
4.81	0.96397
4.82	0.96193
4.83	0.9599
4.84	0.95787
4.85	0.95584
4.86	0.95382
4.87	0.9518
4.88	0.94979
4.89	0.94778
4.9	0.94578
4.91	0.94378
4.92	0.94178
4.93	0.93979
4.94	0.93781
4.95	0.93583
4.96	0.93385
4.97	0.93188
4.98	0.92991
4.99	0.92795
5.0	0.92599
5.01	0.92404
5.02	0.92209
5.03	0.92014
5.04	0.9182
5.05	0.91626
5.06	0.91433
5.07	0.9124
5.08	0.91048
5.09	0.90856
5.1	0.90665
5.11	0.90474
5.12	0.90283
5.13	0.90093
5.14	0.89903
5.15	0.89714
5.16	0.89525
5.17	0.89337
5.18	0.89149
5.19	0.88961
5.2	0.88774
5.21	0.88587
5.22	0.88401
5.23	0.88215
5.24	0.8803
5.25	0.87844
5.26	0.8766
5.27	0.87475
5.28	0.87292
5.29	0.87108
5.3	0.86925
5.31	0.86743
5.32	0.8656
5.33	0.86378
5.34	0.86197
5.35	0.86016
5.36	0.85835
5.37	0.85655
5.38	0.85475
5.39	0.85296
5.4	0.85117
5.41	0.84938
5.42	0.8476
5.43	0.84582
5.44	0.84404
5.45	0.84227
5.46	0.8405
5.47	0.83874
5.48	0.83698
5.49	0.83522
5.5	0.83347
5.51	0.83172
5.52	0.82997
5.53	0.82823
5.54	0.82649
5.55	0.82476
5.56	0.82303
5.57	0.8213
5.58	0.81957
5.59	0.81785
5.6	0.81614
5.61	0.81442
5.62	0.81271
5.63	0.81101
5.64	0.80931
5.65	0.80761
5.66	0.80591
5.67	0.80422
5.68	0.80253
5.69	0.80084
5.7	0.79916
5.71	0.79748
5.72	0.79581
5.73	0.79414
5.74	0.79247
5.75	0.7908
5.76	0.78914
5.77	0.78748
5.78	0.78583
5.79	0.78418
5.8	0.78253
5.81	0.78088
5.82	0.77924
5.83	0.7776
5.84	0.77597
5.85	0.77434
5.86	0.77271
5.87	0.77108
5.88	0.76946
5.89	0.76784
5.9	0.76623
5.91	0.76462
5.92	0.76301
5.93	0.7614
5.94	0.7598
5.95	0.7582
5.96	0.7566
5.97	0.75501
5.98	0.75342
5.99	0.75184
6.0	0.75025
6.01	0.74867
6.02	0.7471
6.03	0.74552
6.04	0.74395
6.05	0.74239
6.06	0.74082
6.07	0.73926
6.08	0.7377
6.09	0.73615
6.1	0.7346
6.11	0.73305
6.12	0.73151
6.13	0.72997
6.14	0.72843
6.15	0.72689
6.16	0.72536
6.17	0.72383
6.18	0.72231
6.19	0.72078
6.2	0.71926
6.21	0.71775
6.22	0.71624
6.23	0.71473
6.24	0.71322
6.25	0.71172
6.26	0.71022
6.27	0.70872
6.28	0.70723
6.29	0.70574
6.3	0.70425
6.31	0.70276
6.32	0.70128
6.33	0.69981
6.34	0.69833
6.35	0.69686
6.36	0.69539
6.37	0.69393
6.38	0.69246
6.39	0.69101
6.4	0.68955
6.41	0.6881
6.42	0.68665
6.43	0.6852
6.44	0.68376
6.45	0.68232
6.46	0.68088
6.47	0.67945
6.48	0.67802
6.49	0.67659
6.5	0.67517
6.51	0.67375
6.52	0.67233
6.53	0.67091
6.54	0.6695
6.55	0.6681
6.56	0.66669
6.57	0.66529
6.58	0.66389
6.59	0.66249
6.6	0.6611
6.61	0.65971
6.62	0.65832
6.63	0.65694
6.64	0.65556
6.65	0.65418
6.66	0.65281
6.67	0.65144
6.68	0.65007
6.69	0.64871
6.7	0.64735
6.71	0.64599
6.72	0.64463
6.73	0.64328
6.74	0.64193
6.75	0.64058
6.76	0.63924
6.77	0.6379
6.78	0.63656
6.79	0.63523
6.8	0.6339
6.81	0.63257
6.82	0.63124
6.83	0.62992
6.84	0.6286
6.85	0.62729
6.86	0.62597
6.87	0.62466
6.88	0.62336
6.89	0.62205
6.9	0.62075
6.91	0.61945
6.92	0.61816
6.93	0.61686
6.94	0.61557
6.95	0.61429
6.96	0.613
6.97	0.61172
6.98	0.61044
6.99	0.60917
7.0	0.6079
7.01	0.60663
7.02	0.60536
7.03	0.6041
7.04	0.60284
7.05	0.60158
7.06	0.60032
7.07	0.59907
7.08	0.59782
7.09	0.59657
7.1	0.59533
7.11	0.59409
7.12	0.59285
7.13	0.59161
7.14	0.59038
7.15	0.58915
7.16	0.58792
7.17	0.5867
7.18	0.58548
7.19	0.58426
7.2	0.58304
7.21	0.58183
7.22	0.58062
7.23	0.57941
7.24	0.5782
7.25	0.577
7.26	0.5758
7.27	0.5746
7.28	0.5734
7.29	0.57221
7.3	0.57102
7.31	0.56983
7.32	0.56865
7.33	0.56747
7.34	0.56629
7.35	0.56511
7.36	0.56394
7.37	0.56277
7.38	0.5616
7.39	0.56043
7.4	0.55927
7.41	0.55811
7.42	0.55695
7.43	0.55579
7.44	0.55464
7.45	0.55349
7.46	0.55234
7.47	0.55119
7.48	0.55005
7.49	0.54891
7.5	0.54777
7.51	0.54664
7.52	0.5455
7.53	0.54437
7.54	0.54324
7.55	0.54212
7.56	0.54099
7.57	0.53987
7.58	0.53876
7.59	0.53764
7.6	0.53653
7.61	0.53542
7.62	0.53431
7.63	0.5332
7.64	0.5321
7.65	0.531
7.66	0.5299
7.67	0.5288
7.68	0.52771
7.69	0.52662
7.7	0.52553
7.71	0.52444
7.72	0.52336
7.73	0.52228
7.74	0.5212
7.75	0.52012
7.76	0.51905
7.77	0.51798
7.78	0.51691
7.79	0.51584
7.8	0.51478
7.81	0.51372
7.82	0.51266
7.83	0.5116
7.84	0.51054
7.85	0.50949
7.86	0.50844
7.87	0.5074
7.88	0.50635
7.89	0.50531
7.9	0.50427
7.91	0.50323
7.92	0.50219
7.93	0.50116
7.94	0.50013
7.95	0.4991
7.96	0.49808
7.97	0.49705
7.98	0.49603
7.99	0.49501
8.0	0.49399
8.01	0.49298
8.02	0.49197
8.03	0.49096
8.04	0.48995
8.05	0.48895
8.06	0.48795
8.07	0.48695
8.08	0.48595
8.09	0.48495
8.1	0.48396
8.11	0.48297
8.12	0.48198
8.13	0.48099
8.14	0.48001
8.15	0.47903
8.16	0.47805
8.17	0.47707
8.18	0.4761
8.19	0.47513
8.2	0.47416
8.21	0.47319
8.22	0.47222
8.23	0.47126
8.24	0.4703
8.25	0.46934
8.26	0.46839
8.27	0.46743
8.28	0.46648
8.29	0.46553
8.3	0.46458
8.31	0.46364
8.32	0.4627
8.33	0.46176
8.34	0.46082
8.35	0.45988
8.36	0.45895
8.37	0.45802
8.38	0.45709
8.39	0.45616
8.4	0.45524
8.41	0.45432
8.42	0.4534
8.43	0.45248
8.44	0.45156
8.45	0.45065
8.46	0.44974
8.47	0.44883
8.48	0.44792
8.49	0.44702
8.5	0.44611
8.51	0.44521
8.52	0.44432
8.53	0.44342
8.54	0.44253
8.55	0.44164
8.56	0.44075
8.57	0.43986
8.58	0.43897
8.59	0.43809
8.6	0.43721
8.61	0.43633
8.62	0.43545
8.63	0.43458
8.64	0.43371
8.65	0.43284
8.66	0.43197
8.67	0.4311
8.68	0.43024
8.69	0.42938
8.7	0.42852
8.71	0.42766
8.72	0.42681
8.73	0.42595
8.74	0.4251
8.75	0.42425
8.76	0.42341
8.77	0.42256
8.78	0.42172
8.79	0.42088
8.8	0.42004
8.81	0.4192
8.82	0.41837
8.83	0.41754
8.84	0.41671
8.85	0.41588
8.86	0.41505
8.87	0.41423
8.88	0.41341
8.89	0.41259
8.9	0.41177
8.91	0.41096
8.92	0.41015
8.93	0.40934
8.94	0.40853
8.95	0.40773
8.96	0.40693
8.97	0.40613
8.98	0.40534
8.99	0.40456
9.0	0.40374
9.01	0.40289
9.02	0.40208
9.03	0.40129
9.04	0.40051
9.05	0.39972
9.06	0.39895
9.07	0.39817
9.08	0.39739
9.09	0.39662
9.1	0.39585
9.11	0.39509
9.12	0.39433
9.13	0.39357
9.14	0.39282
9.15	0.39207
9.16	0.39133
9.17	0.3906
9.18	0.38987
9.19	0.38916
9.2	0.38846
9.21	0.38779
9.22	0.38714
9.23	0.38653
9.24	0.38598
9.25	0.38552
9.26	0.38523
9.27	0.38524
9.28	0.38583
9.29	0.38768
9.3	0.38655500000000004
9.31	0.38543000000000005
9.32	0.384305
9.33	0.38318
9.34	0.38004
9.35	0.37817
9.36	0.37684
9.37	0.37578
9.38	0.37485
9.39	0.374
9.4	0.37319
9.41	0.37241
9.42	0.37166
9.43	0.37091
9.44	0.37019
9.45	0.36947
9.46	0.368949
9.47	0.368428
9.48	0.367907
9.49	0.367386
9.5	0.366865
9.51	0.366344
9.52	0.365823
9.53	0.365302
9.54	0.36478099999999997
9.55	0.36426
9.56	0.36477
9.57	0.36636
9.58	0.3658242857142857
9.59	0.3652885714285714
9.6	0.3647528571428571
9.61	0.36421714285714285
9.62	0.3636814285714286
9.63	0.36314571428571424
9.64	0.36261
9.65	0.36007
9.66	0.35825
9.67	0.35683
9.68	0.35564
9.69	0.3547975
9.7	0.353955
9.71	0.3531125
9.72	0.35226999999999997
9.73	0.3514275
9.74	0.350585
9.75	0.3497425
9.76	0.3489
9.77	0.34819
9.78	0.3475
9.79	0.34682
9.8	0.34616
9.81	0.34553
9.82	0.34492
9.83	0.34435
9.84	0.34384
9.85	0.34341
9.86	0.34304
9.87	0.34248
9.88	0.34127
9.89	0.33991
9.9	0.3389
9.91	0.33812
9.92	0.33743
9.93	0.33677
9.94	0.33613
9.95	0.33549
9.96	0.33485
9.97	0.33422
9.98	0.33359
9.99	0.33296
10.0	0.33233
10.01	0.3317
10.02	0.33107
10.03	0.33044
10.04	0.32981
10.05	0.32919
10.06	0.32857
10.07	0.32795
10.08	0.32733
10.09	0.32671
10.1	0.3261
10.11	0.32548
10.12	0.32486
10.13	0.32423
10.14	0.32358
10.15	0.32295
10.16	0.32233
10.17	0.32172
10.18	0.32111
10.19	0.3205
10.2	0.3199
10.21	0.3193
10.22	0.3187
10.23	0.3181
10.24	0.3175
10.25	0.3169
10.26	0.3163
10.27	0.31571
10.28	0.31511
10.29	0.31452
10.3	0.31393
10.31	0.31334
10.32	0.31276
10.33	0.31218
10.34	0.31161
10.35	0.31106
10.36	0.31054
10.37	0.31005
10.38	0.30959
10.39	0.30909
10.4	0.30853
10.41	0.30793
10.42	0.30731
10.43	0.3067
10.44	0.30609
10.45	0.3055
10.46	0.30491
10.47	0.30432
10.48	0.30375
10.49	0.30317
10.5	0.3026
10.51	0.30203
10.52	0.30147
10.53	0.30091
10.54	0.30035
10.55	0.2998
10.56	0.29925
10.57	0.2987
10.58	0.29815
10.59	0.29761
10.6	0.29707
10.61	0.29652
10.62	0.29597
10.63	0.29541
10.64	0.29484
10.65	0.29428
10.66	0.29373
10.67	0.29318
10.68	0.29263
10.69	0.2921
10.7	0.29156
10.71	0.29103
10.72	0.2905
10.73	0.28998
10.74	0.28945
10.75	0.28893
10.76	0.28841
10.77	0.2879
10.78	0.28739
10.79	0.28688
10.8	0.28638
10.81	0.28588
10.82	0.28539
10.83	0.2849
10.84	0.28441
10.85	0.2839
10.86	0.28337
10.87	0.28281
10.88	0.28224
10.89	0.28166
10.9	0.2811
10.91	0.28055
10.92	0.28002
10.93	0.27949
10.94	0.27898
10.95	0.27847
10.96	0.27796
10.97	0.27746
10.98	0.27697
10.99	0.27647
11.0	0.27598
11.01	0.27549
11.02	0.27501
11.03	0.27453
11.04	0.27405
11.05	0.27358
11.06	0.27311
11.07	0.27264
11.08	0.27216
11.09	0.27166
11.1	0.27114
11.11	0.27062
11.12	0.2701
11.13	0.2696
11.14	0.2691
11.15	0.26861
11.16	0.26812
11.17	0.26764
11.18	0.26716
11.19	0.26668
11.2	0.2662
11.21	0.26573
11.22	0.26526
11.23	0.26479
11.24	0.26432
11.25	0.26386
11.26	0.26339
11.27	0.26293
11.28	0.26246
11.29	0.26199
11.3	0.26152
11.31	0.26105
11.32	0.26058
11.33	0.26012
11.34	0.25966
11.35	0.2592
11.36	0.25874
11.37	0.25828
11.38	0.25783
11.39	0.25737
11.4	0.25692
11.41	0.25647
11.42	0.25601
11.43	0.25556
11.44	0.25512
11.45	0.25467
11.46	0.25422
11.47	0.25377
11.48	0.25333
11.49	0.25288
11.5	0.25244
11.51	0.252
11.52	0.25156
11.53	0.25112
11.54	0.25068
11.55	0.25025
11.56	0.24981
11.57	0.24938
11.58	0.24894
11.59	0.2485
11.6	0.24807
11.61	0.24765
11.62	0.24721
11.63	0.24678
11.64	0.24636
11.65	0.24593
11.66	0.2455
11.67	0.24508
11.68	0.24465
11.69	0.24423
11.7	0.24381
11.71	0.24339
11.72	0.24297
11.73	0.24255
11.74	0.24213
11.75	0.24171
11.76	0.2413
11.77	0.24088
11.78	0.24047
11.79	0.24005
11.8	0.23964
11.81	0.23923
11.82	0.23882
11.83	0.23841
11.84	0.238
11.85	0.23759
11.86	0.23718
11.87	0.23678
11.88	0.23637
11.89	0.23597
11.9	0.23557
11.91	0.23516
11.92	0.23476
11.93	0.23436
11.94	0.23396
11.95	0.23356
11.96	0.23316
11.97	0.23277
11.98	0.23237
11.99	0.23198
12.0	0.23158
12.01	0.23119
12.02	0.23079
12.03	0.2304
12.04	0.23001
12.05	0.22962
12.06	0.22923
12.07	0.22884
12.08	0.22846
12.09	0.22807
12.1	0.22768
12.11	0.2273
12.12	0.22691
12.13	0.22653
12.14	0.22615
12.15	0.22576
12.16	0.22538
12.17	0.225
12.18	0.22462
12.19	0.22425
12.2	0.22387
12.21	0.22349
12.22	0.22311
12.23	0.22274
12.24	0.22236
12.25	0.22199
12.26	0.22162
12.27	0.22125
12.28	0.22087
12.29	0.2205
12.3	0.22013
12.31	0.21976
12.32	0.2194
12.33	0.21903
12.34	0.21866
12.35	0.2183
12.36	0.21793
12.37	0.21757
12.38	0.2172
12.39	0.21684
12.4	0.21648
12.41	0.21612
12.42	0.21576
12.43	0.2154
12.44	0.21504
12.45	0.21468
12.46	0.21432
12.47	0.21396
12.48	0.21361
12.49	0.21325
12.5	0.2129
12.51	0.21255
12.52	0.21219
12.53	0.21184
12.54	0.21149
12.55	0.21114
12.56	0.21079
12.57	0.21044
12.58	0.21009
12.59	0.20974
12.6	0.2094
12.61	0.20905
12.62	0.2087
12.63	0.20836
12.64	0.20801
12.65	0.20767
12.66	0.20733
12.67	0.20699
12.68	0.20664
12.69	0.2063
12.7	0.20596
12.71	0.20563
12.72	0.20529
12.73	0.20495
12.74	0.20461
12.75	0.20428
12.76	0.20394
12.77	0.20361
12.78	0.20327
12.79	0.20294
12.8	0.20261
12.81	0.20227
12.82	0.20194
12.83	0.20161
12.84	0.20128
12.85	0.20095
12.86	0.20062
12.87	0.2003
12.88	0.19997
12.89	0.19964
12.9	0.19932
12.91	0.19899
12.92	0.19867
12.93	0.19834
12.94	0.19802
12.95	0.1977
12.96	0.19738
12.97	0.19705
12.98	0.19673
12.99	0.19641
13.0	0.1961
13.01	0.19578
13.02	0.19546
13.03	0.19514
13.04	0.19483
13.05	0.19451
13.06	0.1942
13.07	0.19388
13.08	0.19357
13.09	0.19326
13.1	0.19294
13.11	0.19263
13.12	0.19232
13.13	0.19201
13.14	0.1917
13.15	0.19139
13.16	0.19108
13.17	0.19078
13.18	0.19047
13.19	0.19016
13.2	0.18986
13.21	0.18955
13.22	0.18925
13.23	0.18894
13.24	0.18864
13.25	0.18834
13.26	0.18804
13.27	0.18773
13.28	0.18743
13.29	0.18713
13.3	0.18683
13.31	0.18653
13.32	0.18624
13.33	0.18594
13.34	0.18564
13.35	0.18535
13.36	0.18505
13.37	0.18476
13.38	0.18446
13.39	0.18417
13.4	0.18387
13.41	0.18358
13.42	0.18329
13.43	0.183
13.44	0.18271
13.45	0.18242
13.46	0.18213
13.47	0.18184
13.48	0.18155
13.49	0.18126
13.5	0.18098
13.51	0.18069
13.52	0.1804
13.53	0.18012
13.54	0.17983
13.55	0.17955
13.56	0.17927
13.57	0.17898
13.58	0.1787
13.59	0.17842
13.6	0.17814
13.61	0.17786
13.62	0.17758
13.63	0.1773
13.64	0.17702
13.65	0.17674
13.66	0.17647
13.67	0.17619
13.68	0.17591
13.69	0.17564
13.7	0.17536
13.71	0.17509
13.72	0.17481
13.73	0.17454
13.74	0.17427
13.75	0.174
13.76	0.17372
13.77	0.17345
13.78	0.17318
13.79	0.17291
13.8	0.17264
13.81	0.17237
13.82	0.17211
13.83	0.17184
13.84	0.17157
13.85	0.1713
13.86	0.17104
13.87	0.17077
13.88	0.17051
13.89	0.17024
13.9	0.16998
13.91	0.16972
13.92	0.16945
13.93	0.16919
13.94	0.16893
13.95	0.16867
13.96	0.16841
13.97	0.16815
13.98	0.16789
13.99	0.16763
14.0	0.16737
14.01	0.16711
14.02	0.16686
14.03	0.1666
14.04	0.16634
14.05	0.16609
14.06	0.16583
14.07	0.16558
14.08	0.16533
14.09	0.16507
14.1	0.16482
14.11	0.16457
14.12	0.16431
14.13	0.16406
14.14	0.16381
14.15	0.16356
14.16	0.16331
14.17	0.16306
14.18	0.16281
14.19	0.16257
14.2	0.16232
14.21	0.16207
14.22	0.16182
14.23	0.16158
14.24	0.16133
14.25	0.16109
14.26	0.16084
14.27	0.1606
14.28	0.16036
14.29	0.16011
14.3	0.15987
14.31	0.15963
14.32	0.15939
14.33	0.15915
14.34	0.1589
14.35	0.15866
14.36	0.15843
14.37	0.15819
14.38	0.15795
14.39	0.15771
14.4	0.15747
14.41	0.15724
14.42	0.157
14.43	0.15676
14.44	0.15653
14.45	0.15629
14.46	0.15606
14.47	0.15582
14.48	0.15559
14.49	0.15536
14.5	0.15512
14.51	0.15489
14.52	0.15466
14.53	0.15443
14.54	0.1542
14.55	0.15397
14.56	0.15374
14.57	0.15351
14.58	0.15328
14.59	0.15305
14.6	0.15282
14.61	0.1526
14.62	0.15237
14.63	0.15214
14.64	0.15192
14.65	0.15169
14.66	0.15147
14.67	0.15124
14.68	0.15102
14.69	0.15079
14.7	0.15057
14.71	0.15035
14.72	0.15012
14.73	0.1499
14.74	0.14968
14.75	0.14946
14.76	0.14924
14.77	0.14902
14.78	0.1488
14.79	0.14858
14.8	0.14836
14.81	0.14814
14.82	0.14793
14.83	0.14771
14.84	0.14749
14.85	0.14728
14.86	0.14706
14.87	0.14684
14.88	0.14663
14.89	0.14641
14.9	0.1462
14.91	0.14599
14.92	0.14577
14.93	0.14556
14.94	0.14535
14.95	0.14514
14.96	0.14492
14.97	0.14471
14.98	0.1445
14.99	0.14429
15.0	0.14408
15.01	0.14387
15.02	0.14366
15.03	0.14345
15.04	0.14325
15.05	0.14304
15.06	0.14283
15.07	0.14262
15.08	0.14242
15.09	0.14221
15.1	0.14201
15.11	0.1418
15.12	0.1416
15.13	0.14139
15.14	0.14119
15.15	0.14098
15.16	0.14078
15.17	0.14058
15.18	0.14038
15.19	0.14017
15.2	0.13997
15.21	0.13977
15.22	0.13957
15.23	0.13937
15.24	0.13917
15.25	0.13897
15.26	0.13877
15.27	0.13857
15.28	0.13837
15.29	0.13818
15.3	0.13798
15.31	0.13778
15.32	0.13758
15.33	0.13739
15.34	0.13719
15.35	0.137
15.36	0.1368
15.37	0.13661
15.38	0.13641
15.39	0.13622
15.4	0.13602
15.41	0.13583
15.42	0.13564
15.43	0.13545
15.44	0.13525
15.45	0.13506
15.46	0.13487
15.47	0.13468
15.48	0.13449
15.49	0.1343
15.5	0.13411
15.51	0.13392
15.52	0.13373
15.53	0.13354
15.54	0.13335
15.55	0.13317
15.56	0.13298
15.57	0.13279
15.58	0.13261
15.59	0.13242
15.6	0.13223
15.61	0.13205
15.62	0.13186
15.63	0.13168
15.64	0.13149
15.65	0.13131
15.66	0.13112
15.67	0.13094
15.68	0.13076
15.69	0.13057
15.7	0.13039
15.71	0.13021
15.72	0.13003
15.73	0.12985
15.74	0.12967
15.75	0.12949
15.76	0.12931
15.77	0.12913
15.78	0.12895
15.79	0.12877
15.8	0.12859
15.81	0.12841
15.82	0.12823
15.83	0.12805
15.84	0.12788
15.85	0.1277
15.86	0.12752
15.87	0.12735
15.88	0.12717
15.89	0.12699
15.9	0.12682
15.91	0.12664
15.92	0.12647
15.93	0.1263
15.94	0.12612
15.95	0.12595
15.96	0.12577
15.97	0.1256
15.98	0.12543
15.99	0.12526
16.0	0.12508
16.01	0.12491
16.02	0.12474
16.03	0.12457
16.04	0.1244
16.05	0.12423
16.06	0.12406
16.07	0.12389
16.08	0.12372
16.09	0.12355
16.1	0.12338
16.11	0.12321
16.12	0.12305
16.13	0.12288
16.14	0.12271
16.15	0.12254
16.16	0.12238
16.17	0.12221
16.18	0.12205
16.19	0.12188
16.2	0.12171
16.21	0.12155
16.22	0.12138
16.23	0.12122
16.24	0.12106
16.25	0.12089
16.26	0.12073
16.27	0.12056
16.28	0.1204
16.29	0.12024
16.3	0.12008
16.31	0.11991
16.32	0.11975
16.33	0.11959
16.34	0.11943
16.35	0.11927
16.36	0.11911
16.37	0.11895
16.38	0.11879
16.39	0.11863
16.4	0.11847
16.41	0.11831
16.42	0.11815
16.43	0.118
16.44	0.11784
16.45	0.11768
16.46	0.11752
16.47	0.11736
16.48	0.11721
16.49	0.11705
16.5	0.1169
16.51	0.11674
16.52	0.11658
16.53	0.11643
16.54	0.11627
16.55	0.11612
16.56	0.11596
16.57	0.11581
16.58	0.11566
16.59	0.1155
16.6	0.11535
16.61	0.1152
16.62	0.11504
16.63	0.11489
16.64	0.11474
16.65	0.11459
16.66	0.11444
16.67	0.11428
16.68	0.11413
16.69	0.11398
16.7	0.11383
16.71	0.11368
16.72	0.11353
16.73	0.11338
16.74	0.11323
16.75	0.11308
16.76	0.11294
16.77	0.11279
16.78	0.11264
16.79	0.11249
16.8	0.11234
16.81	0.1122
16.82	0.11205
16.83	0.1119
16.84	0.11176
16.85	0.11161
16.86	0.11146
16.87	0.11132
16.88	0.11117
16.89	0.11103
16.9	0.11088
16.91	0.11074
16.92	0.11059
16.93	0.11045
16.94	0.1103
16.95	0.11016
16.96	0.11002
16.97	0.10987
16.98	0.10973
16.99	0.10959
17.0	0.10945
17.01	0.10931
17.02	0.10916
17.03	0.10902
17.04	0.10888
17.05	0.10874
17.06	0.1086
17.07	0.10846
17.08	0.10832
17.09	0.10818
17.1	0.10804
17.11	0.1079
17.12	0.10776
17.13	0.10762
17.14	0.10748
17.15	0.10734
17.16	0.10721
17.17	0.10707
17.18	0.10693
17.19	0.10679
17.2	0.10666
17.21	0.10652
17.22	0.10638
17.23	0.10625
17.24	0.10611
17.25	0.10597
17.26	0.10584
17.27	0.1057
17.28	0.10557
17.29	0.10543
17.3	0.1053
17.31	0.10516
17.32	0.10503
17.33	0.1049
17.34	0.10476
17.35	0.10463
17.36	0.1045
17.37	0.10436
17.38	0.10423
17.39	0.1041
17.4	0.10397
17.41	0.10383
17.42	0.1037
17.43	0.10357
17.44	0.10344
17.45	0.10331
17.46	0.10318
17.47	0.10305
17.48	0.10292
17.49	0.10279
17.5	0.10266
17.51	0.10253
17.52	0.1024
17.53	0.10227
17.54	0.10214
17.55	0.10201
17.56	0.10188
17.57	0.10175
17.58	0.10163
17.59	0.1015
17.6	0.10137
17.61	0.10124
17.62	0.10112
17.63	0.10099
17.64	0.10086
17.65	0.10074
17.66	0.10061
17.67	0.10048
17.68	0.10036
17.69	0.10023
17.7	0.10011
17.71	0.099982
17.72	0.099857
17.73	0.099733
17.74	0.099608
17.75	0.099484
17.76	0.09936
17.77	0.099236
17.78	0.099113
17.79	0.09899
17.8	0.098866
17.81	0.098744
17.82	0.098621
17.83	0.098499
17.84	0.098376
17.85	0.098254
17.86	0.098133
17.87	0.098011
17.88	0.09789
17.89	0.097769
17.9	0.097648
17.91	0.097527
17.92	0.097406
17.93	0.097286
17.94	0.097166
17.95	0.097046
17.96	0.096927
17.97	0.096807
17.98	0.096688
17.99	0.096569
18.0	0.09645
18.01	0.096331
18.02	0.096213
18.03	0.096095
18.04	0.095977
18.05	0.095859
18.06	0.095742
18.07	0.095624
18.08	0.095507
18.09	0.09539
18.1	0.095273
18.11	0.095157
18.12	0.095041
18.13	0.094924
18.14	0.094808
18.15	0.094693
18.16	0.094577
18.17	0.094462
18.18	0.094347
18.19	0.094232
18.2	0.094117
18.21	0.094003
18.22	0.093888
18.23	0.093774
18.24	0.09366
18.25	0.093547
18.26	0.093433
18.27	0.09332
18.28	0.093207
18.29	0.093094
18.3	0.092981
18.31	0.092868
18.32	0.092756
18.33	0.092644
18.34	0.092532
18.35	0.09242
18.36	0.092308
18.37	0.092197
18.38	0.092086
18.39	0.091975
18.4	0.091864
18.41	0.091753
18.42	0.091643
18.43	0.091533
18.44	0.091423
18.45	0.091313
18.46	0.091203
18.47	0.091094
18.48	0.090984
18.49	0.090875
18.5	0.090766
18.51	0.090658
18.52	0.090549
18.53	0.090441
18.54	0.090333
18.55	0.090225
18.56	0.090117
18.57	0.090009
18.58	0.089902
18.59	0.089794
18.6	0.089687
18.61	0.089581
18.62	0.089474
18.63	0.089367
18.64	0.089261
18.65	0.089155
18.66	0.089049
18.67	0.088943
18.68	0.088837
18.69	0.088732
18.7	0.088627
18.71	0.088522
18.72	0.088417
18.73	0.088312
18.74	0.088207
18.75	0.088103
18.76	0.087999
18.77	0.087895
18.78	0.087791
18.79	0.087687
18.8	0.087584
18.81	0.087481
18.82	0.087377
18.83	0.087274
18.84	0.087172
18.85	0.087069
18.86	0.086967
18.87	0.086864
18.88	0.086762
18.89	0.08666
18.9	0.086559
18.91	0.086457
18.92	0.086356
18.93	0.086254
18.94	0.086153
18.95	0.086052
18.96	0.085952
18.97	0.085851
18.98	0.085751
18.99	0.08565
19.0	0.08555
19.01	0.08545
19.02	0.085351
19.03	0.085251
19.04	0.085152
19.05	0.085053
19.06	0.084954
19.07	0.084855
19.08	0.084756
19.09	0.084657
19.1	0.084559
19.11	0.084461
19.12	0.084363
19.13	0.084265
19.14	0.084167
19.15	0.084069
19.16	0.083972
19.17	0.083875
19.18	0.083778
19.19	0.083681
19.2	0.083584
19.21	0.083487
19.22	0.083391
19.23	0.083295
19.24	0.083198
19.25	0.083102
19.26	0.083007
19.27	0.082911
19.28	0.082816
19.29	0.08272
19.3	0.082625
19.31	0.08253
19.32	0.082435
19.33	0.08234
19.34	0.082246
19.35	0.082151
19.36	0.082057
19.37	0.081963
19.38	0.081869
19.39	0.081775
19.4	0.081682
19.41	0.081588
19.42	0.081495
19.43	0.081402
19.44	0.081309
19.45	0.081216
19.46	0.081123
19.47	0.081031
19.48	0.080938
19.49	0.080846
19.5	0.080754
19.51	0.080662
19.52	0.08057
19.53	0.080479
19.54	0.080387
19.55	0.080296
19.56	0.080205
19.57	0.080114
19.58	0.080023
19.59	0.079932
19.6	0.079841
19.61	0.079751
19.62	0.079661
19.63	0.07957
19.64	0.07948
19.65	0.079391
19.66	0.079301
19.67	0.079211
19.68	0.079122
19.69	0.079033
19.7	0.078943
19.71	0.078854
19.72	0.078766
19.73	0.078677
19.74	0.078588
19.75	0.0785
19.76	0.078412
19.77	0.078324
19.78	0.078236
19.79	0.078148
19.8	0.07806
19.81	0.077972
19.82	0.077885
19.83	0.077798
19.84	0.077711
19.85	0.077624
19.86	0.077537
19.87	0.07745
19.88	0.077363
19.89	0.077277
19.9	0.077191
19.91	0.077105
19.92	0.077019
19.93	0.076933
19.94	0.076847
19.95	0.076761
19.96	0.076676
19.97	0.07659
19.98	0.076505
19.99	0.07642
20.0	0.076335
20.01	0.076251
20.02	0.076166
20.03	0.076081
20.04	0.075997
20.05	0.075913
20.06	0.075829
20.07	0.075745
20.08	0.075661
20.09	0.075577
20.1	0.075494
20.11	0.07541
20.12	0.075327
20.13	0.075244
20.14	0.075161
20.15	0.075078
20.16	0.074995
20.17	0.074912
20.18	0.07483
20.19	0.074747
20.2	0.074665
20.21	0.074583
20.22	0.074501
20.23	0.074419
20.24	0.074337
20.25	0.074256
20.26	0.074174
20.27	0.074093
20.28	0.074012
20.29	0.073931
20.3	0.07385
20.31	0.073769
20.32	0.073688
20.33	0.073608
20.34	0.073527
20.35	0.073447
20.36	0.073367
20.37	0.073286
20.38	0.073207
20.39	0.073127
20.4	0.073047
20.41	0.072967
20.42	0.072888
20.43	0.072809
20.44	0.07273
20.45	0.07265
20.46	0.072571
20.47	0.072493
20.48	0.072414
20.49	0.072335
20.5	0.072257
20.51	0.072179
20.52	0.0721
20.53	0.072022
20.54	0.071944
20.55	0.071867
20.56	0.071789
20.57	0.071711
20.58	0.071634
20.59	0.071556
20.6	0.071479
20.61	0.071402
20.62	0.071325
20.63	0.071248
20.64	0.071171
20.65	0.071095
20.66	0.071018
20.67	0.070942
20.68	0.070866
20.69	0.070789
20.7	0.070713
20.71	0.070637
20.72	0.070562
20.73	0.070486
20.74	0.07041
20.75	0.070335
20.76	0.07026
20.77	0.070184
20.78	0.070109
20.79	0.070034
20.8	0.069959
20.81	0.069885
20.82	0.06981
20.83	0.069736
20.84	0.069661
20.85	0.069587
20.86	0.069513
20.87	0.069439
20.88	0.069365
20.89	0.069291
20.9	0.069217
20.91	0.069144
20.92	0.06907
20.93	0.068997
20.94	0.068923
20.95	0.06885
20.96	0.068777
20.97	0.068704
20.98	0.068631
20.99	0.068559
21.0	0.068486
21.01	0.068414
21.02	0.068341
21.03	0.068269
21.04	0.068197
21.05	0.068125
21.06	0.068053
21.07	0.067981
21.08	0.067909
21.09	0.067838
21.1	0.067766
21.11	0.067695
21.12	0.067624
21.13	0.067552
21.14	0.067481
21.15	0.06741
21.16	0.06734
21.17	0.067269
21.18	0.067198
21.19	0.067128
21.2	0.067057
21.21	0.066987
21.22	0.066917
21.23	0.066847
21.24	0.066777
21.25	0.066707
21.26	0.066637
21.27	0.066567
21.28	0.066498
21.29	0.066428
21.3	0.066359
21.31	0.06629
21.32	0.066221
21.33	0.066151
21.34	0.066083
21.35	0.066014
21.36	0.065945
21.37	0.065876
21.38	0.065808
21.39	0.065739
21.4	0.065671
21.41	0.065603
21.42	0.065535
21.43	0.065467
21.44	0.065399
21.45	0.065331
21.46	0.065263
21.47	0.065196
21.48	0.065128
21.49	0.065061
21.5	0.064994
21.51	0.064926
21.52	0.064859
21.53	0.064792
21.54	0.064725
21.55	0.064659
21.56	0.064592
21.57	0.064525
21.58	0.064459
21.59	0.064392
21.6	0.064326
21.61	0.06426
21.62	0.064194
21.63	0.064128
21.64	0.064062
21.65	0.063996
21.66	0.06393
21.67	0.063865
21.68	0.063799
21.69	0.063734
21.7	0.063669
21.71	0.063603
21.72	0.063538
21.73	0.063473
21.74	0.063408
21.75	0.063344
21.76	0.063279
21.77	0.063214
21.78	0.06315
21.79	0.063085
21.8	0.063021
21.81	0.062957
21.82	0.062892
21.83	0.062828
21.84	0.062764
21.85	0.0627
21.86	0.062637
21.87	0.062573
21.88	0.062509
21.89	0.062446
21.9	0.062383
21.91	0.062319
21.92	0.062256
21.93	0.062193
21.94	0.06213
21.95	0.062067
21.96	0.062004
21.97	0.061941
21.98	0.061879
21.99	0.061816
22.0	0.061754
22.01	0.061691
22.02	0.061629
22.03	0.061567
22.04	0.061505
22.05	0.061443
22.06	0.061381
22.07	0.061319
22.08	0.061257
22.09	0.061195
22.1	0.061134
22.11	0.061072
22.12	0.061011
22.13	0.06095
22.14	0.060888
22.15	0.060827
22.16	0.060766
22.17	0.060705
22.18	0.060644
22.19	0.060584
22.2	0.060523
22.21	0.060462
22.22	0.060402
22.23	0.060342
22.24	0.060281
22.25	0.060221
22.26	0.060161
22.27	0.060101
22.28	0.060041
22.29	0.059981
22.3	0.059921
22.31	0.059861
22.32	0.059802
22.33	0.059742
22.34	0.059683
22.35	0.059623
22.36	0.059564
22.37	0.059505
22.38	0.059446
22.39	0.059387
22.4	0.059328
22.41	0.059269
22.42	0.05921
22.43	0.059151
22.44	0.059093
22.45	0.059034
22.46	0.058976
22.47	0.058918
22.48	0.058859
22.49	0.058801
22.5	0.058743
22.51	0.058685
22.52	0.058627
22.53	0.058569
22.54	0.058511
22.55	0.058454
22.56	0.058396
22.57	0.058339
22.58	0.058281
22.59	0.058224
22.6	0.058167
22.61	0.058109
22.62	0.058052
22.63	0.057995
22.64	0.057938
22.65	0.057881
22.66	0.057825
22.67	0.057768
22.68	0.057711
22.69	0.057655
22.7	0.057598
22.71	0.057542
22.72	0.057486
22.73	0.057429
22.74	0.057373
22.75	0.057317
22.76	0.057261
22.77	0.057205
22.78	0.05715
22.79	0.057094
22.8	0.057038
22.81	0.056983
22.82	0.056927
22.83	0.056872
22.84	0.056816
22.85	0.056761
22.86	0.056706
22.87	0.056651
22.88	0.056596
22.89	0.056541
22.9	0.056486
22.91	0.056431
22.92	0.056376
22.93	0.056322
22.94	0.056267
22.95	0.056213
22.96	0.056158
22.97	0.056104
22.98	0.05605
22.99	0.055995
23.0	0.055941
23.01	0.055887
23.02	0.055833
23.03	0.055779
23.04	0.055726
23.05	0.055672
23.06	0.055618
23.07	0.055565
23.08	0.055511
23.09	0.055458
23.1	0.055404
23.11	0.055351
23.12	0.055298
23.13	0.055245
23.14	0.055192
23.15	0.055139
23.16	0.055086
23.17	0.055033
23.18	0.05498
23.19	0.054928
23.2	0.054875
23.21	0.054822
23.22	0.05477
23.23	0.054718
23.24	0.054665
23.25	0.054613
23.26	0.054561
23.27	0.054509
23.28	0.054457
23.29	0.054405
23.3	0.054353
23.31	0.054301
23.32	0.054249
23.33	0.054198
23.34	0.054146
23.35	0.054095
23.36	0.054043
23.37	0.053992
23.38	0.05394
23.39	0.053889
23.4	0.053838
23.41	0.053787
23.42	0.053736
23.43	0.053685
23.44	0.053634
23.45	0.053583
23.46	0.053532
23.47	0.053482
23.48	0.053431
23.49	0.053381
23.5	0.05333
23.51	0.05328
23.52	0.053229
23.53	0.053179
23.54	0.053129
23.55	0.053079
23.56	0.053029
23.57	0.052979
23.58	0.052929
23.59	0.052879
23.6	0.052829
23.61	0.05278
23.62	0.05273
23.63	0.05268
23.64	0.052631
23.65	0.052581
23.66	0.052532
23.67	0.052483
23.68	0.052434
23.69	0.052384
23.7	0.052335
23.71	0.052286
23.72	0.052237
23.73	0.052188
23.74	0.05214
23.75	0.052091
23.76	0.052042
23.77	0.051994
23.78	0.051945
23.79	0.051896
23.8	0.051848
23.81	0.0518
23.82	0.051751
23.83	0.051703
23.84	0.051655
23.85	0.051607
23.86	0.051559
23.87	0.051511
23.88	0.051463
23.89	0.051415
23.9	0.051367
23.91	0.05132
23.92	0.051272
23.93	0.051224
23.94	0.051177
23.95	0.051129
23.96	0.051082
23.97	0.051035
23.98	0.050987
23.99	0.05094
24.0	0.050893
24.01	0.050846
24.02	0.050799
24.03	0.050752
24.04	0.050705
24.05	0.050658
24.06	0.050612
24.07	0.050565
24.08	0.050518
24.09	0.050472
24.1	0.050425
24.11	0.050379
24.12	0.050332
24.13	0.050286
24.14	0.05024
24.15	0.050194
24.16	0.050148
24.17	0.050102
24.18	0.050056
24.19	0.05001
24.2	0.049964
24.21	0.049918
24.22	0.049872
24.23	0.049826
24.24	0.049781
24.25	0.049735
24.26	0.04969
24.27	0.049644
24.28	0.049599
24.29	0.049554
24.3	0.049508
24.31	0.049463
24.32	0.049418
24.33	0.049373
24.34	0.049328
24.35	0.049283
24.36	0.049238
24.37	0.049193
24.38	0.049148
24.39	0.049104
24.4	0.049059
24.41	0.049014
24.42	0.04897
24.43	0.048925
24.44	0.048881
24.45	0.048836
24.46	0.048792
24.47	0.048748
24.48	0.048704
24.49	0.048659
24.5	0.048615
24.51	0.048571
24.52	0.048527
24.53	0.048484
24.54	0.04844
24.55	0.048396
24.56	0.048352
24.57	0.048308
24.58	0.048265
24.59	0.048221
24.6	0.048178
24.61	0.048134
24.62	0.048091
24.63	0.048048
24.64	0.048004
24.65	0.047961
24.66	0.047918
24.67	0.047875
24.68	0.047832
24.69	0.047789
24.7	0.047746
24.71	0.047703
24.72	0.04766
24.73	0.047617
24.74	0.047575
24.75	0.047532
24.76	0.047489
24.77	0.047447
24.78	0.047404
24.79	0.047362
24.8	0.04732
24.81	0.047277
24.82	0.047235
24.83	0.047193
24.84	0.047151
24.85	0.047109
24.86	0.047067
24.87	0.047025
24.88	0.046983
24.89	0.046941
24.9	0.046899
24.91	0.046857
24.92	0.046816
24.93	0.046774
24.94	0.046732
24.95	0.046691
24.96	0.046649
24.97	0.046608
24.98	0.046566
24.99	0.046525
25.0	0.046484
25.01	0.046443
25.02	0.046401
25.03	0.04636
25.04	0.046319
25.05	0.046278
25.06	0.046237
25.07	0.046196
25.08	0.046155
25.09	0.046115
25.1	0.046074
25.11	0.046033
25.12	0.045993
25.13	0.045952
25.14	0.045911
25.15	0.045871
25.16	0.04583
25.17	0.04579
25.18	0.04575
25.19	0.045709
25.2	0.045669
25.21	0.045629
25.22	0.045589
25.23	0.045549
25.24	0.045509
25.25	0.045469
25.26	0.045429
25.27	0.045389
25.28	0.045349
25.29	0.04531
25.3	0.04527
25.31	0.04523
25.32	0.045191
25.33	0.045151
25.34	0.045112
25.35	0.045072
25.36	0.045033
25.37	0.044993
25.38	0.044954
25.39	0.044915
25.4	0.044876
25.41	0.044836
25.42	0.044797
25.43	0.044758
25.44	0.044719
25.45	0.04468
25.46	0.044641
25.47	0.044602
25.48	0.044564
25.49	0.044525
25.5	0.044486
25.51	0.044448
25.52	0.044409
25.53	0.04437
25.54	0.044332
25.55	0.044293
25.56	0.044255
25.57	0.044217
25.58	0.044178
25.59	0.04414
25.6	0.044102
25.61	0.044064
25.62	0.044026
25.63	0.043987
25.64	0.043949
25.65	0.043911
25.66	0.043874
25.67	0.043836
25.68	0.043798
25.69	0.04376
25.7	0.043722
25.71	0.043685
25.72	0.043647
25.73	0.043609
25.74	0.043572
25.75	0.043534
25.76	0.043497
25.77	0.043459
25.78	0.043422
25.79	0.043385
25.8	0.043348
25.81	0.04331
25.82	0.043273
25.83	0.043236
25.84	0.043199
25.85	0.043162
25.86	0.043125
25.87	0.043088
25.88	0.043051
25.89	0.043014
25.9	0.042977
25.91	0.042941
25.92	0.042904
25.93	0.042867
25.94	0.042831
25.95	0.042794
25.96	0.042758
25.97	0.042721
25.98	0.042685
25.99	0.042648
26.0	0.042612
26.01	0.042576
26.02	0.042539
26.03	0.042503
26.04	0.042467
26.05	0.042431
26.06	0.042395
26.07	0.042359
26.08	0.042323
26.09	0.042287
26.1	0.042251
26.11	0.042215
26.12	0.042179
26.13	0.042144
26.14	0.042108
26.15	0.042072
26.16	0.042037
26.17	0.042001
26.18	0.041966
26.19	0.04193
26.2	0.041895
26.21	0.041859
26.22	0.041824
26.23	0.041789
26.24	0.041753
26.25	0.041718
26.26	0.041683
26.27	0.041648
26.28	0.041613
26.29	0.041578
26.3	0.041543
26.31	0.041508
26.32	0.041473
26.33	0.041438
26.34	0.041403
26.35	0.041368
26.36	0.041333
26.37	0.041299
26.38	0.041264
26.39	0.041229
26.4	0.041195
26.41	0.04116
26.42	0.041126
26.43	0.041091
26.44	0.041057
26.45	0.041023
26.46	0.040988
26.47	0.040954
26.48	0.04092
26.49	0.040886
26.5	0.040851
26.51	0.040817
26.52	0.040783
26.53	0.040749
26.54	0.040715
26.55	0.040681
26.56	0.040647
26.57	0.040614
26.58	0.04058
26.59	0.040546
26.6	0.040512
26.61	0.040478
26.62	0.040445
26.63	0.040411
26.64	0.040378
26.65	0.040344
26.66	0.040311
26.67	0.040277
26.68	0.040244
26.69	0.04021
26.7	0.040177
26.71	0.040144
26.72	0.04011
26.73	0.040077
26.74	0.040044
26.75	0.040011
26.76	0.039978
26.77	0.039945
26.78	0.039912
26.79	0.039879
26.8	0.039846
26.81	0.039813
26.82	0.03978
26.83	0.039747
26.84	0.039715
26.85	0.039682
26.86	0.039649
26.87	0.039617
26.88	0.039584
26.89	0.039551
26.9	0.039519
26.91	0.039486
26.92	0.039454
26.93	0.039421
26.94	0.039389
26.95	0.039357
26.96	0.039324
26.97	0.039292
26.98	0.03926
26.99	0.039228
27.0	0.039196
27.01	0.039164
27.02	0.039131
27.03	0.039099
27.04	0.039067
27.05	0.039036
27.06	0.039004
27.07	0.038972
27.08	0.03894
27.09	0.038908
27.1	0.038876
27.11	0.038845
27.12	0.038813
27.13	0.038781
27.14	0.03875
27.15	0.038718
27.16	0.038687
27.17	0.038655
27.18	0.038624
27.19	0.038592
27.2	0.038561
27.21	0.03853
27.22	0.038498
27.23	0.038467
27.24	0.038436
27.25	0.038405
27.26	0.038373
27.27	0.038342
27.28	0.038311
27.29	0.03828
27.3	0.038249
27.31	0.038218
27.32	0.038187
27.33	0.038156
27.34	0.038125
27.35	0.038095
27.36	0.038064
27.37	0.038033
27.38	0.038002
27.39	0.037972
27.4	0.037941
27.41	0.03791
27.42	0.03788
27.43	0.037849
27.44	0.037819
27.45	0.037788
27.46	0.037758
27.47	0.037728
27.48	0.037697
27.49	0.037667
27.5	0.037637
27.51	0.037606
27.52	0.037576
27.53	0.037546
27.54	0.037516
27.55	0.037486
27.56	0.037456
27.57	0.037426
27.58	0.037396
27.59	0.037366
27.6	0.037336
27.61	0.037306
27.62	0.037276
27.63	0.037246
27.64	0.037216
27.65	0.037187
27.66	0.037157
27.67	0.037127
27.68	0.037098
27.69	0.037068
27.7	0.037039
27.71	0.037009
27.72	0.036979
27.73	0.03695
27.74	0.036921
27.75	0.036891
27.76	0.036862
27.77	0.036832
27.78	0.036803
27.79	0.036774
27.8	0.036745
27.81	0.036715
27.82	0.036686
27.83	0.036657
27.84	0.036628
27.85	0.036599
27.86	0.03657
27.87	0.036541
27.88	0.036512
27.89	0.036483
27.9	0.036454
27.91	0.036425
27.92	0.036397
27.93	0.036368
27.94	0.036339
27.95	0.03631
27.96	0.036282
27.97	0.036253
27.98	0.036224
27.99	0.036196
28.0	0.036167
28.01	0.036139
28.02	0.03611
28.03	0.036082
28.04	0.036053
28.05	0.036025
28.06	0.035997
28.07	0.035968
28.08	0.03594
28.09	0.035912
28.1	0.035883
28.11	0.035855
28.12	0.035827
28.13	0.035799
28.14	0.035771
28.15	0.035743
28.16	0.035715
28.17	0.035687
28.18	0.035659
28.19	0.035631
28.2	0.035603
28.21	0.035575
28.22	0.035547
28.23	0.035519
28.24	0.035492
28.25	0.035464
28.26	0.035436
28.27	0.035409
28.28	0.035381
28.29	0.035353
28.3	0.035326
28.31	0.035298
28.32	0.035271
28.33	0.035243
28.34	0.035216
28.35	0.035188
28.36	0.035161
28.37	0.035134
28.38	0.035106
28.39	0.035079
28.4	0.035052
28.41	0.035024
28.42	0.034997
28.43	0.03497
28.44	0.034943
28.45	0.034916
28.46	0.034889
28.47	0.034862
28.48	0.034835
28.49	0.034808
28.5	0.034781
28.51	0.034754
28.52	0.034727
28.53	0.0347
28.54	0.034673
28.55	0.034646
28.56	0.03462
28.57	0.034593
28.58	0.034566
28.59	0.034539
28.6	0.034513
28.61	0.034486
28.62	0.03446
28.63	0.034433
28.64	0.034406
28.65	0.03438
28.66	0.034353
28.67	0.034327
28.68	0.034301
28.69	0.034274
28.7	0.034248
28.71	0.034222
28.72	0.034195
28.73	0.034169
28.74	0.034143
28.75	0.034117
28.76	0.03409
28.77	0.034064
28.78	0.034038
28.79	0.034012
28.8	0.033986
28.81	0.03396
28.82	0.033934
28.83	0.033908
28.84	0.033882
28.85	0.033856
28.86	0.03383
28.87	0.033804
28.88	0.033779
28.89	0.033753
28.9	0.033727
28.91	0.033701
28.92	0.033676
28.93	0.03365
28.94	0.033624
28.95	0.033599
28.96	0.033573
28.97	0.033548
28.98	0.033522
28.99	0.033497
29.0	0.033471
29.01	0.033446
29.02	0.03342
29.03	0.033395
29.04	0.033369
29.05	0.033344
29.06	0.033319
29.07	0.033294
29.08	0.033268
29.09	0.033243
29.1	0.033218
29.11	0.033193
29.12	0.033168
29.13	0.033142
29.14	0.033117
29.15	0.033092
29.16	0.033067
29.17	0.033042
29.18	0.033017
29.19	0.032992
29.2	0.032967
29.21	0.032943
29.22	0.032918
29.23	0.032893
29.24	0.032868
29.25	0.032843
29.26	0.032819
29.27	0.032794
29.28	0.032769
29.29	0.032745
29.3	0.03272
29.31	0.032695
29.32	0.032671
29.33	0.032646
29.34	0.032622
29.35	0.032597
29.36	0.032573
29.37	0.032548
29.38	0.032524
29.39	0.032499
29.4	0.032475
29.41	0.032451
29.42	0.032426
29.43	0.032402
29.44	0.032378
29.45	0.032354
29.46	0.032329
29.47	0.032305
29.48	0.032281
29.49	0.032257
29.5	0.032233
29.51	0.032209
29.52	0.032185
29.53	0.032161
29.54	0.032137
29.55	0.032113
29.56	0.032089
29.57	0.032065
29.58	0.032041
29.59	0.032017
29.6	0.031993
29.61	0.03197
29.62	0.031946
29.63	0.031922
29.64	0.031898
29.65	0.031875
29.66	0.031851
29.67	0.031827
29.68	0.031804
29.69	0.03178
29.7	0.031756
29.71	0.031733
29.72	0.031709
29.73	0.031686
29.74	0.031662
29.75	0.031639
29.76	0.031616
29.77	0.031592
29.78	0.031569
29.79	0.031545
29.8	0.031522
29.81	0.031499
29.82	0.031476
29.83	0.031452
29.84	0.031429
29.85	0.031406
29.86	0.031383
29.87	0.03136
29.88	0.031336
29.89	0.031313
29.9	0.03129
29.91	0.031267
29.92	0.031244
29.93	0.031221
29.94	0.031198
29.95	0.031175
29.96	0.031152
29.97	0.03113
29.98	0.031107
29.99	0.031084
30.0	0.031061
30.01	0.031038
30.02	0.031015
30.03	0.030993
30.04	0.03097
30.05	0.030947
30.06	0.030925
30.07	0.030902
30.08	0.030879
30.09	0.030857
30.1	0.030834
30.11	0.030812
30.12	0.030789
30.13	0.030767
30.14	0.030744
30.15	0.030722
30.16	0.030699
30.17	0.030677
30.18	0.030655
30.19	0.030632
30.2	0.03061
30.21	0.030588
30.22	0.030565
30.23	0.030543
30.24	0.030521
30.25	0.030499
30.26	0.030476
30.27	0.030454
30.28	0.030432
30.29	0.03041
30.3	0.030388
30.31	0.030366
30.32	0.030344
30.33	0.030322
30.34	0.0303
30.35	0.030278
30.36	0.030256
30.37	0.030234
30.38	0.030212
30.39	0.03019
30.4	0.030168
30.41	0.030146
30.42	0.030125
30.43	0.030103
30.44	0.030081
30.45	0.030059
30.46	0.030038
30.47	0.030016
30.48	0.029994
30.49	0.029973
30.5	0.029951
30.51	0.029929
30.52	0.029908
30.53	0.029886
30.54	0.029865
30.55	0.029843
30.56	0.029822
30.57	0.0298
30.58	0.029779
30.59	0.029757
30.6	0.029736
30.61	0.029715
30.62	0.029693
30.63	0.029672
30.64	0.029651
30.65	0.029629
30.66	0.029608
30.67	0.029587
30.68	0.029566
30.69	0.029545
30.7	0.029523
30.71	0.029502
30.72	0.029481
30.73	0.02946
30.74	0.029439
30.75	0.029418
30.76	0.029397
30.77	0.029376
30.78	0.029355
30.79	0.029334
30.8	0.029313
30.81	0.029292
30.82	0.029271
30.83	0.02925
30.84	0.029229
30.85	0.029209
30.86	0.029188
30.87	0.029167
30.88	0.029146
30.89	0.029125
30.9	0.029105
30.91	0.029084
30.92	0.029063
30.93	0.029043
30.94	0.029022
30.95	0.029001
30.96	0.028981
30.97	0.02896
30.98	0.02894
30.99	0.028919
31.0	0.028899
31.01	0.028878
31.02	0.028858
31.03	0.028837
31.04	0.028817
31.05	0.028796
31.06	0.028776
31.07	0.028756
31.08	0.028735
31.09	0.028715
31.1	0.028695
31.11	0.028674
31.12	0.028654
31.13	0.028634
31.14	0.028614
31.15	0.028594
31.16	0.028573
31.17	0.028553
31.18	0.028533
31.19	0.028513
31.2	0.028493
31.21	0.028473
31.22	0.028453
31.23	0.028433
31.24	0.028413
31.25	0.028393
31.26	0.028373
31.27	0.028353
31.28	0.028333
31.29	0.028313
31.3	0.028293
31.31	0.028273
31.32	0.028254
31.33	0.028234
31.34	0.028214
31.35	0.028194
31.36	0.028174
31.37	0.028155
31.38	0.028135
31.39	0.028115
31.4	0.028096
31.41	0.028076
31.42	0.028056
31.43	0.028037
31.44	0.028017
31.45	0.027998
31.46	0.027978
31.47	0.027958
31.48	0.027939
31.49	0.027919
31.5	0.0279
31.51	0.027881
31.52	0.027861
31.53	0.027842
31.54	0.027822
31.55	0.027803
31.56	0.027784
31.57	0.027764
31.58	0.027745
31.59	0.027726
31.6	0.027706
31.61	0.027687
31.62	0.027668
31.63	0.027649
31.64	0.02763
31.65	0.02761
31.66	0.027591
31.67	0.027572
31.68	0.027553
31.69	0.027534
31.7	0.027515
31.71	0.027496
31.72	0.027477
31.73	0.027458
31.74	0.027439
31.75	0.02742
31.76	0.027401
31.77	0.027382
31.78	0.027363
31.79	0.027344
31.8	0.027325
31.81	0.027306
31.82	0.027287
31.83	0.027269
31.84	0.02725
31.85	0.027231
31.86	0.027212
31.87	0.027193
31.88	0.027175
31.89	0.027156
31.9	0.027137
31.91	0.027119
31.92	0.0271
31.93	0.027081
31.94	0.027063
31.95	0.027044
31.96	0.027026
31.97	0.027007
31.98	0.026989
31.99	0.02697
32.0	0.026952
32.01	0.026933
32.02	0.026915
32.03	0.026896
32.04	0.026878
32.05	0.026859
32.06	0.026841
32.07	0.026823
32.08	0.026804
32.09	0.026786
32.1	0.026768
32.11	0.026749
32.12	0.026731
32.13	0.026713
32.14	0.026695
32.15	0.026676
32.16	0.026658
32.17	0.02664
32.18	0.026622
32.19	0.026604
32.2	0.026585
32.21	0.026567
32.22	0.026549
32.23	0.026531
32.24	0.026513
32.25	0.026495
32.26	0.026477
32.27	0.026459
32.28	0.026441
32.29	0.026423
32.3	0.026405
32.31	0.026387
32.32	0.026369
32.33	0.026351
32.34	0.026334
32.35	0.026316
32.36	0.026298
32.37	0.02628
32.38	0.026262
32.39	0.026244
32.4	0.026227
32.41	0.026209
32.42	0.026191
32.43	0.026174
32.44	0.026156
32.45	0.026138
32.46	0.02612
32.47	0.026103
32.48	0.026085
32.49	0.026068
32.5	0.02605
32.51	0.026032
32.52	0.026015
32.53	0.025997
32.54	0.02598
32.55	0.025962
32.56	0.025945
32.57	0.025927
32.58	0.02591
32.59	0.025892
32.6	0.025875
32.61	0.025858
32.62	0.02584
32.63	0.025823
32.64	0.025806
32.65	0.025788
32.66	0.025771
32.67	0.025754
32.68	0.025736
32.69	0.025719
32.7	0.025702
32.71	0.025685
32.72	0.025667
32.73	0.02565
32.74	0.025633
32.75	0.025616
32.76	0.025599
32.77	0.025582
32.78	0.025565
32.79	0.025547
32.8	0.02553
32.81	0.025513
32.82	0.025496
32.83	0.025479
32.84	0.025462
32.85	0.025445
32.86	0.025428
32.87	0.025411
32.88	0.025394
32.89	0.025377
32.9	0.025361
32.91	0.025344
32.92	0.025327
32.93	0.02531
32.94	0.025293
32.95	0.025276
32.96	0.025259
32.97	0.025243
32.98	0.025226
32.99	0.025209
33.0	0.025192
33.01	0.025176
33.02	0.025159
33.03	0.025142
33.04	0.025126
33.05	0.025109
33.06	0.025092
33.07	0.025076
33.08	0.025059
33.09	0.025042
33.1	0.025026
33.11	0.025009
33.12	0.024993
33.13	0.024976
33.14	0.02496
33.15	0.024943
33.16	0.024927
33.17	0.02491
33.18	0.024894
33.19	0.024877
33.2	0.024861
33.21	0.024845
33.22	0.024828
33.23	0.024812
33.24	0.024796
33.25	0.024779
33.26	0.024763
33.27	0.024747
33.28	0.02473
33.29	0.024714
33.3	0.024698
33.31	0.024682
33.32	0.024665
33.33	0.024649
33.34	0.024633
33.35	0.024617
33.36	0.024601
33.37	0.024584
33.38	0.024568
33.39	0.024552
33.4	0.024536
33.41	0.02452
33.42	0.024504
33.43	0.024488
33.44	0.024472
33.45	0.024456
33.46	0.02444
33.47	0.024424
33.48	0.024408
33.49	0.024392
33.5	0.024376
33.51	0.02436
33.52	0.024344
33.53	0.024328
33.54	0.024312
33.55	0.024296
33.56	0.024281
33.57	0.024265
33.58	0.024249
33.59	0.024233
33.6	0.024217
33.61	0.024202
33.62	0.024186
33.63	0.02417
33.64	0.024154
33.65	0.024139
33.66	0.024123
33.67	0.024107
33.68	0.024092
33.69	0.024076
33.7	0.02406
33.71	0.024045
33.72	0.024029
33.73	0.024013
33.74	0.023998
33.75	0.023982
33.76	0.023967
33.77	0.023951
33.78	0.023936
33.79	0.02392
33.8	0.023905
33.81	0.023889
33.82	0.023874
33.83	0.023858
33.84	0.023843
33.85	0.023828
33.86	0.023812
33.87	0.023797
33.88	0.023781
33.89	0.023766
33.9	0.023751
33.91	0.023735
33.92	0.02372
33.93	0.023705
33.94	0.023689
33.95	0.023674
33.96	0.023659
33.97	0.023644
33.98	0.023628
33.99	0.023613
34.0	0.023598
34.01	0.023583
34.02	0.023568
34.03	0.023553
34.04	0.023537
34.05	0.023522
34.06	0.023507
34.07	0.023492
34.08	0.023477
34.09	0.023462
34.1	0.023447
34.11	0.023432
34.12	0.023417
34.13	0.023402
34.14	0.023387
34.15	0.023372
34.16	0.023357
34.17	0.023342
34.18	0.023327
34.19	0.023312
34.2	0.023297
34.21	0.023282
34.22	0.023267
34.23	0.023253
34.24	0.023238
34.25	0.023223
34.26	0.023208
34.27	0.023193
34.28	0.023178
34.29	0.023164
34.3	0.023149
34.31	0.023134
34.32	0.023119
34.33	0.023105
34.34	0.02309
34.35	0.023075
34.36	0.023061
34.37	0.023046
34.38	0.023031
34.39	0.023017
34.4	0.023002
34.41	0.022987
34.42	0.022973
34.43	0.022958
34.44	0.022944
34.45	0.022929
34.46	0.022914
34.47	0.0229
34.48	0.022885
34.49	0.022871
34.5	0.022856
34.51	0.022842
34.52	0.022828
34.53	0.022813
34.54	0.022799
34.55	0.022784
34.56	0.02277
34.57	0.022755
34.58	0.022741
34.59	0.022727
34.6	0.022712
34.61	0.022698
34.62	0.022684
34.63	0.022669
34.64	0.022655
34.65	0.022641
34.66	0.022626
34.67	0.022612
34.68	0.022598
34.69	0.022584
34.7	0.022569
34.71	0.022555
34.72	0.022541
34.73	0.022527
34.74	0.022513
34.75	0.022499
34.76	0.022484
34.77	0.02247
34.78	0.022456
34.79	0.022442
34.8	0.022428
34.81	0.022414
34.82	0.0224
34.83	0.022386
34.84	0.022372
34.85	0.022358
34.86	0.022344
34.87	0.02233
34.88	0.022316
34.89	0.022302
34.9	0.022288
34.91	0.022274
34.92	0.02226
34.93	0.022246
34.94	0.022232
34.95	0.022218
34.96	0.022204
34.97	0.02219
34.98	0.022177
34.99	0.022163
35.0	0.022149
35.01	0.022135
35.02	0.022121
35.03	0.022107
35.04	0.022094
35.05	0.02208
35.06	0.022066
35.07	0.022052
35.08	0.022039
35.09	0.022025
35.1	0.022011
35.11	0.021998
35.12	0.021984
35.13	0.02197
35.14	0.021957
35.15	0.021943
35.16	0.021929
35.17	0.021916
35.18	0.021902
35.19	0.021888
35.2	0.021875
35.21	0.021861
35.22	0.021848
35.23	0.021834
35.24	0.021821
35.25	0.021807
35.26	0.021794
35.27	0.02178
35.28	0.021767
35.29	0.021753
35.3	0.02174
35.31	0.021726
35.32	0.021713
35.33	0.021699
35.34	0.021686
35.35	0.021673
35.36	0.021659
35.37	0.021646
35.38	0.021633
35.39	0.021619
35.4	0.021606
35.41	0.021593
35.42	0.021579
35.43	0.021566
35.44	0.021553
35.45	0.021539
35.46	0.021526
35.47	0.021513
35.48	0.0215
35.49	0.021486
35.5	0.021473
35.51	0.02146
35.52	0.021447
35.53	0.021434
35.54	0.021421
35.55	0.021407
35.56	0.021394
35.57	0.021381
35.58	0.021368
35.59	0.021355
35.6	0.021342
35.61	0.021329
35.62	0.021316
35.63	0.021303
35.64	0.02129
35.65	0.021277
35.66	0.021264
35.67	0.021251
35.68	0.021238
35.69	0.021225
35.7	0.021212
35.71	0.021199
35.72	0.021186
35.73	0.021173
35.74	0.02116
35.75	0.021147
35.76	0.021134
35.77	0.021121
35.78	0.021108
35.79	0.021095
35.8	0.021082
35.81	0.02107
35.82	0.021057
35.83	0.021044
35.84	0.021031
35.85	0.021018
35.86	0.021006
35.87	0.020993
35.88	0.02098
35.89	0.020967
35.9	0.020955
35.91	0.020942
35.92	0.020929
35.93	0.020916
35.94	0.020904
35.95	0.020891
35.96	0.020878
35.97	0.020866
35.98	0.020853
35.99	0.02084
36.0	0.020828
36.01	0.020815
36.02	0.020803
36.03	0.02079
36.04	0.020777
36.05	0.020765
36.06	0.020752
36.07	0.02074
36.08	0.020727
36.09	0.020715
36.1	0.020702
36.11	0.02069
36.12	0.020677
36.13	0.020665
36.14	0.020652
36.15	0.02064
36.16	0.020627
36.17	0.020615
36.18	0.020602
36.19	0.02059
36.2	0.020578
36.21	0.020565
36.22	0.020553
36.23	0.020541
36.24	0.020528
36.25	0.020516
36.26	0.020503
36.27	0.020491
36.28	0.020479
36.29	0.020467
36.3	0.020454
36.31	0.020442
36.32	0.02043
36.33	0.020417
36.34	0.020405
36.35	0.020393
36.36	0.020381
36.37	0.020369
36.38	0.020356
36.39	0.020344
36.4	0.020332
36.41	0.02032
36.42	0.020308
36.43	0.020295
36.44	0.020283
36.45	0.020271
36.46	0.020259
36.47	0.020247
36.48	0.020235
36.49	0.020223
36.5	0.020211
36.51	0.020199
36.52	0.020187
36.53	0.020175
36.54	0.020163
36.55	0.02015
36.56	0.020138
36.57	0.020126
36.58	0.020114
36.59	0.020103
36.6	0.020091
36.61	0.020079
36.62	0.020067
36.63	0.020055
36.64	0.020043
36.65	0.020031
36.66	0.020019
36.67	0.020007
36.68	0.019995
36.69	0.019983
36.7	0.019971
36.71	0.01996
36.72	0.019948
36.73	0.019936
36.74	0.019924
36.75	0.019912
36.76	0.0199
36.77	0.019889
36.78	0.019877
36.79	0.019865
36.8	0.019853
36.81	0.019842
36.82	0.01983
36.83	0.019818
36.84	0.019806
36.85	0.019795
36.86	0.019783
36.87	0.019771
36.88	0.01976
36.89	0.019748
36.9	0.019736
36.91	0.019725
36.92	0.019713
36.93	0.019701
36.94	0.01969
36.95	0.019678
36.96	0.019667
36.97	0.019655
36.98	0.019643
36.99	0.019632
37.0	0.01962
37.01	0.019609
37.02	0.019597
37.03	0.019586
37.04	0.019574
37.05	0.019563
37.06	0.019551
37.07	0.01954
37.08	0.019528
37.09	0.019517
37.1	0.019505
37.11	0.019494
37.12	0.019482
37.13	0.019471
37.14	0.01946
37.15	0.019448
37.16	0.019437
37.17	0.019425
37.18	0.019414
37.19	0.019403
37.2	0.019391
37.21	0.01938
37.22	0.019369
37.23	0.019357
37.24	0.019346
37.25	0.019335
37.26	0.019323
37.27	0.019312
37.28	0.019301
37.29	0.01929
37.3	0.019278
37.31	0.019267
37.32	0.019256
37.33	0.019245
37.34	0.019233
37.35	0.019222
37.36	0.019211
37.37	0.0192
37.38	0.019189
37.39	0.019178
37.4	0.019166
37.41	0.019155
37.42	0.019144
37.43	0.019133
37.44	0.019122
37.45	0.019111
37.46	0.0191
37.47	0.019089
37.48	0.019077
37.49	0.019066
37.5	0.019055
37.51	0.019044
37.52	0.019033
37.53	0.019022
37.54	0.019011
37.55	0.019
37.56	0.018989
37.57	0.018978
37.58	0.018967
37.59	0.018956
37.6	0.018945
37.61	0.018934
37.62	0.018923
37.63	0.018912
37.64	0.018901
37.65	0.01889
37.66	0.01888
37.67	0.018869
37.68	0.018858
37.69	0.018847
37.7	0.018836
37.71	0.018825
37.72	0.018814
37.73	0.018803
37.74	0.018793
37.75	0.018782
37.76	0.018771
37.77	0.01876
37.78	0.018749
37.79	0.018739
37.8	0.018728
37.81	0.018717
37.82	0.018706
37.83	0.018695
37.84	0.018685
37.85	0.018674
37.86	0.018663
37.87	0.018653
37.88	0.018642
37.89	0.018631
37.9	0.01862
37.91	0.01861
37.92	0.018599
37.93	0.018588
37.94	0.018578
37.95	0.018567
37.96	0.018556
37.97	0.018546
37.98	0.018535
37.99	0.018525
38.0	0.018514
38.01	0.018503
38.02	0.018493
38.03	0.018482
38.04	0.018472
38.05	0.018461
38.06	0.018451
38.07	0.01844
38.08	0.01843
38.09	0.018419
38.1	0.018409
38.11	0.018398
38.12	0.018388
38.13	0.018377
38.14	0.018367
38.15	0.018356
38.16	0.018346
38.17	0.018335
38.18	0.018325
38.19	0.018314
38.2	0.018304
38.21	0.018294
38.22	0.018283
38.23	0.018273
38.24	0.018262
38.25	0.018252
38.26	0.018242
38.27	0.018231
38.28	0.018221
38.29	0.018211
38.3	0.0182
38.31	0.01819
38.32	0.01818
38.33	0.018169
38.34	0.018159
38.35	0.018149
38.36	0.018138
38.37	0.018128
38.38	0.018118
38.39	0.018108
38.4	0.018097
38.41	0.018087
38.42	0.018077
38.43	0.018067
38.44	0.018056
38.45	0.018046
38.46	0.018036
38.47	0.018026
38.48	0.018016
38.49	0.018005
38.5	0.017995
38.51	0.017985
38.52	0.017975
38.53	0.017965
38.54	0.017955
38.55	0.017945
38.56	0.017935
38.57	0.017924
38.58	0.017914
38.59	0.017904
38.6	0.017894
38.61	0.017884
38.62	0.017874
38.63	0.017864
38.64	0.017854
38.65	0.017844
38.66	0.017834
38.67	0.017824
38.68	0.017814
38.69	0.017804
38.7	0.017794
38.71	0.017784
38.72	0.017774
38.73	0.017764
38.74	0.017754
38.75	0.017744
38.76	0.017734
38.77	0.017724
38.78	0.017714
38.79	0.017704
38.8	0.017694
38.81	0.017685
38.82	0.017675
38.83	0.017665
38.84	0.017655
38.85	0.017645
38.86	0.017635
38.87	0.017625
38.88	0.017615
38.89	0.017606
38.9	0.017596
38.91	0.017586
38.92	0.017576
38.93	0.017566
38.94	0.017557
38.95	0.017547
38.96	0.017537
38.97	0.017527
38.98	0.017517
38.99	0.017508
39.0	0.017498
39.01	0.017488
39.02	0.017478
39.03	0.017469
39.04	0.017459
39.05	0.017449
39.06	0.01744
39.07	0.01743
39.08	0.01742
39.09	0.017411
39.1	0.017401
39.11	0.017391
39.12	0.017382
39.13	0.017372
39.14	0.017362
39.15	0.017353
39.16	0.017343
39.17	0.017333
39.18	0.017324
39.19	0.017314
39.2	0.017305
39.21	0.017295
39.22	0.017286
39.23	0.017276
39.24	0.017266
39.25	0.017257
39.26	0.017247
39.27	0.017238
39.28	0.017228
39.29	0.017219
39.3	0.017209
39.31	0.0172
39.32	0.01719
39.33	0.017181
39.34	0.017171
39.35	0.017162
39.36	0.017152
39.37	0.017143
39.38	0.017133
39.39	0.017124
39.4	0.017115
39.41	0.017105
39.42	0.017096
39.43	0.017086
39.44	0.017077
39.45	0.017068
39.46	0.017058
39.47	0.017049
39.48	0.017039
39.49	0.01703
39.5	0.017021
39.51	0.017011
39.52	0.017002
39.53	0.016993
39.54	0.016983
39.55	0.016974
39.56	0.016965
39.57	0.016955
39.58	0.016946
39.59	0.016937
39.6	0.016928
39.61	0.016918
39.62	0.016909
39.63	0.0169
39.64	0.016891
39.65	0.016881
39.66	0.016872
39.67	0.016863
39.68	0.016854
39.69	0.016844
39.7	0.016835
39.71	0.016826
39.72	0.016817
39.73	0.016808
39.74	0.016798
39.75	0.016789
39.76	0.01678
39.77	0.016771
39.78	0.016762
39.79	0.016753
39.8	0.016744
39.81	0.016734
39.82	0.016725
39.83	0.016716
39.84	0.016707
39.85	0.016698
39.86	0.016689
39.87	0.01668
39.88	0.016671
39.89	0.016662
39.9	0.016653
39.91	0.016644
39.92	0.016635
39.93	0.016626
39.94	0.016617
39.95	0.016608
39.96	0.016599
39.97	0.01659
39.98	0.016581
39.99	0.016572
40.0	0.016563
40.01	0.016554
40.02	0.016545
40.03	0.016536
40.04	0.016527
40.05	0.016518
40.06	0.016509
40.07	0.0165
40.08	0.016491
40.09	0.016482
40.1	0.016473
40.11	0.016464
40.12	0.016455
40.13	0.016446
40.14	0.016438
40.15	0.016429
40.16	0.01642
40.17	0.016411
40.18	0.016402
40.19	0.016393
40.2	0.016384
40.21	0.016376
40.22	0.016367
40.23	0.016358
40.24	0.016349
40.25	0.01634
40.26	0.016332
40.27	0.016323
40.28	0.016314
40.29	0.016305
40.3	0.016296
40.31	0.016288
40.32	0.016279
40.33	0.01627
40.34	0.016261
40.35	0.016253
40.36	0.016244
40.37	0.016235
40.38	0.016227
40.39	0.016218
40.4	0.016209
40.41	0.0162
40.42	0.016192
40.43	0.016183
40.44	0.016174
40.45	0.016166
40.46	0.016157
40.47	0.016148
40.48	0.01614
40.49	0.016131
40.5	0.016123
40.51	0.016114
40.52	0.016105
40.53	0.016097
40.54	0.016088
40.55	0.016079
40.56	0.016071
40.57	0.016062
40.58	0.016054
40.59	0.016045
40.6	0.016037
40.61	0.016028
40.62	0.01602
40.63	0.016011
40.64	0.016002
40.65	0.015994
40.66	0.015985
40.67	0.015977
40.68	0.015968
40.69	0.01596
40.7	0.015951
40.71	0.015943
40.72	0.015934
40.73	0.015926
40.74	0.015917
40.75	0.015909
40.76	0.015901
40.77	0.015892
40.78	0.015884
40.79	0.015875
40.8	0.015867
40.81	0.015858
40.82	0.01585
40.83	0.015842
40.84	0.015833
40.85	0.015825
40.86	0.015816
40.87	0.015808
40.88	0.0158
40.89	0.015791
40.9	0.015783
40.91	0.015775
40.92	0.015766
40.93	0.015758
40.94	0.01575
40.95	0.015741
40.96	0.015733
40.97	0.015725
40.98	0.015716
40.99	0.015708
41.0	0.0157
41.01	0.015691
41.02	0.015683
41.03	0.015675
41.04	0.015667
41.05	0.015658
41.06	0.01565
41.07	0.015642
41.08	0.015634
41.09	0.015625
41.1	0.015617
41.11	0.015609
41.12	0.015601
41.13	0.015592
41.14	0.015584
41.15	0.015576
41.16	0.015568
41.17	0.01556
41.18	0.015551
41.19	0.015543
41.2	0.015535
41.21	0.015527
41.22	0.015519
41.23	0.015511
41.24	0.015503
41.25	0.015494
41.26	0.015486
41.27	0.015478
41.28	0.01547
41.29	0.015462
41.3	0.015454
41.31	0.015446
41.32	0.015438
41.33	0.01543
41.34	0.015421
41.35	0.015413
41.36	0.015405
41.37	0.015397
41.38	0.015389
41.39	0.015381
41.4	0.015373
41.41	0.015365
41.42	0.015357
41.43	0.015349
41.44	0.015341
41.45	0.015333
41.46	0.015325
41.47	0.015317
41.48	0.015309
41.49	0.015301
41.5	0.015293
41.51	0.015285
41.52	0.015277
41.53	0.015269
41.54	0.015261
41.55	0.015253
41.56	0.015245
41.57	0.015237
41.58	0.01523
41.59	0.015222
41.6	0.015214
41.61	0.015206
41.62	0.015198
41.63	0.01519
41.64	0.015182
41.65	0.015174
41.66	0.015166
41.67	0.015158
41.68	0.015151
41.69	0.015143
41.7	0.015135
41.71	0.015127
41.72	0.015119
41.73	0.015111
41.74	0.015103
41.75	0.015096
41.76	0.015088
41.77	0.01508
41.78	0.015072
41.79	0.015064
41.8	0.015057
41.81	0.015049
41.82	0.015041
41.83	0.015033
41.84	0.015026
41.85	0.015018
41.86	0.01501
41.87	0.015002
41.88	0.014995
41.89	0.014987
41.9	0.014979
41.91	0.014971
41.92	0.014964
41.93	0.014956
41.94	0.014948
41.95	0.01494
41.96	0.014933
41.97	0.014925
41.98	0.014917
41.99	0.01491
42.0	0.014902
42.01	0.014894
42.02	0.014887
42.03	0.014879
42.04	0.014871
42.05	0.014864
42.06	0.014856
42.07	0.014848
42.08	0.014841
42.09	0.014833
42.1	0.014826
42.11	0.014818
42.12	0.01481
42.13	0.014803
42.14	0.014795
42.15	0.014788
42.16	0.01478
42.17	0.014772
42.18	0.014765
42.19	0.014757
42.2	0.01475
42.21	0.014742
42.22	0.014735
42.23	0.014727
42.24	0.01472
42.25	0.014712
42.26	0.014705
42.27	0.014697
42.28	0.014689
42.29	0.014682
42.3	0.014674
42.31	0.014667
42.32	0.014659
42.33	0.014652
42.34	0.014645
42.35	0.014637
42.36	0.01463
42.37	0.014622
42.38	0.014615
42.39	0.014607
42.4	0.0146
42.41	0.014592
42.42	0.014585
42.43	0.014577
42.44	0.01457
42.45	0.014563
42.46	0.014555
42.47	0.014548
42.48	0.01454
42.49	0.014533
42.5	0.014526
42.51	0.014518
42.52	0.014511
42.53	0.014503
42.54	0.014496
42.55	0.014489
42.56	0.014481
42.57	0.014474
42.58	0.014467
42.59	0.014459
42.6	0.014452
42.61	0.014445
42.62	0.014437
42.63	0.01443
42.64	0.014423
42.65	0.014415
42.66	0.014408
42.67	0.014401
42.68	0.014394
42.69	0.014386
42.7	0.014379
42.71	0.014372
42.72	0.014364
42.73	0.014357
42.74	0.01435
42.75	0.014343
42.76	0.014335
42.77	0.014328
42.78	0.014321
42.79	0.014314
42.8	0.014307
42.81	0.014299
42.82	0.014292
42.83	0.014285
42.84	0.014278
42.85	0.014271
42.86	0.014263
42.87	0.014256
42.88	0.014249
42.89	0.014242
42.9	0.014235
42.91	0.014227
42.92	0.01422
42.93	0.014213
42.94	0.014206
42.95	0.014199
42.96	0.014192
42.97	0.014185
42.98	0.014177
42.99	0.01417
43.0	0.014163
43.01	0.014156
43.02	0.014149
43.03	0.014142
43.04	0.014135
43.05	0.014128
43.06	0.014121
43.07	0.014114
43.08	0.014106
43.09	0.014099
43.1	0.014092
43.11	0.014085
43.12	0.014078
43.13	0.014071
43.14	0.014064
43.15	0.014057
43.16	0.01405
43.17	0.014043
43.18	0.014036
43.19	0.014029
43.2	0.014022
43.21	0.014015
43.22	0.014008
43.23	0.014001
43.24	0.013994
43.25	0.013987
43.26	0.01398
43.27	0.013973
43.28	0.013966
43.29	0.013959
43.3	0.013952
43.31	0.013945
43.32	0.013938
43.33	0.013931
43.34	0.013924
43.35	0.013917
43.36	0.013911
43.37	0.013904
43.38	0.013897
43.39	0.01389
43.4	0.013883
43.41	0.013876
43.42	0.013869
43.43	0.013862
43.44	0.013855
43.45	0.013848
43.46	0.013842
43.47	0.013835
43.48	0.013828
43.49	0.013821
43.5	0.013814
43.51	0.013807
43.52	0.0138
43.53	0.013794
43.54	0.013787
43.55	0.01378
43.56	0.013773
43.57	0.013766
43.58	0.013759
43.59	0.013753
43.6	0.013746
43.61	0.013739
43.62	0.013732
43.63	0.013725
43.64	0.013719
43.65	0.013712
43.66	0.013705
43.67	0.013698
43.68	0.013692
43.69	0.013685
43.7	0.013678
43.71	0.013671
43.72	0.013665
43.73	0.013658
43.74	0.013651
43.75	0.013644
43.76	0.013638
43.77	0.013631
43.78	0.013624
43.79	0.013617
43.8	0.013611
43.81	0.013604
43.82	0.013597
43.83	0.013591
43.84	0.013584
43.85	0.013577
43.86	0.013571
43.87	0.013564
43.88	0.013557
43.89	0.013551
43.9	0.013544
43.91	0.013537
43.92	0.013531
43.93	0.013524
43.94	0.013517
43.95	0.013511
43.96	0.013504
43.97	0.013498
43.98	0.013491
43.99	0.013484
44.0	0.013478
44.01	0.013471
44.02	0.013464
44.03	0.013458
44.04	0.013451
44.05	0.013445
44.06	0.013438
44.07	0.013432
44.08	0.013425
44.09	0.013418
44.1	0.013412
44.11	0.013405
44.12	0.013399
44.13	0.013392
44.14	0.013386
44.15	0.013379
44.16	0.013373
44.17	0.013366
44.18	0.01336
44.19	0.013353
44.2	0.013347
44.21	0.01334
44.22	0.013334
44.23	0.013327
44.24	0.013321
44.25	0.013314
44.26	0.013308
44.27	0.013301
44.28	0.013295
44.29	0.013288
44.3	0.013282
44.31	0.013275
44.32	0.013269
44.33	0.013262
44.34	0.013256
44.35	0.013249
44.36	0.013243
44.37	0.013237
44.38	0.01323
44.39	0.013224
44.4	0.013217
44.41	0.013211
44.42	0.013204
44.43	0.013198
44.44	0.013192
44.45	0.013185
44.46	0.013179
44.47	0.013172
44.48	0.013166
44.49	0.01316
44.5	0.013153
44.51	0.013147
44.52	0.013141
44.53	0.013134
44.54	0.013128
44.55	0.013122
44.56	0.013115
44.57	0.013109
44.58	0.013103
44.59	0.013096
44.6	0.01309
44.61	0.013084
44.62	0.013077
44.63	0.013071
44.64	0.013065
44.65	0.013058
44.66	0.013052
44.67	0.013046
44.68	0.013039
44.69	0.013033
44.7	0.013027
44.71	0.013021
44.72	0.013014
44.73	0.013008
44.74	0.013002
44.75	0.012995
44.76	0.012989
44.77	0.012983
44.78	0.012977
44.79	0.01297
44.8	0.012964
44.81	0.012958
44.82	0.012952
44.83	0.012946
44.84	0.012939
44.85	0.012933
44.86	0.012927
44.87	0.012921
44.88	0.012915
44.89	0.012908
44.9	0.012902
44.91	0.012896
44.92	0.01289
44.93	0.012884
44.94	0.012877
44.95	0.012871
44.96	0.012865
44.97	0.012859
44.98	0.012853
44.99	0.012847
45.0	0.01284
45.01	0.012834
45.02	0.012828
45.03	0.012822
45.04	0.012816
45.05	0.01281
45.06	0.012804
45.07	0.012798
45.08	0.012791
45.09	0.012785
45.1	0.012779
45.11	0.012773
45.12	0.012767
45.13	0.012761
45.14	0.012755
45.15	0.012749
45.16	0.012743
45.17	0.012737
45.18	0.012731
45.19	0.012724
45.2	0.012718
45.21	0.012712
45.22	0.012706
45.23	0.0127
45.24	0.012694
45.25	0.012688
45.26	0.012682
45.27	0.012676
45.28	0.01267
45.29	0.012664
45.3	0.012658
45.31	0.012652
45.32	0.012646
45.33	0.01264
45.34	0.012634
45.35	0.012628
45.36	0.012622
45.37	0.012616
45.38	0.01261
45.39	0.012604
45.4	0.012598
45.41	0.012592
45.42	0.012586
45.43	0.01258
45.44	0.012574
45.45	0.012568
45.46	0.012562
45.47	0.012556
45.48	0.01255
45.49	0.012544
45.5	0.012539
45.51	0.012533
45.52	0.012527
45.53	0.012521
45.54	0.012515
45.55	0.012509
45.56	0.012503
45.57	0.012497
45.58	0.012491
45.59	0.012485
45.6	0.012479
45.61	0.012474
45.62	0.012468
45.63	0.012462
45.64	0.012456
45.65	0.01245
45.66	0.012444
45.67	0.012438
45.68	0.012432
45.69	0.012427
45.7	0.012421
45.71	0.012415
45.72	0.012409
45.73	0.012403
45.74	0.012397
45.75	0.012392
45.76	0.012386
45.77	0.01238
45.78	0.012374
45.79	0.012368
45.8	0.012362
45.81	0.012357
45.82	0.012351
45.83	0.012345
45.84	0.012339
45.85	0.012333
45.86	0.012328
45.87	0.012322
45.88	0.012316
45.89	0.01231
45.9	0.012305
45.91	0.012299
45.92	0.012293
45.93	0.012287
45.94	0.012282
45.95	0.012276
45.96	0.01227
45.97	0.012264
45.98	0.012259
45.99	0.012253
46.0	0.012247
46.01	0.012241
46.02	0.012236
46.03	0.01223
46.04	0.012224
46.05	0.012218
46.06	0.012213
46.07	0.012207
46.08	0.012201
46.09	0.012196
46.1	0.01219
46.11	0.012184
46.12	0.012179
46.13	0.012173
46.14	0.012167
46.15	0.012162
46.16	0.012156
46.17	0.01215
46.18	0.012145
46.19	0.012139
46.2	0.012133
46.21	0.012128
46.22	0.012122
46.23	0.012116
46.24	0.012111
46.25	0.012105
46.26	0.0121
46.27	0.012094
46.28	0.012088
46.29	0.012083
46.3	0.012077
46.31	0.012071
46.32	0.012066
46.33	0.01206
46.34	0.012055
46.35	0.012049
46.36	0.012043
46.37	0.012038
46.38	0.012032
46.39	0.012027
46.4	0.012021
46.41	0.012016
46.42	0.01201
46.43	0.012004
46.44	0.011999
46.45	0.011993
46.46	0.011988
46.47	0.011982
46.48	0.011977
46.49	0.011971
46.5	0.011966
46.51	0.01196
46.52	0.011955
46.53	0.011949
46.54	0.011944
46.55	0.011938
46.56	0.011932
46.57	0.011927
46.58	0.011921
46.59	0.011916
46.6	0.01191
46.61	0.011905
46.62	0.0119
46.63	0.011894
46.64	0.011889
46.65	0.011883
46.66	0.011878
46.67	0.011872
46.68	0.011867
46.69	0.011861
46.7	0.011856
46.71	0.01185
46.72	0.011845
46.73	0.011839
46.74	0.011834
46.75	0.011828
46.76	0.011823
46.77	0.011818
46.78	0.011812
46.79	0.011807
46.8	0.011801
46.81	0.011796
46.82	0.011791
46.83	0.011785
46.84	0.01178
46.85	0.011774
46.86	0.011769
46.87	0.011764
46.88	0.011758
46.89	0.011753
46.9	0.011747
46.91	0.011742
46.92	0.011737
46.93	0.011731
46.94	0.011726
46.95	0.01172
46.96	0.011715
46.97	0.01171
46.98	0.011704
46.99	0.011699
47.0	0.011694
47.01	0.011688
47.02	0.011683
47.03	0.011678
47.04	0.011672
47.05	0.011667
47.06	0.011662
47.07	0.011656
47.08	0.011651
47.09	0.011646
47.1	0.01164
47.11	0.011635
47.12	0.01163
47.13	0.011625
47.14	0.011619
47.15	0.011614
47.16	0.011609
47.17	0.011603
47.18	0.011598
47.19	0.011593
47.2	0.011588
47.21	0.011582
47.22	0.011577
47.23	0.011572
47.24	0.011566
47.25	0.011561
47.26	0.011556
47.27	0.011551
47.28	0.011545
47.29	0.01154
47.3	0.011535
47.31	0.01153
47.32	0.011524
47.33	0.011519
47.34	0.011514
47.35	0.011509
47.36	0.011504
47.37	0.011498
47.38	0.011493
47.39	0.011488
47.4	0.011483
47.41	0.011478
47.42	0.011472
47.43	0.011467
47.44	0.011462
47.45	0.011457
47.46	0.011452
47.47	0.011446
47.48	0.011441
47.49	0.011436
47.5	0.011431
47.51	0.011426
47.52	0.011421
47.53	0.011415
47.54	0.01141
47.55	0.011405
47.56	0.0114
47.57	0.011395
47.58	0.01139
47.59	0.011385
47.6	0.011379
47.61	0.011374
47.62	0.011369
47.63	0.011364
47.64	0.011359
47.65	0.011354
47.66	0.011349
47.67	0.011344
47.68	0.011338
47.69	0.011333
47.7	0.011328
47.71	0.011323
47.72	0.011318
47.73	0.011313
47.74	0.011308
47.75	0.011303
47.76	0.011298
47.77	0.011293
47.78	0.011288
47.79	0.011282
47.8	0.011277
47.81	0.011272
47.82	0.011267
47.83	0.011262
47.84	0.011257
47.85	0.011252
47.86	0.011247
47.87	0.011242
47.88	0.011237
47.89	0.011232
47.9	0.011227
47.91	0.011222
47.92	0.011217
47.93	0.011212
47.94	0.011207
47.95	0.011202
47.96	0.011197
47.97	0.011192
47.98	0.011187
47.99	0.011182
48.0	0.011177
48.01	0.011172
48.02	0.011167
48.03	0.011162
48.04	0.011157
48.05	0.011152
48.06	0.011147
48.07	0.011142
48.08	0.011137
48.09	0.011132
48.1	0.011127
48.11	0.011122
48.12	0.011117
48.13	0.011112
48.14	0.011107
48.15	0.011102
48.16	0.011097
48.17	0.011092
48.18	0.011087
48.19	0.011082
48.2	0.011078
48.21	0.011073
48.22	0.011068
48.23	0.011063
48.24	0.011058
48.25	0.011053
48.26	0.011048
48.27	0.011043
48.28	0.011038
48.29	0.011033
48.3	0.011028
48.31	0.011023
48.32	0.011019
48.33	0.011014
48.34	0.011009
48.35	0.011004
48.36	0.010999
48.37	0.010994
48.38	0.010989
48.39	0.010984
48.4	0.01098
48.41	0.010975
48.42	0.01097
48.43	0.010965
48.44	0.01096
48.45	0.010955
48.46	0.01095
48.47	0.010946
48.48	0.010941
48.49	0.010936
48.5	0.010931
48.51	0.010926
48.52	0.010921
48.53	0.010917
48.54	0.010912
48.55	0.010907
48.56	0.010902
48.57	0.010897
48.58	0.010892
48.59	0.010888
48.6	0.010883
48.61	0.010878
48.62	0.010873
48.63	0.010868
48.64	0.010864
48.65	0.010859
48.66	0.010854
48.67	0.010849
48.68	0.010845
48.69	0.01084
48.7	0.010835
48.71	0.01083
48.72	0.010825
48.73	0.010821
48.74	0.010816
48.75	0.010811
48.76	0.010806
48.77	0.010802
48.78	0.010797
48.79	0.010792
48.8	0.010787
48.81	0.010783
48.82	0.010778
48.83	0.010773
48.84	0.010768
48.85	0.010764
48.86	0.010759
48.87	0.010754
48.88	0.01075
48.89	0.010745
48.9	0.01074
48.91	0.010735
48.92	0.010731
48.93	0.010726
48.94	0.010721
48.95	0.010717
48.96	0.010712
48.97	0.010707
48.98	0.010703
48.99	0.010698
49.0	0.010693
49.01	0.010689
49.02	0.010684
49.03	0.010679
49.04	0.010675
49.05	0.01067
49.06	0.010665
49.07	0.010661
49.08	0.010656
49.09	0.010651
49.1	0.010647
49.11	0.010642
49.12	0.010637
49.13	0.010633
49.14	0.010628
49.15	0.010623
49.16	0.010619
49.17	0.010614
49.18	0.01061
49.19	0.010605
49.2	0.0106
49.21	0.010596
49.22	0.010591
49.23	0.010586
49.24	0.010582
49.25	0.010577
49.26	0.010573
49.27	0.010568
49.28	0.010563
49.29	0.010559
49.3	0.010554
49.31	0.01055
49.32	0.010545
49.33	0.010541
49.34	0.010536
49.35	0.010531
49.36	0.010527
49.37	0.010522
49.38	0.010518
49.39	0.010513
49.4	0.010509
49.41	0.010504
49.42	0.010499
49.43	0.010495
49.44	0.01049
49.45	0.010486
49.46	0.010481
49.47	0.010477
49.48	0.010472
49.49	0.010468
49.5	0.010463
49.51	0.010459
49.52	0.010454
49.53	0.01045
49.54	0.010445
49.55	0.01044
49.56	0.010436
49.57	0.010431
49.58	0.010427
49.59	0.010422
49.6	0.010418
49.61	0.010413
49.62	0.010409
49.63	0.010404
49.64	0.0104
49.65	0.010395
49.66	0.010391
49.67	0.010387
49.68	0.010382
49.69	0.010378
49.7	0.010373
49.71	0.010369
49.72	0.010364
49.73	0.01036
49.74	0.010355
49.75	0.010351
49.76	0.010346
49.77	0.010342
49.78	0.010337
49.79	0.010333
49.8	0.010329
49.81	0.010324
49.82	0.01032
49.83	0.010315
49.84	0.010311
49.85	0.010306
49.86	0.010302
49.87	0.010298
49.88	0.010293
49.89	0.010289
49.9	0.010284
49.91	0.01028
49.92	0.010275
49.93	0.010271
49.94	0.010267
49.95	0.010262
49.96	0.010258
49.97	0.010253
49.98	0.010249
49.99	0.010245
50.0	0.01024
