eng	y_fit
0.4	0.0
0.41	0.083086
0.42	0.1347
0.43	0.17423
0.44	0.20894
0.45	0.24119
0.46	0.27208
0.47	0.30229
0.48	0.33225
0.49	0.36225
0.5	0.39254
0.51	0.4233
0.52	0.45468
0.53	0.48682
0.54	0.51985
0.55	0.55387
0.56	0.58898
0.57	0.62528
0.58	0.66286
0.59	0.70181
0.6	0.74222
0.61	0.78417
0.62	0.82774
0.63	0.87301
0.64	0.92006
0.65	0.96897
0.66	1.0198
0.67	1.0727
0.68	1.1276
0.69	1.1846
0.7	1.2577923076923079
0.71	1.3309846153846154
0.72	1.404176923076923
0.73	1.4773692307692308
0.74	1.5505615384615385
0.75	1.6237538461538463
0.76	1.6969461538461539
0.77	1.7701384615384614
0.78	1.843330769230769
0.79	1.916523076923077
0.8	1.9897153846153846
0.81	2.0629076923076926
0.82	2.1361
0.83	2.2248
0.84	2.3151
0.85	2.4068
0.86	2.399351851851852
0.87	2.391903703703704
0.88	2.3844555555555558
0.89	2.3770074074074072
0.9	2.3695592592592596
0.91	2.362111111111111
0.92	2.354662962962963
0.93	2.347214814814815
0.94	2.3397666666666668
0.95	2.3323185185185187
0.96	2.3248703703703706
0.97	2.3174222222222225
0.98	2.3099740740740744
0.99	2.3025259259259263
1.0	2.295077777777778
1.01	2.2876296296296297
1.02	2.2801814814814816
1.03	2.2727333333333335
1.04	2.2652851851851854
1.05	2.2578370370370373
1.06	2.2503888888888888
1.07	2.242940740740741
1.08	2.2354925925925926
1.09	2.2280444444444445
1.1	2.2205962962962964
1.11	2.2131481481481483
1.12	2.2057
1.13	2.2000756097560976
1.14	2.194451219512195
1.15	2.188826829268293
1.16	2.1832024390243907
1.17	2.177578048780488
1.18	2.1719536585365855
1.19	2.166329268292683
1.2	2.1607048780487808
1.21	2.155080487804878
1.22	2.1494560975609756
1.23	2.1438317073170734
1.24	2.138207317073171
1.25	2.1325829268292686
1.26	2.126958536585366
1.27	2.1213341463414634
1.28	2.1157097560975613
1.29	2.110085365853659
1.3	2.1044609756097565
1.31	2.098836585365854
1.32	2.0932121951219513
1.33	2.0875878048780487
1.34	2.0819634146341466
1.35	2.076339024390244
1.36	2.0707146341463414
1.37	2.0650902439024392
1.38	2.059465853658537
1.39	2.053841463414634
1.4	2.048217073170732
1.41	2.0425926829268293
1.42	2.036968292682927
1.43	2.0313439024390245
1.44	2.025719512195122
1.45	2.0200951219512198
1.46	2.014470731707317
1.47	2.008846341463415
1.48	2.0032219512195124
1.49	1.9975975609756098
1.5	1.9919731707317072
1.51	1.986348780487805
1.52	1.9807243902439025
1.53	1.9751
1.54	1.969386206896552
1.55	1.9636724137931034
1.56	1.9579586206896553
1.57	1.9522448275862068
1.58	1.9465310344827587
1.59	1.9408172413793106
1.6	1.935103448275862
1.61	1.929389655172414
1.62	1.9236758620689658
1.63	1.9179620689655172
1.64	1.9122482758620691
1.65	1.9065344827586208
1.66	1.9008206896551725
1.67	1.8951068965517242
1.68	1.8893931034482758
1.69	1.8836793103448275
1.7	1.8779655172413792
1.71	1.872251724137931
1.72	1.8665379310344827
1.73	1.8608241379310346
1.74	1.855110344827586
1.75	1.849396551724138
1.76	1.8436827586206894
1.77	1.8379689655172413
1.78	1.832255172413793
1.79	1.8265413793103447
1.8	1.8208275862068966
1.81	1.815113793103448
1.82	1.8094
1.83	1.8010285714285714
1.84	1.7926571428571427
1.85	1.7842857142857143
1.86	1.7759142857142856
1.87	1.7675428571428569
1.88	1.7591714285714286
1.89	1.7508
1.9	1.7456
1.91	1.74115
1.92	1.7367
1.93	1.7324
1.94	1.7279
1.95	1.7233999999999998
1.96	1.7189
1.97	1.7146
1.98	1.7103
1.99	1.7057
2.0	1.7014
2.01	1.6969
2.02	1.6925
2.03	1.6883
2.04	1.6839
2.05	1.6796
2.06	1.6754
2.07	1.6711
2.08	1.6668
2.09	1.6626
2.1	1.6585
2.11	1.6543
2.12	1.6502
2.13	1.6461
2.14	1.642
2.15	1.6379
2.16	1.6338
2.17	1.6298
2.18	1.6257
2.19	1.6217
2.2	1.6177
2.21	1.6138
2.22	1.6099
2.23	1.606
2.24	1.6022
2.25	1.5983
2.26	1.5945
2.27	1.5906
2.28	1.5868
2.29	1.583
2.3	1.5793
2.31	1.5755
2.32	1.5718
2.33	1.5681
2.34	1.5645
2.35	1.5608
2.36	1.5572
2.37	1.5536
2.38	1.5501
2.39	1.5465
2.4	1.5429
2.41	1.5394
2.42	1.5359
2.43	1.5324
2.44	1.5289
2.45	1.5254
2.46	1.522
2.47	1.5186
2.48	1.5152
2.49	1.5119
2.5	1.5085
2.51	1.5052
2.52	1.5019
2.53	1.4986
2.54	1.4953
2.55	1.492
2.56	1.4887
2.57	1.4855
2.58	1.4823
2.59	1.4791
2.6	1.4759
2.61	1.4727
2.62	1.4696
2.63	1.4664
2.64	1.4633
2.65	1.4602
2.66	1.4571
2.67	1.4541
2.68	1.451
2.69	1.448
2.7	1.4449
2.71	1.4419
2.72	1.4389
2.73	1.4359
2.74	1.433
2.75	1.43
2.76	1.4271
2.77	1.4241
2.78	1.4212
2.79	1.4183
2.8	1.4154
2.81	1.4125
2.82	1.4097
2.83	1.4068
2.84	1.404
2.85	1.4012
2.86	1.3983
2.87	1.3955
2.88	1.3928
2.89	1.39
2.9	1.3872
2.91	1.3844
2.92	1.3817
2.93	1.379
2.94	1.3763
2.95	1.3735
2.96	1.3708
2.97	1.3681
2.98	1.3655
2.99	1.3628
3.0	1.3601
3.01	1.3575
3.02	1.3549
3.03	1.3522
3.04	1.3496
3.05	1.347
3.06	1.3444
3.07	1.3418
3.08	1.3392
3.09	1.3366
3.1	1.3341
3.11	1.3315
3.12	1.329
3.13	1.3264
3.14	1.3239
3.15	1.3214
3.16	1.3189
3.17	1.3164
3.18	1.3139
3.19	1.3114
3.2	1.3089
3.21	1.3064
3.22	1.304
3.23	1.3015
3.24	1.299
3.25	1.2966
3.26	1.2942
3.27	1.2917
3.28	1.2893
3.29	1.2869
3.3	1.2845
3.31	1.2821
3.32	1.2797
3.33	1.2773
3.34	1.2749
3.35	1.2725
3.36	1.2701
3.37	1.2677
3.38	1.2654
3.39	1.263
3.4	1.2607
3.41	1.2583
3.42	1.256
3.43	1.2537
3.44	1.2513
3.45	1.249
3.46	1.2467
3.47	1.2444
3.48	1.2421
3.49	1.2398
3.5	1.2375
3.51	1.2352
3.52	1.2329
3.53	1.2306
3.54	1.2283
3.55	1.226
3.56	1.2238
3.57	1.2215
3.58	1.2192
3.59	1.217
3.6	1.2147
3.61	1.2125
3.62	1.2103
3.63	1.208
3.64	1.2058
3.65	1.2036
3.66	1.2013
3.67	1.1991
3.68	1.1969
3.69	1.1947
3.7	1.1925
3.71	1.1903
3.72	1.1881
3.73	1.1859
3.74	1.1837
3.75	1.1815
3.76	1.1793
3.77	1.1771
3.78	1.175
3.79	1.1728
3.8	1.1706
3.81	1.1684
3.82	1.1663
3.83	1.1641
3.84	1.162
3.85	1.1598
3.86	1.1577
3.87	1.1555
3.88	1.1534
3.89	1.1513
3.9	1.1491
3.91	1.147
3.92	1.1449
3.93	1.1428
3.94	1.1406
3.95	1.1385
3.96	1.1364
3.97	1.1343
3.98	1.1322
3.99	1.1301
4.0	1.128
4.01	1.1259
4.02	1.1238
4.03	1.1217
4.04	1.1196
4.05	1.1176
4.06	1.1155
4.07	1.1134
4.08	1.1113
4.09	1.1093
4.1	1.1072
4.11	1.1051
4.12	1.1031
4.13	1.101
4.14	1.099
4.15	1.0969
4.16	1.0949
4.17	1.0928
4.18	1.0908
4.19	1.0887
4.2	1.0867
4.21	1.0847
4.22	1.0827
4.23	1.0806
4.24	1.0786
4.25	1.0766
4.26	1.0746
4.27	1.0725
4.28	1.0705
4.29	1.0685
4.3	1.0665
4.31	1.0645
4.32	1.0625
4.33	1.0605
4.34	1.0585
4.35	1.0565
4.36	1.0545
4.37	1.0526
4.38	1.0506
4.39	1.0486
4.4	1.0466
4.41	1.0446
4.42	1.0427
4.43	1.0407
4.44	1.0387
4.45	1.0368
4.46	1.0348
4.47	1.0329
4.48	1.0309
4.49	1.0289
4.5	1.027
4.51	1.025
4.52	1.0231
4.53	1.0212
4.54	1.0192
4.55	1.0173
4.56	1.0153
4.57	1.0134
4.58	1.0115
4.59	1.0096
4.6	1.0076
4.61	1.0057
4.62	1.0038
4.63	1.0019
4.64	0.99996
4.65	0.99805
4.66	0.99614
4.67	0.99423
4.68	0.99233
4.69	0.99043
4.7	0.98853
4.71	0.98664
4.72	0.98475
4.73	0.98286
4.74	0.98097
4.75	0.97908
4.76	0.9772
4.77	0.97532
4.78	0.97345
4.79	0.97157
4.8	0.9697
4.81	0.96784
4.82	0.96597
4.83	0.96411
4.84	0.96225
4.85	0.96039
4.86	0.95854
4.87	0.95668
4.88	0.95484
4.89	0.95299
4.9	0.95115
4.91	0.94931
4.92	0.94747
4.93	0.94563
4.94	0.9438
4.95	0.94197
4.96	0.94015
4.97	0.93832
4.98	0.9365
4.99	0.93468
5.0	0.93287
5.01	0.93106
5.02	0.92925
5.03	0.92744
5.04	0.92564
5.05	0.92384
5.06	0.92204
5.07	0.92025
5.08	0.91846
5.09	0.91667
5.1	0.91488
5.11	0.9131
5.12	0.91132
5.13	0.90955
5.14	0.90777
5.15	0.906
5.16	0.90424
5.17	0.90247
5.18	0.90071
5.19	0.89895
5.2	0.8972
5.21	0.89544
5.22	0.8937
5.23	0.89195
5.24	0.89021
5.25	0.88847
5.26	0.88673
5.27	0.885
5.28	0.88327
5.29	0.88154
5.3	0.87982
5.31	0.87809
5.32	0.87638
5.33	0.87466
5.34	0.87295
5.35	0.87124
5.36	0.86954
5.37	0.86783
5.38	0.86613
5.39	0.86444
5.4	0.86274
5.41	0.86105
5.42	0.85937
5.43	0.85768
5.44	0.856
5.45	0.85433
5.46	0.85265
5.47	0.85098
5.48	0.84931
5.49	0.84765
5.5	0.84598
5.51	0.84433
5.52	0.84267
5.53	0.84102
5.54	0.83937
5.55	0.83772
5.56	0.83608
5.57	0.83444
5.58	0.8328
5.59	0.83116
5.6	0.82953
5.61	0.8279
5.62	0.82628
5.63	0.82466
5.64	0.82304
5.65	0.82142
5.66	0.81981
5.67	0.8182
5.68	0.81659
5.69	0.81498
5.7	0.81338
5.71	0.81178
5.72	0.81019
5.73	0.80859
5.74	0.807
5.75	0.80542
5.76	0.80383
5.77	0.80225
5.78	0.80067
5.79	0.79909
5.8	0.79752
5.81	0.79595
5.82	0.79438
5.83	0.79282
5.84	0.79126
5.85	0.7897
5.86	0.78814
5.87	0.78659
5.88	0.78504
5.89	0.78349
5.9	0.78194
5.91	0.7804
5.92	0.77886
5.93	0.77732
5.94	0.77579
5.95	0.77426
5.96	0.77273
5.97	0.7712
5.98	0.76968
5.99	0.76816
6.0	0.76664
6.01	0.76512
6.02	0.76361
6.03	0.7621
6.04	0.76059
6.05	0.75909
6.06	0.75758
6.07	0.75608
6.08	0.75459
6.09	0.75309
6.1	0.7516
6.11	0.75011
6.12	0.74862
6.13	0.74713
6.14	0.74565
6.15	0.74417
6.16	0.74269
6.17	0.74122
6.18	0.73975
6.19	0.73828
6.2	0.73681
6.21	0.73535
6.22	0.73388
6.23	0.73242
6.24	0.73097
6.25	0.72951
6.26	0.72806
6.27	0.72661
6.28	0.72516
6.29	0.72372
6.3	0.72227
6.31	0.72083
6.32	0.7194
6.33	0.71796
6.34	0.71653
6.35	0.7151
6.36	0.71367
6.37	0.71225
6.38	0.71082
6.39	0.7094
6.4	0.70799
6.41	0.70657
6.42	0.70516
6.43	0.70375
6.44	0.70234
6.45	0.70094
6.46	0.69953
6.47	0.69813
6.48	0.69673
6.49	0.69534
6.5	0.69395
6.51	0.69256
6.52	0.69117
6.53	0.68978
6.54	0.6884
6.55	0.68702
6.56	0.68564
6.57	0.68427
6.58	0.68289
6.59	0.68152
6.6	0.68016
6.61	0.67879
6.62	0.67743
6.63	0.67607
6.64	0.67471
6.65	0.67335
6.66	0.672
6.67	0.67065
6.68	0.6693
6.69	0.66796
6.7	0.66662
6.71	0.66528
6.72	0.66394
6.73	0.6626
6.74	0.66127
6.75	0.65994
6.76	0.65861
6.77	0.65729
6.78	0.65597
6.79	0.65465
6.8	0.65333
6.81	0.65202
6.82	0.6507
6.83	0.6494
6.84	0.64809
6.85	0.64678
6.86	0.64548
6.87	0.64418
6.88	0.64289
6.89	0.64159
6.9	0.6403
6.91	0.63901
6.92	0.63773
6.93	0.63644
6.94	0.63516
6.95	0.63388
6.96	0.63261
6.97	0.63133
6.98	0.63006
6.99	0.62879
7.0	0.62753
7.01	0.62627
7.02	0.62501
7.03	0.62375
7.04	0.62249
7.05	0.62124
7.06	0.61999
7.07	0.61874
7.08	0.6175
7.09	0.61625
7.1	0.61501
7.11	0.61378
7.12	0.61254
7.13	0.61131
7.14	0.61008
7.15	0.60885
7.16	0.60763
7.17	0.6064
7.18	0.60518
7.19	0.60397
7.2	0.60275
7.21	0.60154
7.22	0.60033
7.23	0.59912
7.24	0.59792
7.25	0.59671
7.26	0.59551
7.27	0.59432
7.28	0.59312
7.29	0.59193
7.3	0.59074
7.31	0.58955
7.32	0.58837
7.33	0.58718
7.34	0.586
7.35	0.58483
7.36	0.58365
7.37	0.58248
7.38	0.58131
7.39	0.58014
7.4	0.57897
7.41	0.57781
7.42	0.57665
7.43	0.57549
7.44	0.57434
7.45	0.57318
7.46	0.57203
7.47	0.57088
7.48	0.56974
7.49	0.56859
7.5	0.56745
7.51	0.56631
7.52	0.56517
7.53	0.56404
7.54	0.56291
7.55	0.56178
7.56	0.56065
7.57	0.55953
7.58	0.5584
7.59	0.55728
7.6	0.55616
7.61	0.55505
7.62	0.55393
7.63	0.55282
7.64	0.55171
7.65	0.55061
7.66	0.5495
7.67	0.5484
7.68	0.5473
7.69	0.5462
7.7	0.5451
7.71	0.54401
7.72	0.54292
7.73	0.54183
7.74	0.54074
7.75	0.53966
7.76	0.53858
7.77	0.5375
7.78	0.53642
7.79	0.53534
7.8	0.53427
7.81	0.5332
7.82	0.53213
7.83	0.53106
7.84	0.53
7.85	0.52894
7.86	0.52788
7.87	0.52682
7.88	0.52576
7.89	0.52471
7.9	0.52366
7.91	0.52261
7.92	0.52156
7.93	0.52052
7.94	0.51947
7.95	0.51843
7.96	0.5174
7.97	0.51636
7.98	0.51532
7.99	0.51429
8.0	0.51326
8.01	0.51224
8.02	0.51121
8.03	0.51019
8.04	0.50916
8.05	0.50815
8.06	0.50713
8.07	0.50611
8.08	0.5051
8.09	0.50409
8.1	0.50308
8.11	0.50207
8.12	0.50107
8.13	0.50007
8.14	0.49907
8.15	0.49807
8.16	0.49707
8.17	0.49608
8.18	0.49509
8.19	0.4941
8.2	0.49311
8.21	0.49213
8.22	0.49114
8.23	0.49016
8.24	0.48918
8.25	0.48821
8.26	0.48723
8.27	0.48626
8.28	0.48529
8.29	0.48432
8.3	0.48335
8.31	0.48239
8.32	0.48143
8.33	0.48046
8.34	0.47951
8.35	0.47855
8.36	0.4776
8.37	0.47664
8.38	0.47569
8.39	0.47475
8.4	0.4738
8.41	0.47286
8.42	0.47192
8.43	0.47098
8.44	0.47004
8.45	0.4691
8.46	0.46817
8.47	0.46724
8.48	0.46631
8.49	0.46538
8.5	0.46446
8.51	0.46354
8.52	0.46261
8.53	0.4617
8.54	0.46078
8.55	0.45986
8.56	0.45895
8.57	0.45804
8.58	0.45713
8.59	0.45623
8.6	0.45532
8.61	0.45442
8.62	0.45352
8.63	0.45262
8.64	0.45172
8.65	0.45083
8.66	0.44994
8.67	0.44905
8.68	0.44816
8.69	0.44727
8.7	0.44639
8.71	0.44551
8.72	0.44463
8.73	0.44375
8.74	0.44287
8.75	0.442
8.76	0.44112
8.77	0.44025
8.78	0.43939
8.79	0.43852
8.8	0.43766
8.81	0.43679
8.82	0.43593
8.83	0.43508
8.84	0.43422
8.85	0.43336
8.86	0.43251
8.87	0.43166
8.88	0.43081
8.89	0.42997
8.9	0.42912
8.91	0.42828
8.92	0.42744
8.93	0.4266
8.94	0.42576
8.95	0.42493
8.96	0.4241
8.97	0.42327
8.98	0.42244
8.99	0.42161
9.0	0.42078
9.01	0.41996
9.02	0.41914
9.03	0.41832
9.04	0.4175
9.05	0.41669
9.06	0.41587
9.07	0.41506
9.08	0.41425
9.09	0.41344
9.1	0.41264
9.11	0.41183
9.12	0.41103
9.13	0.41023
9.14	0.40943
9.15	0.40864
9.16	0.40784
9.17	0.40705
9.18	0.40626
9.19	0.40547
9.2	0.40468
9.21	0.4039
9.22	0.40311
9.23	0.40233
9.24	0.40155
9.25	0.40078
9.26	0.4
9.27	0.39923
9.28	0.39845
9.29	0.39769
9.3	0.39692
9.31	0.39615
9.32	0.39539
9.33	0.39463
9.34	0.39387
9.35	0.39311
9.36	0.39236
9.37	0.39162
9.38	0.39087
9.39	0.39013
9.4	0.38937
9.41	0.38857
9.42	0.3878
9.43	0.38706
9.44	0.38632
9.45	0.38559
9.46	0.38485
9.47	0.38412
9.48	0.38339
9.49	0.38267
9.5	0.38194
9.51	0.38122
9.52	0.38051
9.53	0.37979
9.54	0.37908
9.55	0.37838
9.56	0.37768
9.57	0.37699
9.58	0.37631
9.59	0.37563
9.6	0.37498
9.61	0.37433
9.62	0.37372
9.63	0.37314
9.64	0.37261
9.65	0.37216
9.66	0.37185
9.67	0.37179
9.68	0.37223
9.69	0.37369
9.7	0.37296
9.71	0.37223
9.72	0.3715
9.73	0.37077
9.74	0.3674
9.75	0.36545
9.76	0.36413
9.77	0.36309
9.78	0.36219
9.79	0.36137
9.8	0.3606
9.81	0.35986
9.82	0.35914
9.83	0.35844
9.84	0.35775
9.85	0.35707
9.86	0.356563
9.87	0.35605600000000004
9.88	0.35554899999999995
9.89	0.35504199999999997
9.9	0.354535
9.91	0.354028
9.92	0.353521
9.93	0.353014
9.94	0.35250699999999996
9.95	0.352
9.96	0.35237
9.97	0.35362
9.98	0.35679
9.99	0.3558483333333333
10.0	0.3549066666666667
10.01	0.353965
10.02	0.35302333333333336
10.03	0.3520816666666667
10.04	0.35114
10.05	0.34852
10.06	0.34669
10.07	0.34527
10.08	0.34411
10.09	0.3433025
10.1	0.342495
10.11	0.34168750000000003
10.12	0.34088
10.13	0.3400725
10.14	0.33926500000000004
10.15	0.3384575
10.16	0.33765
10.17	0.33697
10.18	0.33631
10.19	0.33567
10.2	0.33505
10.21	0.33444
10.22	0.33386
10.23	0.33332
10.24	0.33283
10.25	0.33241
10.26	0.33207
10.27	0.33163
10.28	0.33059
10.29	0.32924
10.3	0.32821
10.31	0.32743
10.32	0.32677
10.33	0.32614
10.34	0.32552
10.35	0.32492
10.36	0.32432
10.37	0.32371
10.38	0.32312
10.39	0.32252
10.4	0.32192
10.41	0.32132
10.42	0.32073
10.43	0.32013
10.44	0.31954
10.45	0.31895
10.46	0.31836
10.47	0.31777
10.48	0.31718
10.49	0.31659
10.5	0.31601
10.51	0.31543
10.52	0.31484
10.53	0.31425
10.54	0.31363
10.55	0.31302
10.56	0.31243
10.57	0.31185
10.58	0.31127
10.59	0.3107
10.6	0.31013
10.61	0.30955
10.62	0.30898
10.63	0.30841
10.64	0.30784
10.65	0.30728
10.66	0.30671
10.67	0.30614
10.68	0.30558
10.69	0.30502
10.7	0.30445
10.71	0.3039
10.72	0.30334
10.73	0.30279
10.74	0.30225
10.75	0.30172
10.76	0.30122
10.77	0.30075
10.78	0.30031
10.79	0.29984
10.8	0.29933
10.81	0.29876
10.82	0.29817
10.83	0.29759
10.84	0.29701
10.85	0.29644
10.86	0.29588
10.87	0.29532
10.88	0.29477
10.89	0.29423
10.9	0.29368
10.91	0.29315
10.92	0.29261
10.93	0.29208
10.94	0.29154
10.95	0.29102
10.96	0.29049
10.97	0.28997
10.98	0.28945
10.99	0.28893
11.0	0.28842
11.01	0.2879
11.02	0.28737
11.03	0.28684
11.04	0.2863
11.05	0.28577
11.06	0.28524
11.07	0.28471
11.08	0.28419
11.09	0.28368
11.1	0.28317
11.11	0.28266
11.12	0.28216
11.13	0.28166
11.14	0.28116
11.15	0.28066
11.16	0.28017
11.17	0.27968
11.18	0.27919
11.19	0.27871
11.2	0.27823
11.21	0.27776
11.22	0.27729
11.23	0.27682
11.24	0.27635
11.25	0.27587
11.26	0.27537
11.27	0.27485
11.28	0.2743
11.29	0.27375
11.3	0.27321
11.31	0.27268
11.32	0.27217
11.33	0.27167
11.34	0.27117
11.35	0.27069
11.36	0.27021
11.37	0.26973
11.38	0.26925
11.39	0.26878
11.4	0.26831
11.41	0.26784
11.42	0.26738
11.43	0.26692
11.44	0.26647
11.45	0.26602
11.46	0.26557
11.47	0.26512
11.48	0.26467
11.49	0.26419
11.5	0.2637
11.51	0.2632
11.52	0.26271
11.53	0.26222
11.54	0.26175
11.55	0.26128
11.56	0.26081
11.57	0.26035
11.58	0.25989
11.59	0.25943
11.6	0.25898
11.61	0.25853
11.62	0.25808
11.63	0.25763
11.64	0.25718
11.65	0.25674
11.66	0.25629
11.67	0.25585
11.68	0.2554
11.69	0.25495
11.7	0.2545
11.71	0.25405
11.72	0.25361
11.73	0.25316
11.74	0.25272
11.75	0.25228
11.76	0.25184
11.77	0.25141
11.78	0.25097
11.79	0.25054
11.8	0.2501
11.81	0.24967
11.82	0.24924
11.83	0.24881
11.84	0.24838
11.85	0.24795
11.86	0.24752
11.87	0.24709
11.88	0.24667
11.89	0.24624
11.9	0.24582
11.91	0.2454
11.92	0.24497
11.93	0.24455
11.94	0.24413
11.95	0.24372
11.96	0.2433
11.97	0.24288
11.98	0.24247
11.99	0.24205
12.0	0.24163
12.01	0.24123
12.02	0.24082
12.03	0.2404
12.04	0.23999
12.05	0.23958
12.06	0.23918
12.07	0.23877
12.08	0.23836
12.09	0.23796
12.1	0.23755
12.11	0.23715
12.12	0.23675
12.13	0.23635
12.14	0.23595
12.15	0.23555
12.16	0.23515
12.17	0.23475
12.18	0.23435
12.19	0.23396
12.2	0.23356
12.21	0.23317
12.22	0.23277
12.23	0.23238
12.24	0.23199
12.25	0.2316
12.26	0.23121
12.27	0.23082
12.28	0.23043
12.29	0.23004
12.3	0.22965
12.31	0.22927
12.32	0.22888
12.33	0.2285
12.34	0.22812
12.35	0.22773
12.36	0.22735
12.37	0.22697
12.38	0.22659
12.39	0.22621
12.4	0.22583
12.41	0.22546
12.42	0.22508
12.43	0.2247
12.44	0.22433
12.45	0.22395
12.46	0.22358
12.47	0.22321
12.48	0.22284
12.49	0.22246
12.5	0.22209
12.51	0.22172
12.52	0.22136
12.53	0.22099
12.54	0.22062
12.55	0.22025
12.56	0.21989
12.57	0.21952
12.58	0.21916
12.59	0.21879
12.6	0.21843
12.61	0.21807
12.62	0.21771
12.63	0.21735
12.64	0.21699
12.65	0.21663
12.66	0.21627
12.67	0.21591
12.68	0.21556
12.69	0.2152
12.7	0.21485
12.71	0.21449
12.72	0.21414
12.73	0.21378
12.74	0.21343
12.75	0.21308
12.76	0.21273
12.77	0.21238
12.78	0.21203
12.79	0.21168
12.8	0.21133
12.81	0.21099
12.82	0.21064
12.83	0.21029
12.84	0.20995
12.85	0.20961
12.86	0.20926
12.87	0.20892
12.88	0.20858
12.89	0.20824
12.9	0.2079
12.91	0.20755
12.92	0.20722
12.93	0.20688
12.94	0.20654
12.95	0.2062
12.96	0.20587
12.97	0.20553
12.98	0.20519
12.99	0.20486
13.0	0.20453
13.01	0.20419
13.02	0.20386
13.03	0.20353
13.04	0.2032
13.05	0.20287
13.06	0.20254
13.07	0.20221
13.08	0.20188
13.09	0.20155
13.1	0.20123
13.11	0.2009
13.12	0.20057
13.13	0.20025
13.14	0.19993
13.15	0.1996
13.16	0.19928
13.17	0.19896
13.18	0.19864
13.19	0.19831
13.2	0.19799
13.21	0.19767
13.22	0.19736
13.23	0.19704
13.24	0.19672
13.25	0.1964
13.26	0.19609
13.27	0.19577
13.28	0.19546
13.29	0.19514
13.3	0.19483
13.31	0.19451
13.32	0.1942
13.33	0.19389
13.34	0.19358
13.35	0.19327
13.36	0.19296
13.37	0.19265
13.38	0.19234
13.39	0.19203
13.4	0.19173
13.41	0.19142
13.42	0.19111
13.43	0.19081
13.44	0.1905
13.45	0.1902
13.46	0.1899
13.47	0.18959
13.48	0.18929
13.49	0.18899
13.5	0.18869
13.51	0.18839
13.52	0.18809
13.53	0.18779
13.54	0.18749
13.55	0.18719
13.56	0.1869
13.57	0.1866
13.58	0.1863
13.59	0.18601
13.6	0.18571
13.61	0.18542
13.62	0.18513
13.63	0.18483
13.64	0.18454
13.65	0.18425
13.66	0.18396
13.67	0.18367
13.68	0.18338
13.69	0.18309
13.7	0.1828
13.71	0.18251
13.72	0.18222
13.73	0.18194
13.74	0.18165
13.75	0.18137
13.76	0.18108
13.77	0.1808
13.78	0.18051
13.79	0.18023
13.8	0.17995
13.81	0.17966
13.82	0.17938
13.83	0.1791
13.84	0.17882
13.85	0.17854
13.86	0.17826
13.87	0.17798
13.88	0.1777
13.89	0.17743
13.9	0.17715
13.91	0.17687
13.92	0.1766
13.93	0.17632
13.94	0.17605
13.95	0.17577
13.96	0.1755
13.97	0.17523
13.98	0.17495
13.99	0.17468
14.0	0.17441
14.01	0.17414
14.02	0.17387
14.03	0.1736
14.04	0.17333
14.05	0.17306
14.06	0.1728
14.07	0.17253
14.08	0.17226
14.09	0.172
14.1	0.17173
14.11	0.17146
14.12	0.1712
14.13	0.17094
14.14	0.17067
14.15	0.17041
14.16	0.17015
14.17	0.16989
14.18	0.16962
14.19	0.16936
14.2	0.1691
14.21	0.16884
14.22	0.16858
14.23	0.16833
14.24	0.16807
14.25	0.16781
14.26	0.16755
14.27	0.1673
14.28	0.16704
14.29	0.16678
14.3	0.16653
14.31	0.16628
14.32	0.16602
14.33	0.16577
14.34	0.16552
14.35	0.16526
14.36	0.16501
14.37	0.16476
14.38	0.16451
14.39	0.16426
14.4	0.16401
14.41	0.16376
14.42	0.16351
14.43	0.16326
14.44	0.16302
14.45	0.16277
14.46	0.16252
14.47	0.16228
14.48	0.16203
14.49	0.16179
14.5	0.16154
14.51	0.1613
14.52	0.16105
14.53	0.16081
14.54	0.16057
14.55	0.16033
14.56	0.16008
14.57	0.15984
14.58	0.1596
14.59	0.15936
14.6	0.15912
14.61	0.15888
14.62	0.15865
14.63	0.15841
14.64	0.15817
14.65	0.15793
14.66	0.1577
14.67	0.15746
14.68	0.15722
14.69	0.15699
14.7	0.15675
14.71	0.15652
14.72	0.15629
14.73	0.15605
14.74	0.15582
14.75	0.15559
14.76	0.15536
14.77	0.15512
14.78	0.15489
14.79	0.15466
14.8	0.15443
14.81	0.1542
14.82	0.15398
14.83	0.15375
14.84	0.15352
14.85	0.15329
14.86	0.15306
14.87	0.15284
14.88	0.15261
14.89	0.15239
14.9	0.15216
14.91	0.15194
14.92	0.15171
14.93	0.15149
14.94	0.15126
14.95	0.15104
14.96	0.15082
14.97	0.1506
14.98	0.15037
14.99	0.15015
15.0	0.14993
15.01	0.14971
15.02	0.14949
15.03	0.14927
15.04	0.14905
15.05	0.14884
15.06	0.14862
15.07	0.1484
15.08	0.14818
15.09	0.14797
15.1	0.14775
15.11	0.14753
15.12	0.14732
15.13	0.1471
15.14	0.14689
15.15	0.14668
15.16	0.14646
15.17	0.14625
15.18	0.14604
15.19	0.14582
15.2	0.14561
15.21	0.1454
15.22	0.14519
15.23	0.14498
15.24	0.14477
15.25	0.14456
15.26	0.14435
15.27	0.14414
15.28	0.14393
15.29	0.14372
15.3	0.14352
15.31	0.14331
15.32	0.1431
15.33	0.1429
15.34	0.14269
15.35	0.14248
15.36	0.14228
15.37	0.14207
15.38	0.14187
15.39	0.14167
15.4	0.14146
15.41	0.14126
15.42	0.14106
15.43	0.14085
15.44	0.14065
15.45	0.14045
15.46	0.14025
15.47	0.14005
15.48	0.13985
15.49	0.13965
15.5	0.13945
15.51	0.13925
15.52	0.13905
15.53	0.13885
15.54	0.13865
15.55	0.13846
15.56	0.13826
15.57	0.13806
15.58	0.13787
15.59	0.13767
15.6	0.13748
15.61	0.13728
15.62	0.13709
15.63	0.13689
15.64	0.1367
15.65	0.1365
15.66	0.13631
15.67	0.13612
15.68	0.13593
15.69	0.13573
15.7	0.13554
15.71	0.13535
15.72	0.13516
15.73	0.13497
15.74	0.13478
15.75	0.13459
15.76	0.1344
15.77	0.13421
15.78	0.13402
15.79	0.13383
15.8	0.13365
15.81	0.13346
15.82	0.13327
15.83	0.13308
15.84	0.1329
15.85	0.13271
15.86	0.13253
15.87	0.13234
15.88	0.13216
15.89	0.13197
15.9	0.13179
15.91	0.1316
15.92	0.13142
15.93	0.13124
15.94	0.13105
15.95	0.13087
15.96	0.13069
15.97	0.13051
15.98	0.13033
15.99	0.13015
16.0	0.12996
16.01	0.12978
16.02	0.1296
16.03	0.12942
16.04	0.12925
16.05	0.12907
16.06	0.12889
16.07	0.12871
16.08	0.12853
16.09	0.12835
16.1	0.12818
16.11	0.128
16.12	0.12782
16.13	0.12765
16.14	0.12747
16.15	0.1273
16.16	0.12712
16.17	0.12695
16.18	0.12677
16.19	0.1266
16.2	0.12642
16.21	0.12625
16.22	0.12608
16.23	0.12591
16.24	0.12573
16.25	0.12556
16.26	0.12539
16.27	0.12522
16.28	0.12505
16.29	0.12488
16.3	0.12471
16.31	0.12454
16.32	0.12437
16.33	0.1242
16.34	0.12403
16.35	0.12386
16.36	0.12369
16.37	0.12352
16.38	0.12335
16.39	0.12319
16.4	0.12302
16.41	0.12285
16.42	0.12269
16.43	0.12252
16.44	0.12235
16.45	0.12219
16.46	0.12202
16.47	0.12186
16.48	0.12169
16.49	0.12153
16.5	0.12137
16.51	0.1212
16.52	0.12104
16.53	0.12087
16.54	0.12071
16.55	0.12055
16.56	0.12039
16.57	0.12023
16.58	0.12006
16.59	0.1199
16.6	0.11974
16.61	0.11958
16.62	0.11942
16.63	0.11926
16.64	0.1191
16.65	0.11894
16.66	0.11878
16.67	0.11862
16.68	0.11847
16.69	0.11831
16.7	0.11815
16.71	0.11799
16.72	0.11784
16.73	0.11768
16.74	0.11752
16.75	0.11737
16.76	0.11721
16.77	0.11705
16.78	0.1169
16.79	0.11674
16.8	0.11659
16.81	0.11643
16.82	0.11628
16.83	0.11612
16.84	0.11597
16.85	0.11582
16.86	0.11566
16.87	0.11551
16.88	0.11536
16.89	0.11521
16.9	0.11505
16.91	0.1149
16.92	0.11475
16.93	0.1146
16.94	0.11445
16.95	0.1143
16.96	0.11415
16.97	0.114
16.98	0.11385
16.99	0.1137
17.0	0.11355
17.01	0.1134
17.02	0.11325
17.03	0.1131
17.04	0.11296
17.05	0.11281
17.06	0.11266
17.07	0.11251
17.08	0.11237
17.09	0.11222
17.1	0.11207
17.11	0.11193
17.12	0.11178
17.13	0.11163
17.14	0.11149
17.15	0.11134
17.16	0.1112
17.17	0.11106
17.18	0.11091
17.19	0.11077
17.2	0.11062
17.21	0.11048
17.22	0.11034
17.23	0.11019
17.24	0.11005
17.25	0.10991
17.26	0.10977
17.27	0.10962
17.28	0.10948
17.29	0.10934
17.3	0.1092
17.31	0.10906
17.32	0.10892
17.33	0.10878
17.34	0.10864
17.35	0.1085
17.36	0.10836
17.37	0.10822
17.38	0.10808
17.39	0.10794
17.4	0.1078
17.41	0.10766
17.42	0.10753
17.43	0.10739
17.44	0.10725
17.45	0.10711
17.46	0.10698
17.47	0.10684
17.48	0.1067
17.49	0.10657
17.5	0.10643
17.51	0.10629
17.52	0.10616
17.53	0.10602
17.54	0.10589
17.55	0.10575
17.56	0.10562
17.57	0.10548
17.58	0.10535
17.59	0.10522
17.6	0.10508
17.61	0.10495
17.62	0.10482
17.63	0.10468
17.64	0.10455
17.65	0.10442
17.66	0.10429
17.67	0.10415
17.68	0.10402
17.69	0.10389
17.7	0.10376
17.71	0.10363
17.72	0.1035
17.73	0.10337
17.74	0.10324
17.75	0.10311
17.76	0.10298
17.77	0.10285
17.78	0.10272
17.79	0.10259
17.8	0.10246
17.81	0.10233
17.82	0.1022
17.83	0.10207
17.84	0.10195
17.85	0.10182
17.86	0.10169
17.87	0.10156
17.88	0.10144
17.89	0.10131
17.9	0.10118
17.91	0.10106
17.92	0.10093
17.93	0.1008
17.94	0.10068
17.95	0.10055
17.96	0.10043
17.97	0.1003
17.98	0.10018
17.99	0.10005
18.0	0.099929
18.01	0.099804
18.02	0.09968
18.03	0.099557
18.04	0.099433
18.05	0.09931
18.06	0.099187
18.07	0.099064
18.08	0.098941
18.09	0.098819
18.1	0.098697
18.11	0.098575
18.12	0.098453
18.13	0.098331
18.14	0.09821
18.15	0.098089
18.16	0.097968
18.17	0.097847
18.18	0.097726
18.19	0.097606
18.2	0.097486
18.21	0.097366
18.22	0.097246
18.23	0.097127
18.24	0.097008
18.25	0.096889
18.26	0.09677
18.27	0.096651
18.28	0.096533
18.29	0.096415
18.3	0.096297
18.31	0.096179
18.32	0.096061
18.33	0.095944
18.34	0.095827
18.35	0.09571
18.36	0.095593
18.37	0.095476
18.38	0.09536
18.39	0.095244
18.4	0.095128
18.41	0.095012
18.42	0.094896
18.43	0.094781
18.44	0.094666
18.45	0.094551
18.46	0.094436
18.47	0.094322
18.48	0.094207
18.49	0.094093
18.5	0.093979
18.51	0.093865
18.52	0.093752
18.53	0.093638
18.54	0.093525
18.55	0.093412
18.56	0.093299
18.57	0.093187
18.58	0.093074
18.59	0.092962
18.6	0.09285
18.61	0.092738
18.62	0.092627
18.63	0.092515
18.64	0.092404
18.65	0.092293
18.66	0.092182
18.67	0.092071
18.68	0.091961
18.69	0.09185
18.7	0.09174
18.71	0.09163
18.72	0.091521
18.73	0.091411
18.74	0.091302
18.75	0.091193
18.76	0.091084
18.77	0.090975
18.78	0.090866
18.79	0.090758
18.8	0.090649
18.81	0.090541
18.82	0.090434
18.83	0.090326
18.84	0.090218
18.85	0.090111
18.86	0.090004
18.87	0.089897
18.88	0.08979
18.89	0.089684
18.9	0.089577
18.91	0.089471
18.92	0.089365
18.93	0.089259
18.94	0.089153
18.95	0.089048
18.96	0.088942
18.97	0.088837
18.98	0.088732
18.99	0.088627
19.0	0.088523
19.01	0.088418
19.02	0.088314
19.03	0.08821
19.04	0.088106
19.05	0.088002
19.06	0.087899
19.07	0.087795
19.08	0.087692
19.09	0.087589
19.1	0.087486
19.11	0.087384
19.12	0.087281
19.13	0.087179
19.14	0.087076
19.15	0.086974
19.16	0.086873
19.17	0.086771
19.18	0.086669
19.19	0.086568
19.2	0.086467
19.21	0.086366
19.22	0.086265
19.23	0.086164
19.24	0.086064
19.25	0.085964
19.26	0.085863
19.27	0.085763
19.28	0.085664
19.29	0.085564
19.3	0.085465
19.31	0.085365
19.32	0.085266
19.33	0.085167
19.34	0.085068
19.35	0.08497
19.36	0.084871
19.37	0.084773
19.38	0.084675
19.39	0.084577
19.4	0.084479
19.41	0.084381
19.42	0.084284
19.43	0.084186
19.44	0.084089
19.45	0.083992
19.46	0.083895
19.47	0.083798
19.48	0.083702
19.49	0.083605
19.5	0.083509
19.51	0.083413
19.52	0.083317
19.53	0.083221
19.54	0.083126
19.55	0.08303
19.56	0.082935
19.57	0.08284
19.58	0.082745
19.59	0.08265
19.6	0.082556
19.61	0.082461
19.62	0.082367
19.63	0.082273
19.64	0.082178
19.65	0.082085
19.66	0.081991
19.67	0.081897
19.68	0.081804
19.69	0.081711
19.7	0.081618
19.71	0.081525
19.72	0.081432
19.73	0.081339
19.74	0.081247
19.75	0.081154
19.76	0.081062
19.77	0.08097
19.78	0.080878
19.79	0.080786
19.8	0.080695
19.81	0.080603
19.82	0.080512
19.83	0.080421
19.84	0.08033
19.85	0.080239
19.86	0.080148
19.87	0.080058
19.88	0.079967
19.89	0.079877
19.9	0.079787
19.91	0.079697
19.92	0.079607
19.93	0.079517
19.94	0.079428
19.95	0.079338
19.96	0.079249
19.97	0.07916
19.98	0.079071
19.99	0.078982
20.0	0.078893
20.01	0.078805
20.02	0.078717
20.03	0.078628
20.04	0.07854
20.05	0.078452
20.06	0.078364
20.07	0.078277
20.08	0.078189
20.09	0.078102
20.1	0.078015
20.11	0.077927
20.12	0.07784
20.13	0.077754
20.14	0.077667
20.15	0.07758
20.16	0.077494
20.17	0.077408
20.18	0.077321
20.19	0.077235
20.2	0.07715
20.21	0.077064
20.22	0.076978
20.23	0.076893
20.24	0.076808
20.25	0.076722
20.26	0.076637
20.27	0.076552
20.28	0.076468
20.29	0.076383
20.3	0.076298
20.31	0.076214
20.32	0.07613
20.33	0.076046
20.34	0.075962
20.35	0.075878
20.36	0.075794
20.37	0.075711
20.38	0.075627
20.39	0.075544
20.4	0.075461
20.41	0.075378
20.42	0.075295
20.43	0.075212
20.44	0.075129
20.45	0.075047
20.46	0.074964
20.47	0.074882
20.48	0.0748
20.49	0.074718
20.5	0.074636
20.51	0.074554
20.52	0.074473
20.53	0.074391
20.54	0.07431
20.55	0.074229
20.56	0.074148
20.57	0.074067
20.58	0.073986
20.59	0.073905
20.6	0.073825
20.61	0.073744
20.62	0.073664
20.63	0.073584
20.64	0.073504
20.65	0.073424
20.66	0.073344
20.67	0.073264
20.68	0.073185
20.69	0.073105
20.7	0.073026
20.71	0.072947
20.72	0.072867
20.73	0.072788
20.74	0.07271
20.75	0.072631
20.76	0.072552
20.77	0.072474
20.78	0.072396
20.79	0.072317
20.8	0.072239
20.81	0.072161
20.82	0.072083
20.83	0.072006
20.84	0.071928
20.85	0.071851
20.86	0.071773
20.87	0.071696
20.88	0.071619
20.89	0.071542
20.9	0.071465
20.91	0.071388
20.92	0.071312
20.93	0.071235
20.94	0.071159
20.95	0.071082
20.96	0.071006
20.97	0.07093
20.98	0.070854
20.99	0.070778
21.0	0.070703
21.01	0.070627
21.02	0.070552
21.03	0.070476
21.04	0.070401
21.05	0.070326
21.06	0.070251
21.07	0.070176
21.08	0.070101
21.09	0.070026
21.1	0.069952
21.11	0.069877
21.12	0.069803
21.13	0.069729
21.14	0.069655
21.15	0.069581
21.16	0.069507
21.17	0.069433
21.18	0.06936
21.19	0.069286
21.2	0.069213
21.21	0.069139
21.22	0.069066
21.23	0.068993
21.24	0.06892
21.25	0.068847
21.26	0.068775
21.27	0.068702
21.28	0.068629
21.29	0.068557
21.3	0.068485
21.31	0.068413
21.32	0.06834
21.33	0.068269
21.34	0.068197
21.35	0.068125
21.36	0.068053
21.37	0.067982
21.38	0.06791
21.39	0.067839
21.4	0.067768
21.41	0.067697
21.42	0.067626
21.43	0.067555
21.44	0.067484
21.45	0.067413
21.46	0.067343
21.47	0.067272
21.48	0.067202
21.49	0.067132
21.5	0.067062
21.51	0.066992
21.52	0.066922
21.53	0.066852
21.54	0.066782
21.55	0.066713
21.56	0.066643
21.57	0.066574
21.58	0.066504
21.59	0.066435
21.6	0.066366
21.61	0.066297
21.62	0.066228
21.63	0.06616
21.64	0.066091
21.65	0.066022
21.66	0.065954
21.67	0.065886
21.68	0.065817
21.69	0.065749
21.7	0.065681
21.71	0.065613
21.72	0.065545
21.73	0.065478
21.74	0.06541
21.75	0.065342
21.76	0.065275
21.77	0.065208
21.78	0.06514
21.79	0.065073
21.8	0.065006
21.81	0.064939
21.82	0.064872
21.83	0.064806
21.84	0.064739
21.85	0.064673
21.86	0.064606
21.87	0.06454
21.88	0.064473
21.89	0.064407
21.9	0.064341
21.91	0.064275
21.92	0.06421
21.93	0.064144
21.94	0.064078
21.95	0.064013
21.96	0.063947
21.97	0.063882
21.98	0.063816
21.99	0.063751
22.0	0.063686
22.01	0.063621
22.02	0.063556
22.03	0.063492
22.04	0.063427
22.05	0.063362
22.06	0.063298
22.07	0.063233
22.08	0.063169
22.09	0.063105
22.1	0.063041
22.11	0.062977
22.12	0.062913
22.13	0.062849
22.14	0.062785
22.15	0.062722
22.16	0.062658
22.17	0.062595
22.18	0.062531
22.19	0.062468
22.2	0.062405
22.21	0.062342
22.22	0.062279
22.23	0.062216
22.24	0.062153
22.25	0.06209
22.26	0.062028
22.27	0.061965
22.28	0.061903
22.29	0.06184
22.3	0.061778
22.31	0.061716
22.32	0.061654
22.33	0.061592
22.34	0.06153
22.35	0.061468
22.36	0.061406
22.37	0.061345
22.38	0.061283
22.39	0.061222
22.4	0.06116
22.41	0.061099
22.42	0.061038
22.43	0.060977
22.44	0.060916
22.45	0.060855
22.46	0.060794
22.47	0.060733
22.48	0.060673
22.49	0.060612
22.5	0.060552
22.51	0.060491
22.52	0.060431
22.53	0.060371
22.54	0.060311
22.55	0.060251
22.56	0.060191
22.57	0.060131
22.58	0.060071
22.59	0.060011
22.6	0.059952
22.61	0.059892
22.62	0.059833
22.63	0.059774
22.64	0.059714
22.65	0.059655
22.66	0.059596
22.67	0.059537
22.68	0.059478
22.69	0.059419
22.7	0.059361
22.71	0.059302
22.72	0.059243
22.73	0.059185
22.74	0.059126
22.75	0.059068
22.76	0.05901
22.77	0.058952
22.78	0.058894
22.79	0.058836
22.8	0.058778
22.81	0.05872
22.82	0.058662
22.83	0.058604
22.84	0.058547
22.85	0.058489
22.86	0.058432
22.87	0.058375
22.88	0.058317
22.89	0.05826
22.9	0.058203
22.91	0.058146
22.92	0.058089
22.93	0.058032
22.94	0.057976
22.95	0.057919
22.96	0.057862
22.97	0.057806
22.98	0.057749
22.99	0.057693
23.0	0.057637
23.01	0.05758
23.02	0.057524
23.03	0.057468
23.04	0.057412
23.05	0.057356
23.06	0.057301
23.07	0.057245
23.08	0.057189
23.09	0.057134
23.1	0.057078
23.11	0.057023
23.12	0.056967
23.13	0.056912
23.14	0.056857
23.15	0.056802
23.16	0.056747
23.17	0.056692
23.18	0.056637
23.19	0.056582
23.2	0.056528
23.21	0.056473
23.22	0.056418
23.23	0.056364
23.24	0.056309
23.25	0.056255
23.26	0.056201
23.27	0.056147
23.28	0.056093
23.29	0.056039
23.3	0.055985
23.31	0.055931
23.32	0.055877
23.33	0.055823
23.34	0.05577
23.35	0.055716
23.36	0.055662
23.37	0.055609
23.38	0.055556
23.39	0.055502
23.4	0.055449
23.41	0.055396
23.42	0.055343
23.43	0.05529
23.44	0.055237
23.45	0.055184
23.46	0.055132
23.47	0.055079
23.48	0.055026
23.49	0.054974
23.5	0.054921
23.51	0.054869
23.52	0.054817
23.53	0.054764
23.54	0.054712
23.55	0.05466
23.56	0.054608
23.57	0.054556
23.58	0.054504
23.59	0.054452
23.6	0.054401
23.61	0.054349
23.62	0.054297
23.63	0.054246
23.64	0.054194
23.65	0.054143
23.66	0.054092
23.67	0.054041
23.68	0.053989
23.69	0.053938
23.7	0.053887
23.71	0.053836
23.72	0.053785
23.73	0.053735
23.74	0.053684
23.75	0.053633
23.76	0.053583
23.77	0.053532
23.78	0.053482
23.79	0.053431
23.8	0.053381
23.81	0.053331
23.82	0.05328
23.83	0.05323
23.84	0.05318
23.85	0.05313
23.86	0.05308
23.87	0.05303
23.88	0.052981
23.89	0.052931
23.9	0.052881
23.91	0.052832
23.92	0.052782
23.93	0.052733
23.94	0.052683
23.95	0.052634
23.96	0.052585
23.97	0.052536
23.98	0.052487
23.99	0.052438
24.0	0.052389
24.01	0.05234
24.02	0.052291
24.03	0.052242
24.04	0.052193
24.05	0.052145
24.06	0.052096
24.07	0.052048
24.08	0.051999
24.09	0.051951
24.1	0.051902
24.11	0.051854
24.12	0.051806
24.13	0.051758
24.14	0.05171
24.15	0.051662
24.16	0.051614
24.17	0.051566
24.18	0.051518
24.19	0.051471
24.2	0.051423
24.21	0.051375
24.22	0.051328
24.23	0.05128
24.24	0.051233
24.25	0.051186
24.26	0.051138
24.27	0.051091
24.28	0.051044
24.29	0.050997
24.3	0.05095
24.31	0.050903
24.32	0.050856
24.33	0.050809
24.34	0.050762
24.35	0.050716
24.36	0.050669
24.37	0.050623
24.38	0.050576
24.39	0.05053
24.4	0.050483
24.41	0.050437
24.42	0.050391
24.43	0.050344
24.44	0.050298
24.45	0.050252
24.46	0.050206
24.47	0.05016
24.48	0.050114
24.49	0.050068
24.5	0.050023
24.51	0.049977
24.52	0.049931
24.53	0.049886
24.54	0.04984
24.55	0.049795
24.56	0.049749
24.57	0.049704
24.58	0.049659
24.59	0.049613
24.6	0.049568
24.61	0.049523
24.62	0.049478
24.63	0.049433
24.64	0.049388
24.65	0.049343
24.66	0.049299
24.67	0.049254
24.68	0.049209
24.69	0.049165
24.7	0.04912
24.71	0.049075
24.72	0.049031
24.73	0.048987
24.74	0.048942
24.75	0.048898
24.76	0.048854
24.77	0.04881
24.78	0.048765
24.79	0.048721
24.8	0.048677
24.81	0.048634
24.82	0.04859
24.83	0.048546
24.84	0.048502
24.85	0.048458
24.86	0.048415
24.87	0.048371
24.88	0.048328
24.89	0.048284
24.9	0.048241
24.91	0.048197
24.92	0.048154
24.93	0.048111
24.94	0.048068
24.95	0.048025
24.96	0.047982
24.97	0.047939
24.98	0.047896
24.99	0.047853
25.0	0.04781
25.01	0.047767
25.02	0.047724
25.03	0.047682
25.04	0.047639
25.05	0.047596
25.06	0.047554
25.07	0.047511
25.08	0.047469
25.09	0.047427
25.1	0.047384
25.11	0.047342
25.12	0.0473
25.13	0.047258
25.14	0.047216
25.15	0.047174
25.16	0.047132
25.17	0.04709
25.18	0.047048
25.19	0.047006
25.2	0.046965
25.21	0.046923
25.22	0.046881
25.23	0.04684
25.24	0.046798
25.25	0.046757
25.26	0.046715
25.27	0.046674
25.28	0.046633
25.29	0.046591
25.3	0.04655
25.31	0.046509
25.32	0.046468
25.33	0.046427
25.34	0.046386
25.35	0.046345
25.36	0.046304
25.37	0.046263
25.38	0.046223
25.39	0.046182
25.4	0.046141
25.41	0.046101
25.42	0.04606
25.43	0.046019
25.44	0.045979
25.45	0.045939
25.46	0.045898
25.47	0.045858
25.48	0.045818
25.49	0.045777
25.5	0.045737
25.51	0.045697
25.52	0.045657
25.53	0.045617
25.54	0.045577
25.55	0.045537
25.56	0.045497
25.57	0.045458
25.58	0.045418
25.59	0.045378
25.6	0.045339
25.61	0.045299
25.62	0.045259
25.63	0.04522
25.64	0.045181
25.65	0.045141
25.66	0.045102
25.67	0.045063
25.68	0.045023
25.69	0.044984
25.7	0.044945
25.71	0.044906
25.72	0.044867
25.73	0.044828
25.74	0.044789
25.75	0.04475
25.76	0.044711
25.77	0.044672
25.78	0.044634
25.79	0.044595
25.8	0.044556
25.81	0.044518
25.82	0.044479
25.83	0.044441
25.84	0.044402
25.85	0.044364
25.86	0.044326
25.87	0.044287
25.88	0.044249
25.89	0.044211
25.9	0.044173
25.91	0.044135
25.92	0.044096
25.93	0.044058
25.94	0.044021
25.95	0.043983
25.96	0.043945
25.97	0.043907
25.98	0.043869
25.99	0.043831
26.0	0.043794
26.01	0.043756
26.02	0.043719
26.03	0.043681
26.04	0.043644
26.05	0.043606
26.06	0.043569
26.07	0.043531
26.08	0.043494
26.09	0.043457
26.1	0.04342
26.11	0.043382
26.12	0.043345
26.13	0.043308
26.14	0.043271
26.15	0.043234
26.16	0.043197
26.17	0.04316
26.18	0.043124
26.19	0.043087
26.2	0.04305
26.21	0.043013
26.22	0.042977
26.23	0.04294
26.24	0.042904
26.25	0.042867
26.26	0.042831
26.27	0.042794
26.28	0.042758
26.29	0.042722
26.3	0.042685
26.31	0.042649
26.32	0.042613
26.33	0.042577
26.34	0.042541
26.35	0.042505
26.36	0.042468
26.37	0.042433
26.38	0.042397
26.39	0.042361
26.4	0.042325
26.41	0.042289
26.42	0.042253
26.43	0.042218
26.44	0.042182
26.45	0.042146
26.46	0.042111
26.47	0.042075
26.48	0.04204
26.49	0.042004
26.5	0.041969
26.51	0.041934
26.52	0.041898
26.53	0.041863
26.54	0.041828
26.55	0.041793
26.56	0.041758
26.57	0.041722
26.58	0.041687
26.59	0.041652
26.6	0.041617
26.61	0.041583
26.62	0.041548
26.63	0.041513
26.64	0.041478
26.65	0.041443
26.66	0.041409
26.67	0.041374
26.68	0.041339
26.69	0.041305
26.7	0.04127
26.71	0.041236
26.72	0.041201
26.73	0.041167
26.74	0.041132
26.75	0.041098
26.76	0.041064
26.77	0.04103
26.78	0.040995
26.79	0.040961
26.8	0.040927
26.81	0.040893
26.82	0.040859
26.83	0.040825
26.84	0.040791
26.85	0.040757
26.86	0.040723
26.87	0.04069
26.88	0.040656
26.89	0.040622
26.9	0.040588
26.91	0.040555
26.92	0.040521
26.93	0.040488
26.94	0.040454
26.95	0.04042
26.96	0.040387
26.97	0.040354
26.98	0.04032
26.99	0.040287
27.0	0.040254
27.01	0.04022
27.02	0.040187
27.03	0.040154
27.04	0.040121
27.05	0.040088
27.06	0.040055
27.07	0.040022
27.08	0.039989
27.09	0.039956
27.1	0.039923
27.11	0.03989
27.12	0.039857
27.13	0.039825
27.14	0.039792
27.15	0.039759
27.16	0.039726
27.17	0.039694
27.18	0.039661
27.19	0.039629
27.2	0.039596
27.21	0.039564
27.22	0.039531
27.23	0.039499
27.24	0.039467
27.25	0.039434
27.26	0.039402
27.27	0.03937
27.28	0.039338
27.29	0.039306
27.3	0.039273
27.31	0.039241
27.32	0.039209
27.33	0.039177
27.34	0.039145
27.35	0.039114
27.36	0.039082
27.37	0.03905
27.38	0.039018
27.39	0.038986
27.4	0.038955
27.41	0.038923
27.42	0.038891
27.43	0.03886
27.44	0.038828
27.45	0.038796
27.46	0.038765
27.47	0.038734
27.48	0.038702
27.49	0.038671
27.5	0.038639
27.51	0.038608
27.52	0.038577
27.53	0.038546
27.54	0.038514
27.55	0.038483
27.56	0.038452
27.57	0.038421
27.58	0.03839
27.59	0.038359
27.6	0.038328
27.61	0.038297
27.62	0.038266
27.63	0.038235
27.64	0.038204
27.65	0.038174
27.66	0.038143
27.67	0.038112
27.68	0.038081
27.69	0.038051
27.7	0.03802
27.71	0.03799
27.72	0.037959
27.73	0.037929
27.74	0.037898
27.75	0.037868
27.76	0.037837
27.77	0.037807
27.78	0.037777
27.79	0.037746
27.8	0.037716
27.81	0.037686
27.82	0.037656
27.83	0.037626
27.84	0.037595
27.85	0.037565
27.86	0.037535
27.87	0.037505
27.88	0.037475
27.89	0.037445
27.9	0.037416
27.91	0.037386
27.92	0.037356
27.93	0.037326
27.94	0.037296
27.95	0.037267
27.96	0.037237
27.97	0.037207
27.98	0.037178
27.99	0.037148
28.0	0.037119
28.01	0.037089
28.02	0.03706
28.03	0.03703
28.04	0.037001
28.05	0.036971
28.06	0.036942
28.07	0.036913
28.08	0.036883
28.09	0.036854
28.1	0.036825
28.11	0.036796
28.12	0.036767
28.13	0.036738
28.14	0.036708
28.15	0.036679
28.16	0.03665
28.17	0.036621
28.18	0.036593
28.19	0.036564
28.2	0.036535
28.21	0.036506
28.22	0.036477
28.23	0.036448
28.24	0.03642
28.25	0.036391
28.26	0.036362
28.27	0.036334
28.28	0.036305
28.29	0.036276
28.3	0.036248
28.31	0.036219
28.32	0.036191
28.33	0.036163
28.34	0.036134
28.35	0.036106
28.36	0.036077
28.37	0.036049
28.38	0.036021
28.39	0.035993
28.4	0.035964
28.41	0.035936
28.42	0.035908
28.43	0.03588
28.44	0.035852
28.45	0.035824
28.46	0.035796
28.47	0.035768
28.48	0.03574
28.49	0.035712
28.5	0.035684
28.51	0.035656
28.52	0.035628
28.53	0.035601
28.54	0.035573
28.55	0.035545
28.56	0.035518
28.57	0.03549
28.58	0.035462
28.59	0.035435
28.6	0.035407
28.61	0.03538
28.62	0.035352
28.63	0.035325
28.64	0.035297
28.65	0.03527
28.66	0.035242
28.67	0.035215
28.68	0.035188
28.69	0.03516
28.7	0.035133
28.71	0.035106
28.72	0.035079
28.73	0.035052
28.74	0.035024
28.75	0.034997
28.76	0.03497
28.77	0.034943
28.78	0.034916
28.79	0.034889
28.8	0.034862
28.81	0.034835
28.82	0.034809
28.83	0.034782
28.84	0.034755
28.85	0.034728
28.86	0.034701
28.87	0.034675
28.88	0.034648
28.89	0.034621
28.9	0.034595
28.91	0.034568
28.92	0.034541
28.93	0.034515
28.94	0.034488
28.95	0.034462
28.96	0.034435
28.97	0.034409
28.98	0.034383
28.99	0.034356
29.0	0.03433
29.01	0.034304
29.02	0.034277
29.03	0.034251
29.04	0.034225
29.05	0.034199
29.06	0.034173
29.07	0.034146
29.08	0.03412
29.09	0.034094
29.1	0.034068
29.11	0.034042
29.12	0.034016
29.13	0.03399
29.14	0.033964
29.15	0.033938
29.16	0.033913
29.17	0.033887
29.18	0.033861
29.19	0.033835
29.2	0.033809
29.21	0.033784
29.22	0.033758
29.23	0.033732
29.24	0.033707
29.25	0.033681
29.26	0.033655
29.27	0.03363
29.28	0.033604
29.29	0.033579
29.3	0.033553
29.31	0.033528
29.32	0.033503
29.33	0.033477
29.34	0.033452
29.35	0.033427
29.36	0.033401
29.37	0.033376
29.38	0.033351
29.39	0.033326
29.4	0.0333
29.41	0.033275
29.42	0.03325
29.43	0.033225
29.44	0.0332
29.45	0.033175
29.46	0.03315
29.47	0.033125
29.48	0.0331
29.49	0.033075
29.5	0.03305
29.51	0.033025
29.52	0.033
29.53	0.032976
29.54	0.032951
29.55	0.032926
29.56	0.032901
29.57	0.032877
29.58	0.032852
29.59	0.032827
29.6	0.032803
29.61	0.032778
29.62	0.032753
29.63	0.032729
29.64	0.032704
29.65	0.03268
29.66	0.032655
29.67	0.032631
29.68	0.032607
29.69	0.032582
29.7	0.032558
29.71	0.032533
29.72	0.032509
29.73	0.032485
29.74	0.032461
29.75	0.032436
29.76	0.032412
29.77	0.032388
29.78	0.032364
29.79	0.03234
29.8	0.032316
29.81	0.032292
29.82	0.032268
29.83	0.032244
29.84	0.03222
29.85	0.032196
29.86	0.032172
29.87	0.032148
29.88	0.032124
29.89	0.0321
29.9	0.032076
29.91	0.032052
29.92	0.032029
29.93	0.032005
29.94	0.031981
29.95	0.031958
29.96	0.031934
29.97	0.03191
29.98	0.031887
29.99	0.031863
30.0	0.031839
30.01	0.031816
30.02	0.031792
30.03	0.031769
30.04	0.031745
30.05	0.031722
30.06	0.031699
30.07	0.031675
30.08	0.031652
30.09	0.031628
30.1	0.031605
30.11	0.031582
30.12	0.031559
30.13	0.031535
30.14	0.031512
30.15	0.031489
30.16	0.031466
30.17	0.031443
30.18	0.03142
30.19	0.031396
30.2	0.031373
30.21	0.03135
30.22	0.031327
30.23	0.031304
30.24	0.031281
30.25	0.031258
30.26	0.031236
30.27	0.031213
30.28	0.03119
30.29	0.031167
30.3	0.031144
30.31	0.031121
30.32	0.031099
30.33	0.031076
30.34	0.031053
30.35	0.03103
30.36	0.031008
30.37	0.030985
30.38	0.030963
30.39	0.03094
30.4	0.030917
30.41	0.030895
30.42	0.030872
30.43	0.03085
30.44	0.030827
30.45	0.030805
30.46	0.030783
30.47	0.03076
30.48	0.030738
30.49	0.030715
30.5	0.030693
30.51	0.030671
30.52	0.030648
30.53	0.030626
30.54	0.030604
30.55	0.030582
30.56	0.03056
30.57	0.030537
30.58	0.030515
30.59	0.030493
30.6	0.030471
30.61	0.030449
30.62	0.030427
30.63	0.030405
30.64	0.030383
30.65	0.030361
30.66	0.030339
30.67	0.030317
30.68	0.030295
30.69	0.030273
30.7	0.030252
30.71	0.03023
30.72	0.030208
30.73	0.030186
30.74	0.030164
30.75	0.030143
30.76	0.030121
30.77	0.030099
30.78	0.030078
30.79	0.030056
30.8	0.030034
30.81	0.030013
30.82	0.029991
30.83	0.02997
30.84	0.029948
30.85	0.029927
30.86	0.029905
30.87	0.029884
30.88	0.029862
30.89	0.029841
30.9	0.029819
30.91	0.029798
30.92	0.029777
30.93	0.029755
30.94	0.029734
30.95	0.029713
30.96	0.029691
30.97	0.02967
30.98	0.029649
30.99	0.029628
31.0	0.029607
31.01	0.029585
31.02	0.029564
31.03	0.029543
31.04	0.029522
31.05	0.029501
31.06	0.02948
31.07	0.029459
31.08	0.029438
31.09	0.029417
31.1	0.029396
31.11	0.029375
31.12	0.029354
31.13	0.029333
31.14	0.029313
31.15	0.029292
31.16	0.029271
31.17	0.02925
31.18	0.029229
31.19	0.029209
31.2	0.029188
31.21	0.029167
31.22	0.029147
31.23	0.029126
31.24	0.029105
31.25	0.029085
31.26	0.029064
31.27	0.029043
31.28	0.029023
31.29	0.029002
31.3	0.028982
31.31	0.028961
31.32	0.028941
31.33	0.02892
31.34	0.0289
31.35	0.02888
31.36	0.028859
31.37	0.028839
31.38	0.028818
31.39	0.028798
31.4	0.028778
31.41	0.028758
31.42	0.028737
31.43	0.028717
31.44	0.028697
31.45	0.028677
31.46	0.028657
31.47	0.028636
31.48	0.028616
31.49	0.028596
31.5	0.028576
31.51	0.028556
31.52	0.028536
31.53	0.028516
31.54	0.028496
31.55	0.028476
31.56	0.028456
31.57	0.028436
31.58	0.028416
31.59	0.028396
31.6	0.028376
31.61	0.028356
31.62	0.028337
31.63	0.028317
31.64	0.028297
31.65	0.028277
31.66	0.028257
31.67	0.028238
31.68	0.028218
31.69	0.028198
31.7	0.028179
31.71	0.028159
31.72	0.028139
31.73	0.02812
31.74	0.0281
31.75	0.028081
31.76	0.028061
31.77	0.028041
31.78	0.028022
31.79	0.028002
31.8	0.027983
31.81	0.027963
31.82	0.027944
31.83	0.027925
31.84	0.027905
31.85	0.027886
31.86	0.027867
31.87	0.027847
31.88	0.027828
31.89	0.027809
31.9	0.027789
31.91	0.02777
31.92	0.027751
31.93	0.027732
31.94	0.027712
31.95	0.027693
31.96	0.027674
31.97	0.027655
31.98	0.027636
31.99	0.027617
32.0	0.027598
32.01	0.027579
32.02	0.02756
32.03	0.027541
32.04	0.027521
32.05	0.027503
32.06	0.027484
32.07	0.027465
32.08	0.027446
32.09	0.027427
32.1	0.027408
32.11	0.027389
32.12	0.02737
32.13	0.027351
32.14	0.027333
32.15	0.027314
32.16	0.027295
32.17	0.027276
32.18	0.027257
32.19	0.027239
32.2	0.02722
32.21	0.027201
32.22	0.027183
32.23	0.027164
32.24	0.027145
32.25	0.027127
32.26	0.027108
32.27	0.02709
32.28	0.027071
32.29	0.027053
32.3	0.027034
32.31	0.027016
32.32	0.026997
32.33	0.026979
32.34	0.02696
32.35	0.026942
32.36	0.026924
32.37	0.026905
32.38	0.026887
32.39	0.026868
32.4	0.02685
32.41	0.026832
32.42	0.026814
32.43	0.026795
32.44	0.026777
32.45	0.026759
32.46	0.026741
32.47	0.026722
32.48	0.026704
32.49	0.026686
32.5	0.026668
32.51	0.02665
32.52	0.026632
32.53	0.026614
32.54	0.026596
32.55	0.026578
32.56	0.02656
32.57	0.026542
32.58	0.026524
32.59	0.026506
32.6	0.026488
32.61	0.02647
32.62	0.026452
32.63	0.026434
32.64	0.026416
32.65	0.026398
32.66	0.02638
32.67	0.026362
32.68	0.026345
32.69	0.026327
32.7	0.026309
32.71	0.026291
32.72	0.026274
32.73	0.026256
32.74	0.026238
32.75	0.02622
32.76	0.026203
32.77	0.026185
32.78	0.026167
32.79	0.02615
32.8	0.026132
32.81	0.026115
32.82	0.026097
32.83	0.02608
32.84	0.026062
32.85	0.026044
32.86	0.026027
32.87	0.02601
32.88	0.025992
32.89	0.025975
32.9	0.025957
32.91	0.02594
32.92	0.025922
32.93	0.025905
32.94	0.025888
32.95	0.02587
32.96	0.025853
32.97	0.025836
32.98	0.025818
32.99	0.025801
33.0	0.025784
33.01	0.025767
33.02	0.025749
33.03	0.025732
33.04	0.025715
33.05	0.025698
33.06	0.025681
33.07	0.025664
33.08	0.025646
33.09	0.025629
33.1	0.025612
33.11	0.025595
33.12	0.025578
33.13	0.025561
33.14	0.025544
33.15	0.025527
33.16	0.02551
33.17	0.025493
33.18	0.025476
33.19	0.025459
33.2	0.025442
33.21	0.025425
33.22	0.025409
33.23	0.025392
33.24	0.025375
33.25	0.025358
33.26	0.025341
33.27	0.025324
33.28	0.025308
33.29	0.025291
33.3	0.025274
33.31	0.025257
33.32	0.025241
33.33	0.025224
33.34	0.025207
33.35	0.025191
33.36	0.025174
33.37	0.025157
33.38	0.025141
33.39	0.025124
33.4	0.025108
33.41	0.025091
33.42	0.025074
33.43	0.025058
33.44	0.025041
33.45	0.025025
33.46	0.025008
33.47	0.024992
33.48	0.024975
33.49	0.024959
33.5	0.024943
33.51	0.024926
33.52	0.02491
33.53	0.024893
33.54	0.024877
33.55	0.024861
33.56	0.024844
33.57	0.024828
33.58	0.024812
33.59	0.024795
33.6	0.024779
33.61	0.024763
33.62	0.024747
33.63	0.02473
33.64	0.024714
33.65	0.024698
33.66	0.024682
33.67	0.024666
33.68	0.02465
33.69	0.024633
33.7	0.024617
33.71	0.024601
33.72	0.024585
33.73	0.024569
33.74	0.024553
33.75	0.024537
33.76	0.024521
33.77	0.024505
33.78	0.024489
33.79	0.024473
33.8	0.024457
33.81	0.024441
33.82	0.024425
33.83	0.024409
33.84	0.024393
33.85	0.024378
33.86	0.024362
33.87	0.024346
33.88	0.02433
33.89	0.024314
33.9	0.024298
33.91	0.024283
33.92	0.024267
33.93	0.024251
33.94	0.024235
33.95	0.02422
33.96	0.024204
33.97	0.024188
33.98	0.024173
33.99	0.024157
34.0	0.024141
34.01	0.024126
34.02	0.02411
34.03	0.024094
34.04	0.024079
34.05	0.024063
34.06	0.024048
34.07	0.024032
34.08	0.024017
34.09	0.024001
34.1	0.023986
34.11	0.02397
34.12	0.023955
34.13	0.023939
34.14	0.023924
34.15	0.023908
34.16	0.023893
34.17	0.023877
34.18	0.023862
34.19	0.023847
34.2	0.023831
34.21	0.023816
34.22	0.023801
34.23	0.023785
34.24	0.02377
34.25	0.023755
34.26	0.023739
34.27	0.023724
34.28	0.023709
34.29	0.023694
34.3	0.023679
34.31	0.023663
34.32	0.023648
34.33	0.023633
34.34	0.023618
34.35	0.023603
34.36	0.023588
34.37	0.023573
34.38	0.023557
34.39	0.023542
34.4	0.023527
34.41	0.023512
34.42	0.023497
34.43	0.023482
34.44	0.023467
34.45	0.023452
34.46	0.023437
34.47	0.023422
34.48	0.023407
34.49	0.023392
34.5	0.023377
34.51	0.023363
34.52	0.023348
34.53	0.023333
34.54	0.023318
34.55	0.023303
34.56	0.023288
34.57	0.023273
34.58	0.023259
34.59	0.023244
34.6	0.023229
34.61	0.023214
34.62	0.023199
34.63	0.023185
34.64	0.02317
34.65	0.023155
34.66	0.023141
34.67	0.023126
34.68	0.023111
34.69	0.023097
34.7	0.023082
34.71	0.023067
34.72	0.023053
34.73	0.023038
34.74	0.023023
34.75	0.023009
34.76	0.022994
34.77	0.02298
34.78	0.022965
34.79	0.022951
34.8	0.022936
34.81	0.022922
34.82	0.022907
34.83	0.022893
34.84	0.022878
34.85	0.022864
34.86	0.022849
34.87	0.022835
34.88	0.022821
34.89	0.022806
34.9	0.022792
34.91	0.022778
34.92	0.022763
34.93	0.022749
34.94	0.022735
34.95	0.02272
34.96	0.022706
34.97	0.022692
34.98	0.022677
34.99	0.022663
35.0	0.022649
35.01	0.022635
35.02	0.022621
35.03	0.022606
35.04	0.022592
35.05	0.022578
35.06	0.022564
35.07	0.02255
35.08	0.022536
35.09	0.022521
35.1	0.022507
35.11	0.022493
35.12	0.022479
35.13	0.022465
35.14	0.022451
35.15	0.022437
35.16	0.022423
35.17	0.022409
35.18	0.022395
35.19	0.022381
35.2	0.022367
35.21	0.022353
35.22	0.022339
35.23	0.022325
35.24	0.022311
35.25	0.022297
35.26	0.022283
35.27	0.022269
35.28	0.022256
35.29	0.022242
35.3	0.022228
35.31	0.022214
35.32	0.0222
35.33	0.022186
35.34	0.022173
35.35	0.022159
35.36	0.022145
35.37	0.022131
35.38	0.022118
35.39	0.022104
35.4	0.02209
35.41	0.022076
35.42	0.022063
35.43	0.022049
35.44	0.022035
35.45	0.022022
35.46	0.022008
35.47	0.021994
35.48	0.021981
35.49	0.021967
35.5	0.021954
35.51	0.02194
35.52	0.021926
35.53	0.021913
35.54	0.021899
35.55	0.021886
35.56	0.021872
35.57	0.021859
35.58	0.021845
35.59	0.021832
35.6	0.021818
35.61	0.021805
35.62	0.021791
35.63	0.021778
35.64	0.021765
35.65	0.021751
35.66	0.021738
35.67	0.021724
35.68	0.021711
35.69	0.021698
35.7	0.021684
35.71	0.021671
35.72	0.021658
35.73	0.021644
35.74	0.021631
35.75	0.021618
35.76	0.021604
35.77	0.021591
35.78	0.021578
35.79	0.021565
35.8	0.021552
35.81	0.021538
35.82	0.021525
35.83	0.021512
35.84	0.021499
35.85	0.021486
35.86	0.021472
35.87	0.021459
35.88	0.021446
35.89	0.021433
35.9	0.02142
35.91	0.021407
35.92	0.021394
35.93	0.021381
35.94	0.021368
35.95	0.021355
35.96	0.021342
35.97	0.021328
35.98	0.021315
35.99	0.021302
36.0	0.021289
36.01	0.021277
36.02	0.021264
36.03	0.021251
36.04	0.021238
36.05	0.021225
36.06	0.021212
36.07	0.021199
36.08	0.021186
36.09	0.021173
36.1	0.02116
36.11	0.021147
36.12	0.021135
36.13	0.021122
36.14	0.021109
36.15	0.021096
36.16	0.021083
36.17	0.02107
36.18	0.021058
36.19	0.021045
36.2	0.021032
36.21	0.021019
36.22	0.021007
36.23	0.020994
36.24	0.020981
36.25	0.020969
36.26	0.020956
36.27	0.020943
36.28	0.020931
36.29	0.020918
36.3	0.020905
36.31	0.020893
36.32	0.02088
36.33	0.020867
36.34	0.020855
36.35	0.020842
36.36	0.02083
36.37	0.020817
36.38	0.020804
36.39	0.020792
36.4	0.020779
36.41	0.020767
36.42	0.020754
36.43	0.020742
36.44	0.020729
36.45	0.020717
36.46	0.020704
36.47	0.020692
36.48	0.02068
36.49	0.020667
36.5	0.020655
36.51	0.020642
36.52	0.02063
36.53	0.020618
36.54	0.020605
36.55	0.020593
36.56	0.02058
36.57	0.020568
36.58	0.020556
36.59	0.020543
36.6	0.020531
36.61	0.020519
36.62	0.020507
36.63	0.020494
36.64	0.020482
36.65	0.02047
36.66	0.020458
36.67	0.020445
36.68	0.020433
36.69	0.020421
36.7	0.020409
36.71	0.020397
36.72	0.020384
36.73	0.020372
36.74	0.02036
36.75	0.020348
36.76	0.020336
36.77	0.020324
36.78	0.020311
36.79	0.020299
36.8	0.020287
36.81	0.020275
36.82	0.020263
36.83	0.020251
36.84	0.020239
36.85	0.020227
36.86	0.020215
36.87	0.020203
36.88	0.020191
36.89	0.020179
36.9	0.020167
36.91	0.020155
36.92	0.020143
36.93	0.020131
36.94	0.020119
36.95	0.020107
36.96	0.020095
36.97	0.020083
36.98	0.020071
36.99	0.02006
37.0	0.020048
37.01	0.020036
37.02	0.020024
37.03	0.020012
37.04	0.02
37.05	0.019988
37.06	0.019977
37.07	0.019965
37.08	0.019953
37.09	0.019941
37.1	0.019929
37.11	0.019918
37.12	0.019906
37.13	0.019894
37.14	0.019882
37.15	0.019871
37.16	0.019859
37.17	0.019847
37.18	0.019836
37.19	0.019824
37.2	0.019812
37.21	0.019801
37.22	0.019789
37.23	0.019777
37.24	0.019766
37.25	0.019754
37.26	0.019742
37.27	0.019731
37.28	0.019719
37.29	0.019708
37.3	0.019696
37.31	0.019685
37.32	0.019673
37.33	0.019661
37.34	0.01965
37.35	0.019638
37.36	0.019627
37.37	0.019615
37.38	0.019604
37.39	0.019592
37.4	0.019581
37.41	0.019569
37.42	0.019558
37.43	0.019547
37.44	0.019535
37.45	0.019524
37.46	0.019512
37.47	0.019501
37.48	0.01949
37.49	0.019478
37.5	0.019467
37.51	0.019455
37.52	0.019444
37.53	0.019433
37.54	0.019421
37.55	0.01941
37.56	0.019399
37.57	0.019387
37.58	0.019376
37.59	0.019365
37.6	0.019354
37.61	0.019342
37.62	0.019331
37.63	0.01932
37.64	0.019309
37.65	0.019297
37.66	0.019286
37.67	0.019275
37.68	0.019264
37.69	0.019253
37.7	0.019241
37.71	0.01923
37.72	0.019219
37.73	0.019208
37.74	0.019197
37.75	0.019186
37.76	0.019175
37.77	0.019163
37.78	0.019152
37.79	0.019141
37.8	0.01913
37.81	0.019119
37.82	0.019108
37.83	0.019097
37.84	0.019086
37.85	0.019075
37.86	0.019064
37.87	0.019053
37.88	0.019042
37.89	0.019031
37.9	0.01902
37.91	0.019009
37.92	0.018998
37.93	0.018987
37.94	0.018976
37.95	0.018965
37.96	0.018954
37.97	0.018943
37.98	0.018932
37.99	0.018921
38.0	0.01891
38.01	0.0189
38.02	0.018889
38.03	0.018878
38.04	0.018867
38.05	0.018856
38.06	0.018845
38.07	0.018835
38.08	0.018824
38.09	0.018813
38.1	0.018802
38.11	0.018791
38.12	0.018781
38.13	0.01877
38.14	0.018759
38.15	0.018748
38.16	0.018737
38.17	0.018727
38.18	0.018716
38.19	0.018705
38.2	0.018695
38.21	0.018684
38.22	0.018673
38.23	0.018663
38.24	0.018652
38.25	0.018641
38.26	0.018631
38.27	0.01862
38.28	0.018609
38.29	0.018599
38.3	0.018588
38.31	0.018577
38.32	0.018567
38.33	0.018556
38.34	0.018546
38.35	0.018535
38.36	0.018524
38.37	0.018514
38.38	0.018503
38.39	0.018493
38.4	0.018482
38.41	0.018472
38.42	0.018461
38.43	0.018451
38.44	0.01844
38.45	0.01843
38.46	0.018419
38.47	0.018409
38.48	0.018398
38.49	0.018388
38.5	0.018378
38.51	0.018367
38.52	0.018357
38.53	0.018346
38.54	0.018336
38.55	0.018325
38.56	0.018315
38.57	0.018305
38.58	0.018294
38.59	0.018284
38.6	0.018274
38.61	0.018263
38.62	0.018253
38.63	0.018243
38.64	0.018232
38.65	0.018222
38.66	0.018212
38.67	0.018201
38.68	0.018191
38.69	0.018181
38.7	0.018171
38.71	0.01816
38.72	0.01815
38.73	0.01814
38.74	0.01813
38.75	0.018119
38.76	0.018109
38.77	0.018099
38.78	0.018089
38.79	0.018079
38.8	0.018068
38.81	0.018058
38.82	0.018048
38.83	0.018038
38.84	0.018028
38.85	0.018018
38.86	0.018007
38.87	0.017997
38.88	0.017987
38.89	0.017977
38.9	0.017967
38.91	0.017957
38.92	0.017947
38.93	0.017937
38.94	0.017927
38.95	0.017917
38.96	0.017907
38.97	0.017897
38.98	0.017887
38.99	0.017877
39.0	0.017867
39.01	0.017857
39.02	0.017847
39.03	0.017837
39.04	0.017827
39.05	0.017817
39.06	0.017807
39.07	0.017797
39.08	0.017787
39.09	0.017777
39.1	0.017767
39.11	0.017757
39.12	0.017747
39.13	0.017737
39.14	0.017727
39.15	0.017717
39.16	0.017708
39.17	0.017698
39.18	0.017688
39.19	0.017678
39.2	0.017668
39.21	0.017658
39.22	0.017648
39.23	0.017639
39.24	0.017629
39.25	0.017619
39.26	0.017609
39.27	0.017599
39.28	0.01759
39.29	0.01758
39.3	0.01757
39.31	0.01756
39.32	0.017551
39.33	0.017541
39.34	0.017531
39.35	0.017521
39.36	0.017512
39.37	0.017502
39.38	0.017492
39.39	0.017483
39.4	0.017473
39.41	0.017463
39.42	0.017454
39.43	0.017444
39.44	0.017434
39.45	0.017425
39.46	0.017415
39.47	0.017405
39.48	0.017396
39.49	0.017386
39.5	0.017376
39.51	0.017367
39.52	0.017357
39.53	0.017348
39.54	0.017338
39.55	0.017329
39.56	0.017319
39.57	0.017309
39.58	0.0173
39.59	0.01729
39.6	0.017281
39.61	0.017271
39.62	0.017262
39.63	0.017252
39.64	0.017243
39.65	0.017233
39.66	0.017224
39.67	0.017214
39.68	0.017205
39.69	0.017195
39.7	0.017186
39.71	0.017177
39.72	0.017167
39.73	0.017158
39.74	0.017148
39.75	0.017139
39.76	0.017129
39.77	0.01712
39.78	0.017111
39.79	0.017101
39.8	0.017092
39.81	0.017083
39.82	0.017073
39.83	0.017064
39.84	0.017054
39.85	0.017045
39.86	0.017036
39.87	0.017027
39.88	0.017017
39.89	0.017008
39.9	0.016999
39.91	0.016989
39.92	0.01698
39.93	0.016971
39.94	0.016961
39.95	0.016952
39.96	0.016943
39.97	0.016934
39.98	0.016925
39.99	0.016915
40.0	0.016906
40.01	0.016897
40.02	0.016888
40.03	0.016878
40.04	0.016869
40.05	0.01686
40.06	0.016851
40.07	0.016842
40.08	0.016833
40.09	0.016823
40.1	0.016814
40.11	0.016805
40.12	0.016796
40.13	0.016787
40.14	0.016778
40.15	0.016769
40.16	0.01676
40.17	0.01675
40.18	0.016741
40.19	0.016732
40.2	0.016723
40.21	0.016714
40.22	0.016705
40.23	0.016696
40.24	0.016687
40.25	0.016678
40.26	0.016669
40.27	0.01666
40.28	0.016651
40.29	0.016642
40.3	0.016633
40.31	0.016624
40.32	0.016615
40.33	0.016606
40.34	0.016597
40.35	0.016588
40.36	0.016579
40.37	0.01657
40.38	0.016561
40.39	0.016552
40.4	0.016543
40.41	0.016534
40.42	0.016525
40.43	0.016517
40.44	0.016508
40.45	0.016499
40.46	0.01649
40.47	0.016481
40.48	0.016472
40.49	0.016463
40.5	0.016454
40.51	0.016446
40.52	0.016437
40.53	0.016428
40.54	0.016419
40.55	0.01641
40.56	0.016401
40.57	0.016393
40.58	0.016384
40.59	0.016375
40.6	0.016366
40.61	0.016357
40.62	0.016349
40.63	0.01634
40.64	0.016331
40.65	0.016322
40.66	0.016314
40.67	0.016305
40.68	0.016296
40.69	0.016287
40.7	0.016279
40.71	0.01627
40.72	0.016261
40.73	0.016253
40.74	0.016244
40.75	0.016235
40.76	0.016227
40.77	0.016218
40.78	0.016209
40.79	0.016201
40.8	0.016192
40.81	0.016183
40.82	0.016175
40.83	0.016166
40.84	0.016157
40.85	0.016149
40.86	0.01614
40.87	0.016132
40.88	0.016123
40.89	0.016114
40.9	0.016106
40.91	0.016097
40.92	0.016089
40.93	0.01608
40.94	0.016072
40.95	0.016063
40.96	0.016054
40.97	0.016046
40.98	0.016037
40.99	0.016029
41.0	0.01602
41.01	0.016012
41.02	0.016003
41.03	0.015995
41.04	0.015986
41.05	0.015978
41.06	0.015969
41.07	0.015961
41.08	0.015953
41.09	0.015944
41.1	0.015936
41.11	0.015927
41.12	0.015919
41.13	0.01591
41.14	0.015902
41.15	0.015894
41.16	0.015885
41.17	0.015877
41.18	0.015868
41.19	0.01586
41.2	0.015852
41.21	0.015843
41.22	0.015835
41.23	0.015826
41.24	0.015818
41.25	0.01581
41.26	0.015801
41.27	0.015793
41.28	0.015785
41.29	0.015776
41.3	0.015768
41.31	0.01576
41.32	0.015752
41.33	0.015743
41.34	0.015735
41.35	0.015727
41.36	0.015718
41.37	0.01571
41.38	0.015702
41.39	0.015694
41.4	0.015685
41.41	0.015677
41.42	0.015669
41.43	0.015661
41.44	0.015652
41.45	0.015644
41.46	0.015636
41.47	0.015628
41.48	0.01562
41.49	0.015611
41.5	0.015603
41.51	0.015595
41.52	0.015587
41.53	0.015579
41.54	0.015571
41.55	0.015562
41.56	0.015554
41.57	0.015546
41.58	0.015538
41.59	0.01553
41.6	0.015522
41.61	0.015514
41.62	0.015506
41.63	0.015497
41.64	0.015489
41.65	0.015481
41.66	0.015473
41.67	0.015465
41.68	0.015457
41.69	0.015449
41.7	0.015441
41.71	0.015433
41.72	0.015425
41.73	0.015417
41.74	0.015409
41.75	0.015401
41.76	0.015393
41.77	0.015385
41.78	0.015377
41.79	0.015369
41.8	0.015361
41.81	0.015353
41.82	0.015345
41.83	0.015337
41.84	0.015329
41.85	0.015321
41.86	0.015313
41.87	0.015305
41.88	0.015297
41.89	0.015289
41.9	0.015281
41.91	0.015273
41.92	0.015265
41.93	0.015257
41.94	0.015249
41.95	0.015241
41.96	0.015234
41.97	0.015226
41.98	0.015218
41.99	0.01521
42.0	0.015202
42.01	0.015194
42.02	0.015186
42.03	0.015178
42.04	0.015171
42.05	0.015163
42.06	0.015155
42.07	0.015147
42.08	0.015139
42.09	0.015131
42.1	0.015124
42.11	0.015116
42.12	0.015108
42.13	0.0151
42.14	0.015092
42.15	0.015085
42.16	0.015077
42.17	0.015069
42.18	0.015061
42.19	0.015054
42.2	0.015046
42.21	0.015038
42.22	0.01503
42.23	0.015023
42.24	0.015015
42.25	0.015007
42.26	0.014999
42.27	0.014992
42.28	0.014984
42.29	0.014976
42.3	0.014969
42.31	0.014961
42.32	0.014953
42.33	0.014946
42.34	0.014938
42.35	0.01493
42.36	0.014923
42.37	0.014915
42.38	0.014907
42.39	0.0149
42.4	0.014892
42.41	0.014884
42.42	0.014877
42.43	0.014869
42.44	0.014862
42.45	0.014854
42.46	0.014846
42.47	0.014839
42.48	0.014831
42.49	0.014824
42.5	0.014816
42.51	0.014808
42.52	0.014801
42.53	0.014793
42.54	0.014786
42.55	0.014778
42.56	0.014771
42.57	0.014763
42.58	0.014756
42.59	0.014748
42.6	0.014741
42.61	0.014733
42.62	0.014726
42.63	0.014718
42.64	0.014711
42.65	0.014703
42.66	0.014696
42.67	0.014688
42.68	0.014681
42.69	0.014673
42.7	0.014666
42.71	0.014658
42.72	0.014651
42.73	0.014643
42.74	0.014636
42.75	0.014628
42.76	0.014621
42.77	0.014614
42.78	0.014606
42.79	0.014599
42.8	0.014591
42.81	0.014584
42.82	0.014577
42.83	0.014569
42.84	0.014562
42.85	0.014554
42.86	0.014547
42.87	0.01454
42.88	0.014532
42.89	0.014525
42.9	0.014518
42.91	0.01451
42.92	0.014503
42.93	0.014496
42.94	0.014488
42.95	0.014481
42.96	0.014474
42.97	0.014466
42.98	0.014459
42.99	0.014452
43.0	0.014444
43.01	0.014437
43.02	0.01443
43.03	0.014423
43.04	0.014415
43.05	0.014408
43.06	0.014401
43.07	0.014393
43.08	0.014386
43.09	0.014379
43.1	0.014372
43.11	0.014365
43.12	0.014357
43.13	0.01435
43.14	0.014343
43.15	0.014336
43.16	0.014328
43.17	0.014321
43.18	0.014314
43.19	0.014307
43.2	0.0143
43.21	0.014292
43.22	0.014285
43.23	0.014278
43.24	0.014271
43.25	0.014264
43.26	0.014257
43.27	0.014249
43.28	0.014242
43.29	0.014235
43.3	0.014228
43.31	0.014221
43.32	0.014214
43.33	0.014207
43.34	0.0142
43.35	0.014192
43.36	0.014185
43.37	0.014178
43.38	0.014171
43.39	0.014164
43.4	0.014157
43.41	0.01415
43.42	0.014143
43.43	0.014136
43.44	0.014129
43.45	0.014122
43.46	0.014115
43.47	0.014108
43.48	0.014101
43.49	0.014094
43.5	0.014087
43.51	0.014079
43.52	0.014072
43.53	0.014065
43.54	0.014058
43.55	0.014051
43.56	0.014044
43.57	0.014037
43.58	0.01403
43.59	0.014023
43.6	0.014017
43.61	0.01401
43.62	0.014003
43.63	0.013996
43.64	0.013989
43.65	0.013982
43.66	0.013975
43.67	0.013968
43.68	0.013961
43.69	0.013954
43.7	0.013947
43.71	0.01394
43.72	0.013933
43.73	0.013926
43.74	0.013919
43.75	0.013912
43.76	0.013906
43.77	0.013899
43.78	0.013892
43.79	0.013885
43.8	0.013878
43.81	0.013871
43.82	0.013864
43.83	0.013857
43.84	0.013851
43.85	0.013844
43.86	0.013837
43.87	0.01383
43.88	0.013823
43.89	0.013816
43.9	0.01381
43.91	0.013803
43.92	0.013796
43.93	0.013789
43.94	0.013782
43.95	0.013776
43.96	0.013769
43.97	0.013762
43.98	0.013755
43.99	0.013748
44.0	0.013742
44.01	0.013735
44.02	0.013728
44.03	0.013721
44.04	0.013715
44.05	0.013708
44.06	0.013701
44.07	0.013694
44.08	0.013688
44.09	0.013681
44.1	0.013674
44.11	0.013667
44.12	0.013661
44.13	0.013654
44.14	0.013647
44.15	0.013641
44.16	0.013634
44.17	0.013627
44.18	0.013621
44.19	0.013614
44.2	0.013607
44.21	0.013601
44.22	0.013594
44.23	0.013587
44.24	0.013581
44.25	0.013574
44.26	0.013567
44.27	0.013561
44.28	0.013554
44.29	0.013547
44.3	0.013541
44.31	0.013534
44.32	0.013528
44.33	0.013521
44.34	0.013514
44.35	0.013508
44.36	0.013501
44.37	0.013495
44.38	0.013488
44.39	0.013481
44.4	0.013475
44.41	0.013468
44.42	0.013462
44.43	0.013455
44.44	0.013448
44.45	0.013442
44.46	0.013435
44.47	0.013429
44.48	0.013422
44.49	0.013416
44.5	0.013409
44.51	0.013403
44.52	0.013396
44.53	0.01339
44.54	0.013383
44.55	0.013377
44.56	0.01337
44.57	0.013364
44.58	0.013357
44.59	0.013351
44.6	0.013344
44.61	0.013338
44.62	0.013331
44.63	0.013325
44.64	0.013318
44.65	0.013312
44.66	0.013305
44.67	0.013299
44.68	0.013292
44.69	0.013286
44.7	0.01328
44.71	0.013273
44.72	0.013267
44.73	0.01326
44.74	0.013254
44.75	0.013248
44.76	0.013241
44.77	0.013235
44.78	0.013228
44.79	0.013222
44.8	0.013216
44.81	0.013209
44.82	0.013203
44.83	0.013196
44.84	0.01319
44.85	0.013184
44.86	0.013177
44.87	0.013171
44.88	0.013165
44.89	0.013158
44.9	0.013152
44.91	0.013146
44.92	0.013139
44.93	0.013133
44.94	0.013127
44.95	0.01312
44.96	0.013114
44.97	0.013108
44.98	0.013101
44.99	0.013095
45.0	0.013089
45.01	0.013082
45.02	0.013076
45.03	0.01307
45.04	0.013064
45.05	0.013057
45.06	0.013051
45.07	0.013045
45.08	0.013038
45.09	0.013032
45.1	0.013026
45.11	0.01302
45.12	0.013013
45.13	0.013007
45.14	0.013001
45.15	0.012995
45.16	0.012988
45.17	0.012982
45.18	0.012976
45.19	0.01297
45.2	0.012964
45.21	0.012957
45.22	0.012951
45.23	0.012945
45.24	0.012939
45.25	0.012933
45.26	0.012926
45.27	0.01292
45.28	0.012914
45.29	0.012908
45.3	0.012902
45.31	0.012896
45.32	0.012889
45.33	0.012883
45.34	0.012877
45.35	0.012871
45.36	0.012865
45.37	0.012859
45.38	0.012853
45.39	0.012846
45.4	0.01284
45.41	0.012834
45.42	0.012828
45.43	0.012822
45.44	0.012816
45.45	0.01281
45.46	0.012804
45.47	0.012798
45.48	0.012792
45.49	0.012785
45.5	0.012779
45.51	0.012773
45.52	0.012767
45.53	0.012761
45.54	0.012755
45.55	0.012749
45.56	0.012743
45.57	0.012737
45.58	0.012731
45.59	0.012725
45.6	0.012719
45.61	0.012713
45.62	0.012707
45.63	0.012701
45.64	0.012695
45.65	0.012689
45.66	0.012683
45.67	0.012677
45.68	0.012671
45.69	0.012665
45.7	0.012659
45.71	0.012653
45.72	0.012647
45.73	0.012641
45.74	0.012635
45.75	0.012629
45.76	0.012623
45.77	0.012617
45.78	0.012611
45.79	0.012605
45.8	0.012599
45.81	0.012593
45.82	0.012587
45.83	0.012581
45.84	0.012575
45.85	0.012569
45.86	0.012563
45.87	0.012557
45.88	0.012552
45.89	0.012546
45.9	0.01254
45.91	0.012534
45.92	0.012528
45.93	0.012522
45.94	0.012516
45.95	0.01251
45.96	0.012504
45.97	0.012498
45.98	0.012493
45.99	0.012487
46.0	0.012481
46.01	0.012475
46.02	0.012469
46.03	0.012463
46.04	0.012457
46.05	0.012452
46.06	0.012446
46.07	0.01244
46.08	0.012434
46.09	0.012428
46.1	0.012422
46.11	0.012417
46.12	0.012411
46.13	0.012405
46.14	0.012399
46.15	0.012393
46.16	0.012388
46.17	0.012382
46.18	0.012376
46.19	0.01237
46.2	0.012364
46.21	0.012359
46.22	0.012353
46.23	0.012347
46.24	0.012341
46.25	0.012335
46.26	0.01233
46.27	0.012324
46.28	0.012318
46.29	0.012312
46.3	0.012307
46.31	0.012301
46.32	0.012295
46.33	0.01229
46.34	0.012284
46.35	0.012278
46.36	0.012272
46.37	0.012267
46.38	0.012261
46.39	0.012255
46.4	0.012249
46.41	0.012244
46.42	0.012238
46.43	0.012232
46.44	0.012227
46.45	0.012221
46.46	0.012215
46.47	0.01221
46.48	0.012204
46.49	0.012198
46.5	0.012193
46.51	0.012187
46.52	0.012181
46.53	0.012176
46.54	0.01217
46.55	0.012164
46.56	0.012159
46.57	0.012153
46.58	0.012147
46.59	0.012142
46.6	0.012136
46.61	0.012131
46.62	0.012125
46.63	0.012119
46.64	0.012114
46.65	0.012108
46.66	0.012102
46.67	0.012097
46.68	0.012091
46.69	0.012086
46.7	0.01208
46.71	0.012075
46.72	0.012069
46.73	0.012063
46.74	0.012058
46.75	0.012052
46.76	0.012047
46.77	0.012041
46.78	0.012036
46.79	0.01203
46.8	0.012024
46.81	0.012019
46.82	0.012013
46.83	0.012008
46.84	0.012002
46.85	0.011997
46.86	0.011991
46.87	0.011986
46.88	0.01198
46.89	0.011975
46.9	0.011969
46.91	0.011964
46.92	0.011958
46.93	0.011953
46.94	0.011947
46.95	0.011942
46.96	0.011936
46.97	0.011931
46.98	0.011925
46.99	0.01192
47.0	0.011914
47.01	0.011909
47.02	0.011903
47.03	0.011898
47.04	0.011892
47.05	0.011887
47.06	0.011881
47.07	0.011876
47.08	0.011871
47.09	0.011865
47.1	0.01186
47.11	0.011854
47.12	0.011849
47.13	0.011843
47.14	0.011838
47.15	0.011833
47.16	0.011827
47.17	0.011822
47.18	0.011816
47.19	0.011811
47.2	0.011805
47.21	0.0118
47.22	0.011795
47.23	0.011789
47.24	0.011784
47.25	0.011779
47.26	0.011773
47.27	0.011768
47.28	0.011762
47.29	0.011757
47.3	0.011752
47.31	0.011746
47.32	0.011741
47.33	0.011736
47.34	0.01173
47.35	0.011725
47.36	0.01172
47.37	0.011714
47.38	0.011709
47.39	0.011704
47.4	0.011698
47.41	0.011693
47.42	0.011688
47.43	0.011682
47.44	0.011677
47.45	0.011672
47.46	0.011666
47.47	0.011661
47.48	0.011656
47.49	0.01165
47.5	0.011645
47.51	0.01164
47.52	0.011635
47.53	0.011629
47.54	0.011624
47.55	0.011619
47.56	0.011613
47.57	0.011608
47.58	0.011603
47.59	0.011598
47.6	0.011592
47.61	0.011587
47.62	0.011582
47.63	0.011577
47.64	0.011571
47.65	0.011566
47.66	0.011561
47.67	0.011556
47.68	0.011551
47.69	0.011545
47.7	0.01154
47.71	0.011535
47.72	0.01153
47.73	0.011524
47.74	0.011519
47.75	0.011514
47.76	0.011509
47.77	0.011504
47.78	0.011498
47.79	0.011493
47.8	0.011488
47.81	0.011483
47.82	0.011478
47.83	0.011473
47.84	0.011467
47.85	0.011462
47.86	0.011457
47.87	0.011452
47.88	0.011447
47.89	0.011442
47.9	0.011436
47.91	0.011431
47.92	0.011426
47.93	0.011421
47.94	0.011416
47.95	0.011411
47.96	0.011406
47.97	0.0114
47.98	0.011395
47.99	0.01139
48.0	0.011385
48.01	0.01138
48.02	0.011375
48.03	0.01137
48.04	0.011365
48.05	0.01136
48.06	0.011354
48.07	0.011349
48.08	0.011344
48.09	0.011339
48.1	0.011334
48.11	0.011329
48.12	0.011324
48.13	0.011319
48.14	0.011314
48.15	0.011309
48.16	0.011304
48.17	0.011299
48.18	0.011294
48.19	0.011289
48.2	0.011283
48.21	0.011278
48.22	0.011273
48.23	0.011268
48.24	0.011263
48.25	0.011258
48.26	0.011253
48.27	0.011248
48.28	0.011243
48.29	0.011238
48.3	0.011233
48.31	0.011228
48.32	0.011223
48.33	0.011218
48.34	0.011213
48.35	0.011208
48.36	0.011203
48.37	0.011198
48.38	0.011193
48.39	0.011188
48.4	0.011183
48.41	0.011178
48.42	0.011173
48.43	0.011168
48.44	0.011163
48.45	0.011158
48.46	0.011153
48.47	0.011148
48.48	0.011143
48.49	0.011139
48.5	0.011134
48.51	0.011129
48.52	0.011124
48.53	0.011119
48.54	0.011114
48.55	0.011109
48.56	0.011104
48.57	0.011099
48.58	0.011094
48.59	0.011089
48.6	0.011084
48.61	0.011079
48.62	0.011074
48.63	0.01107
48.64	0.011065
48.65	0.01106
48.66	0.011055
48.67	0.01105
48.68	0.011045
48.69	0.01104
48.7	0.011035
48.71	0.01103
48.72	0.011026
48.73	0.011021
48.74	0.011016
48.75	0.011011
48.76	0.011006
48.77	0.011001
48.78	0.010996
48.79	0.010991
48.8	0.010987
48.81	0.010982
48.82	0.010977
48.83	0.010972
48.84	0.010967
48.85	0.010962
48.86	0.010958
48.87	0.010953
48.88	0.010948
48.89	0.010943
48.9	0.010938
48.91	0.010933
48.92	0.010929
48.93	0.010924
48.94	0.010919
48.95	0.010914
48.96	0.010909
48.97	0.010905
48.98	0.0109
48.99	0.010895
49.0	0.01089
49.01	0.010885
49.02	0.010881
49.03	0.010876
49.04	0.010871
49.05	0.010866
49.06	0.010862
49.07	0.010857
49.08	0.010852
49.09	0.010847
49.1	0.010843
49.11	0.010838
49.12	0.010833
49.13	0.010828
49.14	0.010824
49.15	0.010819
49.16	0.010814
49.17	0.010809
49.18	0.010805
49.19	0.0108
49.2	0.010795
49.21	0.01079
49.22	0.010786
49.23	0.010781
49.24	0.010776
49.25	0.010772
49.26	0.010767
49.27	0.010762
49.28	0.010757
49.29	0.010753
49.3	0.010748
49.31	0.010743
49.32	0.010739
49.33	0.010734
49.34	0.010729
49.35	0.010725
49.36	0.01072
49.37	0.010715
49.38	0.010711
49.39	0.010706
49.4	0.010701
49.41	0.010697
49.42	0.010692
49.43	0.010687
49.44	0.010683
49.45	0.010678
49.46	0.010673
49.47	0.010669
49.48	0.010664
49.49	0.010659
49.5	0.010655
49.51	0.01065
49.52	0.010646
49.53	0.010641
49.54	0.010636
49.55	0.010632
49.56	0.010627
49.57	0.010622
49.58	0.010618
49.59	0.010613
49.6	0.010609
49.61	0.010604
49.62	0.010599
49.63	0.010595
49.64	0.01059
49.65	0.010586
49.66	0.010581
49.67	0.010576
49.68	0.010572
49.69	0.010567
49.7	0.010563
49.71	0.010558
49.72	0.010554
49.73	0.010549
49.74	0.010544
49.75	0.01054
49.76	0.010535
49.77	0.010531
49.78	0.010526
49.79	0.010522
49.8	0.010517
49.81	0.010513
49.82	0.010508
49.83	0.010504
49.84	0.010499
49.85	0.010494
49.86	0.01049
49.87	0.010485
49.88	0.010481
49.89	0.010476
49.9	0.010472
49.91	0.010467
49.92	0.010463
49.93	0.010458
49.94	0.010454
49.95	0.010449
49.96	0.010445
49.97	0.01044
49.98	0.010436
49.99	0.010431
50.0	0.010427
