eng	y_fit
0.28	0.0
0.29	0.25875
0.3	0.33204
0.31	0.24725
0.32	0.2972776923076923
0.33	0.3473053846153846
0.34	0.3973330769230769
0.35	0.4473607692307693
0.36	0.4973884615384616
0.37	0.5474161538461538
0.38	0.5974438461538462
0.39	0.6474715384615386
0.4	0.6974992307692307
0.41	0.7475269230769231
0.42	0.7975546153846155
0.43	0.8475823076923077
0.44	0.89761
0.45	0.91833
0.46	0.9369
0.47	0.95629
0.48	0.97323
0.49	0.99071
0.5	1.0062
0.51	1.022
0.52	1.0369
0.53	1.051
0.54	1.0651
0.55	1.0776
0.56	1.0902
0.57	1.1022
0.58	1.1134
0.59	1.125
0.6	1.1359
0.61	1.146
0.62	1.1563
0.63	1.1661
0.64	1.1751
0.65	1.1842
0.66	1.1931
0.67	1.2015
0.68	1.2097
0.69	1.2179
0.7	1.2256
0.71	1.2328
0.72	1.2399
0.73	1.2469
0.74	1.2534
0.75	1.2597
0.76	1.266
0.77	1.2723
0.78	1.2782
0.79	1.2838
0.8	1.2895
0.81	1.295
0.82	1.3001
0.83	1.3049
0.84	1.3096
0.85	1.3142
0.86	1.3186
0.87	1.3227
0.88	1.3267
0.89	1.3308
0.9	1.3348
0.91	1.3385
0.92	1.342
0.93	1.3455
0.94	1.3489
0.95	1.3521
0.96	1.355
0.97	1.3578
0.98	1.3605
0.99	1.3631
1.0	1.3655
1.01	1.3678
1.02	1.3699
1.03	1.372
1.04	1.3741
1.05	1.3761
1.06	1.3778
1.07	1.3795
1.08	1.3811
1.09	1.3827
1.1	1.3842
1.11	1.3854
1.12	1.3865
1.13	1.3876
1.14	1.3886
1.15	1.3895
1.16	1.3903
1.17	1.3909
1.18	1.3915
1.19	1.392
1.2	1.3925
1.21	1.3929
1.22	1.3931
1.23	1.3933
1.24	1.3934
1.25	1.3935
1.26	1.3935
1.27	1.3935
1.28	1.3933
1.29	1.393
1.3	1.3926
1.31	1.3922
1.32	1.3918
1.33	1.3913
1.34	1.3907
1.35	1.39
1.36	1.3892
1.37	1.3884
1.38	1.3876
1.39	1.3867
1.4	1.3857
1.41	1.3846
1.42	1.3835
1.43	1.3823
1.44	1.3811
1.45	1.3799
1.46	1.3786
1.47	1.3772
1.48	1.3758
1.49	1.3743
1.5	1.3728
1.51	1.3713
1.52	1.3697
1.53	1.3681
1.54	1.3664
1.55	1.3646
1.56	1.3628
1.57	1.361
1.58	1.3592
1.59	1.3573
1.6	1.3554
1.61	1.3534
1.62	1.3514
1.63	1.3493
1.64	1.3473
1.65	1.3452
1.66	1.3431
1.67	1.3409
1.68	1.3387
1.69	1.3365
1.7	1.3342
1.71	1.3319
1.72	1.3296
1.73	1.3273
1.74	1.325
1.75	1.3226
1.76	1.3201
1.77	1.3177
1.78	1.3152
1.79	1.3128
1.8	1.3103
1.81	1.3078
1.82	1.3053
1.83	1.3027
1.84	1.3001
1.85	1.2976
1.86	1.295
1.87	1.2924
1.88	1.2898
1.89	1.2872
1.9	1.2845
1.91	1.2819
1.92	1.2792
1.93	1.2765
1.94	1.2739
1.95	1.2712
1.96	1.2685
1.97	1.2658
1.98	1.263
1.99	1.2603
2.0	1.2576
2.01	1.2549
2.02	1.2521
2.03	1.2494
2.04	1.2467
2.05	1.244
2.06	1.2412
2.07	1.2385
2.08	1.2358
2.09	1.2331
2.1	1.2304
2.11	1.2277
2.12	1.225
2.13	1.2223
2.14	1.2196
2.15	1.2169
2.16	1.2142
2.17	1.2115
2.18	1.2089
2.19	1.2062
2.2	1.2036
2.21	1.2009
2.22	1.1983
2.23	1.1956
2.24	1.193
2.25	1.1904
2.26	1.1878
2.27	1.1852
2.28	1.1827
2.29	1.1801
2.3	1.1776
2.31	1.1751
2.32	1.1725
2.33	1.17
2.34	1.1676
2.35	1.1651
2.36	1.1626
2.37	1.1602
2.38	1.1578
2.39	1.1554
2.4	1.153
2.41	1.1506
2.42	1.1482
2.43	1.1459
2.44	1.1435
2.45	1.1412
2.46	1.1389
2.47	1.1366
2.48	1.1343
2.49	1.1321
2.5	1.1298
2.51	1.1276
2.52	1.1254
2.53	1.1232
2.54	1.121
2.55	1.1188
2.56	1.1166
2.57	1.1145
2.58	1.1124
2.59	1.1103
2.6	1.1082
2.61	1.1061
2.62	1.104
2.63	1.102
2.64	1.0999
2.65	1.0979
2.66	1.0959
2.67	1.0939
2.68	1.0919
2.69	1.09
2.7	1.088
2.71	1.0861
2.72	1.0841
2.73	1.0822
2.74	1.0803
2.75	1.0784
2.76	1.0766
2.77	1.0747
2.78	1.0728
2.79	1.071
2.8	1.0692
2.81	1.0673
2.82	1.0655
2.83	1.0637
2.84	1.0619
2.85	1.0602
2.86	1.0584
2.87	1.0567
2.88	1.0549
2.89	1.0532
2.9	1.0515
2.91	1.0497
2.92	1.048
2.93	1.0463
2.94	1.0447
2.95	1.043
2.96	1.0413
2.97	1.0396
2.98	1.038
2.99	1.0364
3.0	1.0347
3.01	1.0331
3.02	1.0315
3.03	1.0299
3.04	1.0282
3.05	1.0267
3.06	1.0251
3.07	1.0235
3.08	1.0219
3.09	1.0203
3.1	1.0188
3.11	1.0172
3.12	1.0156
3.13	1.0141
3.14	1.0126
3.15	1.011
3.16	1.0095
3.17	1.008
3.18	1.0064
3.19	1.0049
3.2	1.0034
3.21	1.0019
3.22	1.0004
3.23	0.99891
3.24	0.99742
3.25	0.99593
3.26	0.99444
3.27	0.99296
3.28	0.99148
3.29	0.99
3.3	0.98853
3.31	0.98706
3.32	0.98559
3.33	0.98413
3.34	0.98267
3.35	0.98121
3.36	0.97975
3.37	0.9783
3.38	0.97685
3.39	0.9754
3.4	0.97395
3.41	0.9725
3.42	0.97106
3.43	0.96962
3.44	0.96817
3.45	0.96673
3.46	0.9653
3.47	0.96386
3.48	0.96242
3.49	0.96099
3.5	0.95955
3.51	0.95812
3.52	0.95668
3.53	0.95525
3.54	0.95382
3.55	0.95238
3.56	0.95095
3.57	0.94952
3.58	0.94809
3.59	0.94666
3.6	0.94523
3.61	0.94379
3.62	0.94236
3.63	0.94093
3.64	0.9395
3.65	0.93806
3.66	0.93663
3.67	0.9352
3.68	0.93376
3.69	0.93233
3.7	0.93089
3.71	0.92946
3.72	0.92802
3.73	0.92659
3.74	0.92515
3.75	0.92371
3.76	0.92227
3.77	0.92083
3.78	0.91939
3.79	0.91795
3.8	0.91651
3.81	0.91507
3.82	0.91362
3.83	0.91218
3.84	0.91073
3.85	0.90929
3.86	0.90784
3.87	0.90639
3.88	0.90495
3.89	0.9035
3.9	0.90205
3.91	0.9006
3.92	0.89915
3.93	0.89769
3.94	0.89624
3.95	0.89479
3.96	0.89333
3.97	0.89188
3.98	0.89042
3.99	0.88897
4.0	0.88751
4.01	0.88606
4.02	0.8846
4.03	0.88314
4.04	0.88168
4.05	0.88022
4.06	0.87876
4.07	0.8773
4.08	0.87584
4.09	0.87438
4.1	0.87292
4.11	0.87146
4.12	0.87
4.13	0.86854
4.14	0.86708
4.15	0.86562
4.16	0.86416
4.17	0.8627
4.18	0.86124
4.19	0.85978
4.2	0.85831
4.21	0.85685
4.22	0.85539
4.23	0.85393
4.24	0.85247
4.25	0.85101
4.26	0.84955
4.27	0.84809
4.28	0.84664
4.29	0.84518
4.3	0.84372
4.31	0.84226
4.32	0.84081
4.33	0.83935
4.34	0.8379
4.35	0.83644
4.36	0.83499
4.37	0.83354
4.38	0.83209
4.39	0.83063
4.4	0.82918
4.41	0.82774
4.42	0.82629
4.43	0.82484
4.44	0.82339
4.45	0.82195
4.46	0.82051
4.47	0.81906
4.48	0.81762
4.49	0.81618
4.5	0.81474
4.51	0.81331
4.52	0.81187
4.53	0.81044
4.54	0.809
4.55	0.80757
4.56	0.80614
4.57	0.80471
4.58	0.80328
4.59	0.80186
4.6	0.80043
4.61	0.79901
4.62	0.79759
4.63	0.79617
4.64	0.79476
4.65	0.79334
4.66	0.79193
4.67	0.79051
4.68	0.7891
4.69	0.7877
4.7	0.78629
4.71	0.78489
4.72	0.78348
4.73	0.78208
4.74	0.78069
4.75	0.77929
4.76	0.7779
4.77	0.7765
4.78	0.77512
4.79	0.77373
4.8	0.77234
4.81	0.77096
4.82	0.76958
4.83	0.7682
4.84	0.76682
4.85	0.76545
4.86	0.76408
4.87	0.76271
4.88	0.76134
4.89	0.75998
4.9	0.75861
4.91	0.75725
4.92	0.75589
4.93	0.75454
4.94	0.75319
4.95	0.75184
4.96	0.75049
4.97	0.74914
4.98	0.7478
4.99	0.74646
5.0	0.74512
5.01	0.74379
5.02	0.74245
5.03	0.74112
5.04	0.7398
5.05	0.73847
5.06	0.73715
5.07	0.73583
5.08	0.73451
5.09	0.7332
5.1	0.73188
5.11	0.73057
5.12	0.72927
5.13	0.72796
5.14	0.72666
5.15	0.72536
5.16	0.72406
5.17	0.72277
5.18	0.72148
5.19	0.72019
5.2	0.7189
5.21	0.71762
5.22	0.71634
5.23	0.71506
5.24	0.71379
5.25	0.71251
5.26	0.71124
5.27	0.70998
5.28	0.70871
5.29	0.70745
5.3	0.70619
5.31	0.70493
5.32	0.70367
5.33	0.70242
5.34	0.70117
5.35	0.69992
5.36	0.69868
5.37	0.69744
5.38	0.6962
5.39	0.69496
5.4	0.69373
5.41	0.69249
5.42	0.69126
5.43	0.69004
5.44	0.68881
5.45	0.68759
5.46	0.68637
5.47	0.68515
5.48	0.68394
5.49	0.68272
5.5	0.68151
5.51	0.68031
5.52	0.6791
5.53	0.6779
5.54	0.6767
5.55	0.6755
5.56	0.6743
5.57	0.67311
5.58	0.67192
5.59	0.67073
5.6	0.66954
5.61	0.66836
5.62	0.66717
5.63	0.66599
5.64	0.66481
5.65	0.66364
5.66	0.66247
5.67	0.66129
5.68	0.66012
5.69	0.65896
5.7	0.65779
5.71	0.65663
5.72	0.65547
5.73	0.65431
5.74	0.65315
5.75	0.652
5.76	0.65085
5.77	0.6497
5.78	0.64855
5.79	0.6474
5.8	0.64626
5.81	0.64512
5.82	0.64398
5.83	0.64284
5.84	0.6417
5.85	0.64057
5.86	0.63943
5.87	0.6383
5.88	0.63718
5.89	0.63605
5.9	0.63493
5.91	0.6338
5.92	0.63268
5.93	0.63156
5.94	0.63045
5.95	0.62933
5.96	0.62822
5.97	0.62711
5.98	0.626
5.99	0.62489
6.0	0.62379
6.01	0.62268
6.02	0.62158
6.03	0.62048
6.04	0.61938
6.05	0.61828
6.06	0.61719
6.07	0.6161
6.08	0.61501
6.09	0.61392
6.1	0.61283
6.11	0.61174
6.12	0.61066
6.13	0.60958
6.14	0.6085
6.15	0.60742
6.16	0.60634
6.17	0.60527
6.18	0.60419
6.19	0.60312
6.2	0.60205
6.21	0.60098
6.22	0.59992
6.23	0.59885
6.24	0.59779
6.25	0.59673
6.26	0.59567
6.27	0.59461
6.28	0.59355
6.29	0.5925
6.3	0.59144
6.31	0.59039
6.32	0.58934
6.33	0.5883
6.34	0.58725
6.35	0.5862
6.36	0.58516
6.37	0.58412
6.38	0.58308
6.39	0.58204
6.4	0.58101
6.41	0.57997
6.42	0.57894
6.43	0.57791
6.44	0.57688
6.45	0.57585
6.46	0.57482
6.47	0.5738
6.48	0.57278
6.49	0.57175
6.5	0.57073
6.51	0.56972
6.52	0.5687
6.53	0.56768
6.54	0.56667
6.55	0.56566
6.56	0.56465
6.57	0.56364
6.58	0.56263
6.59	0.56163
6.6	0.56062
6.61	0.55962
6.62	0.55862
6.63	0.55762
6.64	0.55662
6.65	0.55563
6.66	0.55463
6.67	0.55364
6.68	0.55265
6.69	0.55166
6.7	0.55067
6.71	0.54969
6.72	0.5487
6.73	0.54772
6.74	0.54674
6.75	0.54576
6.76	0.54478
6.77	0.5438
6.78	0.54283
6.79	0.54185
6.8	0.54088
6.81	0.53991
6.82	0.53894
6.83	0.53797
6.84	0.53701
6.85	0.53604
6.86	0.53508
6.87	0.53412
6.88	0.53316
6.89	0.5322
6.9	0.53124
6.91	0.53029
6.92	0.52933
6.93	0.52838
6.94	0.52743
6.95	0.52648
6.96	0.52554
6.97	0.52459
6.98	0.52365
6.99	0.5227
7.0	0.52176
7.01	0.52082
7.02	0.51989
7.03	0.51895
7.04	0.51801
7.05	0.51708
7.06	0.51615
7.07	0.51522
7.08	0.51429
7.09	0.51336
7.1	0.51244
7.11	0.51152
7.12	0.51059
7.13	0.50967
7.14	0.50875
7.15	0.50784
7.16	0.50692
7.17	0.506
7.18	0.50509
7.19	0.50418
7.2	0.50327
7.21	0.50236
7.22	0.50146
7.23	0.50055
7.24	0.49965
7.25	0.49875
7.26	0.49784
7.27	0.49695
7.28	0.49605
7.29	0.49515
7.3	0.49426
7.31	0.49337
7.32	0.49248
7.33	0.49159
7.34	0.4907
7.35	0.48981
7.36	0.48893
7.37	0.48804
7.38	0.48716
7.39	0.48628
7.4	0.4854
7.41	0.48453
7.42	0.48365
7.43	0.48278
7.44	0.48191
7.45	0.48103
7.46	0.48017
7.47	0.4793
7.48	0.47843
7.49	0.47757
7.5	0.47671
7.51	0.47584
7.52	0.47498
7.53	0.47413
7.54	0.47327
7.55	0.47242
7.56	0.47156
7.57	0.47071
7.58	0.46986
7.59	0.46901
7.6	0.46816
7.61	0.46732
7.62	0.46648
7.63	0.46563
7.64	0.46479
7.65	0.46395
7.66	0.46312
7.67	0.46228
7.68	0.46144
7.69	0.46061
7.7	0.45978
7.71	0.45895
7.72	0.45812
7.73	0.4573
7.74	0.45647
7.75	0.45565
7.76	0.45483
7.77	0.45401
7.78	0.45319
7.79	0.45237
7.8	0.45155
7.81	0.45074
7.82	0.44993
7.83	0.44912
7.84	0.44831
7.85	0.4475
7.86	0.44669
7.87	0.44589
7.88	0.44508
7.89	0.44428
7.9	0.44348
7.91	0.44268
7.92	0.44188
7.93	0.44109
7.94	0.44029
7.95	0.4395
7.96	0.43871
7.97	0.43792
7.98	0.43713
7.99	0.43635
8.0	0.43556
8.01	0.43478
8.02	0.434
8.03	0.43322
8.04	0.43244
8.05	0.43166
8.06	0.43088
8.07	0.43011
8.08	0.42933
8.09	0.42856
8.1	0.42779
8.11	0.42702
8.12	0.42626
8.13	0.42549
8.14	0.42473
8.15	0.42397
8.16	0.4232
8.17	0.42244
8.18	0.42169
8.19	0.42093
8.2	0.42017
8.21	0.41942
8.22	0.41867
8.23	0.41792
8.24	0.41717
8.25	0.41642
8.26	0.41567
8.27	0.41493
8.28	0.41418
8.29	0.41344
8.3	0.4127
8.31	0.41196
8.32	0.41122
8.33	0.41049
8.34	0.40975
8.35	0.40902
8.36	0.40829
8.37	0.40756
8.38	0.40683
8.39	0.4061
8.4	0.40537
8.41	0.40465
8.42	0.40392
8.43	0.4032
8.44	0.40248
8.45	0.40176
8.46	0.40104
8.47	0.40033
8.48	0.39961
8.49	0.3989
8.5	0.39819
8.51	0.39748
8.52	0.39677
8.53	0.39606
8.54	0.39535
8.55	0.39465
8.56	0.39394
8.57	0.39324
8.58	0.39254
8.59	0.39184
8.6	0.39114
8.61	0.39045
8.62	0.38975
8.63	0.38906
8.64	0.38836
8.65	0.38767
8.66	0.38698
8.67	0.3863
8.68	0.38561
8.69	0.38493
8.7	0.38424
8.71	0.38356
8.72	0.38288
8.73	0.3822
8.74	0.38153
8.75	0.38085
8.76	0.38018
8.77	0.37951
8.78	0.37884
8.79	0.37817
8.8	0.3775
8.81	0.37684
8.82	0.37618
8.83	0.37551
8.84	0.37483
8.85	0.37414
8.86	0.37348
8.87	0.37283
8.88	0.37218
8.89	0.37153
8.9	0.37089
8.91	0.37024
8.92	0.3696
8.93	0.36897
8.94	0.36833
8.95	0.3677
8.96	0.36708
8.97	0.36646
8.98	0.36585
8.99	0.36525
9.0	0.36466
9.01	0.36408
9.02	0.36353
9.03	0.36301
9.04	0.36253
9.05	0.36212
9.06	0.36181
9.07	0.36164
9.08	0.36167
9.09	0.36176
9.1	0.36132
9.11	0.35988
9.12	0.35818
9.13	0.35681
9.14	0.35576
9.15	0.35491
9.16	0.35417
9.17	0.35349
9.18	0.35285
9.19	0.35223
9.2	0.35164
9.21	0.35106
9.22	0.35051
9.23	0.34998
9.24	0.34948
9.25	0.34902
9.26	0.34862
9.27	0.3483
9.28	0.34811
9.29	0.34811
9.3	0.34839
9.31	0.34912
9.32	0.35049
9.33	0.35261
9.34	0.35508
9.35	0.35443666666666673
9.36	0.35379333333333335
9.37	0.35315
9.38	0.35019
9.39	0.34759
9.4	0.34548
9.41	0.34377
9.42	0.34236
9.43	0.34117
9.44	0.34012
9.45	0.33919
9.46	0.33834
9.47	0.33755
9.48	0.33681
9.49	0.33611
9.5	0.33545
9.51	0.33481
9.52	0.33421
9.53	0.33363
9.54	0.33307
9.55	0.33252
9.56	0.33196
9.57	0.33136
9.58	0.33066
9.59	0.32982
9.6	0.32889
9.61	0.32795
9.62	0.32708
9.63	0.32631
9.64	0.32563
9.65	0.32499
9.66	0.32439
9.67	0.3238
9.68	0.32323
9.69	0.32266
9.7	0.3221
9.71	0.32154
9.72	0.32099
9.73	0.32043
9.74	0.31988
9.75	0.31932
9.76	0.31877
9.77	0.31822
9.78	0.31768
9.79	0.31713
9.8	0.3166
9.81	0.31607
9.82	0.31554
9.83	0.31503
9.84	0.31451
9.85	0.31399
9.86	0.31345
9.87	0.31291
9.88	0.31237
9.89	0.31183
9.9	0.31129
9.91	0.31075
9.92	0.31021
9.93	0.30967
9.94	0.30914
9.95	0.30861
9.96	0.30808
9.97	0.30755
9.98	0.30702
9.99	0.3065
10.0	0.30598
10.01	0.30546
10.02	0.30494
10.03	0.30442
10.04	0.3039
10.05	0.30337
10.06	0.30283
10.07	0.30228
10.08	0.30175
10.09	0.30122
10.1	0.3007
10.11	0.30018
10.12	0.29967
10.13	0.29916
10.14	0.29866
10.15	0.29816
10.16	0.29766
10.17	0.29716
10.18	0.29667
10.19	0.29619
10.2	0.2957
10.21	0.29523
10.22	0.29475
10.23	0.29425
10.24	0.29373
10.25	0.29318
10.26	0.29261
10.27	0.29206
10.28	0.29153
10.29	0.29102
10.3	0.29052
10.31	0.29002
10.32	0.28953
10.33	0.28904
10.34	0.28855
10.35	0.28807
10.36	0.2876
10.37	0.28713
10.38	0.28666
10.39	0.28619
10.4	0.2857
10.41	0.28519
10.42	0.28467
10.43	0.28416
10.44	0.28367
10.45	0.28318
10.46	0.2827
10.47	0.28222
10.48	0.28174
10.49	0.28127
10.5	0.2808
10.51	0.28033
10.52	0.27985
10.53	0.27937
10.54	0.27889
10.55	0.27842
10.56	0.27795
10.57	0.27748
10.58	0.27701
10.59	0.27654
10.6	0.27608
10.61	0.27561
10.62	0.27514
10.63	0.27468
10.64	0.27422
10.65	0.27376
10.66	0.2733
10.67	0.27284
10.68	0.27238
10.69	0.27192
10.7	0.27147
10.71	0.27101
10.72	0.27056
10.73	0.27011
10.74	0.26965
10.75	0.2692
10.76	0.26875
10.77	0.26831
10.78	0.26786
10.79	0.26741
10.8	0.26696
10.81	0.26652
10.82	0.26608
10.83	0.26563
10.84	0.26519
10.85	0.26475
10.86	0.26431
10.87	0.26387
10.88	0.26343
10.89	0.26299
10.9	0.26256
10.91	0.26212
10.92	0.26168
10.93	0.26125
10.94	0.26082
10.95	0.26038
10.96	0.25995
10.97	0.25952
10.98	0.25909
10.99	0.25866
11.0	0.25823
11.01	0.25781
11.02	0.25738
11.03	0.25695
11.04	0.25653
11.05	0.2561
11.06	0.25568
11.07	0.25526
11.08	0.25484
11.09	0.25441
11.1	0.25399
11.11	0.25357
11.12	0.25316
11.13	0.25274
11.14	0.25232
11.15	0.2519
11.16	0.25149
11.17	0.25107
11.18	0.25066
11.19	0.25025
11.2	0.24984
11.21	0.24942
11.22	0.24901
11.23	0.2486
11.24	0.24819
11.25	0.24779
11.26	0.24738
11.27	0.24697
11.28	0.24657
11.29	0.24616
11.3	0.24576
11.31	0.24535
11.32	0.24495
11.33	0.24455
11.34	0.24415
11.35	0.24375
11.36	0.24335
11.37	0.24295
11.38	0.24255
11.39	0.24216
11.4	0.24176
11.41	0.24136
11.42	0.24097
11.43	0.24058
11.44	0.24018
11.45	0.23979
11.46	0.2394
11.47	0.23901
11.48	0.23862
11.49	0.23823
11.5	0.23784
11.51	0.23746
11.52	0.23707
11.53	0.23668
11.54	0.2363
11.55	0.23592
11.56	0.23553
11.57	0.23515
11.58	0.23477
11.59	0.23439
11.6	0.23401
11.61	0.23363
11.62	0.23325
11.63	0.23287
11.64	0.2325
11.65	0.23212
11.66	0.23175
11.67	0.23137
11.68	0.231
11.69	0.23063
11.7	0.23025
11.71	0.22988
11.72	0.22951
11.73	0.22914
11.74	0.22877
11.75	0.22841
11.76	0.22804
11.77	0.22767
11.78	0.22731
11.79	0.22694
11.8	0.22658
11.81	0.22621
11.82	0.22585
11.83	0.22549
11.84	0.22513
11.85	0.22477
11.86	0.22441
11.87	0.22405
11.88	0.22369
11.89	0.22334
11.9	0.22298
11.91	0.22263
11.92	0.22227
11.93	0.22192
11.94	0.22156
11.95	0.22121
11.96	0.22086
11.97	0.22051
11.98	0.22016
11.99	0.21981
12.0	0.21946
12.01	0.21911
12.02	0.21876
12.03	0.21842
12.04	0.21807
12.05	0.21773
12.06	0.21738
12.07	0.21704
12.08	0.2167
12.09	0.21635
12.1	0.21601
12.11	0.21567
12.12	0.21533
12.13	0.21499
12.14	0.21466
12.15	0.21432
12.16	0.21398
12.17	0.21364
12.18	0.21331
12.19	0.21297
12.2	0.21264
12.21	0.21231
12.22	0.21197
12.23	0.21164
12.24	0.21131
12.25	0.21098
12.26	0.21065
12.27	0.21032
12.28	0.20999
12.29	0.20966
12.3	0.20934
12.31	0.20901
12.32	0.20868
12.33	0.20836
12.34	0.20803
12.35	0.20771
12.36	0.20739
12.37	0.20706
12.38	0.20674
12.39	0.20642
12.4	0.2061
12.41	0.20578
12.42	0.20546
12.43	0.20514
12.44	0.20483
12.45	0.20451
12.46	0.20419
12.47	0.20388
12.48	0.20356
12.49	0.20325
12.5	0.20293
12.51	0.20262
12.52	0.20231
12.53	0.20199
12.54	0.20168
12.55	0.20137
12.56	0.20106
12.57	0.20075
12.58	0.20044
12.59	0.20013
12.6	0.19983
12.61	0.19952
12.62	0.19921
12.63	0.19891
12.64	0.1986
12.65	0.1983
12.66	0.19799
12.67	0.19769
12.68	0.19739
12.69	0.19709
12.7	0.19678
12.71	0.19648
12.72	0.19618
12.73	0.19588
12.74	0.19558
12.75	0.19528
12.76	0.19499
12.77	0.19469
12.78	0.19439
12.79	0.1941
12.8	0.1938
12.81	0.19351
12.82	0.19321
12.83	0.19292
12.84	0.19262
12.85	0.19233
12.86	0.19204
12.87	0.19175
12.88	0.19146
12.89	0.19117
12.9	0.19088
12.91	0.19059
12.92	0.1903
12.93	0.19001
12.94	0.18972
12.95	0.18944
12.96	0.18915
12.97	0.18886
12.98	0.18858
12.99	0.18829
13.0	0.18801
13.01	0.18773
13.02	0.18744
13.03	0.18716
13.04	0.18688
13.05	0.1866
13.06	0.18632
13.07	0.18604
13.08	0.18576
13.09	0.18548
13.1	0.1852
13.11	0.18492
13.12	0.18464
13.13	0.18437
13.14	0.18409
13.15	0.18382
13.16	0.18354
13.17	0.18327
13.18	0.18299
13.19	0.18272
13.2	0.18244
13.21	0.18217
13.22	0.1819
13.23	0.18163
13.24	0.18136
13.25	0.18109
13.26	0.18082
13.27	0.18055
13.28	0.18028
13.29	0.18001
13.3	0.17974
13.31	0.17947
13.32	0.17921
13.33	0.17894
13.34	0.17867
13.35	0.17841
13.36	0.17814
13.37	0.17788
13.38	0.17761
13.39	0.17735
13.4	0.17709
13.41	0.17683
13.42	0.17656
13.43	0.1763
13.44	0.17604
13.45	0.17578
13.46	0.17552
13.47	0.17526
13.48	0.175
13.49	0.17474
13.5	0.17449
13.51	0.17423
13.52	0.17397
13.53	0.17372
13.54	0.17346
13.55	0.1732
13.56	0.17295
13.57	0.17269
13.58	0.17244
13.59	0.17219
13.6	0.17193
13.61	0.17168
13.62	0.17143
13.63	0.17118
13.64	0.17093
13.65	0.17068
13.66	0.17043
13.67	0.17018
13.68	0.16993
13.69	0.16968
13.7	0.16943
13.71	0.16918
13.72	0.16893
13.73	0.16869
13.74	0.16844
13.75	0.1682
13.76	0.16795
13.77	0.16771
13.78	0.16746
13.79	0.16722
13.8	0.16697
13.81	0.16673
13.82	0.16649
13.83	0.16625
13.84	0.166
13.85	0.16576
13.86	0.16552
13.87	0.16528
13.88	0.16504
13.89	0.1648
13.9	0.16456
13.91	0.16432
13.92	0.16409
13.93	0.16385
13.94	0.16361
13.95	0.16338
13.96	0.16314
13.97	0.1629
13.98	0.16267
13.99	0.16243
14.0	0.1622
14.01	0.16196
14.02	0.16173
14.03	0.1615
14.04	0.16127
14.05	0.16103
14.06	0.1608
14.07	0.16057
14.08	0.16034
14.09	0.16011
14.1	0.15988
14.11	0.15965
14.12	0.15942
14.13	0.15919
14.14	0.15896
14.15	0.15873
14.16	0.15851
14.17	0.15828
14.18	0.15805
14.19	0.15783
14.2	0.1576
14.21	0.15738
14.22	0.15715
14.23	0.15693
14.24	0.1567
14.25	0.15648
14.26	0.15626
14.27	0.15603
14.28	0.15581
14.29	0.15559
14.3	0.15537
14.31	0.15515
14.32	0.15493
14.33	0.15471
14.34	0.15449
14.35	0.15427
14.36	0.15405
14.37	0.15383
14.38	0.15361
14.39	0.15339
14.4	0.15318
14.41	0.15296
14.42	0.15274
14.43	0.15253
14.44	0.15231
14.45	0.1521
14.46	0.15188
14.47	0.15167
14.48	0.15145
14.49	0.15124
14.5	0.15103
14.51	0.15081
14.52	0.1506
14.53	0.15039
14.54	0.15018
14.55	0.14997
14.56	0.14976
14.57	0.14955
14.58	0.14934
14.59	0.14913
14.6	0.14892
14.61	0.14871
14.62	0.1485
14.63	0.14829
14.64	0.14808
14.65	0.14788
14.66	0.14767
14.67	0.14746
14.68	0.14726
14.69	0.14705
14.7	0.14685
14.71	0.14664
14.72	0.14644
14.73	0.14623
14.74	0.14603
14.75	0.14583
14.76	0.14562
14.77	0.14542
14.78	0.14522
14.79	0.14502
14.8	0.14481
14.81	0.14461
14.82	0.14441
14.83	0.14421
14.84	0.14401
14.85	0.14381
14.86	0.14361
14.87	0.14341
14.88	0.14322
14.89	0.14302
14.9	0.14282
14.91	0.14262
14.92	0.14243
14.93	0.14223
14.94	0.14203
14.95	0.14184
14.96	0.14164
14.97	0.14145
14.98	0.14125
14.99	0.14106
15.0	0.14086
15.01	0.14067
15.02	0.14048
15.03	0.14028
15.04	0.14009
15.05	0.1399
15.06	0.13971
15.07	0.13952
15.08	0.13932
15.09	0.13913
15.1	0.13894
15.11	0.13875
15.12	0.13856
15.13	0.13837
15.14	0.13819
15.15	0.138
15.16	0.13781
15.17	0.13762
15.18	0.13743
15.19	0.13725
15.2	0.13706
15.21	0.13687
15.22	0.13669
15.23	0.1365
15.24	0.13632
15.25	0.13613
15.26	0.13595
15.27	0.13576
15.28	0.13558
15.29	0.13539
15.3	0.13521
15.31	0.13503
15.32	0.13484
15.33	0.13466
15.34	0.13448
15.35	0.1343
15.36	0.13412
15.37	0.13394
15.38	0.13376
15.39	0.13358
15.4	0.1334
15.41	0.13322
15.42	0.13304
15.43	0.13286
15.44	0.13268
15.45	0.1325
15.46	0.13232
15.47	0.13215
15.48	0.13197
15.49	0.13179
15.5	0.13161
15.51	0.13144
15.52	0.13126
15.53	0.13109
15.54	0.13091
15.55	0.13074
15.56	0.13056
15.57	0.13039
15.58	0.13021
15.59	0.13004
15.6	0.12987
15.61	0.12969
15.62	0.12952
15.63	0.12935
15.64	0.12918
15.65	0.129
15.66	0.12883
15.67	0.12866
15.68	0.12849
15.69	0.12832
15.7	0.12815
15.71	0.12798
15.72	0.12781
15.73	0.12764
15.74	0.12747
15.75	0.1273
15.76	0.12714
15.77	0.12697
15.78	0.1268
15.79	0.12663
15.8	0.12647
15.81	0.1263
15.82	0.12613
15.83	0.12597
15.84	0.1258
15.85	0.12564
15.86	0.12547
15.87	0.12531
15.88	0.12514
15.89	0.12498
15.9	0.12481
15.91	0.12465
15.92	0.12449
15.93	0.12432
15.94	0.12416
15.95	0.124
15.96	0.12383
15.97	0.12367
15.98	0.12351
15.99	0.12335
16.0	0.12319
16.01	0.12303
16.02	0.12287
16.03	0.12271
16.04	0.12255
16.05	0.12239
16.06	0.12223
16.07	0.12207
16.08	0.12191
16.09	0.12175
16.1	0.12159
16.11	0.12144
16.12	0.12128
16.13	0.12112
16.14	0.12097
16.15	0.12081
16.16	0.12065
16.17	0.1205
16.18	0.12034
16.19	0.12018
16.2	0.12003
16.21	0.11987
16.22	0.11972
16.23	0.11957
16.24	0.11941
16.25	0.11926
16.26	0.1191
16.27	0.11895
16.28	0.1188
16.29	0.11864
16.3	0.11849
16.31	0.11834
16.32	0.11819
16.33	0.11804
16.34	0.11789
16.35	0.11773
16.36	0.11758
16.37	0.11743
16.38	0.11728
16.39	0.11713
16.4	0.11698
16.41	0.11683
16.42	0.11668
16.43	0.11653
16.44	0.11639
16.45	0.11624
16.46	0.11609
16.47	0.11594
16.48	0.11579
16.49	0.11565
16.5	0.1155
16.51	0.11535
16.52	0.11521
16.53	0.11506
16.54	0.11491
16.55	0.11477
16.56	0.11462
16.57	0.11448
16.58	0.11433
16.59	0.11419
16.6	0.11404
16.61	0.1139
16.62	0.11376
16.63	0.11361
16.64	0.11347
16.65	0.11333
16.66	0.11318
16.67	0.11304
16.68	0.1129
16.69	0.11275
16.7	0.11261
16.71	0.11247
16.72	0.11233
16.73	0.11219
16.74	0.11205
16.75	0.11191
16.76	0.11177
16.77	0.11163
16.78	0.11149
16.79	0.11135
16.8	0.11121
16.81	0.11107
16.82	0.11093
16.83	0.11079
16.84	0.11065
16.85	0.11051
16.86	0.11038
16.87	0.11024
16.88	0.1101
16.89	0.10996
16.9	0.10983
16.91	0.10969
16.92	0.10955
16.93	0.10942
16.94	0.10928
16.95	0.10915
16.96	0.10901
16.97	0.10887
16.98	0.10874
16.99	0.1086
17.0	0.10847
17.01	0.10834
17.02	0.1082
17.03	0.10807
17.04	0.10793
17.05	0.1078
17.06	0.10767
17.07	0.10753
17.08	0.1074
17.09	0.10727
17.1	0.10714
17.11	0.107
17.12	0.10687
17.13	0.10674
17.14	0.10661
17.15	0.10648
17.16	0.10635
17.17	0.10622
17.18	0.10609
17.19	0.10596
17.2	0.10583
17.21	0.1057
17.22	0.10557
17.23	0.10544
17.24	0.10531
17.25	0.10518
17.26	0.10505
17.27	0.10492
17.28	0.10479
17.29	0.10467
17.3	0.10454
17.31	0.10441
17.32	0.10428
17.33	0.10416
17.34	0.10403
17.35	0.1039
17.36	0.10378
17.37	0.10365
17.38	0.10353
17.39	0.1034
17.4	0.10327
17.41	0.10315
17.42	0.10302
17.43	0.1029
17.44	0.10277
17.45	0.10265
17.46	0.10252
17.47	0.1024
17.48	0.10228
17.49	0.10215
17.5	0.10203
17.51	0.10191
17.52	0.10178
17.53	0.10166
17.54	0.10154
17.55	0.10142
17.56	0.10129
17.57	0.10117
17.58	0.10105
17.59	0.10093
17.6	0.10081
17.61	0.10069
17.62	0.10056
17.63	0.10044
17.64	0.10032
17.65	0.1002
17.66	0.10008
17.67	0.099963
17.68	0.099843
17.69	0.099724
17.7	0.099605
17.71	0.099485
17.72	0.099367
17.73	0.099248
17.74	0.099129
17.75	0.099011
17.76	0.098893
17.77	0.098775
17.78	0.098657
17.79	0.09854
17.8	0.098423
17.81	0.098305
17.82	0.098189
17.83	0.098072
17.84	0.097955
17.85	0.097839
17.86	0.097723
17.87	0.097607
17.88	0.097491
17.89	0.097376
17.9	0.09726
17.91	0.097145
17.92	0.09703
17.93	0.096915
17.94	0.096801
17.95	0.096686
17.96	0.096572
17.97	0.096458
17.98	0.096344
17.99	0.096231
18.0	0.096117
18.01	0.096004
18.02	0.095891
18.03	0.095778
18.04	0.095666
18.05	0.095553
18.06	0.095441
18.07	0.095329
18.08	0.095217
18.09	0.095105
18.1	0.094994
18.11	0.094882
18.12	0.094771
18.13	0.09466
18.14	0.094549
18.15	0.094439
18.16	0.094328
18.17	0.094218
18.18	0.094108
18.19	0.093998
18.2	0.093888
18.21	0.093779
18.22	0.093669
18.23	0.09356
18.24	0.093451
18.25	0.093342
18.26	0.093234
18.27	0.093125
18.28	0.093017
18.29	0.092909
18.3	0.092801
18.31	0.092693
18.32	0.092586
18.33	0.092479
18.34	0.092371
18.35	0.092264
18.36	0.092158
18.37	0.092051
18.38	0.091944
18.39	0.091838
18.4	0.091732
18.41	0.091626
18.42	0.09152
18.43	0.091415
18.44	0.091309
18.45	0.091204
18.46	0.091099
18.47	0.090994
18.48	0.090889
18.49	0.090784
18.5	0.09068
18.51	0.090576
18.52	0.090472
18.53	0.090368
18.54	0.090264
18.55	0.090161
18.56	0.090057
18.57	0.089954
18.58	0.089851
18.59	0.089748
18.6	0.089645
18.61	0.089543
18.62	0.08944
18.63	0.089338
18.64	0.089236
18.65	0.089134
18.66	0.089033
18.67	0.088931
18.68	0.08883
18.69	0.088728
18.7	0.088627
18.71	0.088526
18.72	0.088426
18.73	0.088325
18.74	0.088225
18.75	0.088125
18.76	0.088024
18.77	0.087925
18.78	0.087825
18.79	0.087725
18.8	0.087626
18.81	0.087527
18.82	0.087427
18.83	0.087328
18.84	0.08723
18.85	0.087131
18.86	0.087033
18.87	0.086934
18.88	0.086836
18.89	0.086738
18.9	0.08664
18.91	0.086543
18.92	0.086445
18.93	0.086348
18.94	0.086251
18.95	0.086153
18.96	0.086057
18.97	0.08596
18.98	0.085863
18.99	0.085767
19.0	0.085671
19.01	0.085574
19.02	0.085478
19.03	0.085383
19.04	0.085287
19.05	0.085191
19.06	0.085096
19.07	0.085001
19.08	0.084906
19.09	0.084811
19.1	0.084716
19.11	0.084622
19.12	0.084527
19.13	0.084433
19.14	0.084339
19.15	0.084245
19.16	0.084151
19.17	0.084057
19.18	0.083964
19.19	0.08387
19.2	0.083777
19.21	0.083684
19.22	0.083591
19.23	0.083498
19.24	0.083406
19.25	0.083313
19.26	0.083221
19.27	0.083128
19.28	0.083036
19.29	0.082944
19.3	0.082853
19.31	0.082761
19.32	0.08267
19.33	0.082578
19.34	0.082487
19.35	0.082396
19.36	0.082305
19.37	0.082214
19.38	0.082124
19.39	0.082033
19.4	0.081943
19.41	0.081853
19.42	0.081763
19.43	0.081673
19.44	0.081583
19.45	0.081493
19.46	0.081404
19.47	0.081314
19.48	0.081225
19.49	0.081136
19.5	0.081047
19.51	0.080958
19.52	0.08087
19.53	0.080781
19.54	0.080693
19.55	0.080605
19.56	0.080517
19.57	0.080429
19.58	0.080341
19.59	0.080253
19.6	0.080166
19.61	0.080078
19.62	0.079991
19.63	0.079904
19.64	0.079817
19.65	0.07973
19.66	0.079643
19.67	0.079557
19.68	0.07947
19.69	0.079384
19.7	0.079298
19.71	0.079212
19.72	0.079126
19.73	0.07904
19.74	0.078954
19.75	0.078869
19.76	0.078783
19.77	0.078698
19.78	0.078613
19.79	0.078528
19.8	0.078443
19.81	0.078358
19.82	0.078274
19.83	0.078189
19.84	0.078105
19.85	0.078021
19.86	0.077937
19.87	0.077853
19.88	0.077769
19.89	0.077685
19.9	0.077602
19.91	0.077518
19.92	0.077435
19.93	0.077352
19.94	0.077269
19.95	0.077186
19.96	0.077103
19.97	0.077021
19.98	0.076938
19.99	0.076856
20.0	0.076773
20.01	0.076691
20.02	0.076609
20.03	0.076527
20.04	0.076445
20.05	0.076364
20.06	0.076282
20.07	0.076201
20.08	0.07612
20.09	0.076039
20.1	0.075957
20.11	0.075877
20.12	0.075796
20.13	0.075715
20.14	0.075635
20.15	0.075554
20.16	0.075474
20.17	0.075394
20.18	0.075314
20.19	0.075234
20.2	0.075154
20.21	0.075074
20.22	0.074995
20.23	0.074915
20.24	0.074836
20.25	0.074757
20.26	0.074678
20.27	0.074599
20.28	0.07452
20.29	0.074441
20.3	0.074363
20.31	0.074284
20.32	0.074206
20.33	0.074128
20.34	0.07405
20.35	0.073972
20.36	0.073894
20.37	0.073816
20.38	0.073738
20.39	0.073661
20.4	0.073583
20.41	0.073506
20.42	0.073429
20.43	0.073352
20.44	0.073275
20.45	0.073198
20.46	0.073122
20.47	0.073045
20.48	0.072968
20.49	0.072892
20.5	0.072816
20.51	0.07274
20.52	0.072664
20.53	0.072588
20.54	0.072512
20.55	0.072436
20.56	0.072361
20.57	0.072285
20.58	0.07221
20.59	0.072135
20.6	0.07206
20.61	0.071985
20.62	0.07191
20.63	0.071835
20.64	0.07176
20.65	0.071686
20.66	0.071611
20.67	0.071537
20.68	0.071463
20.69	0.071389
20.7	0.071315
20.71	0.071241
20.72	0.071167
20.73	0.071094
20.74	0.07102
20.75	0.070947
20.76	0.070873
20.77	0.0708
20.78	0.070727
20.79	0.070654
20.8	0.070581
20.81	0.070508
20.82	0.070436
20.83	0.070363
20.84	0.070291
20.85	0.070218
20.86	0.070146
20.87	0.070074
20.88	0.070002
20.89	0.06993
20.9	0.069858
20.91	0.069786
20.92	0.069715
20.93	0.069643
20.94	0.069572
20.95	0.069501
20.96	0.069429
20.97	0.069358
20.98	0.069287
20.99	0.069216
21.0	0.069146
21.01	0.069075
21.02	0.069004
21.03	0.068934
21.04	0.068864
21.05	0.068793
21.06	0.068723
21.07	0.068653
21.08	0.068583
21.09	0.068513
21.1	0.068444
21.11	0.068374
21.12	0.068305
21.13	0.068235
21.14	0.068166
21.15	0.068097
21.16	0.068028
21.17	0.067959
21.18	0.06789
21.19	0.067821
21.2	0.067752
21.21	0.067683
21.22	0.067615
21.23	0.067547
21.24	0.067478
21.25	0.06741
21.26	0.067342
21.27	0.067274
21.28	0.067206
21.29	0.067138
21.3	0.06707
21.31	0.067003
21.32	0.066935
21.33	0.066868
21.34	0.066801
21.35	0.066733
21.36	0.066666
21.37	0.066599
21.38	0.066532
21.39	0.066465
21.4	0.066399
21.41	0.066332
21.42	0.066266
21.43	0.066199
21.44	0.066133
21.45	0.066067
21.46	0.066
21.47	0.065934
21.48	0.065868
21.49	0.065802
21.5	0.065737
21.51	0.065671
21.52	0.065605
21.53	0.06554
21.54	0.065475
21.55	0.065409
21.56	0.065344
21.57	0.065279
21.58	0.065214
21.59	0.065149
21.6	0.065084
21.61	0.065019
21.62	0.064955
21.63	0.06489
21.64	0.064826
21.65	0.064761
21.66	0.064697
21.67	0.064633
21.68	0.064569
21.69	0.064505
21.7	0.064441
21.71	0.064377
21.72	0.064313
21.73	0.06425
21.74	0.064186
21.75	0.064123
21.76	0.064059
21.77	0.063996
21.78	0.063933
21.79	0.06387
21.8	0.063807
21.81	0.063744
21.82	0.063681
21.83	0.063618
21.84	0.063556
21.85	0.063493
21.86	0.063431
21.87	0.063368
21.88	0.063306
21.89	0.063244
21.9	0.063182
21.91	0.06312
21.92	0.063058
21.93	0.062996
21.94	0.062934
21.95	0.062873
21.96	0.062811
21.97	0.06275
21.98	0.062688
21.99	0.062627
22.0	0.062566
22.01	0.062504
22.02	0.062443
22.03	0.062382
22.04	0.062322
22.05	0.062261
22.06	0.0622
22.07	0.062139
22.08	0.062079
22.09	0.062018
22.1	0.061958
22.11	0.061898
22.12	0.061838
22.13	0.061777
22.14	0.061717
22.15	0.061657
22.16	0.061598
22.17	0.061538
22.18	0.061478
22.19	0.061419
22.2	0.061359
22.21	0.0613
22.22	0.06124
22.23	0.061181
22.24	0.061122
22.25	0.061063
22.26	0.061004
22.27	0.060945
22.28	0.060886
22.29	0.060827
22.3	0.060768
22.31	0.06071
22.32	0.060651
22.33	0.060593
22.34	0.060534
22.35	0.060476
22.36	0.060418
22.37	0.06036
22.38	0.060302
22.39	0.060244
22.4	0.060186
22.41	0.060128
22.42	0.06007
22.43	0.060013
22.44	0.059955
22.45	0.059898
22.46	0.05984
22.47	0.059783
22.48	0.059726
22.49	0.059669
22.5	0.059611
22.51	0.059554
22.52	0.059498
22.53	0.059441
22.54	0.059384
22.55	0.059327
22.56	0.059271
22.57	0.059214
22.58	0.059158
22.59	0.059101
22.6	0.059045
22.61	0.058989
22.62	0.058933
22.63	0.058877
22.64	0.058821
22.65	0.058765
22.66	0.058709
22.67	0.058653
22.68	0.058597
22.69	0.058542
22.7	0.058486
22.71	0.058431
22.72	0.058376
22.73	0.05832
22.74	0.058265
22.75	0.05821
22.76	0.058155
22.77	0.0581
22.78	0.058045
22.79	0.05799
22.8	0.057935
22.81	0.057881
22.82	0.057826
22.83	0.057771
22.84	0.057717
22.85	0.057663
22.86	0.057608
22.87	0.057554
22.88	0.0575
22.89	0.057446
22.9	0.057392
22.91	0.057338
22.92	0.057284
22.93	0.05723
22.94	0.057176
22.95	0.057123
22.96	0.057069
22.97	0.057016
22.98	0.056962
22.99	0.056909
23.0	0.056856
23.01	0.056802
23.02	0.056749
23.03	0.056696
23.04	0.056643
23.05	0.05659
23.06	0.056537
23.07	0.056485
23.08	0.056432
23.09	0.056379
23.1	0.056327
23.11	0.056274
23.12	0.056222
23.13	0.05617
23.14	0.056117
23.15	0.056065
23.16	0.056013
23.17	0.055961
23.18	0.055909
23.19	0.055857
23.2	0.055805
23.21	0.055753
23.22	0.055702
23.23	0.05565
23.24	0.055598
23.25	0.055547
23.26	0.055495
23.27	0.055444
23.28	0.055393
23.29	0.055341
23.3	0.05529
23.31	0.055239
23.32	0.055188
23.33	0.055137
23.34	0.055086
23.35	0.055036
23.36	0.054985
23.37	0.054934
23.38	0.054883
23.39	0.054833
23.4	0.054782
23.41	0.054732
23.42	0.054682
23.43	0.054631
23.44	0.054581
23.45	0.054531
23.46	0.054481
23.47	0.054431
23.48	0.054381
23.49	0.054331
23.5	0.054281
23.51	0.054232
23.52	0.054182
23.53	0.054132
23.54	0.054083
23.55	0.054033
23.56	0.053984
23.57	0.053935
23.58	0.053885
23.59	0.053836
23.6	0.053787
23.61	0.053738
23.62	0.053689
23.63	0.05364
23.64	0.053591
23.65	0.053542
23.66	0.053493
23.67	0.053445
23.68	0.053396
23.69	0.053348
23.7	0.053299
23.71	0.053251
23.72	0.053202
23.73	0.053154
23.74	0.053106
23.75	0.053057
23.76	0.053009
23.77	0.052961
23.78	0.052913
23.79	0.052865
23.8	0.052818
23.81	0.05277
23.82	0.052722
23.83	0.052674
23.84	0.052627
23.85	0.052579
23.86	0.052532
23.87	0.052484
23.88	0.052437
23.89	0.05239
23.9	0.052342
23.91	0.052295
23.92	0.052248
23.93	0.052201
23.94	0.052154
23.95	0.052107
23.96	0.05206
23.97	0.052013
23.98	0.051967
23.99	0.05192
24.0	0.051873
24.01	0.051827
24.02	0.05178
24.03	0.051734
24.04	0.051688
24.05	0.051641
24.06	0.051595
24.07	0.051549
24.08	0.051503
24.09	0.051457
24.1	0.051411
24.11	0.051365
24.12	0.051319
24.13	0.051273
24.14	0.051227
24.15	0.051181
24.16	0.051136
24.17	0.05109
24.18	0.051045
24.19	0.050999
24.2	0.050954
24.21	0.050908
24.22	0.050863
24.23	0.050818
24.24	0.050773
24.25	0.050728
24.26	0.050682
24.27	0.050637
24.28	0.050592
24.29	0.050548
24.3	0.050503
24.31	0.050458
24.32	0.050413
24.33	0.050369
24.34	0.050324
24.35	0.050279
24.36	0.050235
24.37	0.050191
24.38	0.050146
24.39	0.050102
24.4	0.050058
24.41	0.050013
24.42	0.049969
24.43	0.049925
24.44	0.049881
24.45	0.049837
24.46	0.049793
24.47	0.049749
24.48	0.049706
24.49	0.049662
24.5	0.049618
24.51	0.049575
24.52	0.049531
24.53	0.049487
24.54	0.049444
24.55	0.049401
24.56	0.049357
24.57	0.049314
24.58	0.049271
24.59	0.049227
24.6	0.049184
24.61	0.049141
24.62	0.049098
24.63	0.049055
24.64	0.049012
24.65	0.04897
24.66	0.048927
24.67	0.048884
24.68	0.048841
24.69	0.048799
24.7	0.048756
24.71	0.048714
24.72	0.048671
24.73	0.048629
24.74	0.048586
24.75	0.048544
24.76	0.048502
24.77	0.048459
24.78	0.048417
24.79	0.048375
24.8	0.048333
24.81	0.048291
24.82	0.048249
24.83	0.048207
24.84	0.048166
24.85	0.048124
24.86	0.048082
24.87	0.04804
24.88	0.047999
24.89	0.047957
24.9	0.047916
24.91	0.047874
24.92	0.047833
24.93	0.047791
24.94	0.04775
24.95	0.047709
24.96	0.047668
24.97	0.047627
24.98	0.047585
24.99	0.047544
25.0	0.047503
25.01	0.047462
25.02	0.047422
25.03	0.047381
25.04	0.04734
25.05	0.047299
25.06	0.047259
25.07	0.047218
25.08	0.047177
25.09	0.047137
25.1	0.047096
25.11	0.047056
25.12	0.047015
25.13	0.046975
25.14	0.046935
25.15	0.046895
25.16	0.046854
25.17	0.046814
25.18	0.046774
25.19	0.046734
25.2	0.046694
25.21	0.046654
25.22	0.046614
25.23	0.046575
25.24	0.046535
25.25	0.046495
25.26	0.046455
25.27	0.046416
25.28	0.046376
25.29	0.046337
25.3	0.046297
25.31	0.046258
25.32	0.046218
25.33	0.046179
25.34	0.04614
25.35	0.046101
25.36	0.046061
25.37	0.046022
25.38	0.045983
25.39	0.045944
25.4	0.045905
25.41	0.045866
25.42	0.045827
25.43	0.045788
25.44	0.04575
25.45	0.045711
25.46	0.045672
25.47	0.045634
25.48	0.045595
25.49	0.045556
25.5	0.045518
25.51	0.045479
25.52	0.045441
25.53	0.045403
25.54	0.045364
25.55	0.045326
25.56	0.045288
25.57	0.04525
25.58	0.045212
25.59	0.045173
25.6	0.045135
25.61	0.045097
25.62	0.045059
25.63	0.045022
25.64	0.044984
25.65	0.044946
25.66	0.044908
25.67	0.04487
25.68	0.044833
25.69	0.044795
25.7	0.044758
25.71	0.04472
25.72	0.044683
25.73	0.044645
25.74	0.044608
25.75	0.04457
25.76	0.044533
25.77	0.044496
25.78	0.044459
25.79	0.044422
25.8	0.044384
25.81	0.044347
25.82	0.04431
25.83	0.044273
25.84	0.044236
25.85	0.0442
25.86	0.044163
25.87	0.044126
25.88	0.044089
25.89	0.044052
25.9	0.044016
25.91	0.043979
25.92	0.043943
25.93	0.043906
25.94	0.04387
25.95	0.043833
25.96	0.043797
25.97	0.04376
25.98	0.043724
25.99	0.043688
26.0	0.043652
26.01	0.043615
26.02	0.043579
26.03	0.043543
26.04	0.043507
26.05	0.043471
26.06	0.043435
26.07	0.043399
26.08	0.043363
26.09	0.043328
26.1	0.043292
26.11	0.043256
26.12	0.04322
26.13	0.043185
26.14	0.043149
26.15	0.043114
26.16	0.043078
26.17	0.043043
26.18	0.043007
26.19	0.042972
26.2	0.042936
26.21	0.042901
26.22	0.042866
26.23	0.042831
26.24	0.042795
26.25	0.04276
26.26	0.042725
26.27	0.04269
26.28	0.042655
26.29	0.04262
26.3	0.042585
26.31	0.04255
26.32	0.042515
26.33	0.042481
26.34	0.042446
26.35	0.042411
26.36	0.042377
26.37	0.042342
26.38	0.042307
26.39	0.042273
26.4	0.042238
26.41	0.042204
26.42	0.042169
26.43	0.042135
26.44	0.042101
26.45	0.042066
26.46	0.042032
26.47	0.041998
26.48	0.041964
26.49	0.041929
26.5	0.041895
26.51	0.041861
26.52	0.041827
26.53	0.041793
26.54	0.041759
26.55	0.041725
26.56	0.041692
26.57	0.041658
26.58	0.041624
26.59	0.04159
26.6	0.041557
26.61	0.041523
26.62	0.041489
26.63	0.041456
26.64	0.041422
26.65	0.041389
26.66	0.041355
26.67	0.041322
26.68	0.041288
26.69	0.041255
26.7	0.041222
26.71	0.041189
26.72	0.041155
26.73	0.041122
26.74	0.041089
26.75	0.041056
26.76	0.041023
26.77	0.04099
26.78	0.040957
26.79	0.040924
26.8	0.040891
26.81	0.040858
26.82	0.040825
26.83	0.040793
26.84	0.04076
26.85	0.040727
26.86	0.040694
26.87	0.040662
26.88	0.040629
26.89	0.040597
26.9	0.040564
26.91	0.040532
26.92	0.040499
26.93	0.040467
26.94	0.040434
26.95	0.040402
26.96	0.04037
26.97	0.040337
26.98	0.040305
26.99	0.040273
27.0	0.040241
27.01	0.040209
27.02	0.040177
27.03	0.040145
27.04	0.040113
27.05	0.040081
27.06	0.040049
27.07	0.040017
27.08	0.039985
27.09	0.039953
27.1	0.039922
27.11	0.03989
27.12	0.039858
27.13	0.039827
27.14	0.039795
27.15	0.039763
27.16	0.039732
27.17	0.0397
27.18	0.039669
27.19	0.039637
27.2	0.039606
27.21	0.039575
27.22	0.039543
27.23	0.039512
27.24	0.039481
27.25	0.03945
27.26	0.039418
27.27	0.039387
27.28	0.039356
27.29	0.039325
27.3	0.039294
27.31	0.039263
27.32	0.039232
27.33	0.039201
27.34	0.03917
27.35	0.039139
27.36	0.039109
27.37	0.039078
27.38	0.039047
27.39	0.039016
27.4	0.038986
27.41	0.038955
27.42	0.038924
27.43	0.038894
27.44	0.038863
27.45	0.038833
27.46	0.038802
27.47	0.038772
27.48	0.038741
27.49	0.038711
27.5	0.038681
27.51	0.03865
27.52	0.03862
27.53	0.03859
27.54	0.03856
27.55	0.03853
27.56	0.0385
27.57	0.038469
27.58	0.038439
27.59	0.038409
27.6	0.038379
27.61	0.038349
27.62	0.03832
27.63	0.03829
27.64	0.03826
27.65	0.03823
27.66	0.0382
27.67	0.03817
27.68	0.038141
27.69	0.038111
27.7	0.038081
27.71	0.038052
27.72	0.038022
27.73	0.037993
27.74	0.037963
27.75	0.037934
27.76	0.037904
27.77	0.037875
27.78	0.037846
27.79	0.037816
27.8	0.037787
27.81	0.037758
27.82	0.037728
27.83	0.037699
27.84	0.03767
27.85	0.037641
27.86	0.037612
27.87	0.037583
27.88	0.037554
27.89	0.037525
27.9	0.037496
27.91	0.037467
27.92	0.037438
27.93	0.037409
27.94	0.03738
27.95	0.037351
27.96	0.037323
27.97	0.037294
27.98	0.037265
27.99	0.037237
28.0	0.037208
28.01	0.037179
28.02	0.037151
28.03	0.037122
28.04	0.037094
28.05	0.037065
28.06	0.037037
28.07	0.037008
28.08	0.03698
28.09	0.036952
28.1	0.036923
28.11	0.036895
28.12	0.036867
28.13	0.036838
28.14	0.03681
28.15	0.036782
28.16	0.036754
28.17	0.036726
28.18	0.036698
28.19	0.03667
28.2	0.036642
28.21	0.036614
28.22	0.036586
28.23	0.036558
28.24	0.03653
28.25	0.036502
28.26	0.036474
28.27	0.036447
28.28	0.036419
28.29	0.036391
28.3	0.036363
28.31	0.036336
28.32	0.036308
28.33	0.036281
28.34	0.036253
28.35	0.036225
28.36	0.036198
28.37	0.03617
28.38	0.036143
28.39	0.036116
28.4	0.036088
28.41	0.036061
28.42	0.036034
28.43	0.036006
28.44	0.035979
28.45	0.035952
28.46	0.035925
28.47	0.035897
28.48	0.03587
28.49	0.035843
28.5	0.035816
28.51	0.035789
28.52	0.035762
28.53	0.035735
28.54	0.035708
28.55	0.035681
28.56	0.035654
28.57	0.035627
28.58	0.035601
28.59	0.035574
28.6	0.035547
28.61	0.03552
28.62	0.035493
28.63	0.035467
28.64	0.03544
28.65	0.035414
28.66	0.035387
28.67	0.03536
28.68	0.035334
28.69	0.035307
28.7	0.035281
28.71	0.035254
28.72	0.035228
28.73	0.035202
28.74	0.035175
28.75	0.035149
28.76	0.035122
28.77	0.035096
28.78	0.03507
28.79	0.035044
28.8	0.035018
28.81	0.034991
28.82	0.034965
28.83	0.034939
28.84	0.034913
28.85	0.034887
28.86	0.034861
28.87	0.034835
28.88	0.034809
28.89	0.034783
28.9	0.034757
28.91	0.034731
28.92	0.034705
28.93	0.03468
28.94	0.034654
28.95	0.034628
28.96	0.034602
28.97	0.034577
28.98	0.034551
28.99	0.034525
29.0	0.0345
29.01	0.034474
29.02	0.034449
29.03	0.034423
29.04	0.034397
29.05	0.034372
29.06	0.034347
29.07	0.034321
29.08	0.034296
29.09	0.03427
29.1	0.034245
29.11	0.03422
29.12	0.034194
29.13	0.034169
29.14	0.034144
29.15	0.034119
29.16	0.034093
29.17	0.034068
29.18	0.034043
29.19	0.034018
29.2	0.033993
29.21	0.033968
29.22	0.033943
29.23	0.033918
29.24	0.033893
29.25	0.033868
29.26	0.033843
29.27	0.033818
29.28	0.033793
29.29	0.033769
29.3	0.033744
29.31	0.033719
29.32	0.033694
29.33	0.03367
29.34	0.033645
29.35	0.03362
29.36	0.033596
29.37	0.033571
29.38	0.033546
29.39	0.033522
29.4	0.033497
29.41	0.033473
29.42	0.033448
29.43	0.033424
29.44	0.033399
29.45	0.033375
29.46	0.033351
29.47	0.033326
29.48	0.033302
29.49	0.033278
29.5	0.033253
29.51	0.033229
29.52	0.033205
29.53	0.033181
29.54	0.033157
29.55	0.033132
29.56	0.033108
29.57	0.033084
29.58	0.03306
29.59	0.033036
29.6	0.033012
29.61	0.032988
29.62	0.032964
29.63	0.03294
29.64	0.032916
29.65	0.032892
29.66	0.032869
29.67	0.032845
29.68	0.032821
29.69	0.032797
29.7	0.032773
29.71	0.03275
29.72	0.032726
29.73	0.032702
29.74	0.032679
29.75	0.032655
29.76	0.032631
29.77	0.032608
29.78	0.032584
29.79	0.032561
29.8	0.032537
29.81	0.032514
29.82	0.03249
29.83	0.032467
29.84	0.032443
29.85	0.03242
29.86	0.032397
29.87	0.032373
29.88	0.03235
29.89	0.032327
29.9	0.032303
29.91	0.03228
29.92	0.032257
29.93	0.032234
29.94	0.032211
29.95	0.032188
29.96	0.032164
29.97	0.032141
29.98	0.032118
29.99	0.032095
30.0	0.032072
30.01	0.032049
30.02	0.032026
30.03	0.032003
30.04	0.03198
30.05	0.031958
30.06	0.031935
30.07	0.031912
30.08	0.031889
30.09	0.031866
30.1	0.031844
30.11	0.031821
30.12	0.031798
30.13	0.031775
30.14	0.031753
30.15	0.03173
30.16	0.031707
30.17	0.031685
30.18	0.031662
30.19	0.03164
30.2	0.031617
30.21	0.031595
30.22	0.031572
30.23	0.03155
30.24	0.031527
30.25	0.031505
30.26	0.031482
30.27	0.03146
30.28	0.031438
30.29	0.031415
30.3	0.031393
30.31	0.031371
30.32	0.031349
30.33	0.031326
30.34	0.031304
30.35	0.031282
30.36	0.03126
30.37	0.031238
30.38	0.031216
30.39	0.031194
30.4	0.031171
30.41	0.031149
30.42	0.031127
30.43	0.031105
30.44	0.031083
30.45	0.031062
30.46	0.03104
30.47	0.031018
30.48	0.030996
30.49	0.030974
30.5	0.030952
30.51	0.03093
30.52	0.030909
30.53	0.030887
30.54	0.030865
30.55	0.030843
30.56	0.030822
30.57	0.0308
30.58	0.030778
30.59	0.030757
30.6	0.030735
30.61	0.030713
30.62	0.030692
30.63	0.03067
30.64	0.030649
30.65	0.030627
30.66	0.030606
30.67	0.030584
30.68	0.030563
30.69	0.030542
30.7	0.03052
30.71	0.030499
30.72	0.030477
30.73	0.030456
30.74	0.030435
30.75	0.030414
30.76	0.030392
30.77	0.030371
30.78	0.03035
30.79	0.030329
30.8	0.030308
30.81	0.030286
30.82	0.030265
30.83	0.030244
30.84	0.030223
30.85	0.030202
30.86	0.030181
30.87	0.03016
30.88	0.030139
30.89	0.030118
30.9	0.030097
30.91	0.030076
30.92	0.030055
30.93	0.030034
30.94	0.030013
30.95	0.029993
30.96	0.029972
30.97	0.029951
30.98	0.02993
30.99	0.02991
31.0	0.029889
31.01	0.029868
31.02	0.029847
31.03	0.029827
31.04	0.029806
31.05	0.029785
31.06	0.029765
31.07	0.029744
31.08	0.029724
31.09	0.029703
31.1	0.029683
31.11	0.029662
31.12	0.029642
31.13	0.029621
31.14	0.029601
31.15	0.02958
31.16	0.02956
31.17	0.02954
31.18	0.029519
31.19	0.029499
31.2	0.029479
31.21	0.029458
31.22	0.029438
31.23	0.029418
31.24	0.029397
31.25	0.029377
31.26	0.029357
31.27	0.029337
31.28	0.029317
31.29	0.029297
31.3	0.029276
31.31	0.029256
31.32	0.029236
31.33	0.029216
31.34	0.029196
31.35	0.029176
31.36	0.029156
31.37	0.029136
31.38	0.029116
31.39	0.029096
31.4	0.029077
31.41	0.029057
31.42	0.029037
31.43	0.029017
31.44	0.028997
31.45	0.028977
31.46	0.028957
31.47	0.028938
31.48	0.028918
31.49	0.028898
31.5	0.028879
31.51	0.028859
31.52	0.028839
31.53	0.02882
31.54	0.0288
31.55	0.02878
31.56	0.028761
31.57	0.028741
31.58	0.028722
31.59	0.028702
31.6	0.028683
31.61	0.028663
31.62	0.028644
31.63	0.028624
31.64	0.028605
31.65	0.028585
31.66	0.028566
31.67	0.028547
31.68	0.028527
31.69	0.028508
31.7	0.028489
31.71	0.028469
31.72	0.02845
31.73	0.028431
31.74	0.028411
31.75	0.028392
31.76	0.028373
31.77	0.028354
31.78	0.028335
31.79	0.028316
31.8	0.028296
31.81	0.028277
31.82	0.028258
31.83	0.028239
31.84	0.02822
31.85	0.028201
31.86	0.028182
31.87	0.028163
31.88	0.028144
31.89	0.028125
31.9	0.028106
31.91	0.028087
31.92	0.028068
31.93	0.02805
31.94	0.028031
31.95	0.028012
31.96	0.027993
31.97	0.027974
31.98	0.027956
31.99	0.027937
32.0	0.027918
32.01	0.027899
32.02	0.027881
32.03	0.027862
32.04	0.027843
32.05	0.027825
32.06	0.027806
32.07	0.027787
32.08	0.027769
32.09	0.02775
32.1	0.027732
32.11	0.027713
32.12	0.027695
32.13	0.027676
32.14	0.027658
32.15	0.027639
32.16	0.027621
32.17	0.027602
32.18	0.027584
32.19	0.027565
32.2	0.027547
32.21	0.027529
32.22	0.02751
32.23	0.027492
32.24	0.027474
32.25	0.027455
32.26	0.027437
32.27	0.027419
32.28	0.027401
32.29	0.027382
32.3	0.027364
32.31	0.027346
32.32	0.027328
32.33	0.02731
32.34	0.027292
32.35	0.027273
32.36	0.027255
32.37	0.027237
32.38	0.027219
32.39	0.027201
32.4	0.027183
32.41	0.027165
32.42	0.027147
32.43	0.027129
32.44	0.027111
32.45	0.027093
32.46	0.027075
32.47	0.027058
32.48	0.02704
32.49	0.027022
32.5	0.027004
32.51	0.026986
32.52	0.026968
32.53	0.026951
32.54	0.026933
32.55	0.026915
32.56	0.026897
32.57	0.02688
32.58	0.026862
32.59	0.026844
32.6	0.026826
32.61	0.026809
32.62	0.026791
32.63	0.026774
32.64	0.026756
32.65	0.026738
32.66	0.026721
32.67	0.026703
32.68	0.026686
32.69	0.026668
32.7	0.026651
32.71	0.026633
32.72	0.026616
32.73	0.026598
32.74	0.026581
32.75	0.026563
32.76	0.026546
32.77	0.026529
32.78	0.026511
32.79	0.026494
32.8	0.026477
32.81	0.026459
32.82	0.026442
32.83	0.026425
32.84	0.026408
32.85	0.02639
32.86	0.026373
32.87	0.026356
32.88	0.026339
32.89	0.026321
32.9	0.026304
32.91	0.026287
32.92	0.02627
32.93	0.026253
32.94	0.026236
32.95	0.026219
32.96	0.026202
32.97	0.026185
32.98	0.026168
32.99	0.026151
33.0	0.026134
33.01	0.026117
33.02	0.0261
33.03	0.026083
33.04	0.026066
33.05	0.026049
33.06	0.026032
33.07	0.026015
33.08	0.025998
33.09	0.025981
33.1	0.025964
33.11	0.025948
33.12	0.025931
33.13	0.025914
33.14	0.025897
33.15	0.025881
33.16	0.025864
33.17	0.025847
33.18	0.02583
33.19	0.025814
33.2	0.025797
33.21	0.02578
33.22	0.025764
33.23	0.025747
33.24	0.02573
33.25	0.025714
33.26	0.025697
33.27	0.025681
33.28	0.025664
33.29	0.025648
33.3	0.025631
33.31	0.025615
33.32	0.025598
33.33	0.025582
33.34	0.025565
33.35	0.025549
33.36	0.025532
33.37	0.025516
33.38	0.0255
33.39	0.025483
33.4	0.025467
33.41	0.02545
33.42	0.025434
33.43	0.025418
33.44	0.025402
33.45	0.025385
33.46	0.025369
33.47	0.025353
33.48	0.025336
33.49	0.02532
33.5	0.025304
33.51	0.025288
33.52	0.025272
33.53	0.025256
33.54	0.025239
33.55	0.025223
33.56	0.025207
33.57	0.025191
33.58	0.025175
33.59	0.025159
33.6	0.025143
33.61	0.025127
33.62	0.025111
33.63	0.025095
33.64	0.025079
33.65	0.025063
33.66	0.025047
33.67	0.025031
33.68	0.025015
33.69	0.024999
33.7	0.024983
33.71	0.024967
33.72	0.024951
33.73	0.024936
33.74	0.02492
33.75	0.024904
33.76	0.024888
33.77	0.024872
33.78	0.024856
33.79	0.024841
33.8	0.024825
33.81	0.024809
33.82	0.024793
33.83	0.024778
33.84	0.024762
33.85	0.024746
33.86	0.024731
33.87	0.024715
33.88	0.024699
33.89	0.024684
33.9	0.024668
33.91	0.024653
33.92	0.024637
33.93	0.024622
33.94	0.024606
33.95	0.02459
33.96	0.024575
33.97	0.024559
33.98	0.024544
33.99	0.024528
34.0	0.024513
34.01	0.024498
34.02	0.024482
34.03	0.024467
34.04	0.024451
34.05	0.024436
34.06	0.024421
34.07	0.024405
34.08	0.02439
34.09	0.024374
34.1	0.024359
34.11	0.024344
34.12	0.024329
34.13	0.024313
34.14	0.024298
34.15	0.024283
34.16	0.024268
34.17	0.024252
34.18	0.024237
34.19	0.024222
34.2	0.024207
34.21	0.024192
34.22	0.024176
34.23	0.024161
34.24	0.024146
34.25	0.024131
34.26	0.024116
34.27	0.024101
34.28	0.024086
34.29	0.024071
34.3	0.024056
34.31	0.024041
34.32	0.024026
34.33	0.024011
34.34	0.023996
34.35	0.023981
34.36	0.023966
34.37	0.023951
34.38	0.023936
34.39	0.023921
34.4	0.023906
34.41	0.023891
34.42	0.023876
34.43	0.023862
34.44	0.023847
34.45	0.023832
34.46	0.023817
34.47	0.023802
34.48	0.023788
34.49	0.023773
34.5	0.023758
34.51	0.023743
34.52	0.023729
34.53	0.023714
34.54	0.023699
34.55	0.023684
34.56	0.02367
34.57	0.023655
34.58	0.02364
34.59	0.023626
34.6	0.023611
34.61	0.023597
34.62	0.023582
34.63	0.023567
34.64	0.023553
34.65	0.023538
34.66	0.023524
34.67	0.023509
34.68	0.023495
34.69	0.02348
34.7	0.023466
34.71	0.023451
34.72	0.023437
34.73	0.023422
34.74	0.023408
34.75	0.023393
34.76	0.023379
34.77	0.023365
34.78	0.02335
34.79	0.023336
34.8	0.023321
34.81	0.023307
34.82	0.023293
34.83	0.023278
34.84	0.023264
34.85	0.02325
34.86	0.023236
34.87	0.023221
34.88	0.023207
34.89	0.023193
34.9	0.023179
34.91	0.023164
34.92	0.02315
34.93	0.023136
34.94	0.023122
34.95	0.023108
34.96	0.023093
34.97	0.023079
34.98	0.023065
34.99	0.023051
35.0	0.023037
35.01	0.023023
35.02	0.023009
35.03	0.022995
35.04	0.022981
35.05	0.022967
35.06	0.022953
35.07	0.022939
35.08	0.022925
35.09	0.022911
35.1	0.022897
35.11	0.022883
35.12	0.022869
35.13	0.022855
35.14	0.022841
35.15	0.022827
35.16	0.022813
35.17	0.022799
35.18	0.022785
35.19	0.022772
35.2	0.022758
35.21	0.022744
35.22	0.02273
35.23	0.022716
35.24	0.022702
35.25	0.022689
35.26	0.022675
35.27	0.022661
35.28	0.022647
35.29	0.022634
35.3	0.02262
35.31	0.022606
35.32	0.022592
35.33	0.022579
35.34	0.022565
35.35	0.022551
35.36	0.022538
35.37	0.022524
35.38	0.022511
35.39	0.022497
35.4	0.022483
35.41	0.02247
35.42	0.022456
35.43	0.022443
35.44	0.022429
35.45	0.022416
35.46	0.022402
35.47	0.022388
35.48	0.022375
35.49	0.022361
35.5	0.022348
35.51	0.022335
35.52	0.022321
35.53	0.022308
35.54	0.022294
35.55	0.022281
35.56	0.022267
35.57	0.022254
35.58	0.022241
35.59	0.022227
35.6	0.022214
35.61	0.022201
35.62	0.022187
35.63	0.022174
35.64	0.022161
35.65	0.022147
35.66	0.022134
35.67	0.022121
35.68	0.022107
35.69	0.022094
35.7	0.022081
35.71	0.022068
35.72	0.022054
35.73	0.022041
35.74	0.022028
35.75	0.022015
35.76	0.022002
35.77	0.021989
35.78	0.021975
35.79	0.021962
35.8	0.021949
35.81	0.021936
35.82	0.021923
35.83	0.02191
35.84	0.021897
35.85	0.021884
35.86	0.021871
35.87	0.021858
35.88	0.021845
35.89	0.021832
35.9	0.021819
35.91	0.021806
35.92	0.021793
35.93	0.02178
35.94	0.021767
35.95	0.021754
35.96	0.021741
35.97	0.021728
35.98	0.021715
35.99	0.021702
36.0	0.021689
36.01	0.021676
36.02	0.021663
36.03	0.021651
36.04	0.021638
36.05	0.021625
36.06	0.021612
36.07	0.021599
36.08	0.021586
36.09	0.021574
36.1	0.021561
36.11	0.021548
36.12	0.021535
36.13	0.021523
36.14	0.02151
36.15	0.021497
36.16	0.021484
36.17	0.021472
36.18	0.021459
36.19	0.021446
36.2	0.021434
36.21	0.021421
36.22	0.021408
36.23	0.021396
36.24	0.021383
36.25	0.02137
36.26	0.021358
36.27	0.021345
36.28	0.021333
36.29	0.02132
36.3	0.021308
36.31	0.021295
36.32	0.021282
36.33	0.02127
36.34	0.021257
36.35	0.021245
36.36	0.021232
36.37	0.02122
36.38	0.021207
36.39	0.021195
36.4	0.021183
36.41	0.02117
36.42	0.021158
36.43	0.021145
36.44	0.021133
36.45	0.021121
36.46	0.021108
36.47	0.021096
36.48	0.021083
36.49	0.021071
36.5	0.021059
36.51	0.021046
36.52	0.021034
36.53	0.021022
36.54	0.021009
36.55	0.020997
36.56	0.020985
36.57	0.020973
36.58	0.02096
36.59	0.020948
36.6	0.020936
36.61	0.020924
36.62	0.020911
36.63	0.020899
36.64	0.020887
36.65	0.020875
36.66	0.020863
36.67	0.020851
36.68	0.020838
36.69	0.020826
36.7	0.020814
36.71	0.020802
36.72	0.02079
36.73	0.020778
36.74	0.020766
36.75	0.020754
36.76	0.020742
36.77	0.02073
36.78	0.020717
36.79	0.020705
36.8	0.020693
36.81	0.020681
36.82	0.020669
36.83	0.020657
36.84	0.020645
36.85	0.020633
36.86	0.020621
36.87	0.02061
36.88	0.020598
36.89	0.020586
36.9	0.020574
36.91	0.020562
36.92	0.02055
36.93	0.020538
36.94	0.020526
36.95	0.020514
36.96	0.020502
36.97	0.020491
36.98	0.020479
36.99	0.020467
37.0	0.020455
37.01	0.020443
37.02	0.020431
37.03	0.02042
37.04	0.020408
37.05	0.020396
37.06	0.020384
37.07	0.020373
37.08	0.020361
37.09	0.020349
37.1	0.020337
37.11	0.020326
37.12	0.020314
37.13	0.020302
37.14	0.020291
37.15	0.020279
37.16	0.020267
37.17	0.020256
37.18	0.020244
37.19	0.020232
37.2	0.020221
37.21	0.020209
37.22	0.020198
37.23	0.020186
37.24	0.020174
37.25	0.020163
37.26	0.020151
37.27	0.02014
37.28	0.020128
37.29	0.020117
37.3	0.020105
37.31	0.020094
37.32	0.020082
37.33	0.020071
37.34	0.020059
37.35	0.020048
37.36	0.020036
37.37	0.020025
37.38	0.020013
37.39	0.020002
37.4	0.019991
37.41	0.019979
37.42	0.019968
37.43	0.019956
37.44	0.019945
37.45	0.019934
37.46	0.019922
37.47	0.019911
37.48	0.019899
37.49	0.019888
37.5	0.019877
37.51	0.019866
37.52	0.019854
37.53	0.019843
37.54	0.019832
37.55	0.01982
37.56	0.019809
37.57	0.019798
37.58	0.019787
37.59	0.019775
37.6	0.019764
37.61	0.019753
37.62	0.019742
37.63	0.01973
37.64	0.019719
37.65	0.019708
37.66	0.019697
37.67	0.019686
37.68	0.019675
37.69	0.019663
37.7	0.019652
37.71	0.019641
37.72	0.01963
37.73	0.019619
37.74	0.019608
37.75	0.019597
37.76	0.019586
37.77	0.019575
37.78	0.019564
37.79	0.019553
37.8	0.019541
37.81	0.01953
37.82	0.019519
37.83	0.019508
37.84	0.019497
37.85	0.019486
37.86	0.019475
37.87	0.019464
37.88	0.019453
37.89	0.019442
37.9	0.019432
37.91	0.019421
37.92	0.01941
37.93	0.019399
37.94	0.019388
37.95	0.019377
37.96	0.019366
37.97	0.019355
37.98	0.019344
37.99	0.019333
38.0	0.019323
38.01	0.019312
38.02	0.019301
38.03	0.01929
38.04	0.019279
38.05	0.019268
38.06	0.019258
38.07	0.019247
38.08	0.019236
38.09	0.019225
38.1	0.019214
38.11	0.019204
38.12	0.019193
38.13	0.019182
38.14	0.019171
38.15	0.019161
38.16	0.01915
38.17	0.019139
38.18	0.019129
38.19	0.019118
38.2	0.019107
38.21	0.019097
38.22	0.019086
38.23	0.019075
38.24	0.019065
38.25	0.019054
38.26	0.019043
38.27	0.019033
38.28	0.019022
38.29	0.019012
38.3	0.019001
38.31	0.01899
38.32	0.01898
38.33	0.018969
38.34	0.018959
38.35	0.018948
38.36	0.018938
38.37	0.018927
38.38	0.018917
38.39	0.018906
38.4	0.018895
38.41	0.018885
38.42	0.018875
38.43	0.018864
38.44	0.018854
38.45	0.018843
38.46	0.018833
38.47	0.018822
38.48	0.018812
38.49	0.018801
38.5	0.018791
38.51	0.018781
38.52	0.01877
38.53	0.01876
38.54	0.018749
38.55	0.018739
38.56	0.018729
38.57	0.018718
38.58	0.018708
38.59	0.018698
38.6	0.018687
38.61	0.018677
38.62	0.018667
38.63	0.018656
38.64	0.018646
38.65	0.018636
38.66	0.018625
38.67	0.018615
38.68	0.018605
38.69	0.018595
38.7	0.018584
38.71	0.018574
38.72	0.018564
38.73	0.018554
38.74	0.018543
38.75	0.018533
38.76	0.018523
38.77	0.018513
38.78	0.018503
38.79	0.018492
38.8	0.018482
38.81	0.018472
38.82	0.018462
38.83	0.018452
38.84	0.018442
38.85	0.018432
38.86	0.018421
38.87	0.018411
38.88	0.018401
38.89	0.018391
38.9	0.018381
38.91	0.018371
38.92	0.018361
38.93	0.018351
38.94	0.018341
38.95	0.018331
38.96	0.018321
38.97	0.018311
38.98	0.018301
38.99	0.018291
39.0	0.018281
39.01	0.018271
39.02	0.018261
39.03	0.018251
39.04	0.018241
39.05	0.018231
39.06	0.018221
39.07	0.018211
39.08	0.018201
39.09	0.018191
39.1	0.018181
39.11	0.018171
39.12	0.018161
39.13	0.018151
39.14	0.018142
39.15	0.018132
39.16	0.018122
39.17	0.018112
39.18	0.018102
39.19	0.018092
39.2	0.018082
39.21	0.018073
39.22	0.018063
39.23	0.018053
39.24	0.018043
39.25	0.018033
39.26	0.018024
39.27	0.018014
39.28	0.018004
39.29	0.017994
39.3	0.017984
39.31	0.017975
39.32	0.017965
39.33	0.017955
39.34	0.017946
39.35	0.017936
39.36	0.017926
39.37	0.017916
39.38	0.017907
39.39	0.017897
39.4	0.017887
39.41	0.017878
39.42	0.017868
39.43	0.017858
39.44	0.017849
39.45	0.017839
39.46	0.017829
39.47	0.01782
39.48	0.01781
39.49	0.017801
39.5	0.017791
39.51	0.017781
39.52	0.017772
39.53	0.017762
39.54	0.017753
39.55	0.017743
39.56	0.017733
39.57	0.017724
39.58	0.017714
39.59	0.017705
39.6	0.017695
39.61	0.017686
39.62	0.017676
39.63	0.017667
39.64	0.017657
39.65	0.017648
39.66	0.017638
39.67	0.017629
39.68	0.017619
39.69	0.01761
39.7	0.0176
39.71	0.017591
39.72	0.017582
39.73	0.017572
39.74	0.017563
39.75	0.017553
39.76	0.017544
39.77	0.017534
39.78	0.017525
39.79	0.017516
39.8	0.017506
39.81	0.017497
39.82	0.017488
39.83	0.017478
39.84	0.017469
39.85	0.01746
39.86	0.01745
39.87	0.017441
39.88	0.017432
39.89	0.017422
39.9	0.017413
39.91	0.017404
39.92	0.017394
39.93	0.017385
39.94	0.017376
39.95	0.017367
39.96	0.017357
39.97	0.017348
39.98	0.017339
39.99	0.01733
40.0	0.01732
40.01	0.017311
40.02	0.017302
40.03	0.017293
40.04	0.017284
40.05	0.017274
40.06	0.017265
40.07	0.017256
40.08	0.017247
40.09	0.017238
40.1	0.017228
40.11	0.017219
40.12	0.01721
40.13	0.017201
40.14	0.017192
40.15	0.017183
40.16	0.017174
40.17	0.017165
40.18	0.017155
40.19	0.017146
40.2	0.017137
40.21	0.017128
40.22	0.017119
40.23	0.01711
40.24	0.017101
40.25	0.017092
40.26	0.017083
40.27	0.017074
40.28	0.017065
40.29	0.017056
40.3	0.017047
40.31	0.017038
40.32	0.017029
40.33	0.01702
40.34	0.017011
40.35	0.017002
40.36	0.016993
40.37	0.016984
40.38	0.016975
40.39	0.016966
40.4	0.016957
40.41	0.016948
40.42	0.016939
40.43	0.01693
40.44	0.016921
40.45	0.016912
40.46	0.016904
40.47	0.016895
40.48	0.016886
40.49	0.016877
40.5	0.016868
40.51	0.016859
40.52	0.01685
40.53	0.016841
40.54	0.016833
40.55	0.016824
40.56	0.016815
40.57	0.016806
40.58	0.016797
40.59	0.016789
40.6	0.01678
40.61	0.016771
40.62	0.016762
40.63	0.016753
40.64	0.016745
40.65	0.016736
40.66	0.016727
40.67	0.016718
40.68	0.01671
40.69	0.016701
40.7	0.016692
40.71	0.016683
40.72	0.016675
40.73	0.016666
40.74	0.016657
40.75	0.016648
40.76	0.01664
40.77	0.016631
40.78	0.016622
40.79	0.016614
40.8	0.016605
40.81	0.016596
40.82	0.016588
40.83	0.016579
40.84	0.01657
40.85	0.016562
40.86	0.016553
40.87	0.016545
40.88	0.016536
40.89	0.016527
40.9	0.016519
40.91	0.01651
40.92	0.016502
40.93	0.016493
40.94	0.016484
40.95	0.016476
40.96	0.016467
40.97	0.016459
40.98	0.01645
40.99	0.016442
41.0	0.016433
41.01	0.016425
41.02	0.016416
41.03	0.016408
41.04	0.016399
41.05	0.016391
41.06	0.016382
41.07	0.016374
41.08	0.016365
41.09	0.016357
41.1	0.016348
41.11	0.01634
41.12	0.016331
41.13	0.016323
41.14	0.016314
41.15	0.016306
41.16	0.016297
41.17	0.016289
41.18	0.016281
41.19	0.016272
41.2	0.016264
41.21	0.016255
41.22	0.016247
41.23	0.016239
41.24	0.01623
41.25	0.016222
41.26	0.016214
41.27	0.016205
41.28	0.016197
41.29	0.016188
41.3	0.01618
41.31	0.016172
41.32	0.016163
41.33	0.016155
41.34	0.016147
41.35	0.016139
41.36	0.01613
41.37	0.016122
41.38	0.016114
41.39	0.016105
41.4	0.016097
41.41	0.016089
41.42	0.016081
41.43	0.016072
41.44	0.016064
41.45	0.016056
41.46	0.016048
41.47	0.016039
41.48	0.016031
41.49	0.016023
41.5	0.016015
41.51	0.016006
41.52	0.015998
41.53	0.01599
41.54	0.015982
41.55	0.015974
41.56	0.015966
41.57	0.015957
41.58	0.015949
41.59	0.015941
41.6	0.015933
41.61	0.015925
41.62	0.015917
41.63	0.015909
41.64	0.0159
41.65	0.015892
41.66	0.015884
41.67	0.015876
41.68	0.015868
41.69	0.01586
41.7	0.015852
41.71	0.015844
41.72	0.015836
41.73	0.015828
41.74	0.015819
41.75	0.015811
41.76	0.015803
41.77	0.015795
41.78	0.015787
41.79	0.015779
41.8	0.015771
41.81	0.015763
41.82	0.015755
41.83	0.015747
41.84	0.015739
41.85	0.015731
41.86	0.015723
41.87	0.015715
41.88	0.015707
41.89	0.015699
41.9	0.015691
41.91	0.015683
41.92	0.015675
41.93	0.015667
41.94	0.015659
41.95	0.015652
41.96	0.015644
41.97	0.015636
41.98	0.015628
41.99	0.01562
42.0	0.015612
42.01	0.015604
42.02	0.015596
42.03	0.015588
42.04	0.01558
42.05	0.015572
42.06	0.015565
42.07	0.015557
42.08	0.015549
42.09	0.015541
42.1	0.015533
42.11	0.015525
42.12	0.015518
42.13	0.01551
42.14	0.015502
42.15	0.015494
42.16	0.015486
42.17	0.015478
42.18	0.015471
42.19	0.015463
42.2	0.015455
42.21	0.015447
42.22	0.015439
42.23	0.015432
42.24	0.015424
42.25	0.015416
42.26	0.015408
42.27	0.015401
42.28	0.015393
42.29	0.015385
42.3	0.015377
42.31	0.01537
42.32	0.015362
42.33	0.015354
42.34	0.015347
42.35	0.015339
42.36	0.015331
42.37	0.015324
42.38	0.015316
42.39	0.015308
42.4	0.0153
42.41	0.015293
42.42	0.015285
42.43	0.015277
42.44	0.01527
42.45	0.015262
42.46	0.015255
42.47	0.015247
42.48	0.015239
42.49	0.015232
42.5	0.015224
42.51	0.015216
42.52	0.015209
42.53	0.015201
42.54	0.015194
42.55	0.015186
42.56	0.015178
42.57	0.015171
42.58	0.015163
42.59	0.015156
42.6	0.015148
42.61	0.015141
42.62	0.015133
42.63	0.015126
42.64	0.015118
42.65	0.015111
42.66	0.015103
42.67	0.015095
42.68	0.015088
42.69	0.01508
42.7	0.015073
42.71	0.015065
42.72	0.015058
42.73	0.01505
42.74	0.015043
42.75	0.015035
42.76	0.015028
42.77	0.015021
42.78	0.015013
42.79	0.015006
42.8	0.014998
42.81	0.014991
42.82	0.014983
42.83	0.014976
42.84	0.014968
42.85	0.014961
42.86	0.014954
42.87	0.014946
42.88	0.014939
42.89	0.014931
42.9	0.014924
42.91	0.014917
42.92	0.014909
42.93	0.014902
42.94	0.014894
42.95	0.014887
42.96	0.01488
42.97	0.014872
42.98	0.014865
42.99	0.014858
43.0	0.01485
43.01	0.014843
43.02	0.014836
43.03	0.014828
43.04	0.014821
43.05	0.014814
43.06	0.014806
43.07	0.014799
43.08	0.014792
43.09	0.014785
43.1	0.014777
43.11	0.01477
43.12	0.014763
43.13	0.014755
43.14	0.014748
43.15	0.014741
43.16	0.014734
43.17	0.014726
43.18	0.014719
43.19	0.014712
43.2	0.014705
43.21	0.014697
43.22	0.01469
43.23	0.014683
43.24	0.014676
43.25	0.014669
43.26	0.014661
43.27	0.014654
43.28	0.014647
43.29	0.01464
43.3	0.014633
43.31	0.014626
43.32	0.014618
43.33	0.014611
43.34	0.014604
43.35	0.014597
43.36	0.01459
43.37	0.014583
43.38	0.014575
43.39	0.014568
43.4	0.014561
43.41	0.014554
43.42	0.014547
43.43	0.01454
43.44	0.014533
43.45	0.014526
43.46	0.014519
43.47	0.014511
43.48	0.014504
43.49	0.014497
43.5	0.01449
43.51	0.014483
43.52	0.014476
43.53	0.014469
43.54	0.014462
43.55	0.014455
43.56	0.014448
43.57	0.014441
43.58	0.014434
43.59	0.014427
43.6	0.01442
43.61	0.014413
43.62	0.014406
43.63	0.014399
43.64	0.014392
43.65	0.014385
43.66	0.014378
43.67	0.014371
43.68	0.014364
43.69	0.014357
43.7	0.01435
43.71	0.014343
43.72	0.014336
43.73	0.014329
43.74	0.014322
43.75	0.014315
43.76	0.014308
43.77	0.014301
43.78	0.014294
43.79	0.014287
43.8	0.01428
43.81	0.014273
43.82	0.014266
43.83	0.01426
43.84	0.014253
43.85	0.014246
43.86	0.014239
43.87	0.014232
43.88	0.014225
43.89	0.014218
43.9	0.014211
43.91	0.014204
43.92	0.014198
43.93	0.014191
43.94	0.014184
43.95	0.014177
43.96	0.01417
43.97	0.014163
43.98	0.014157
43.99	0.01415
44.0	0.014143
44.01	0.014136
44.02	0.014129
44.03	0.014122
44.04	0.014116
44.05	0.014109
44.06	0.014102
44.07	0.014095
44.08	0.014088
44.09	0.014082
44.1	0.014075
44.11	0.014068
44.12	0.014061
44.13	0.014055
44.14	0.014048
44.15	0.014041
44.16	0.014034
44.17	0.014028
44.18	0.014021
44.19	0.014014
44.2	0.014007
44.21	0.014001
44.22	0.013994
44.23	0.013987
44.24	0.013981
44.25	0.013974
44.26	0.013967
44.27	0.01396
44.28	0.013954
44.29	0.013947
44.3	0.01394
44.31	0.013934
44.32	0.013927
44.33	0.01392
44.34	0.013914
44.35	0.013907
44.36	0.0139
44.37	0.013894
44.38	0.013887
44.39	0.013881
44.4	0.013874
44.41	0.013867
44.42	0.013861
44.43	0.013854
44.44	0.013847
44.45	0.013841
44.46	0.013834
44.47	0.013828
44.48	0.013821
44.49	0.013814
44.5	0.013808
44.51	0.013801
44.52	0.013795
44.53	0.013788
44.54	0.013782
44.55	0.013775
44.56	0.013768
44.57	0.013762
44.58	0.013755
44.59	0.013749
44.6	0.013742
44.61	0.013736
44.62	0.013729
44.63	0.013723
44.64	0.013716
44.65	0.01371
44.66	0.013703
44.67	0.013697
44.68	0.01369
44.69	0.013684
44.7	0.013677
44.71	0.013671
44.72	0.013664
44.73	0.013658
44.74	0.013651
44.75	0.013645
44.76	0.013638
44.77	0.013632
44.78	0.013625
44.79	0.013619
44.8	0.013612
44.81	0.013606
44.82	0.0136
44.83	0.013593
44.84	0.013587
44.85	0.01358
44.86	0.013574
44.87	0.013567
44.88	0.013561
44.89	0.013555
44.9	0.013548
44.91	0.013542
44.92	0.013535
44.93	0.013529
44.94	0.013523
44.95	0.013516
44.96	0.01351
44.97	0.013504
44.98	0.013497
44.99	0.013491
45.0	0.013484
45.01	0.013478
45.02	0.013472
45.03	0.013465
45.04	0.013459
45.05	0.013453
45.06	0.013446
45.07	0.01344
45.08	0.013434
45.09	0.013427
45.1	0.013421
45.11	0.013415
45.12	0.013409
45.13	0.013402
45.14	0.013396
45.15	0.01339
45.16	0.013383
45.17	0.013377
45.18	0.013371
45.19	0.013365
45.2	0.013358
45.21	0.013352
45.22	0.013346
45.23	0.01334
45.24	0.013333
45.25	0.013327
45.26	0.013321
45.27	0.013315
45.28	0.013308
45.29	0.013302
45.3	0.013296
45.31	0.01329
45.32	0.013283
45.33	0.013277
45.34	0.013271
45.35	0.013265
45.36	0.013259
45.37	0.013252
45.38	0.013246
45.39	0.01324
45.4	0.013234
45.41	0.013228
45.42	0.013222
45.43	0.013215
45.44	0.013209
45.45	0.013203
45.46	0.013197
45.47	0.013191
45.48	0.013185
45.49	0.013178
45.5	0.013172
45.51	0.013166
45.52	0.01316
45.53	0.013154
45.54	0.013148
45.55	0.013142
45.56	0.013136
45.57	0.013129
45.58	0.013123
45.59	0.013117
45.6	0.013111
45.61	0.013105
45.62	0.013099
45.63	0.013093
45.64	0.013087
45.65	0.013081
45.66	0.013075
45.67	0.013069
45.68	0.013063
45.69	0.013056
45.7	0.01305
45.71	0.013044
45.72	0.013038
45.73	0.013032
45.74	0.013026
45.75	0.01302
45.76	0.013014
45.77	0.013008
45.78	0.013002
45.79	0.012996
45.8	0.01299
45.81	0.012984
45.82	0.012978
45.83	0.012972
45.84	0.012966
45.85	0.01296
45.86	0.012954
45.87	0.012948
45.88	0.012942
45.89	0.012936
45.9	0.01293
45.91	0.012924
45.92	0.012918
45.93	0.012912
45.94	0.012906
45.95	0.0129
45.96	0.012894
45.97	0.012889
45.98	0.012883
45.99	0.012877
46.0	0.012871
46.01	0.012865
46.02	0.012859
46.03	0.012853
46.04	0.012847
46.05	0.012841
46.06	0.012835
46.07	0.012829
46.08	0.012823
46.09	0.012818
46.1	0.012812
46.11	0.012806
46.12	0.0128
46.13	0.012794
46.14	0.012788
46.15	0.012782
46.16	0.012776
46.17	0.012771
46.18	0.012765
46.19	0.012759
46.2	0.012753
46.21	0.012747
46.22	0.012741
46.23	0.012735
46.24	0.01273
46.25	0.012724
46.26	0.012718
46.27	0.012712
46.28	0.012706
46.29	0.012701
46.3	0.012695
46.31	0.012689
46.32	0.012683
46.33	0.012677
46.34	0.012672
46.35	0.012666
46.36	0.01266
46.37	0.012654
46.38	0.012648
46.39	0.012643
46.4	0.012637
46.41	0.012631
46.42	0.012625
46.43	0.01262
46.44	0.012614
46.45	0.012608
46.46	0.012602
46.47	0.012597
46.48	0.012591
46.49	0.012585
46.5	0.012579
46.51	0.012574
46.52	0.012568
46.53	0.012562
46.54	0.012557
46.55	0.012551
46.56	0.012545
46.57	0.012539
46.58	0.012534
46.59	0.012528
46.6	0.012522
46.61	0.012517
46.62	0.012511
46.63	0.012505
46.64	0.0125
46.65	0.012494
46.66	0.012488
46.67	0.012483
46.68	0.012477
46.69	0.012471
46.7	0.012466
46.71	0.01246
46.72	0.012454
46.73	0.012449
46.74	0.012443
46.75	0.012437
46.76	0.012432
46.77	0.012426
46.78	0.012421
46.79	0.012415
46.8	0.012409
46.81	0.012404
46.82	0.012398
46.83	0.012392
46.84	0.012387
46.85	0.012381
46.86	0.012376
46.87	0.01237
46.88	0.012364
46.89	0.012359
46.9	0.012353
46.91	0.012348
46.92	0.012342
46.93	0.012337
46.94	0.012331
46.95	0.012326
46.96	0.01232
46.97	0.012314
46.98	0.012309
46.99	0.012303
47.0	0.012298
47.01	0.012292
47.02	0.012287
47.03	0.012281
47.04	0.012276
47.05	0.01227
47.06	0.012265
47.07	0.012259
47.08	0.012254
47.09	0.012248
47.1	0.012243
47.11	0.012237
47.12	0.012232
47.13	0.012226
47.14	0.012221
47.15	0.012215
47.16	0.01221
47.17	0.012204
47.18	0.012199
47.19	0.012193
47.2	0.012188
47.21	0.012182
47.22	0.012177
47.23	0.012171
47.24	0.012166
47.25	0.01216
47.26	0.012155
47.27	0.01215
47.28	0.012144
47.29	0.012139
47.3	0.012133
47.31	0.012128
47.32	0.012122
47.33	0.012117
47.34	0.012112
47.35	0.012106
47.36	0.012101
47.37	0.012095
47.38	0.01209
47.39	0.012085
47.4	0.012079
47.41	0.012074
47.42	0.012068
47.43	0.012063
47.44	0.012058
47.45	0.012052
47.46	0.012047
47.47	0.012042
47.48	0.012036
47.49	0.012031
47.5	0.012025
47.51	0.01202
47.52	0.012015
47.53	0.012009
47.54	0.012004
47.55	0.011999
47.56	0.011993
47.57	0.011988
47.58	0.011983
47.59	0.011977
47.6	0.011972
47.61	0.011967
47.62	0.011961
47.63	0.011956
47.64	0.011951
47.65	0.011946
47.66	0.01194
47.67	0.011935
47.68	0.01193
47.69	0.011924
47.7	0.011919
47.71	0.011914
47.72	0.011908
47.73	0.011903
47.74	0.011898
47.75	0.011893
47.76	0.011887
47.77	0.011882
47.78	0.011877
47.79	0.011872
47.8	0.011866
47.81	0.011861
47.82	0.011856
47.83	0.011851
47.84	0.011845
47.85	0.01184
47.86	0.011835
47.87	0.01183
47.88	0.011824
47.89	0.011819
47.9	0.011814
47.91	0.011809
47.92	0.011804
47.93	0.011798
47.94	0.011793
47.95	0.011788
47.96	0.011783
47.97	0.011778
47.98	0.011772
47.99	0.011767
48.0	0.011762
48.01	0.011757
48.02	0.011752
48.03	0.011747
48.04	0.011741
48.05	0.011736
48.06	0.011731
48.07	0.011726
48.08	0.011721
48.09	0.011716
48.1	0.01171
48.11	0.011705
48.12	0.0117
48.13	0.011695
48.14	0.01169
48.15	0.011685
48.16	0.01168
48.17	0.011674
48.18	0.011669
48.19	0.011664
48.2	0.011659
48.21	0.011654
48.22	0.011649
48.23	0.011644
48.24	0.011639
48.25	0.011634
48.26	0.011628
48.27	0.011623
48.28	0.011618
48.29	0.011613
48.3	0.011608
48.31	0.011603
48.32	0.011598
48.33	0.011593
48.34	0.011588
48.35	0.011583
48.36	0.011578
48.37	0.011573
48.38	0.011568
48.39	0.011563
48.4	0.011557
48.41	0.011552
48.42	0.011547
48.43	0.011542
48.44	0.011537
48.45	0.011532
48.46	0.011527
48.47	0.011522
48.48	0.011517
48.49	0.011512
48.5	0.011507
48.51	0.011502
48.52	0.011497
48.53	0.011492
48.54	0.011487
48.55	0.011482
48.56	0.011477
48.57	0.011472
48.58	0.011467
48.59	0.011462
48.6	0.011457
48.61	0.011452
48.62	0.011447
48.63	0.011442
48.64	0.011437
48.65	0.011432
48.66	0.011427
48.67	0.011422
48.68	0.011417
48.69	0.011412
48.7	0.011407
48.71	0.011403
48.72	0.011398
48.73	0.011393
48.74	0.011388
48.75	0.011383
48.76	0.011378
48.77	0.011373
48.78	0.011368
48.79	0.011363
48.8	0.011358
48.81	0.011353
48.82	0.011348
48.83	0.011343
48.84	0.011338
48.85	0.011334
48.86	0.011329
48.87	0.011324
48.88	0.011319
48.89	0.011314
48.9	0.011309
48.91	0.011304
48.92	0.011299
48.93	0.011294
48.94	0.01129
48.95	0.011285
48.96	0.01128
48.97	0.011275
48.98	0.01127
48.99	0.011265
49.0	0.01126
49.01	0.011256
49.02	0.011251
49.03	0.011246
49.04	0.011241
49.05	0.011236
49.06	0.011231
49.07	0.011226
49.08	0.011222
49.09	0.011217
49.1	0.011212
49.11	0.011207
49.12	0.011202
49.13	0.011198
49.14	0.011193
49.15	0.011188
49.16	0.011183
49.17	0.011178
49.18	0.011173
49.19	0.011169
49.2	0.011164
49.21	0.011159
49.22	0.011154
49.23	0.01115
49.24	0.011145
49.25	0.01114
49.26	0.011135
49.27	0.01113
49.28	0.011126
49.29	0.011121
49.3	0.011116
49.31	0.011111
49.32	0.011107
49.33	0.011102
49.34	0.011097
49.35	0.011092
49.36	0.011088
49.37	0.011083
49.38	0.011078
49.39	0.011073
49.4	0.011069
49.41	0.011064
49.42	0.011059
49.43	0.011054
49.44	0.01105
49.45	0.011045
49.46	0.01104
49.47	0.011036
49.48	0.011031
49.49	0.011026
49.5	0.011021
49.51	0.011017
49.52	0.011012
49.53	0.011007
49.54	0.011003
49.55	0.010998
49.56	0.010993
49.57	0.010989
49.58	0.010984
49.59	0.010979
49.6	0.010975
49.61	0.01097
49.62	0.010965
49.63	0.010961
49.64	0.010956
49.65	0.010951
49.66	0.010947
49.67	0.010942
49.68	0.010937
49.69	0.010933
49.7	0.010928
49.71	0.010923
49.72	0.010919
49.73	0.010914
49.74	0.010909
49.75	0.010905
49.76	0.0109
49.77	0.010896
49.78	0.010891
49.79	0.010886
49.8	0.010882
49.81	0.010877
49.82	0.010873
49.83	0.010868
49.84	0.010863
49.85	0.010859
49.86	0.010854
49.87	0.01085
49.88	0.010845
49.89	0.01084
49.9	0.010836
49.91	0.010831
49.92	0.010827
49.93	0.010822
49.94	0.010817
49.95	0.010813
49.96	0.010808
49.97	0.010804
49.98	0.010799
49.99	0.010795
50.0	0.01079
