eng	y_fit
0.48	0.0
0.49	0.0073531
0.5	0.016963
0.51	0.02283
0.52	0.027474
0.53	0.031448
0.54	0.034986
0.55	0.038214
0.56	0.041208
0.57	0.04402
0.58	0.046687
0.59	0.049234
0.6	0.051682
0.61	0.054048
0.62	0.056345
0.63	0.058582
0.64	0.06077
0.65	0.062915
0.66	0.065024
0.67	0.067102
0.68	0.069154
0.69	0.071185
0.7	0.073197
0.71	0.075196
0.72	0.077182
0.73	0.07916
0.74	0.081131
0.75	0.083097
0.76	0.085062
0.77	0.087026
0.78	0.088992
0.79	0.09096
0.8	0.092934
0.81	0.094912
0.82	0.096899
0.83	0.098893
0.84	0.1009
0.85	0.10291
0.86	0.10494
0.87	0.10698
0.88	0.10903
0.89	0.11109
0.9	0.11318
0.91	0.11527
0.92	0.11739
0.93	0.11952
0.94	0.12167
0.95	0.12384
0.96	0.12602
0.97	0.12823
0.98	0.13046
0.99	0.13271
1.0	0.13498
1.01	0.13727
1.02	0.13958
1.03	0.14192
1.04	0.14428
1.05	0.14667
1.06	0.14908
1.07	0.15151
1.08	0.15397
1.09	0.15645
1.1	0.15896
1.11	0.1615
1.12	0.16406
1.13	0.16665
1.14	0.16926
1.15	0.17191
1.16	0.17458
1.17	0.17727
1.18	0.18
1.19	0.18275
1.2	0.18553
1.21	0.18834
1.22	0.19118
1.23	0.19404
1.24	0.19694
1.25	0.19986
1.26	0.20281
1.27	0.20579
1.28	0.20879
1.29	0.21183
1.3	0.2149
1.31	0.21799
1.32	0.22111
1.33	0.22426
1.34	0.22744
1.35	0.23065
1.36	0.23388
1.37	0.23714
1.38	0.24043
1.39	0.24375
1.4	0.24709
1.41	0.25046
1.42	0.25386
1.43	0.25728
1.44	0.26073
1.45	0.2642
1.46	0.2677
1.47	0.27122
1.48	0.27476
1.49	0.27833
1.5	0.28192
1.51	0.28554
1.52	0.28917
1.53	0.29283
1.54	0.29651
1.55	0.3002
1.56	0.30392
1.57	0.30765
1.58	0.3114
1.59	0.31517
1.6	0.31895
1.61	0.32275
1.62	0.32656
1.63	0.33038
1.64	0.33422
1.65	0.33807
1.66	0.34192
1.67	0.34579
1.68	0.34966
1.69	0.35354
1.7	0.35743
1.71	0.36132
1.72	0.36521
1.73	0.36911
1.74	0.373
1.75	0.3769
1.76	0.38079
1.77	0.38468
1.78	0.38857
1.79	0.39245
1.8	0.39632
1.81	0.40019
1.82	0.40404
1.83	0.40788
1.84	0.41172
1.85	0.41553
1.86	0.41934
1.87	0.42312
1.88	0.42689
1.89	0.43064
1.9	0.43437
1.91	0.43807
1.92	0.44176
1.93	0.44542
1.94	0.44905
1.95	0.45266
1.96	0.45625
1.97	0.4598
1.98	0.46332
1.99	0.46682
2.0	0.47028
2.01	0.47372
2.02	0.47712
2.03	0.48049
2.04	0.48382
2.05	0.48712
2.06	0.49039
2.07	0.49363
2.08	0.49683
2.09	0.50001
2.1	0.50314
2.11	0.50625
2.12	0.50933
2.13	0.51237
2.14	0.51539
2.15	0.51838
2.16	0.52134
2.17	0.52428
2.18	0.52719
2.19	0.53008
2.2	0.53296
2.21	0.53581
2.22	0.53865
2.23	0.54148
2.24	0.5443
2.25	0.54711
2.26	0.54991
2.27	0.55271
2.28	0.55551
2.29	0.55832
2.3	0.56112
2.31	0.56393
2.32	0.56675
2.33	0.56957
2.34	0.5724
2.35	0.57524
2.36	0.57808
2.37	0.58092
2.38	0.58376
2.39	0.58659
2.4	0.5894
2.41	0.59219
2.42	0.59494
2.43	0.59765
2.44	0.60029
2.45	0.60285
2.46	0.60531
2.47	0.60767
2.48	0.6099
2.49	0.612
2.5	0.61395
2.51	0.61575
2.52	0.61741
2.53	0.61893
2.54	0.62035
2.55	0.62169
2.56	0.62299
2.57	0.62429
2.58	0.62564
2.59	0.62708
2.6	0.62863
2.61	0.63034
2.62	0.6322
2.63	0.63423
2.64	0.6364
2.65	0.63869
2.66	0.64107
2.67	0.64349
2.68	0.64591
2.69	0.64828
2.7	0.65055
2.71	0.65269
2.72	0.65466
2.73	0.65643
2.74	0.65799
2.75	0.65932
2.76	0.66045
2.77	0.66137
2.78	0.66214
2.79	0.66278
2.8	0.66337
2.81	0.66395
2.82	0.66459
2.83	0.66536
2.84	0.6663
2.85	0.66747
2.86	0.66888
2.87	0.67052
2.88	0.67234
2.89	0.67428
2.9	0.67625
2.91	0.67815
2.92	0.67985
2.93	0.68128
2.94	0.68237
2.95	0.6831
2.96	0.6835
2.97	0.68365
2.98	0.68365
2.99	0.68365
3.0	0.68378
3.01	0.68417
3.02	0.68492
3.03	0.68606
3.04	0.68754
3.05	0.68924
3.06	0.69097
3.07	0.69247
3.08	0.69352
3.09	0.69396
3.1	0.6938
3.11	0.69327
3.12	0.69275
3.13	0.69269
3.14	0.69343
3.15	0.69501
3.16	0.69698
3.17	0.6984
3.18	0.69824
3.19	0.69661
3.2	0.69664
3.21	0.69857
3.22	0.69881
3.23	0.69916
3.24	0.6995
3.25	0.69984
3.26	0.70016
3.27	0.70045
3.28	0.70073
3.29	0.70099
3.3	0.70124
3.31	0.70146
3.32	0.70167
3.33	0.70187
3.34	0.70204
3.35	0.7022
3.36	0.70234
3.37	0.70246
3.38	0.70256
3.39	0.70265
3.4	0.70273
3.41	0.70279
3.42	0.70283
3.43	0.70285
3.44	0.70286
3.45	0.70286
3.46	0.70284
3.47	0.7028
3.48	0.70275
3.49	0.70268
3.5	0.7026
3.51	0.70251
3.52	0.7024
3.53	0.70227
3.54	0.70214
3.55	0.70198
3.56	0.70182
3.57	0.70164
3.58	0.70144
3.59	0.70124
3.6	0.70102
3.61	0.70078
3.62	0.70054
3.63	0.70028
3.64	0.70001
3.65	0.69972
3.66	0.69942
3.67	0.69911
3.68	0.69879
3.69	0.69846
3.7	0.69811
3.71	0.69776
3.72	0.69739
3.73	0.69701
3.74	0.69662
3.75	0.69621
3.76	0.6958
3.77	0.69538
3.78	0.69494
3.79	0.69449
3.8	0.69404
3.81	0.69357
3.82	0.69309
3.83	0.69261
3.84	0.69211
3.85	0.6916
3.86	0.69108
3.87	0.69056
3.88	0.69002
3.89	0.68947
3.9	0.68892
3.91	0.68835
3.92	0.68778
3.93	0.6872
3.94	0.6866
3.95	0.686
3.96	0.68539
3.97	0.68478
3.98	0.68415
3.99	0.68352
4.0	0.68287
4.01	0.68222
4.02	0.68156
4.03	0.6809
4.04	0.68022
4.05	0.67954
4.06	0.67885
4.07	0.67815
4.08	0.67745
4.09	0.67674
4.1	0.67602
4.11	0.67529
4.12	0.67456
4.13	0.67382
4.14	0.67307
4.15	0.67232
4.16	0.67156
4.17	0.67079
4.18	0.67002
4.19	0.66924
4.2	0.66845
4.21	0.66766
4.22	0.66686
4.23	0.66606
4.24	0.66525
4.25	0.66443
4.26	0.66361
4.27	0.66278
4.28	0.66195
4.29	0.66111
4.3	0.66027
4.31	0.65942
4.32	0.65857
4.33	0.65771
4.34	0.65684
4.35	0.65597
4.36	0.6551
4.37	0.65422
4.38	0.65334
4.39	0.65245
4.4	0.65155
4.41	0.65066
4.42	0.64975
4.43	0.64885
4.44	0.64794
4.45	0.64702
4.46	0.6461
4.47	0.64518
4.48	0.64425
4.49	0.64332
4.5	0.64238
4.51	0.64144
4.52	0.6405
4.53	0.63955
4.54	0.6386
4.55	0.63765
4.56	0.63669
4.57	0.63573
4.58	0.63477
4.59	0.6338
4.6	0.63283
4.61	0.63185
4.62	0.63088
4.63	0.6299
4.64	0.62891
4.65	0.62793
4.66	0.62694
4.67	0.62595
4.68	0.62495
4.69	0.62395
4.7	0.62295
4.71	0.62195
4.72	0.62094
4.73	0.61994
4.74	0.61893
4.75	0.61791
4.76	0.6169
4.77	0.61588
4.78	0.61486
4.79	0.61384
4.8	0.61281
4.81	0.61179
4.82	0.61076
4.83	0.60973
4.84	0.60869
4.85	0.60766
4.86	0.60662
4.87	0.60558
4.88	0.60454
4.89	0.6035
4.9	0.60246
4.91	0.60141
4.92	0.60037
4.93	0.59932
4.94	0.59827
4.95	0.59722
4.96	0.59617
4.97	0.59511
4.98	0.59406
4.99	0.593
5.0	0.59194
5.01	0.59088
5.02	0.58982
5.03	0.58876
5.04	0.5877
5.05	0.58663
5.06	0.58557
5.07	0.5845
5.08	0.58344
5.09	0.58237
5.1	0.5813
5.11	0.58023
5.12	0.57916
5.13	0.57809
5.14	0.57702
5.15	0.57595
5.16	0.57487
5.17	0.5738
5.18	0.57272
5.19	0.57165
5.2	0.57057
5.21	0.5695
5.22	0.56842
5.23	0.56735
5.24	0.56627
5.25	0.56519
5.26	0.56411
5.27	0.56303
5.28	0.56196
5.29	0.56088
5.3	0.5598
5.31	0.55872
5.32	0.55764
5.33	0.55656
5.34	0.55548
5.35	0.5544
5.36	0.55332
5.37	0.55224
5.38	0.55116
5.39	0.55008
5.4	0.549
5.41	0.54792
5.42	0.54684
5.43	0.54576
5.44	0.54468
5.45	0.5436
5.46	0.54253
5.47	0.54145
5.48	0.54037
5.49	0.53929
5.5	0.53821
5.51	0.53714
5.52	0.53606
5.53	0.53498
5.54	0.53391
5.55	0.53283
5.56	0.53175
5.57	0.53068
5.58	0.5296
5.59	0.52853
5.6	0.52746
5.61	0.52638
5.62	0.52531
5.63	0.52424
5.64	0.52317
5.65	0.5221
5.66	0.52103
5.67	0.51996
5.68	0.51889
5.69	0.51782
5.7	0.51676
5.71	0.51569
5.72	0.51463
5.73	0.51356
5.74	0.5125
5.75	0.51143
5.76	0.51037
5.77	0.50931
5.78	0.50825
5.79	0.50719
5.8	0.50613
5.81	0.50507
5.82	0.50402
5.83	0.50296
5.84	0.50191
5.85	0.50085
5.86	0.4998
5.87	0.49875
5.88	0.4977
5.89	0.49665
5.9	0.4956
5.91	0.49455
5.92	0.49351
5.93	0.49246
5.94	0.49142
5.95	0.49037
5.96	0.48933
5.97	0.48829
5.98	0.48725
5.99	0.48621
6.0	0.48518
6.01	0.48414
6.02	0.48311
6.03	0.48207
6.04	0.48104
6.05	0.48001
6.06	0.47898
6.07	0.47795
6.08	0.47693
6.09	0.4759
6.1	0.47488
6.11	0.47385
6.12	0.47283
6.13	0.47181
6.14	0.47079
6.15	0.46978
6.16	0.46876
6.17	0.46775
6.18	0.46673
6.19	0.46572
6.2	0.46471
6.21	0.4637
6.22	0.4627
6.23	0.46169
6.24	0.46068
6.25	0.45968
6.26	0.45868
6.27	0.45768
6.28	0.45668
6.29	0.45569
6.3	0.45469
6.31	0.4537
6.32	0.4527
6.33	0.45171
6.34	0.45072
6.35	0.44974
6.36	0.44875
6.37	0.44777
6.38	0.44678
6.39	0.4458
6.4	0.44482
6.41	0.44384
6.42	0.44287
6.43	0.44189
6.44	0.44092
6.45	0.43995
6.46	0.43898
6.47	0.43801
6.48	0.43704
6.49	0.43608
6.5	0.43512
6.51	0.43415
6.52	0.43319
6.53	0.43224
6.54	0.43128
6.55	0.43032
6.56	0.42937
6.57	0.42842
6.58	0.42747
6.59	0.42652
6.6	0.42558
6.61	0.42463
6.62	0.42369
6.63	0.42275
6.64	0.42181
6.65	0.42087
6.66	0.41993
6.67	0.419
6.68	0.41807
6.69	0.41713
6.7	0.41621
6.71	0.41528
6.72	0.41435
6.73	0.41343
6.74	0.41251
6.75	0.41159
6.76	0.41067
6.77	0.40975
6.78	0.40883
6.79	0.40792
6.8	0.40701
6.81	0.4061
6.82	0.40519
6.83	0.40428
6.84	0.40338
6.85	0.40248
6.86	0.40157
6.87	0.40067
6.88	0.39978
6.89	0.39888
6.9	0.39799
6.91	0.39709
6.92	0.3962
6.93	0.39531
6.94	0.39443
6.95	0.39354
6.96	0.39266
6.97	0.39178
6.98	0.39089
6.99	0.39002
7.0	0.38914
7.01	0.38826
7.02	0.38739
7.03	0.38652
7.04	0.38565
7.05	0.38478
7.06	0.38392
7.07	0.38305
7.08	0.38219
7.09	0.38133
7.1	0.38047
7.11	0.37961
7.12	0.37875
7.13	0.3779
7.14	0.37705
7.15	0.3762
7.16	0.37535
7.17	0.3745
7.18	0.37366
7.19	0.37281
7.2	0.37197
7.21	0.37113
7.22	0.37029
7.23	0.36945
7.24	0.36862
7.25	0.36779
7.26	0.36695
7.27	0.36612
7.28	0.36529
7.29	0.36447
7.3	0.36364
7.31	0.36282
7.32	0.362
7.33	0.36118
7.34	0.36036
7.35	0.35954
7.36	0.35873
7.37	0.35792
7.38	0.3571
7.39	0.35629
7.4	0.35549
7.41	0.35468
7.42	0.35387
7.43	0.35307
7.44	0.35227
7.45	0.35147
7.46	0.35067
7.47	0.34988
7.48	0.34908
7.49	0.34829
7.5	0.3475
7.51	0.34671
7.52	0.34592
7.53	0.34513
7.54	0.34434
7.55	0.34356
7.56	0.34278
7.57	0.342
7.58	0.34122
7.59	0.34044
7.6	0.33967
7.61	0.33889
7.62	0.33812
7.63	0.33735
7.64	0.33658
7.65	0.33581
7.66	0.33505
7.67	0.33428
7.68	0.33352
7.69	0.33276
7.7	0.332
7.71	0.33124
7.72	0.33049
7.73	0.32973
7.74	0.32898
7.75	0.32823
7.76	0.32748
7.77	0.32673
7.78	0.32598
7.79	0.32524
7.8	0.32449
7.81	0.32375
7.82	0.32301
7.83	0.32227
7.84	0.32153
7.85	0.3208
7.86	0.32006
7.87	0.31933
7.88	0.3186
7.89	0.31787
7.9	0.31714
7.91	0.31641
7.92	0.31569
7.93	0.31496
7.94	0.31424
7.95	0.31352
7.96	0.3128
7.97	0.31208
7.98	0.31137
7.99	0.31065
8.0	0.30994
8.01	0.30923
8.02	0.30852
8.03	0.30781
8.04	0.3071
8.05	0.3064
8.06	0.30569
8.07	0.30499
8.08	0.30429
8.09	0.30359
8.1	0.30289
8.11	0.3022
8.12	0.3015
8.13	0.30081
8.14	0.30012
8.15	0.29943
8.16	0.29874
8.17	0.29805
8.18	0.29736
8.19	0.29668
8.2	0.296
8.21	0.29531
8.22	0.29463
8.23	0.29396
8.24	0.29328
8.25	0.2926
8.26	0.29193
8.27	0.29126
8.28	0.29059
8.29	0.28992
8.3	0.28925
8.31	0.28858
8.32	0.28792
8.33	0.28725
8.34	0.28659
8.35	0.28593
8.36	0.28527
8.37	0.28461
8.38	0.28396
8.39	0.2833
8.4	0.28265
8.41	0.282
8.42	0.28135
8.43	0.2807
8.44	0.28005
8.45	0.27941
8.46	0.27876
8.47	0.27812
8.48	0.27748
8.49	0.27684
8.5	0.2762
8.51	0.27556
8.52	0.27493
8.53	0.2743
8.54	0.27366
8.55	0.27303
8.56	0.2724
8.57	0.27178
8.58	0.27115
8.59	0.27053
8.6	0.2699
8.61	0.26928
8.62	0.26866
8.63	0.26804
8.64	0.26742
8.65	0.26681
8.66	0.2662
8.67	0.26558
8.68	0.26497
8.69	0.26436
8.7	0.26375
8.71	0.26315
8.72	0.26254
8.73	0.26194
8.74	0.26134
8.75	0.26074
8.76	0.26014
8.77	0.25954
8.78	0.25894
8.79	0.25835
8.8	0.25776
8.81	0.25716
8.82	0.25657
8.83	0.25599
8.84	0.2554
8.85	0.25481
8.86	0.25423
8.87	0.25365
8.88	0.25307
8.89	0.25249
8.9	0.25191
8.91	0.25133
8.92	0.25076
8.93	0.25018
8.94	0.24961
8.95	0.24904
8.96	0.24847
8.97	0.24791
8.98	0.24734
8.99	0.24677
9.0	0.24621
9.01	0.24565
9.02	0.24509
9.03	0.24453
9.04	0.24398
9.05	0.24342
9.06	0.24287
9.07	0.24231
9.08	0.24176
9.09	0.24121
9.1	0.24067
9.11	0.24012
9.12	0.23958
9.13	0.23903
9.14	0.23849
9.15	0.23795
9.16	0.23741
9.17	0.23687
9.18	0.23634
9.19	0.2358
9.2	0.23527
9.21	0.23474
9.22	0.23421
9.23	0.23368
9.24	0.23315
9.25	0.23263
9.26	0.23211
9.27	0.23158
9.28	0.23106
9.29	0.23054
9.3	0.23002
9.31	0.22951
9.32	0.22899
9.33	0.22848
9.34	0.22797
9.35	0.22746
9.36	0.22695
9.37	0.22644
9.38	0.22593
9.39	0.22543
9.4	0.22493
9.41	0.22442
9.42	0.22392
9.43	0.22343
9.44	0.22293
9.45	0.22243
9.46	0.22194
9.47	0.22144
9.48	0.22095
9.49	0.22046
9.5	0.21997
9.51	0.21949
9.52	0.219
9.53	0.21852
9.54	0.21803
9.55	0.21755
9.56	0.21707
9.57	0.21659
9.58	0.21611
9.59	0.21564
9.6	0.21516
9.61	0.21469
9.62	0.21422
9.63	0.21375
9.64	0.21328
9.65	0.21281
9.66	0.21234
9.67	0.21188
9.68	0.21142
9.69	0.21095
9.7	0.21049
9.71	0.21003
9.72	0.20958
9.73	0.20912
9.74	0.20866
9.75	0.20821
9.76	0.20776
9.77	0.20731
9.78	0.20686
9.79	0.20641
9.8	0.20596
9.81	0.20551
9.82	0.20507
9.83	0.20463
9.84	0.20418
9.85	0.20374
9.86	0.2033
9.87	0.20287
9.88	0.20243
9.89	0.20199
9.9	0.20156
9.91	0.20113
9.92	0.2007
9.93	0.20027
9.94	0.19984
9.95	0.19941
9.96	0.19898
9.97	0.19856
9.98	0.19813
9.99	0.19771
10.0	0.19729
10.01	0.19687
10.02	0.19645
10.03	0.19603
10.04	0.19562
10.05	0.1952
10.06	0.19479
10.07	0.19438
10.08	0.19397
10.09	0.19356
10.1	0.19315
10.11	0.19274
10.12	0.19233
10.13	0.19193
10.14	0.19152
10.15	0.19112
10.16	0.19072
10.17	0.19032
10.18	0.18992
10.19	0.18952
10.2	0.18913
10.21	0.18873
10.22	0.18834
10.23	0.18795
10.24	0.18755
10.25	0.18716
10.26	0.18678
10.27	0.18639
10.28	0.186
10.29	0.18562
10.3	0.18523
10.31	0.18485
10.32	0.18447
10.33	0.18409
10.34	0.18371
10.35	0.18333
10.36	0.18296
10.37	0.18259
10.38	0.18221
10.39	0.18184
10.4	0.18147
10.41	0.18111
10.42	0.18074
10.43	0.18038
10.44	0.18001
10.45	0.17965
10.46	0.1793
10.47	0.17894
10.48	0.17859
10.49	0.17824
10.5	0.17789
10.51	0.17755
10.52	0.17721
10.53	0.17687
10.54	0.17654
10.55	0.17622
10.56	0.1759
10.57	0.17559
10.58	0.17528
10.59	0.17499
10.6	0.17471
10.61	0.17444
10.62	0.1742
10.63	0.17398
10.64	0.17379
10.65	0.17364
10.66	0.17355
10.67	0.173245
10.68	0.17293999999999998
10.69	0.17263499999999998
10.7	0.17233
10.71	0.172025
10.72	0.17172
10.73	0.17141499999999998
10.74	0.17111
10.75	0.17080499999999998
10.76	0.17049999999999998
10.77	0.17019499999999999
10.78	0.16988999999999999
10.79	0.16958499999999999
10.8	0.16927999999999999
10.81	0.168975
10.82	0.16867
10.83	0.168365
10.84	0.16806
10.85	0.167755
10.86	0.16745000000000002
10.87	0.167145
10.88	0.16684
10.89	0.166535
10.9	0.16623
10.91	0.16562
10.92	0.16506
10.93	0.16455
10.94	0.16408
10.95	0.16364
10.96	0.16323
10.97	0.16283
10.98	0.16246
10.99	0.16211
11.0	0.16178
11.01	0.16147
11.02	0.16119
11.03	0.16095
11.04	0.16077
11.05	0.1607
11.06	0.16079
11.07	0.16117
11.08	0.16030666666666668
11.09	0.15944333333333333
11.1	0.15858
11.11	0.15744
11.12	0.15686
11.13	0.15646
11.14	0.15612
11.15	0.15581
11.16	0.1555
11.17	0.1552
11.18	0.1549
11.19	0.1546
11.2	0.15429
11.21	0.15399
11.22	0.15369
11.23	0.15339
11.24	0.15309
11.25	0.15279
11.26	0.15248
11.27	0.15218
11.28	0.15188
11.29	0.15158
11.3	0.15128
11.31	0.15099
11.32	0.15069
11.33	0.15039
11.34	0.15009
11.35	0.1498
11.36	0.1495
11.37	0.1492
11.38	0.1489
11.39	0.1486
11.4	0.14831
11.41	0.14802
11.42	0.14773
11.43	0.14744
11.44	0.14715
11.45	0.14686
11.46	0.14657
11.47	0.14628
11.48	0.14599
11.49	0.1457
11.5	0.14542
11.51	0.14513
11.52	0.14484
11.53	0.14456
11.54	0.14427
11.55	0.14399
11.56	0.14371
11.57	0.14343
11.58	0.14316
11.59	0.14289
11.6	0.14264
11.61	0.14241
11.62	0.14224
11.63	0.1422
11.64	0.1424
11.65	0.14277
11.66	0.14263
11.67	0.14197
11.68	0.14132
11.69	0.1408
11.7	0.14037
11.71	0.14
11.72	0.13966
11.73	0.13934
11.74	0.13903
11.75	0.13873
11.76	0.13844
11.77	0.13815
11.78	0.13786
11.79	0.13758
11.8	0.1373
11.81	0.13702
11.82	0.13675
11.83	0.13647
11.84	0.13619
11.85	0.13592
11.86	0.13565
11.87	0.13538
11.88	0.13513
11.89	0.13492
11.9	0.13477
11.91	0.13471
11.92	0.1346
11.93	0.13436
11.94	0.13406
11.95	0.13374
11.96	0.13344
11.97	0.13315
11.98	0.13286
11.99	0.13259
12.0	0.13232
12.01	0.13206
12.02	0.1318
12.03	0.13154
12.04	0.13129
12.05	0.13103
12.06	0.13079
12.07	0.13054
12.08	0.1303
12.09	0.13006
12.1	0.12983
12.11	0.12959
12.12	0.12937
12.13	0.12914
12.14	0.12891
12.15	0.12865
12.16	0.12836
12.17	0.12805
12.18	0.12774
12.19	0.12746
12.2	0.12721
12.21	0.12696
12.22	0.12673
12.23	0.1265
12.24	0.12627
12.25	0.12604
12.26	0.12582
12.27	0.1256
12.28	0.12538
12.29	0.12516
12.3	0.12495
12.31	0.12474
12.32	0.12453
12.33	0.12434
12.34	0.12414
12.35	0.12396
12.36	0.12378
12.37	0.1236
12.38	0.12341
12.39	0.1232
12.4	0.12292
12.41	0.12259
12.42	0.12224
12.43	0.12189
12.44	0.12158
12.45	0.1213
12.46	0.12105
12.47	0.12081
12.48	0.12058
12.49	0.12036
12.5	0.12015
12.51	0.11994
12.52	0.11973
12.53	0.11953
12.54	0.11933
12.55	0.11914
12.56	0.11895
12.57	0.11877
12.58	0.1186
12.59	0.11844
12.6	0.11829
12.61	0.11814
12.62	0.11798
12.63	0.11779
12.64	0.11755
12.65	0.11726
12.66	0.11693
12.67	0.1166
12.68	0.11629
12.69	0.11601
12.7	0.11574
12.71	0.1155
12.72	0.11527
12.73	0.11505
12.74	0.11484
12.75	0.11464
12.76	0.11444
12.77	0.11425
12.78	0.11406
12.79	0.11388
12.8	0.11371
12.81	0.11356
12.82	0.11341
12.83	0.11328
12.84	0.11315
12.85	0.11302
12.86	0.11283
12.87	0.11258
12.88	0.11227
12.89	0.11195
12.9	0.11165
12.91	0.11138
12.92	0.11112
12.93	0.11089
12.94	0.11067
12.95	0.11046
12.96	0.11026
12.97	0.11007
12.98	0.10989
12.99	0.10971
13.0	0.10955
13.01	0.1094
13.02	0.10926
13.03	0.10914
13.04	0.10902
13.05	0.10887
13.06	0.10865
13.07	0.10837
13.08	0.10808
13.09	0.10781
13.1	0.10755
13.11	0.10732
13.12	0.1071
13.13	0.1069
13.14	0.1067
13.15	0.10651
13.16	0.10634
13.17	0.10618
13.18	0.10603
13.19	0.10591
13.2	0.10579
13.21	0.10565
13.22	0.10544
13.23	0.10517
13.24	0.1049
13.25	0.10465
13.26	0.10443
13.27	0.10423
13.28	0.10404
13.29	0.10387
13.3	0.10372
13.31	0.1036
13.32	0.1035
13.33	0.10332
13.34	0.10305
13.35	0.10279
13.36	0.10256
13.37	0.10238
13.38	0.10228
13.39	0.10221
13.4	0.10183
13.41	0.1017
13.42	0.10152
13.43	0.10134
13.44	0.10116
13.45	0.10098
13.46	0.1008
13.47	0.10062
13.48	0.10044
13.49	0.10026
13.5	0.10008
13.51	0.099902
13.52	0.099724
13.53	0.099547
13.54	0.09937
13.55	0.099194
13.56	0.099018
13.57	0.098843
13.58	0.098668
13.59	0.098494
13.6	0.09832
13.61	0.098146
13.62	0.097973
13.63	0.0978
13.64	0.097627
13.65	0.097456
13.66	0.097284
13.67	0.097113
13.68	0.096943
13.69	0.096772
13.7	0.096603
13.71	0.096433
13.72	0.096265
13.73	0.096096
13.74	0.095928
13.75	0.09576
13.76	0.095593
13.77	0.095426
13.78	0.09526
13.79	0.095094
13.8	0.094928
13.81	0.094763
13.82	0.094598
13.83	0.094434
13.84	0.09427
13.85	0.094106
13.86	0.093943
13.87	0.09378
13.88	0.093618
13.89	0.093456
13.9	0.093294
13.91	0.093133
13.92	0.092972
13.93	0.092812
13.94	0.092651
13.95	0.092492
13.96	0.092333
13.97	0.092174
13.98	0.092015
13.99	0.091857
14.0	0.0917
14.01	0.091542
14.02	0.091385
14.03	0.091229
14.04	0.091072
14.05	0.090917
14.06	0.090761
14.07	0.090606
14.08	0.090451
14.09	0.090297
14.1	0.090143
14.11	0.08999
14.12	0.089836
14.13	0.089684
14.14	0.089531
14.15	0.089379
14.16	0.089227
14.17	0.089076
14.18	0.088925
14.19	0.088774
14.2	0.088624
14.21	0.088474
14.22	0.088325
14.23	0.088175
14.24	0.088027
14.25	0.087878
14.26	0.08773
14.27	0.087582
14.28	0.087435
14.29	0.087288
14.3	0.087141
14.31	0.086995
14.32	0.086849
14.33	0.086703
14.34	0.086558
14.35	0.086413
14.36	0.086268
14.37	0.086124
14.38	0.08598
14.39	0.085836
14.4	0.085693
14.41	0.08555
14.42	0.085408
14.43	0.085265
14.44	0.085123
14.45	0.084982
14.46	0.084841
14.47	0.0847
14.48	0.084559
14.49	0.084419
14.5	0.084279
14.51	0.08414
14.52	0.084
14.53	0.083861
14.54	0.083723
14.55	0.083585
14.56	0.083447
14.57	0.083309
14.58	0.083172
14.59	0.083035
14.6	0.082898
14.61	0.082762
14.62	0.082626
14.63	0.08249
14.64	0.082355
14.65	0.08222
14.66	0.082085
14.67	0.081951
14.68	0.081816
14.69	0.081683
14.7	0.081549
14.71	0.081416
14.72	0.081283
14.73	0.08115
14.74	0.081018
14.75	0.080886
14.76	0.080755
14.77	0.080623
14.78	0.080492
14.79	0.080362
14.8	0.080231
14.81	0.080101
14.82	0.079971
14.83	0.079842
14.84	0.079712
14.85	0.079583
14.86	0.079455
14.87	0.079327
14.88	0.079198
14.89	0.079071
14.9	0.078943
14.91	0.078816
14.92	0.078689
14.93	0.078563
14.94	0.078436
14.95	0.07831
14.96	0.078185
14.97	0.078059
14.98	0.077934
14.99	0.077809
15.0	0.077685
15.01	0.07756
15.02	0.077436
15.03	0.077313
15.04	0.077189
15.05	0.077066
15.06	0.076943
15.07	0.076821
15.08	0.076698
15.09	0.076576
15.1	0.076455
15.11	0.076333
15.12	0.076212
15.13	0.076091
15.14	0.07597
15.15	0.07585
15.16	0.07573
15.17	0.07561
15.18	0.07549
15.19	0.075371
15.2	0.075252
15.21	0.075133
15.22	0.075015
15.23	0.074896
15.24	0.074779
15.25	0.074661
15.26	0.074543
15.27	0.074426
15.28	0.074309
15.29	0.074193
15.3	0.074076
15.31	0.07396
15.32	0.073844
15.33	0.073729
15.34	0.073613
15.35	0.073498
15.36	0.073383
15.37	0.073269
15.38	0.073154
15.39	0.07304
15.4	0.072926
15.41	0.072813
15.42	0.0727
15.43	0.072586
15.44	0.072474
15.45	0.072361
15.46	0.072249
15.47	0.072137
15.48	0.072025
15.49	0.071913
15.5	0.071802
15.51	0.071691
15.52	0.07158
15.53	0.071469
15.54	0.071359
15.55	0.071249
15.56	0.071139
15.57	0.071029
15.58	0.07092
15.59	0.070811
15.6	0.070702
15.61	0.070593
15.62	0.070485
15.63	0.070377
15.64	0.070269
15.65	0.070161
15.66	0.070054
15.67	0.069946
15.68	0.069839
15.69	0.069733
15.7	0.069626
15.71	0.06952
15.72	0.069414
15.73	0.069308
15.74	0.069202
15.75	0.069097
15.76	0.068992
15.77	0.068887
15.78	0.068782
15.79	0.068677
15.8	0.068573
15.81	0.068469
15.82	0.068365
15.83	0.068262
15.84	0.068158
15.85	0.068055
15.86	0.067952
15.87	0.06785
15.88	0.067747
15.89	0.067645
15.9	0.067543
15.91	0.067441
15.92	0.067339
15.93	0.067238
15.94	0.067137
15.95	0.067036
15.96	0.066935
15.97	0.066835
15.98	0.066734
15.99	0.066634
16.0	0.066534
16.01	0.066435
16.02	0.066335
16.03	0.066236
16.04	0.066137
16.05	0.066038
16.06	0.06594
16.07	0.065841
16.08	0.065743
16.09	0.065645
16.1	0.065547
16.11	0.06545
16.12	0.065353
16.13	0.065255
16.14	0.065158
16.15	0.065062
16.16	0.064965
16.17	0.064869
16.18	0.064773
16.19	0.064677
16.2	0.064581
16.21	0.064486
16.22	0.06439
16.23	0.064295
16.24	0.0642
16.25	0.064106
16.26	0.064011
16.27	0.063917
16.28	0.063823
16.29	0.063729
16.3	0.063635
16.31	0.063542
16.32	0.063448
16.33	0.063355
16.34	0.063262
16.35	0.063169
16.36	0.063077
16.37	0.062984
16.38	0.062892
16.39	0.0628
16.4	0.062709
16.41	0.062617
16.42	0.062526
16.43	0.062434
16.44	0.062343
16.45	0.062253
16.46	0.062162
16.47	0.062071
16.48	0.061981
16.49	0.061891
16.5	0.061801
16.51	0.061712
16.52	0.061622
16.53	0.061533
16.54	0.061444
16.55	0.061355
16.56	0.061266
16.57	0.061177
16.58	0.061089
16.59	0.061001
16.6	0.060912
16.61	0.060825
16.62	0.060737
16.63	0.060649
16.64	0.060562
16.65	0.060475
16.66	0.060388
16.67	0.060301
16.68	0.060215
16.69	0.060128
16.7	0.060042
16.71	0.059956
16.72	0.05987
16.73	0.059784
16.74	0.059699
16.75	0.059613
16.76	0.059528
16.77	0.059443
16.78	0.059358
16.79	0.059273
16.8	0.059189
16.81	0.059105
16.82	0.05902
16.83	0.058936
16.84	0.058853
16.85	0.058769
16.86	0.058685
16.87	0.058602
16.88	0.058519
16.89	0.058436
16.9	0.058353
16.91	0.05827
16.92	0.058188
16.93	0.058106
16.94	0.058023
16.95	0.057941
16.96	0.05786
16.97	0.057778
16.98	0.057697
16.99	0.057615
17.0	0.057534
17.01	0.057453
17.02	0.057372
17.03	0.057291
17.04	0.057211
17.05	0.057131
17.06	0.05705
17.07	0.05697
17.08	0.056891
17.09	0.056811
17.1	0.056731
17.11	0.056652
17.12	0.056573
17.13	0.056494
17.14	0.056415
17.15	0.056336
17.16	0.056257
17.17	0.056179
17.18	0.056101
17.19	0.056022
17.2	0.055944
17.21	0.055867
17.22	0.055789
17.23	0.055711
17.24	0.055634
17.25	0.055557
17.26	0.05548
17.27	0.055403
17.28	0.055326
17.29	0.05525
17.3	0.055173
17.31	0.055097
17.32	0.055021
17.33	0.054945
17.34	0.054869
17.35	0.054793
17.36	0.054718
17.37	0.054642
17.38	0.054567
17.39	0.054492
17.4	0.054417
17.41	0.054342
17.42	0.054267
17.43	0.054193
17.44	0.054118
17.45	0.054044
17.46	0.05397
17.47	0.053896
17.48	0.053822
17.49	0.053749
17.5	0.053675
17.51	0.053602
17.52	0.053529
17.53	0.053456
17.54	0.053383
17.55	0.05331
17.56	0.053237
17.57	0.053165
17.58	0.053092
17.59	0.05302
17.6	0.052948
17.61	0.052876
17.62	0.052804
17.63	0.052733
17.64	0.052661
17.65	0.05259
17.66	0.052519
17.67	0.052447
17.68	0.052377
17.69	0.052306
17.7	0.052235
17.71	0.052164
17.72	0.052094
17.73	0.052024
17.74	0.051954
17.75	0.051884
17.76	0.051814
17.77	0.051744
17.78	0.051674
17.79	0.051605
17.8	0.051535
17.81	0.051466
17.82	0.051397
17.83	0.051328
17.84	0.051259
17.85	0.051191
17.86	0.051122
17.87	0.051054
17.88	0.050986
17.89	0.050917
17.9	0.050849
17.91	0.050781
17.92	0.050714
17.93	0.050646
17.94	0.050579
17.95	0.050511
17.96	0.050444
17.97	0.050377
17.98	0.05031
17.99	0.050243
18.0	0.050176
18.01	0.05011
18.02	0.050043
18.03	0.049977
18.04	0.04991
18.05	0.049844
18.06	0.049778
18.07	0.049713
18.08	0.049647
18.09	0.049581
18.1	0.049516
18.11	0.04945
18.12	0.049385
18.13	0.04932
18.14	0.049255
18.15	0.04919
18.16	0.049125
18.17	0.049061
18.18	0.048996
18.19	0.048932
18.2	0.048868
18.21	0.048803
18.22	0.048739
18.23	0.048676
18.24	0.048612
18.25	0.048548
18.26	0.048485
18.27	0.048421
18.28	0.048358
18.29	0.048295
18.3	0.048232
18.31	0.048169
18.32	0.048106
18.33	0.048043
18.34	0.04798
18.35	0.047918
18.36	0.047856
18.37	0.047793
18.38	0.047731
18.39	0.047669
18.4	0.047607
18.41	0.047546
18.42	0.047484
18.43	0.047422
18.44	0.047361
18.45	0.0473
18.46	0.047238
18.47	0.047177
18.48	0.047116
18.49	0.047055
18.5	0.046995
18.51	0.046934
18.52	0.046874
18.53	0.046813
18.54	0.046753
18.55	0.046693
18.56	0.046632
18.57	0.046573
18.58	0.046513
18.59	0.046453
18.6	0.046393
18.61	0.046334
18.62	0.046274
18.63	0.046215
18.64	0.046156
18.65	0.046097
18.66	0.046038
18.67	0.045979
18.68	0.04592
18.69	0.045861
18.7	0.045803
18.71	0.045744
18.72	0.045686
18.73	0.045628
18.74	0.04557
18.75	0.045512
18.76	0.045454
18.77	0.045396
18.78	0.045338
18.79	0.045281
18.8	0.045223
18.81	0.045166
18.82	0.045108
18.83	0.045051
18.84	0.044994
18.85	0.044937
18.86	0.04488
18.87	0.044824
18.88	0.044767
18.89	0.04471
18.9	0.044654
18.91	0.044597
18.92	0.044541
18.93	0.044485
18.94	0.044429
18.95	0.044373
18.96	0.044317
18.97	0.044261
18.98	0.044206
18.99	0.04415
19.0	0.044095
19.01	0.044039
19.02	0.043984
19.03	0.043929
19.04	0.043874
19.05	0.043819
19.06	0.043764
19.07	0.04371
19.08	0.043655
19.09	0.0436
19.1	0.043546
19.11	0.043491
19.12	0.043437
19.13	0.043383
19.14	0.043329
19.15	0.043275
19.16	0.043221
19.17	0.043167
19.18	0.043114
19.19	0.04306
19.2	0.043007
19.21	0.042953
19.22	0.0429
19.23	0.042847
19.24	0.042794
19.25	0.042741
19.26	0.042688
19.27	0.042635
19.28	0.042582
19.29	0.04253
19.3	0.042477
19.31	0.042425
19.32	0.042372
19.33	0.04232
19.34	0.042268
19.35	0.042216
19.36	0.042164
19.37	0.042112
19.38	0.04206
19.39	0.042008
19.4	0.041957
19.41	0.041905
19.42	0.041854
19.43	0.041802
19.44	0.041751
19.45	0.0417
19.46	0.041649
19.47	0.041598
19.48	0.041547
19.49	0.041496
19.5	0.041445
19.51	0.041395
19.52	0.041344
19.53	0.041294
19.54	0.041244
19.55	0.041193
19.56	0.041143
19.57	0.041093
19.58	0.041043
19.59	0.040993
19.6	0.040943
19.61	0.040893
19.62	0.040844
19.63	0.040794
19.64	0.040745
19.65	0.040695
19.66	0.040646
19.67	0.040597
19.68	0.040548
19.69	0.040499
19.7	0.04045
19.71	0.040401
19.72	0.040352
19.73	0.040303
19.74	0.040255
19.75	0.040206
19.76	0.040158
19.77	0.040109
19.78	0.040061
19.79	0.040013
19.8	0.039965
19.81	0.039917
19.82	0.039869
19.83	0.039821
19.84	0.039773
19.85	0.039725
19.86	0.039678
19.87	0.03963
19.88	0.039583
19.89	0.039535
19.9	0.039488
19.91	0.039441
19.92	0.039394
19.93	0.039347
19.94	0.0393
19.95	0.039253
19.96	0.039206
19.97	0.039159
19.98	0.039113
19.99	0.039066
20.0	0.039019
20.01	0.038973
20.02	0.038927
20.03	0.03888
20.04	0.038834
20.05	0.038788
20.06	0.038742
20.07	0.038696
20.08	0.03865
20.09	0.038605
20.1	0.038559
20.11	0.038513
20.12	0.038468
20.13	0.038422
20.14	0.038377
20.15	0.038332
20.16	0.038286
20.17	0.038241
20.18	0.038196
20.19	0.038151
20.2	0.038106
20.21	0.038061
20.22	0.038017
20.23	0.037972
20.24	0.037927
20.25	0.037883
20.26	0.037838
20.27	0.037794
20.28	0.03775
20.29	0.037705
20.3	0.037661
20.31	0.037617
20.32	0.037573
20.33	0.037529
20.34	0.037485
20.35	0.037441
20.36	0.037398
20.37	0.037354
20.38	0.03731
20.39	0.037267
20.4	0.037224
20.41	0.03718
20.42	0.037137
20.43	0.037094
20.44	0.037051
20.45	0.037008
20.46	0.036965
20.47	0.036922
20.48	0.036879
20.49	0.036836
20.5	0.036793
20.51	0.036751
20.52	0.036708
20.53	0.036666
20.54	0.036623
20.55	0.036581
20.56	0.036539
20.57	0.036496
20.58	0.036454
20.59	0.036412
20.6	0.03637
20.61	0.036328
20.62	0.036286
20.63	0.036245
20.64	0.036203
20.65	0.036161
20.66	0.03612
20.67	0.036078
20.68	0.036037
20.69	0.035995
20.7	0.035954
20.71	0.035913
20.72	0.035872
20.73	0.035831
20.74	0.035789
20.75	0.035749
20.76	0.035708
20.77	0.035667
20.78	0.035626
20.79	0.035585
20.8	0.035545
20.81	0.035504
20.82	0.035464
20.83	0.035423
20.84	0.035383
20.85	0.035343
20.86	0.035302
20.87	0.035262
20.88	0.035222
20.89	0.035182
20.9	0.035142
20.91	0.035102
20.92	0.035062
20.93	0.035023
20.94	0.034983
20.95	0.034943
20.96	0.034904
20.97	0.034864
20.98	0.034825
20.99	0.034785
21.0	0.034746
21.01	0.034707
21.02	0.034668
21.03	0.034629
21.04	0.03459
21.05	0.034551
21.06	0.034512
21.07	0.034473
21.08	0.034434
21.09	0.034395
21.1	0.034357
21.11	0.034318
21.12	0.034279
21.13	0.034241
21.14	0.034203
21.15	0.034164
21.16	0.034126
21.17	0.034088
21.18	0.03405
21.19	0.034011
21.2	0.033973
21.21	0.033935
21.22	0.033897
21.23	0.03386
21.24	0.033822
21.25	0.033784
21.26	0.033746
21.27	0.033709
21.28	0.033671
21.29	0.033634
21.3	0.033596
21.31	0.033559
21.32	0.033522
21.33	0.033484
21.34	0.033447
21.35	0.03341
21.36	0.033373
21.37	0.033336
21.38	0.033299
21.39	0.033262
21.4	0.033225
21.41	0.033188
21.42	0.033152
21.43	0.033115
21.44	0.033078
21.45	0.033042
21.46	0.033005
21.47	0.032969
21.48	0.032933
21.49	0.032896
21.5	0.03286
21.51	0.032824
21.52	0.032788
21.53	0.032752
21.54	0.032716
21.55	0.03268
21.56	0.032644
21.57	0.032608
21.58	0.032572
21.59	0.032536
21.6	0.032501
21.61	0.032465
21.62	0.03243
21.63	0.032394
21.64	0.032359
21.65	0.032323
21.66	0.032288
21.67	0.032253
21.68	0.032217
21.69	0.032182
21.7	0.032147
21.71	0.032112
21.72	0.032077
21.73	0.032042
21.74	0.032007
21.75	0.031972
21.76	0.031938
21.77	0.031903
21.78	0.031868
21.79	0.031834
21.8	0.031799
21.81	0.031764
21.82	0.03173
21.83	0.031696
21.84	0.031661
21.85	0.031627
21.86	0.031593
21.87	0.031559
21.88	0.031524
21.89	0.03149
21.9	0.031456
21.91	0.031422
21.92	0.031388
21.93	0.031355
21.94	0.031321
21.95	0.031287
21.96	0.031253
21.97	0.03122
21.98	0.031186
21.99	0.031152
22.0	0.031119
22.01	0.031086
22.02	0.031052
22.03	0.031019
22.04	0.030986
22.05	0.030952
22.06	0.030919
22.07	0.030886
22.08	0.030853
22.09	0.03082
22.1	0.030787
22.11	0.030754
22.12	0.030721
22.13	0.030688
22.14	0.030655
22.15	0.030623
22.16	0.03059
22.17	0.030557
22.18	0.030525
22.19	0.030492
22.2	0.03046
22.21	0.030427
22.22	0.030395
22.23	0.030363
22.24	0.030331
22.25	0.030298
22.26	0.030266
22.27	0.030234
22.28	0.030202
22.29	0.03017
22.3	0.030138
22.31	0.030106
22.32	0.030074
22.33	0.030042
22.34	0.030011
22.35	0.029979
22.36	0.029947
22.37	0.029916
22.38	0.029884
22.39	0.029852
22.4	0.029821
22.41	0.02979
22.42	0.029758
22.43	0.029727
22.44	0.029696
22.45	0.029664
22.46	0.029633
22.47	0.029602
22.48	0.029571
22.49	0.02954
22.5	0.029509
22.51	0.029478
22.52	0.029447
22.53	0.029416
22.54	0.029385
22.55	0.029354
22.56	0.029324
22.57	0.029293
22.58	0.029262
22.59	0.029232
22.6	0.029201
22.61	0.029171
22.62	0.02914
22.63	0.02911
22.64	0.02908
22.65	0.029049
22.66	0.029019
22.67	0.028989
22.68	0.028959
22.69	0.028929
22.7	0.028899
22.71	0.028869
22.72	0.028839
22.73	0.028809
22.74	0.028779
22.75	0.028749
22.76	0.028719
22.77	0.028689
22.78	0.02866
22.79	0.02863
22.8	0.0286
22.81	0.028571
22.82	0.028541
22.83	0.028512
22.84	0.028482
22.85	0.028453
22.86	0.028423
22.87	0.028394
22.88	0.028365
22.89	0.028336
22.9	0.028307
22.91	0.028277
22.92	0.028248
22.93	0.028219
22.94	0.02819
22.95	0.028161
22.96	0.028132
22.97	0.028103
22.98	0.028075
22.99	0.028046
23.0	0.028017
23.01	0.027988
23.02	0.02796
23.03	0.027931
23.04	0.027903
23.05	0.027874
23.06	0.027846
23.07	0.027817
23.08	0.027789
23.09	0.02776
23.1	0.027732
23.11	0.027704
23.12	0.027675
23.13	0.027647
23.14	0.027619
23.15	0.027591
23.16	0.027563
23.17	0.027535
23.18	0.027507
23.19	0.027479
23.2	0.027451
23.21	0.027423
23.22	0.027395
23.23	0.027368
23.24	0.02734
23.25	0.027312
23.26	0.027285
23.27	0.027257
23.28	0.027229
23.29	0.027202
23.3	0.027174
23.31	0.027147
23.32	0.027119
23.33	0.027092
23.34	0.027065
23.35	0.027037
23.36	0.02701
23.37	0.026983
23.38	0.026956
23.39	0.026929
23.4	0.026902
23.41	0.026875
23.42	0.026848
23.43	0.026821
23.44	0.026794
23.45	0.026767
23.46	0.02674
23.47	0.026713
23.48	0.026686
23.49	0.02666
23.5	0.026633
23.51	0.026606
23.52	0.02658
23.53	0.026553
23.54	0.026526
23.55	0.0265
23.56	0.026473
23.57	0.026447
23.58	0.026421
23.59	0.026394
23.6	0.026368
23.61	0.026342
23.62	0.026315
23.63	0.026289
23.64	0.026263
23.65	0.026237
23.66	0.026211
23.67	0.026185
23.68	0.026159
23.69	0.026133
23.7	0.026107
23.71	0.026081
23.72	0.026055
23.73	0.026029
23.74	0.026004
23.75	0.025978
23.76	0.025952
23.77	0.025926
23.78	0.025901
23.79	0.025875
23.8	0.02585
23.81	0.025824
23.82	0.025799
23.83	0.025773
23.84	0.025748
23.85	0.025722
23.86	0.025697
23.87	0.025672
23.88	0.025647
23.89	0.025621
23.9	0.025596
23.91	0.025571
23.92	0.025546
23.93	0.025521
23.94	0.025496
23.95	0.025471
23.96	0.025446
23.97	0.025421
23.98	0.025396
23.99	0.025371
24.0	0.025346
24.01	0.025321
24.02	0.025297
24.03	0.025272
24.04	0.025247
24.05	0.025223
24.06	0.025198
24.07	0.025173
24.08	0.025149
24.09	0.025124
24.1	0.0251
24.11	0.025075
24.12	0.025051
24.13	0.025027
24.14	0.025002
24.15	0.024978
24.16	0.024954
24.17	0.024929
24.18	0.024905
24.19	0.024881
24.2	0.024857
24.21	0.024833
24.22	0.024809
24.23	0.024785
24.24	0.024761
24.25	0.024737
24.26	0.024713
24.27	0.024689
24.28	0.024665
24.29	0.024641
24.3	0.024617
24.31	0.024594
24.32	0.02457
24.33	0.024546
24.34	0.024522
24.35	0.024499
24.36	0.024475
24.37	0.024452
24.38	0.024428
24.39	0.024405
24.4	0.024381
24.41	0.024358
24.42	0.024334
24.43	0.024311
24.44	0.024288
24.45	0.024264
24.46	0.024241
24.47	0.024218
24.48	0.024195
24.49	0.024171
24.5	0.024148
24.51	0.024125
24.52	0.024102
24.53	0.024079
24.54	0.024056
24.55	0.024033
24.56	0.02401
24.57	0.023987
24.58	0.023964
24.59	0.023942
24.6	0.023919
24.61	0.023896
24.62	0.023873
24.63	0.02385
24.64	0.023828
24.65	0.023805
24.66	0.023783
24.67	0.02376
24.68	0.023737
24.69	0.023715
24.7	0.023692
24.71	0.02367
24.72	0.023647
24.73	0.023625
24.74	0.023603
24.75	0.02358
24.76	0.023558
24.77	0.023536
24.78	0.023513
24.79	0.023491
24.8	0.023469
24.81	0.023447
24.82	0.023425
24.83	0.023403
24.84	0.023381
24.85	0.023359
24.86	0.023337
24.87	0.023315
24.88	0.023293
24.89	0.023271
24.9	0.023249
24.91	0.023227
24.92	0.023205
24.93	0.023183
24.94	0.023162
24.95	0.02314
24.96	0.023118
24.97	0.023096
24.98	0.023075
24.99	0.023053
25.0	0.023032
25.01	0.02301
25.02	0.022988
25.03	0.022967
25.04	0.022945
25.05	0.022924
25.06	0.022903
25.07	0.022881
25.08	0.02286
25.09	0.022839
25.1	0.022817
25.11	0.022796
25.12	0.022775
25.13	0.022754
25.14	0.022732
25.15	0.022711
25.16	0.02269
25.17	0.022669
25.18	0.022648
25.19	0.022627
25.2	0.022606
25.21	0.022585
25.22	0.022564
25.23	0.022543
25.24	0.022522
25.25	0.022501
25.26	0.02248
25.27	0.02246
25.28	0.022439
25.29	0.022418
25.3	0.022397
25.31	0.022377
25.32	0.022356
25.33	0.022335
25.34	0.022315
25.35	0.022294
25.36	0.022274
25.37	0.022253
25.38	0.022233
25.39	0.022212
25.4	0.022192
25.41	0.022171
25.42	0.022151
25.43	0.022131
25.44	0.02211
25.45	0.02209
25.46	0.02207
25.47	0.022049
25.48	0.022029
25.49	0.022009
25.5	0.021989
25.51	0.021969
25.52	0.021949
25.53	0.021928
25.54	0.021908
25.55	0.021888
25.56	0.021868
25.57	0.021848
25.58	0.021828
25.59	0.021808
25.6	0.021789
25.61	0.021769
25.62	0.021749
25.63	0.021729
25.64	0.021709
25.65	0.021689
25.66	0.02167
25.67	0.02165
25.68	0.02163
25.69	0.021611
25.7	0.021591
25.71	0.021571
25.72	0.021552
25.73	0.021532
25.74	0.021513
25.75	0.021493
25.76	0.021474
25.77	0.021454
25.78	0.021435
25.79	0.021415
25.8	0.021396
25.81	0.021377
25.82	0.021357
25.83	0.021338
25.84	0.021319
25.85	0.0213
25.86	0.02128
25.87	0.021261
25.88	0.021242
25.89	0.021223
25.9	0.021204
25.91	0.021185
25.92	0.021166
25.93	0.021146
25.94	0.021127
25.95	0.021108
25.96	0.021089
25.97	0.021071
25.98	0.021052
25.99	0.021033
26.0	0.021014
26.01	0.020995
26.02	0.020976
26.03	0.020957
26.04	0.020939
26.05	0.02092
26.06	0.020901
26.07	0.020882
26.08	0.020864
26.09	0.020845
26.1	0.020826
26.11	0.020808
26.12	0.020789
26.13	0.020771
26.14	0.020752
26.15	0.020734
26.16	0.020715
26.17	0.020697
26.18	0.020678
26.19	0.02066
26.2	0.020642
26.21	0.020623
26.22	0.020605
26.23	0.020587
26.24	0.020568
26.25	0.02055
26.26	0.020532
26.27	0.020514
26.28	0.020495
26.29	0.020477
26.3	0.020459
26.31	0.020441
26.32	0.020423
26.33	0.020405
26.34	0.020387
26.35	0.020369
26.36	0.020351
26.37	0.020333
26.38	0.020315
26.39	0.020297
26.4	0.020279
26.41	0.020261
26.42	0.020243
26.43	0.020225
26.44	0.020207
26.45	0.02019
26.46	0.020172
26.47	0.020154
26.48	0.020136
26.49	0.020119
26.5	0.020101
26.51	0.020083
26.52	0.020066
26.53	0.020048
26.54	0.020031
26.55	0.020013
26.56	0.019995
26.57	0.019978
26.58	0.01996
26.59	0.019943
26.6	0.019925
26.61	0.019908
26.62	0.019891
26.63	0.019873
26.64	0.019856
26.65	0.019838
26.66	0.019821
26.67	0.019804
26.68	0.019787
26.69	0.019769
26.7	0.019752
26.71	0.019735
26.72	0.019718
26.73	0.019701
26.74	0.019683
26.75	0.019666
26.76	0.019649
26.77	0.019632
26.78	0.019615
26.79	0.019598
26.8	0.019581
26.81	0.019564
26.82	0.019547
26.83	0.01953
26.84	0.019513
26.85	0.019496
26.86	0.019479
26.87	0.019463
26.88	0.019446
26.89	0.019429
26.9	0.019412
26.91	0.019395
26.92	0.019379
26.93	0.019362
26.94	0.019345
26.95	0.019328
26.96	0.019312
26.97	0.019295
26.98	0.019278
26.99	0.019262
27.0	0.019245
27.01	0.019229
27.02	0.019212
27.03	0.019196
27.04	0.019179
27.05	0.019163
27.06	0.019146
27.07	0.01913
27.08	0.019113
27.09	0.019097
27.1	0.019081
27.11	0.019064
27.12	0.019048
27.13	0.019032
27.14	0.019015
27.15	0.018999
27.16	0.018983
27.17	0.018966
27.18	0.01895
27.19	0.018934
27.2	0.018918
27.21	0.018902
27.22	0.018886
27.23	0.018869
27.24	0.018853
27.25	0.018837
27.26	0.018821
27.27	0.018805
27.28	0.018789
27.29	0.018773
27.3	0.018757
27.31	0.018741
27.32	0.018725
27.33	0.018709
27.34	0.018694
27.35	0.018678
27.36	0.018662
27.37	0.018646
27.38	0.01863
27.39	0.018614
27.4	0.018599
27.41	0.018583
27.42	0.018567
27.43	0.018551
27.44	0.018536
27.45	0.01852
27.46	0.018504
27.47	0.018489
27.48	0.018473
27.49	0.018458
27.5	0.018442
27.51	0.018426
27.52	0.018411
27.53	0.018395
27.54	0.01838
27.55	0.018364
27.56	0.018349
27.57	0.018333
27.58	0.018318
27.59	0.018303
27.6	0.018287
27.61	0.018272
27.62	0.018257
27.63	0.018241
27.64	0.018226
27.65	0.018211
27.66	0.018195
27.67	0.01818
27.68	0.018165
27.69	0.01815
27.7	0.018134
27.71	0.018119
27.72	0.018104
27.73	0.018089
27.74	0.018074
27.75	0.018059
27.76	0.018044
27.77	0.018029
27.78	0.018014
27.79	0.017998
27.8	0.017983
27.81	0.017968
27.82	0.017954
27.83	0.017939
27.84	0.017924
27.85	0.017909
27.86	0.017894
27.87	0.017879
27.88	0.017864
27.89	0.017849
27.9	0.017834
27.91	0.01782
27.92	0.017805
27.93	0.01779
27.94	0.017775
27.95	0.01776
27.96	0.017746
27.97	0.017731
27.98	0.017716
27.99	0.017702
28.0	0.017687
28.01	0.017672
28.02	0.017658
28.03	0.017643
28.04	0.017629
28.05	0.017614
28.06	0.0176
28.07	0.017585
28.08	0.017571
28.09	0.017556
28.1	0.017542
28.11	0.017527
28.12	0.017513
28.13	0.017498
28.14	0.017484
28.15	0.017469
28.16	0.017455
28.17	0.017441
28.18	0.017426
28.19	0.017412
28.2	0.017398
28.21	0.017384
28.22	0.017369
28.23	0.017355
28.24	0.017341
28.25	0.017327
28.26	0.017312
28.27	0.017298
28.28	0.017284
28.29	0.01727
28.3	0.017256
28.31	0.017242
28.32	0.017228
28.33	0.017214
28.34	0.017199
28.35	0.017185
28.36	0.017171
28.37	0.017157
28.38	0.017143
28.39	0.017129
28.4	0.017115
28.41	0.017102
28.42	0.017088
28.43	0.017074
28.44	0.01706
28.45	0.017046
28.46	0.017032
28.47	0.017018
28.48	0.017004
28.49	0.016991
28.5	0.016977
28.51	0.016963
28.52	0.016949
28.53	0.016936
28.54	0.016922
28.55	0.016908
28.56	0.016894
28.57	0.016881
28.58	0.016867
28.59	0.016853
28.6	0.01684
28.61	0.016826
28.62	0.016813
28.63	0.016799
28.64	0.016785
28.65	0.016772
28.66	0.016758
28.67	0.016745
28.68	0.016731
28.69	0.016718
28.7	0.016704
28.71	0.016691
28.72	0.016678
28.73	0.016664
28.74	0.016651
28.75	0.016637
28.76	0.016624
28.77	0.016611
28.78	0.016597
28.79	0.016584
28.8	0.016571
28.81	0.016557
28.82	0.016544
28.83	0.016531
28.84	0.016518
28.85	0.016504
28.86	0.016491
28.87	0.016478
28.88	0.016465
28.89	0.016452
28.9	0.016438
28.91	0.016425
28.92	0.016412
28.93	0.016399
28.94	0.016386
28.95	0.016373
28.96	0.01636
28.97	0.016347
28.98	0.016334
28.99	0.016321
29.0	0.016308
29.01	0.016295
29.02	0.016282
29.03	0.016269
29.04	0.016256
29.05	0.016243
29.06	0.01623
29.07	0.016217
29.08	0.016204
29.09	0.016191
29.1	0.016179
29.11	0.016166
29.12	0.016153
29.13	0.01614
29.14	0.016127
29.15	0.016115
29.16	0.016102
29.17	0.016089
29.18	0.016076
29.19	0.016064
29.2	0.016051
29.21	0.016038
29.22	0.016026
29.23	0.016013
29.24	0.016
29.25	0.015988
29.26	0.015975
29.27	0.015963
29.28	0.01595
29.29	0.015937
29.3	0.015925
29.31	0.015912
29.32	0.0159
29.33	0.015887
29.34	0.015875
29.35	0.015862
29.36	0.01585
29.37	0.015837
29.38	0.015825
29.39	0.015813
29.4	0.0158
29.41	0.015788
29.42	0.015775
29.43	0.015763
29.44	0.015751
29.45	0.015738
29.46	0.015726
29.47	0.015714
29.48	0.015701
29.49	0.015689
29.5	0.015677
29.51	0.015665
29.52	0.015652
29.53	0.01564
29.54	0.015628
29.55	0.015616
29.56	0.015604
29.57	0.015591
29.58	0.015579
29.59	0.015567
29.6	0.015555
29.61	0.015543
29.62	0.015531
29.63	0.015519
29.64	0.015507
29.65	0.015495
29.66	0.015483
29.67	0.015471
29.68	0.015459
29.69	0.015447
29.7	0.015435
29.71	0.015423
29.72	0.015411
29.73	0.015399
29.74	0.015387
29.75	0.015375
29.76	0.015363
29.77	0.015351
29.78	0.015339
29.79	0.015327
29.8	0.015315
29.81	0.015304
29.82	0.015292
29.83	0.01528
29.84	0.015268
29.85	0.015256
29.86	0.015245
29.87	0.015233
29.88	0.015221
29.89	0.015209
29.9	0.015198
29.91	0.015186
29.92	0.015174
29.93	0.015163
29.94	0.015151
29.95	0.015139
29.96	0.015128
29.97	0.015116
29.98	0.015104
29.99	0.015093
30.0	0.015081
30.01	0.01507
30.02	0.015058
30.03	0.015047
30.04	0.015035
30.05	0.015024
30.06	0.015012
30.07	0.015001
30.08	0.014989
30.09	0.014978
30.1	0.014966
30.11	0.014955
30.12	0.014943
30.13	0.014932
30.14	0.014921
30.15	0.014909
30.16	0.014898
30.17	0.014886
30.18	0.014875
30.19	0.014864
30.2	0.014852
30.21	0.014841
30.22	0.01483
30.23	0.014819
30.24	0.014807
30.25	0.014796
30.26	0.014785
30.27	0.014774
30.28	0.014762
30.29	0.014751
30.3	0.01474
30.31	0.014729
30.32	0.014718
30.33	0.014706
30.34	0.014695
30.35	0.014684
30.36	0.014673
30.37	0.014662
30.38	0.014651
30.39	0.01464
30.4	0.014629
30.41	0.014618
30.42	0.014607
30.43	0.014595
30.44	0.014584
30.45	0.014573
30.46	0.014562
30.47	0.014551
30.48	0.01454
30.49	0.01453
30.5	0.014519
30.51	0.014508
30.52	0.014497
30.53	0.014486
30.54	0.014475
30.55	0.014464
30.56	0.014453
30.57	0.014442
30.58	0.014431
30.59	0.014421
30.6	0.01441
30.61	0.014399
30.62	0.014388
30.63	0.014377
30.64	0.014367
30.65	0.014356
30.66	0.014345
30.67	0.014334
30.68	0.014324
30.69	0.014313
30.7	0.014302
30.71	0.014291
30.72	0.014281
30.73	0.01427
30.74	0.014259
30.75	0.014249
30.76	0.014238
30.77	0.014227
30.78	0.014217
30.79	0.014206
30.8	0.014196
30.81	0.014185
30.82	0.014175
30.83	0.014164
30.84	0.014153
30.85	0.014143
30.86	0.014132
30.87	0.014122
30.88	0.014111
30.89	0.014101
30.9	0.01409
30.91	0.01408
30.92	0.014069
30.93	0.014059
30.94	0.014049
30.95	0.014038
30.96	0.014028
30.97	0.014017
30.98	0.014007
30.99	0.013997
31.0	0.013986
31.01	0.013976
31.02	0.013966
31.03	0.013955
31.04	0.013945
31.05	0.013935
31.06	0.013924
31.07	0.013914
31.08	0.013904
31.09	0.013894
31.1	0.013883
31.11	0.013873
31.12	0.013863
31.13	0.013853
31.14	0.013842
31.15	0.013832
31.16	0.013822
31.17	0.013812
31.18	0.013802
31.19	0.013792
31.2	0.013781
31.21	0.013771
31.22	0.013761
31.23	0.013751
31.24	0.013741
31.25	0.013731
31.26	0.013721
31.27	0.013711
31.28	0.013701
31.29	0.013691
31.3	0.013681
31.31	0.013671
31.32	0.013661
31.33	0.013651
31.34	0.013641
31.35	0.013631
31.36	0.013621
31.37	0.013611
31.38	0.013601
31.39	0.013591
31.4	0.013581
31.41	0.013571
31.42	0.013561
31.43	0.013551
31.44	0.013541
31.45	0.013532
31.46	0.013522
31.47	0.013512
31.48	0.013502
31.49	0.013492
31.5	0.013482
31.51	0.013473
31.52	0.013463
31.53	0.013453
31.54	0.013443
31.55	0.013433
31.56	0.013424
31.57	0.013414
31.58	0.013404
31.59	0.013394
31.6	0.013385
31.61	0.013375
31.62	0.013365
31.63	0.013356
31.64	0.013346
31.65	0.013336
31.66	0.013327
31.67	0.013317
31.68	0.013307
31.69	0.013298
31.7	0.013288
31.71	0.013279
31.72	0.013269
31.73	0.013259
31.74	0.01325
31.75	0.01324
31.76	0.013231
31.77	0.013221
31.78	0.013212
31.79	0.013202
31.8	0.013193
31.81	0.013183
31.82	0.013174
31.83	0.013164
31.84	0.013155
31.85	0.013145
31.86	0.013136
31.87	0.013127
31.88	0.013117
31.89	0.013108
31.9	0.013098
31.91	0.013089
31.92	0.013079
31.93	0.01307
31.94	0.013061
31.95	0.013051
31.96	0.013042
31.97	0.013033
31.98	0.013023
31.99	0.013014
32.0	0.013005
32.01	0.012995
32.02	0.012986
32.03	0.012977
32.04	0.012968
32.05	0.012958
32.06	0.012949
32.07	0.01294
32.08	0.012931
32.09	0.012921
32.1	0.012912
32.11	0.012903
32.12	0.012894
32.13	0.012885
32.14	0.012876
32.15	0.012866
32.16	0.012857
32.17	0.012848
32.18	0.012839
32.19	0.01283
32.2	0.012821
32.21	0.012812
32.22	0.012803
32.23	0.012793
32.24	0.012784
32.25	0.012775
32.26	0.012766
32.27	0.012757
32.28	0.012748
32.29	0.012739
32.3	0.01273
32.31	0.012721
32.32	0.012712
32.33	0.012703
32.34	0.012694
32.35	0.012685
32.36	0.012676
32.37	0.012667
32.38	0.012658
32.39	0.012649
32.4	0.012641
32.41	0.012632
32.42	0.012623
32.43	0.012614
32.44	0.012605
32.45	0.012596
32.46	0.012587
32.47	0.012578
32.48	0.012569
32.49	0.012561
32.5	0.012552
32.51	0.012543
32.52	0.012534
32.53	0.012525
32.54	0.012517
32.55	0.012508
32.56	0.012499
32.57	0.01249
32.58	0.012482
32.59	0.012473
32.6	0.012464
32.61	0.012455
32.62	0.012447
32.63	0.012438
32.64	0.012429
32.65	0.01242
32.66	0.012412
32.67	0.012403
32.68	0.012394
32.69	0.012386
32.7	0.012377
32.71	0.012369
32.72	0.01236
32.73	0.012351
32.74	0.012343
32.75	0.012334
32.76	0.012325
32.77	0.012317
32.78	0.012308
32.79	0.0123
32.8	0.012291
32.81	0.012283
32.82	0.012274
32.83	0.012266
32.84	0.012257
32.85	0.012249
32.86	0.01224
32.87	0.012231
32.88	0.012223
32.89	0.012215
32.9	0.012206
32.91	0.012198
32.92	0.012189
32.93	0.012181
32.94	0.012172
32.95	0.012164
32.96	0.012155
32.97	0.012147
32.98	0.012139
32.99	0.01213
33.0	0.012122
33.01	0.012113
33.02	0.012105
33.03	0.012097
33.04	0.012088
33.05	0.01208
33.06	0.012072
33.07	0.012063
33.08	0.012055
33.09	0.012047
33.1	0.012038
33.11	0.01203
33.12	0.012022
33.13	0.012014
33.14	0.012005
33.15	0.011997
33.16	0.011989
33.17	0.011981
33.18	0.011972
33.19	0.011964
33.2	0.011956
33.21	0.011948
33.22	0.01194
33.23	0.011931
33.24	0.011923
33.25	0.011915
33.26	0.011907
33.27	0.011899
33.28	0.01189
33.29	0.011882
33.3	0.011874
33.31	0.011866
33.32	0.011858
33.33	0.01185
33.34	0.011842
33.35	0.011834
33.36	0.011826
33.37	0.011818
33.38	0.011809
33.39	0.011801
33.4	0.011793
33.41	0.011785
33.42	0.011777
33.43	0.011769
33.44	0.011761
33.45	0.011753
33.46	0.011745
33.47	0.011737
33.48	0.011729
33.49	0.011721
33.5	0.011713
33.51	0.011705
33.52	0.011697
33.53	0.011689
33.54	0.011681
33.55	0.011674
33.56	0.011666
33.57	0.011658
33.58	0.01165
33.59	0.011642
33.6	0.011634
33.61	0.011626
33.62	0.011618
33.63	0.01161
33.64	0.011603
33.65	0.011595
33.66	0.011587
33.67	0.011579
33.68	0.011571
33.69	0.011563
33.7	0.011556
33.71	0.011548
33.72	0.01154
33.73	0.011532
33.74	0.011524
33.75	0.011517
33.76	0.011509
33.77	0.011501
33.78	0.011493
33.79	0.011486
33.8	0.011478
33.81	0.01147
33.82	0.011462
33.83	0.011455
33.84	0.011447
33.85	0.011439
33.86	0.011432
33.87	0.011424
33.88	0.011416
33.89	0.011409
33.9	0.011401
33.91	0.011393
33.92	0.011386
33.93	0.011378
33.94	0.01137
33.95	0.011363
33.96	0.011355
33.97	0.011348
33.98	0.01134
33.99	0.011332
34.0	0.011325
34.01	0.011317
34.02	0.01131
34.03	0.011302
34.04	0.011295
34.05	0.011287
34.06	0.011279
34.07	0.011272
34.08	0.011264
34.09	0.011257
34.1	0.011249
34.11	0.011242
34.12	0.011234
34.13	0.011227
34.14	0.011219
34.15	0.011212
34.16	0.011205
34.17	0.011197
34.18	0.01119
34.19	0.011182
34.2	0.011175
34.21	0.011167
34.22	0.01116
34.23	0.011152
34.24	0.011145
34.25	0.011138
34.26	0.01113
34.27	0.011123
34.28	0.011116
34.29	0.011108
34.3	0.011101
34.31	0.011093
34.32	0.011086
34.33	0.011079
34.34	0.011071
34.35	0.011064
34.36	0.011057
34.37	0.011049
34.38	0.011042
34.39	0.011035
34.4	0.011028
34.41	0.01102
34.42	0.011013
34.43	0.011006
34.44	0.010999
34.45	0.010991
34.46	0.010984
34.47	0.010977
34.48	0.01097
34.49	0.010962
34.5	0.010955
34.51	0.010948
34.52	0.010941
34.53	0.010933
34.54	0.010926
34.55	0.010919
34.56	0.010912
34.57	0.010905
34.58	0.010898
34.59	0.01089
34.6	0.010883
34.61	0.010876
34.62	0.010869
34.63	0.010862
34.64	0.010855
34.65	0.010848
34.66	0.010841
34.67	0.010833
34.68	0.010826
34.69	0.010819
34.7	0.010812
34.71	0.010805
34.72	0.010798
34.73	0.010791
34.74	0.010784
34.75	0.010777
34.76	0.01077
34.77	0.010763
34.78	0.010756
34.79	0.010749
34.8	0.010742
34.81	0.010735
34.82	0.010728
34.83	0.010721
34.84	0.010714
34.85	0.010707
34.86	0.0107
34.87	0.010693
34.88	0.010686
34.89	0.010679
34.9	0.010672
34.91	0.010665
34.92	0.010658
34.93	0.010651
34.94	0.010644
34.95	0.010637
34.96	0.010631
34.97	0.010624
34.98	0.010617
34.99	0.01061
35.0	0.010603
35.01	0.010596
35.02	0.010589
35.03	0.010582
35.04	0.010576
35.05	0.010569
35.06	0.010562
35.07	0.010555
35.08	0.010548
35.09	0.010541
35.1	0.010535
35.11	0.010528
35.12	0.010521
35.13	0.010514
35.14	0.010507
35.15	0.010501
35.16	0.010494
35.17	0.010487
35.18	0.01048
35.19	0.010474
35.2	0.010467
35.21	0.01046
35.22	0.010453
35.23	0.010447
35.24	0.01044
35.25	0.010433
35.26	0.010427
35.27	0.01042
35.28	0.010413
35.29	0.010406
35.3	0.0104
35.31	0.010393
35.32	0.010386
35.33	0.01038
35.34	0.010373
35.35	0.010366
35.36	0.01036
35.37	0.010353
35.38	0.010347
35.39	0.01034
35.4	0.010333
35.41	0.010327
35.42	0.01032
35.43	0.010313
35.44	0.010307
35.45	0.0103
35.46	0.010294
35.47	0.010287
35.48	0.010281
35.49	0.010274
35.5	0.010267
35.51	0.010261
35.52	0.010254
35.53	0.010248
35.54	0.010241
35.55	0.010235
35.56	0.010228
35.57	0.010222
35.58	0.010215
35.59	0.010209
35.6	0.010202
35.61	0.010196
35.62	0.010189
35.63	0.010183
35.64	0.010176
35.65	0.01017
35.66	0.010163
35.67	0.010157
35.68	0.01015
35.69	0.010144
35.7	0.010138
35.71	0.010131
35.72	0.010125
35.73	0.010118
35.74	0.010112
35.75	0.010106
35.76	0.010099
35.77	0.010093
35.78	0.010086
35.79	0.01008
35.8	0.010074
35.81	0.010067
35.82	0.010061
35.83	0.010055
35.84	0.010048
35.85	0.010042
35.86	0.010035
35.87	0.010029
35.88	0.010023
35.89	0.010017
35.9	0.01001
35.91	0.010004
35.92	0.0099976
35.93	0.0099913
35.94	0.009985
35.95	0.0099787
35.96	0.0099724
35.97	0.0099662
35.98	0.0099599
35.99	0.0099536
36.0	0.0099474
36.01	0.0099411
36.02	0.0099349
36.03	0.0099287
36.04	0.0099224
36.05	0.0099162
36.06	0.00991
36.07	0.0099038
36.08	0.0098976
36.09	0.0098914
36.1	0.0098852
36.11	0.009879
36.12	0.0098728
36.13	0.0098666
36.14	0.0098604
36.15	0.0098543
36.16	0.0098481
36.17	0.0098419
36.18	0.0098358
36.19	0.0098296
36.2	0.0098235
36.21	0.0098174
36.22	0.0098112
36.23	0.0098051
36.24	0.009799
36.25	0.0097929
36.26	0.0097868
36.27	0.0097807
36.28	0.0097746
36.29	0.0097685
36.3	0.0097624
36.31	0.0097563
36.32	0.0097503
36.33	0.0097442
36.34	0.0097381
36.35	0.0097321
36.36	0.009726
36.37	0.00972
36.38	0.009714
36.39	0.0097079
36.4	0.0097019
36.41	0.0096959
36.42	0.0096899
36.43	0.0096838
36.44	0.0096778
36.45	0.0096718
36.46	0.0096658
36.47	0.0096599
36.48	0.0096539
36.49	0.0096479
36.5	0.0096419
36.51	0.009636
36.52	0.00963
36.53	0.009624
36.54	0.0096181
36.55	0.0096121
36.56	0.0096062
36.57	0.0096003
36.58	0.0095943
36.59	0.0095884
36.6	0.0095825
36.61	0.0095766
36.62	0.0095707
36.63	0.0095648
36.64	0.0095589
36.65	0.009553
36.66	0.0095471
36.67	0.0095412
36.68	0.0095354
36.69	0.0095295
36.7	0.0095236
36.71	0.0095178
36.72	0.0095119
36.73	0.0095061
36.74	0.0095002
36.75	0.0094944
36.76	0.0094886
36.77	0.0094827
36.78	0.0094769
36.79	0.0094711
36.8	0.0094653
36.81	0.0094595
36.82	0.0094537
36.83	0.0094479
36.84	0.0094421
36.85	0.0094363
36.86	0.0094305
36.87	0.0094248
36.88	0.009419
36.89	0.0094132
36.9	0.0094075
36.91	0.0094017
36.92	0.009396
36.93	0.0093902
36.94	0.0093845
36.95	0.0093788
36.96	0.009373
36.97	0.0093673
36.98	0.0093616
36.99	0.0093559
37.0	0.0093502
37.01	0.0093445
37.02	0.0093388
37.03	0.0093331
37.04	0.0093274
37.05	0.0093217
37.06	0.009316
37.07	0.0093104
37.08	0.0093047
37.09	0.009299
37.1	0.0092934
37.11	0.0092877
37.12	0.0092821
37.13	0.0092765
37.14	0.0092708
37.15	0.0092652
37.16	0.0092596
37.17	0.009254
37.18	0.0092483
37.19	0.0092427
37.2	0.0092371
37.21	0.0092315
37.22	0.0092259
37.23	0.0092203
37.24	0.0092148
37.25	0.0092092
37.26	0.0092036
37.27	0.009198
37.28	0.0091925
37.29	0.0091869
37.3	0.0091814
37.31	0.0091758
37.32	0.0091703
37.33	0.0091647
37.34	0.0091592
37.35	0.0091537
37.36	0.0091481
37.37	0.0091426
37.38	0.0091371
37.39	0.0091316
37.4	0.0091261
37.41	0.0091206
37.42	0.0091151
37.43	0.0091096
37.44	0.0091041
37.45	0.0090987
37.46	0.0090932
37.47	0.0090877
37.48	0.0090822
37.49	0.0090768
37.5	0.0090713
37.51	0.0090659
37.52	0.0090604
37.53	0.009055
37.54	0.0090496
37.55	0.0090441
37.56	0.0090387
37.57	0.0090333
37.58	0.0090279
37.59	0.0090225
37.6	0.009017
37.61	0.0090116
37.62	0.0090062
37.63	0.0090009
37.64	0.0089955
37.65	0.0089901
37.66	0.0089847
37.67	0.0089793
37.68	0.008974
37.69	0.0089686
37.7	0.0089632
37.71	0.0089579
37.72	0.0089525
37.73	0.0089472
37.74	0.0089419
37.75	0.0089365
37.76	0.0089312
37.77	0.0089259
37.78	0.0089205
37.79	0.0089152
37.8	0.0089099
37.81	0.0089046
37.82	0.0088993
37.83	0.008894
37.84	0.0088887
37.85	0.0088834
37.86	0.0088781
37.87	0.0088729
37.88	0.0088676
37.89	0.0088623
37.9	0.0088571
37.91	0.0088518
37.92	0.0088465
37.93	0.0088413
37.94	0.008836
37.95	0.0088308
37.96	0.0088256
37.97	0.0088203
37.98	0.0088151
37.99	0.0088099
38.0	0.0088047
38.01	0.0087995
38.02	0.0087942
38.03	0.008789
38.04	0.0087838
38.05	0.0087786
38.06	0.0087735
38.07	0.0087683
38.08	0.0087631
38.09	0.0087579
38.1	0.0087527
38.11	0.0087476
38.12	0.0087424
38.13	0.0087372
38.14	0.0087321
38.15	0.0087269
38.16	0.0087218
38.17	0.0087167
38.18	0.0087115
38.19	0.0087064
38.2	0.0087013
38.21	0.0086961
38.22	0.008691
38.23	0.0086859
38.24	0.0086808
38.25	0.0086757
38.26	0.0086706
38.27	0.0086655
38.28	0.0086604
38.29	0.0086553
38.3	0.0086502
38.31	0.0086451
38.32	0.0086401
38.33	0.008635
38.34	0.0086299
38.35	0.0086249
38.36	0.0086198
38.37	0.0086148
38.38	0.0086097
38.39	0.0086047
38.4	0.0085996
38.41	0.0085946
38.42	0.0085896
38.43	0.0085845
38.44	0.0085795
38.45	0.0085745
38.46	0.0085695
38.47	0.0085645
38.48	0.0085595
38.49	0.0085545
38.5	0.0085495
38.51	0.0085445
38.52	0.0085395
38.53	0.0085345
38.54	0.0085295
38.55	0.0085246
38.56	0.0085196
38.57	0.0085146
38.58	0.0085097
38.59	0.0085047
38.6	0.0084998
38.61	0.0084948
38.62	0.0084899
38.63	0.0084849
38.64	0.00848
38.65	0.0084751
38.66	0.0084701
38.67	0.0084652
38.68	0.0084603
38.69	0.0084554
38.7	0.0084505
38.71	0.0084456
38.72	0.0084407
38.73	0.0084358
38.74	0.0084309
38.75	0.008426
38.76	0.0084211
38.77	0.0084162
38.78	0.0084114
38.79	0.0084065
38.8	0.0084016
38.81	0.0083968
38.82	0.0083919
38.83	0.008387
38.84	0.0083822
38.85	0.0083773
38.86	0.0083725
38.87	0.0083677
38.88	0.0083628
38.89	0.008358
38.9	0.0083532
38.91	0.0083483
38.92	0.0083435
38.93	0.0083387
38.94	0.0083339
38.95	0.0083291
38.96	0.0083243
38.97	0.0083195
38.98	0.0083147
38.99	0.0083099
39.0	0.0083051
39.01	0.0083004
39.02	0.0082956
39.03	0.0082908
39.04	0.008286
39.05	0.0082813
39.06	0.0082765
39.07	0.0082718
39.08	0.008267
39.09	0.0082623
39.1	0.0082575
39.11	0.0082528
39.12	0.008248
39.13	0.0082433
39.14	0.0082386
39.15	0.0082339
39.16	0.0082291
39.17	0.0082244
39.18	0.0082197
39.19	0.008215
39.2	0.0082103
39.21	0.0082056
39.22	0.0082009
39.23	0.0081962
39.24	0.0081915
39.25	0.0081868
39.26	0.0081822
39.27	0.0081775
39.28	0.0081728
39.29	0.0081681
39.3	0.0081635
39.31	0.0081588
39.32	0.0081542
39.33	0.0081495
39.34	0.0081449
39.35	0.0081402
39.36	0.0081356
39.37	0.0081309
39.38	0.0081263
39.39	0.0081217
39.4	0.0081171
39.41	0.0081124
39.42	0.0081078
39.43	0.0081032
39.44	0.0080986
39.45	0.008094
39.46	0.0080894
39.47	0.0080848
39.48	0.0080802
39.49	0.0080756
39.5	0.008071
39.51	0.0080664
39.52	0.0080619
39.53	0.0080573
39.54	0.0080527
39.55	0.0080482
39.56	0.0080436
39.57	0.008039
39.58	0.0080345
39.59	0.0080299
39.6	0.0080254
39.61	0.0080208
39.62	0.0080163
39.63	0.0080118
39.64	0.0080072
39.65	0.0080027
39.66	0.0079982
39.67	0.0079937
39.68	0.0079891
39.69	0.0079846
39.7	0.0079801
39.71	0.0079756
39.72	0.0079711
39.73	0.0079666
39.74	0.0079621
39.75	0.0079576
39.76	0.0079531
39.77	0.0079487
39.78	0.0079442
39.79	0.0079397
39.8	0.0079352
39.81	0.0079308
39.82	0.0079263
39.83	0.0079218
39.84	0.0079174
39.85	0.0079129
39.86	0.0079085
39.87	0.007904
39.88	0.0078996
39.89	0.0078952
39.9	0.0078907
39.91	0.0078863
39.92	0.0078819
39.93	0.0078774
39.94	0.007873
39.95	0.0078686
39.96	0.0078642
39.97	0.0078598
39.98	0.0078554
39.99	0.007851
40.0	0.0078466
40.01	0.0078422
40.02	0.0078378
40.03	0.0078334
40.04	0.007829
40.05	0.0078247
40.06	0.0078203
40.07	0.0078159
40.08	0.0078115
40.09	0.0078072
40.1	0.0078028
40.11	0.0077985
40.12	0.0077941
40.13	0.0077898
40.14	0.0077854
40.15	0.0077811
40.16	0.0077767
40.17	0.0077724
40.18	0.0077681
40.19	0.0077637
40.2	0.0077594
40.21	0.0077551
40.22	0.0077508
40.23	0.0077465
40.24	0.0077421
40.25	0.0077378
40.26	0.0077335
40.27	0.0077292
40.28	0.0077249
40.29	0.0077206
40.3	0.0077164
40.31	0.0077121
40.32	0.0077078
40.33	0.0077035
40.34	0.0076992
40.35	0.007695
40.36	0.0076907
40.37	0.0076864
40.38	0.0076822
40.39	0.0076779
40.4	0.0076737
40.41	0.0076694
40.42	0.0076652
40.43	0.0076609
40.44	0.0076567
40.45	0.0076524
40.46	0.0076482
40.47	0.007644
40.48	0.0076398
40.49	0.0076355
40.5	0.0076313
40.51	0.0076271
40.52	0.0076229
40.53	0.0076187
40.54	0.0076145
40.55	0.0076103
40.56	0.0076061
40.57	0.0076019
40.58	0.0075977
40.59	0.0075935
40.6	0.0075893
40.61	0.0075851
40.62	0.007581
40.63	0.0075768
40.64	0.0075726
40.65	0.0075684
40.66	0.0075643
40.67	0.0075601
40.68	0.007556
40.69	0.0075518
40.7	0.0075477
40.71	0.0075435
40.72	0.0075394
40.73	0.0075352
40.74	0.0075311
40.75	0.007527
40.76	0.0075228
40.77	0.0075187
40.78	0.0075146
40.79	0.0075105
40.8	0.0075063
40.81	0.0075022
40.82	0.0074981
40.83	0.007494
40.84	0.0074899
40.85	0.0074858
40.86	0.0074817
40.87	0.0074776
40.88	0.0074735
40.89	0.0074694
40.9	0.0074654
40.91	0.0074613
40.92	0.0074572
40.93	0.0074531
40.94	0.0074491
40.95	0.007445
40.96	0.0074409
40.97	0.0074369
40.98	0.0074328
40.99	0.0074288
41.0	0.0074247
41.01	0.0074207
41.02	0.0074166
41.03	0.0074126
41.04	0.0074085
41.05	0.0074045
41.06	0.0074005
41.07	0.0073964
41.08	0.0073924
41.09	0.0073884
41.1	0.0073844
41.11	0.0073804
41.12	0.0073764
41.13	0.0073724
41.14	0.0073683
41.15	0.0073643
41.16	0.0073603
41.17	0.0073564
41.18	0.0073524
41.19	0.0073484
41.2	0.0073444
41.21	0.0073404
41.22	0.0073364
41.23	0.0073325
41.24	0.0073285
41.25	0.0073245
41.26	0.0073205
41.27	0.0073166
41.28	0.0073126
41.29	0.0073087
41.3	0.0073047
41.31	0.0073008
41.32	0.0072968
41.33	0.0072929
41.34	0.0072889
41.35	0.007285
41.36	0.0072811
41.37	0.0072771
41.38	0.0072732
41.39	0.0072693
41.4	0.0072654
41.41	0.0072614
41.42	0.0072575
41.43	0.0072536
41.44	0.0072497
41.45	0.0072458
41.46	0.0072419
41.47	0.007238
41.48	0.0072341
41.49	0.0072302
41.5	0.0072263
41.51	0.0072224
41.52	0.0072185
41.53	0.0072147
41.54	0.0072108
41.55	0.0072069
41.56	0.007203
41.57	0.0071992
41.58	0.0071953
41.59	0.0071914
41.6	0.0071876
41.61	0.0071837
41.62	0.0071799
41.63	0.007176
41.64	0.0071722
41.65	0.0071683
41.66	0.0071645
41.67	0.0071606
41.68	0.0071568
41.69	0.007153
41.7	0.0071492
41.71	0.0071453
41.72	0.0071415
41.73	0.0071377
41.74	0.0071339
41.75	0.0071301
41.76	0.0071262
41.77	0.0071224
41.78	0.0071186
41.79	0.0071148
41.8	0.007111
41.81	0.0071072
41.82	0.0071034
41.83	0.0070997
41.84	0.0070959
41.85	0.0070921
41.86	0.0070883
41.87	0.0070845
41.88	0.0070808
41.89	0.007077
41.9	0.0070732
41.91	0.0070695
41.92	0.0070657
41.93	0.0070619
41.94	0.0070582
41.95	0.0070544
41.96	0.0070507
41.97	0.0070469
41.98	0.0070432
41.99	0.0070394
42.0	0.0070357
42.01	0.007032
42.02	0.0070282
42.03	0.0070245
42.04	0.0070208
42.05	0.0070171
42.06	0.0070133
42.07	0.0070096
42.08	0.0070059
42.09	0.0070022
42.1	0.0069985
42.11	0.0069948
42.12	0.0069911
42.13	0.0069874
42.14	0.0069837
42.15	0.00698
42.16	0.0069763
42.17	0.0069726
42.18	0.0069689
42.19	0.0069652
42.2	0.0069615
42.21	0.0069579
42.22	0.0069542
42.23	0.0069505
42.24	0.0069469
42.25	0.0069432
42.26	0.0069395
42.27	0.0069359
42.28	0.0069322
42.29	0.0069286
42.3	0.0069249
42.31	0.0069213
42.32	0.0069176
42.33	0.006914
42.34	0.0069103
42.35	0.0069067
42.36	0.0069031
42.37	0.0068994
42.38	0.0068958
42.39	0.0068922
42.4	0.0068886
42.41	0.0068849
42.42	0.0068813
42.43	0.0068777
42.44	0.0068741
42.45	0.0068705
42.46	0.0068669
42.47	0.0068633
42.48	0.0068597
42.49	0.0068561
42.5	0.0068525
42.51	0.0068489
42.52	0.0068453
42.53	0.0068417
42.54	0.0068381
42.55	0.0068345
42.56	0.006831
42.57	0.0068274
42.58	0.0068238
42.59	0.0068203
42.6	0.0068167
42.61	0.0068131
42.62	0.0068096
42.63	0.006806
42.64	0.0068024
42.65	0.0067989
42.66	0.0067953
42.67	0.0067918
42.68	0.0067883
42.69	0.0067847
42.7	0.0067812
42.71	0.0067776
42.72	0.0067741
42.73	0.0067706
42.74	0.006767
42.75	0.0067635
42.76	0.00676
42.77	0.0067565
42.78	0.006753
42.79	0.0067494
42.8	0.0067459
42.81	0.0067424
42.82	0.0067389
42.83	0.0067354
42.84	0.0067319
42.85	0.0067284
42.86	0.0067249
42.87	0.0067214
42.88	0.0067179
42.89	0.0067145
42.9	0.006711
42.91	0.0067075
42.92	0.006704
42.93	0.0067005
42.94	0.0066971
42.95	0.0066936
42.96	0.0066901
42.97	0.0066867
42.98	0.0066832
42.99	0.0066797
43.0	0.0066763
43.01	0.0066728
43.02	0.0066694
43.03	0.0066659
43.04	0.0066625
43.05	0.006659
43.06	0.0066556
43.07	0.0066521
43.08	0.0066487
43.09	0.0066453
43.1	0.0066418
43.11	0.0066384
43.12	0.006635
43.13	0.0066316
43.14	0.0066281
43.15	0.0066247
43.16	0.0066213
43.17	0.0066179
43.18	0.0066145
43.19	0.0066111
43.2	0.0066077
43.21	0.0066043
43.22	0.0066009
43.23	0.0065975
43.24	0.0065941
43.25	0.0065907
43.26	0.0065873
43.27	0.0065839
43.28	0.0065805
43.29	0.0065771
43.3	0.0065738
43.31	0.0065704
43.32	0.006567
43.33	0.0065636
43.34	0.0065603
43.35	0.0065569
43.36	0.0065535
43.37	0.0065502
43.38	0.0065468
43.39	0.0065435
43.4	0.0065401
43.41	0.0065368
43.42	0.0065334
43.43	0.0065301
43.44	0.0065267
43.45	0.0065234
43.46	0.0065201
43.47	0.0065167
43.48	0.0065134
43.49	0.0065101
43.5	0.0065067
43.51	0.0065034
43.52	0.0065001
43.53	0.0064968
43.54	0.0064934
43.55	0.0064901
43.56	0.0064868
43.57	0.0064835
43.58	0.0064802
43.59	0.0064769
43.6	0.0064736
43.61	0.0064703
43.62	0.006467
43.63	0.0064637
43.64	0.0064604
43.65	0.0064571
43.66	0.0064538
43.67	0.0064505
43.68	0.0064473
43.69	0.006444
43.7	0.0064407
43.71	0.0064374
43.72	0.0064341
43.73	0.0064309
43.74	0.0064276
43.75	0.0064243
43.76	0.0064211
43.77	0.0064178
43.78	0.0064146
43.79	0.0064113
43.8	0.0064081
43.81	0.0064048
43.82	0.0064016
43.83	0.0063983
43.84	0.0063951
43.85	0.0063918
43.86	0.0063886
43.87	0.0063854
43.88	0.0063821
43.89	0.0063789
43.9	0.0063757
43.91	0.0063724
43.92	0.0063692
43.93	0.006366
43.94	0.0063628
43.95	0.0063596
43.96	0.0063563
43.97	0.0063531
43.98	0.0063499
43.99	0.0063467
44.0	0.0063435
44.01	0.0063403
44.02	0.0063371
44.03	0.0063339
44.04	0.0063307
44.05	0.0063275
44.06	0.0063243
44.07	0.0063212
44.08	0.006318
44.09	0.0063148
44.1	0.0063116
44.11	0.0063084
44.12	0.0063052
44.13	0.0063021
44.14	0.0062989
44.15	0.0062957
44.16	0.0062926
44.17	0.0062894
44.18	0.0062862
44.19	0.0062831
44.2	0.0062799
44.21	0.0062768
44.22	0.0062736
44.23	0.0062705
44.24	0.0062673
44.25	0.0062642
44.26	0.006261
44.27	0.0062579
44.28	0.0062548
44.29	0.0062516
44.3	0.0062485
44.31	0.0062454
44.32	0.0062422
44.33	0.0062391
44.34	0.006236
44.35	0.0062329
44.36	0.0062297
44.37	0.0062266
44.38	0.0062235
44.39	0.0062204
44.4	0.0062173
44.41	0.0062142
44.42	0.0062111
44.43	0.006208
44.44	0.0062049
44.45	0.0062018
44.46	0.0061987
44.47	0.0061956
44.48	0.0061925
44.49	0.0061894
44.5	0.0061863
44.51	0.0061832
44.52	0.0061802
44.53	0.0061771
44.54	0.006174
44.55	0.0061709
44.56	0.0061679
44.57	0.0061648
44.58	0.0061617
44.59	0.0061586
44.6	0.0061556
44.61	0.0061525
44.62	0.0061495
44.63	0.0061464
44.64	0.0061433
44.65	0.0061403
44.66	0.0061372
44.67	0.0061342
44.68	0.0061312
44.69	0.0061281
44.7	0.0061251
44.71	0.006122
44.72	0.006119
44.73	0.006116
44.74	0.0061129
44.75	0.0061099
44.76	0.0061069
44.77	0.0061038
44.78	0.0061008
44.79	0.0060978
44.8	0.0060948
44.81	0.0060918
44.82	0.0060887
44.83	0.0060857
44.84	0.0060827
44.85	0.0060797
44.86	0.0060767
44.87	0.0060737
44.88	0.0060707
44.89	0.0060677
44.9	0.0060647
44.91	0.0060617
44.92	0.0060587
44.93	0.0060557
44.94	0.0060527
44.95	0.0060498
44.96	0.0060468
44.97	0.0060438
44.98	0.0060408
44.99	0.0060378
45.0	0.0060349
45.01	0.0060319
45.02	0.0060289
45.03	0.006026
45.04	0.006023
45.05	0.00602
45.06	0.0060171
45.07	0.0060141
45.08	0.0060111
45.09	0.0060082
45.1	0.0060052
45.11	0.0060023
45.12	0.0059993
45.13	0.0059964
45.14	0.0059934
45.15	0.0059905
45.16	0.0059876
45.17	0.0059846
45.18	0.0059817
45.19	0.0059788
45.2	0.0059758
45.21	0.0059729
45.22	0.00597
45.23	0.005967
45.24	0.0059641
45.25	0.0059612
45.26	0.0059583
45.27	0.0059554
45.28	0.0059525
45.29	0.0059495
45.3	0.0059466
45.31	0.0059437
45.32	0.0059408
45.33	0.0059379
45.34	0.005935
45.35	0.0059321
45.36	0.0059292
45.37	0.0059263
45.38	0.0059234
45.39	0.0059205
45.4	0.0059176
45.41	0.0059148
45.42	0.0059119
45.43	0.005909
45.44	0.0059061
45.45	0.0059032
45.46	0.0059004
45.47	0.0058975
45.48	0.0058946
45.49	0.0058917
45.5	0.0058889
45.51	0.005886
45.52	0.0058831
45.53	0.0058803
45.54	0.0058774
45.55	0.0058746
45.56	0.0058717
45.57	0.0058689
45.58	0.005866
45.59	0.0058632
45.6	0.0058603
45.61	0.0058575
45.62	0.0058546
45.63	0.0058518
45.64	0.0058489
45.65	0.0058461
45.66	0.0058433
45.67	0.0058404
45.68	0.0058376
45.69	0.0058348
45.7	0.0058319
45.71	0.0058291
45.72	0.0058263
45.73	0.0058235
45.74	0.0058207
45.75	0.0058178
45.76	0.005815
45.77	0.0058122
45.78	0.0058094
45.79	0.0058066
45.8	0.0058038
45.81	0.005801
45.82	0.0057982
45.83	0.0057954
45.84	0.0057926
45.85	0.0057898
45.86	0.005787
45.87	0.0057842
45.88	0.0057814
45.89	0.0057786
45.9	0.0057758
45.91	0.005773
45.92	0.0057703
45.93	0.0057675
45.94	0.0057647
45.95	0.0057619
45.96	0.0057592
45.97	0.0057564
45.98	0.0057536
45.99	0.0057508
46.0	0.0057481
46.01	0.0057453
46.02	0.0057425
46.03	0.0057398
46.04	0.005737
46.05	0.0057343
46.06	0.0057315
46.07	0.0057288
46.08	0.005726
46.09	0.0057233
46.1	0.0057205
46.11	0.0057178
46.12	0.005715
46.13	0.0057123
46.14	0.0057096
46.15	0.0057068
46.16	0.0057041
46.17	0.0057013
46.18	0.0056986
46.19	0.0056959
46.2	0.0056932
46.21	0.0056904
46.22	0.0056877
46.23	0.005685
46.24	0.0056823
46.25	0.0056796
46.26	0.0056768
46.27	0.0056741
46.28	0.0056714
46.29	0.0056687
46.3	0.005666
46.31	0.0056633
46.32	0.0056606
46.33	0.0056579
46.34	0.0056552
46.35	0.0056525
46.36	0.0056498
46.37	0.0056471
46.38	0.0056444
46.39	0.0056417
46.4	0.005639
46.41	0.0056363
46.42	0.0056336
46.43	0.005631
46.44	0.0056283
46.45	0.0056256
46.46	0.0056229
46.47	0.0056203
46.48	0.0056176
46.49	0.0056149
46.5	0.0056122
46.51	0.0056096
46.52	0.0056069
46.53	0.0056042
46.54	0.0056016
46.55	0.0055989
46.56	0.0055963
46.57	0.0055936
46.58	0.0055909
46.59	0.0055883
46.6	0.0055856
46.61	0.005583
46.62	0.0055804
46.63	0.0055777
46.64	0.0055751
46.65	0.0055724
46.66	0.0055698
46.67	0.0055671
46.68	0.0055645
46.69	0.0055619
46.7	0.0055592
46.71	0.0055566
46.72	0.005554
46.73	0.0055514
46.74	0.0055487
46.75	0.0055461
46.76	0.0055435
46.77	0.0055409
46.78	0.0055383
46.79	0.0055356
46.8	0.005533
46.81	0.0055304
46.82	0.0055278
46.83	0.0055252
46.84	0.0055226
46.85	0.00552
46.86	0.0055174
46.87	0.0055148
46.88	0.0055122
46.89	0.0055096
46.9	0.005507
46.91	0.0055044
46.92	0.0055018
46.93	0.0054992
46.94	0.0054966
46.95	0.005494
46.96	0.0054915
46.97	0.0054889
46.98	0.0054863
46.99	0.0054837
47.0	0.0054811
47.01	0.0054786
47.02	0.005476
47.03	0.0054734
47.04	0.0054708
47.05	0.0054683
47.06	0.0054657
47.07	0.0054631
47.08	0.0054606
47.09	0.005458
47.1	0.0054555
47.11	0.0054529
47.12	0.0054503
47.13	0.0054478
47.14	0.0054452
47.15	0.0054427
47.16	0.0054401
47.17	0.0054376
47.18	0.0054351
47.19	0.0054325
47.2	0.00543
47.21	0.0054274
47.22	0.0054249
47.23	0.0054224
47.24	0.0054198
47.25	0.0054173
47.26	0.0054148
47.27	0.0054122
47.28	0.0054097
47.29	0.0054072
47.3	0.0054046
47.31	0.0054021
47.32	0.0053996
47.33	0.0053971
47.34	0.0053946
47.35	0.0053921
47.36	0.0053895
47.37	0.005387
47.38	0.0053845
47.39	0.005382
47.4	0.0053795
47.41	0.005377
47.42	0.0053745
47.43	0.005372
47.44	0.0053695
47.45	0.005367
47.46	0.0053645
47.47	0.005362
47.48	0.0053595
47.49	0.005357
47.5	0.0053545
47.51	0.0053521
47.52	0.0053496
47.53	0.0053471
47.54	0.0053446
47.55	0.0053421
47.56	0.0053396
47.57	0.0053372
47.58	0.0053347
47.59	0.0053322
47.6	0.0053297
47.61	0.0053273
47.62	0.0053248
47.63	0.0053223
47.64	0.0053199
47.65	0.0053174
47.66	0.005315
47.67	0.0053125
47.68	0.00531
47.69	0.0053076
47.7	0.0053051
47.71	0.0053027
47.72	0.0053002
47.73	0.0052978
47.74	0.0052953
47.75	0.0052929
47.76	0.0052904
47.77	0.005288
47.78	0.0052855
47.79	0.0052831
47.8	0.0052807
47.81	0.0052782
47.82	0.0052758
47.83	0.0052734
47.84	0.0052709
47.85	0.0052685
47.86	0.0052661
47.87	0.0052636
47.88	0.0052612
47.89	0.0052588
47.9	0.0052564
47.91	0.005254
47.92	0.0052515
47.93	0.0052491
47.94	0.0052467
47.95	0.0052443
47.96	0.0052419
47.97	0.0052395
47.98	0.0052371
47.99	0.0052347
48.0	0.0052323
48.01	0.0052299
48.02	0.0052275
48.03	0.0052251
48.04	0.0052227
48.05	0.0052203
48.06	0.0052179
48.07	0.0052155
48.08	0.0052131
48.09	0.0052107
48.1	0.0052083
48.11	0.0052059
48.12	0.0052035
48.13	0.0052011
48.14	0.0051988
48.15	0.0051964
48.16	0.005194
48.17	0.0051916
48.18	0.0051893
48.19	0.0051869
48.2	0.0051845
48.21	0.0051821
48.22	0.0051798
48.23	0.0051774
48.24	0.005175
48.25	0.0051727
48.26	0.0051703
48.27	0.005168
48.28	0.0051656
48.29	0.0051632
48.3	0.0051609
48.31	0.0051585
48.32	0.0051562
48.33	0.0051538
48.34	0.0051515
48.35	0.0051491
48.36	0.0051468
48.37	0.0051444
48.38	0.0051421
48.39	0.0051397
48.4	0.0051374
48.41	0.0051351
48.42	0.0051327
48.43	0.0051304
48.44	0.0051281
48.45	0.0051257
48.46	0.0051234
48.47	0.0051211
48.48	0.0051187
48.49	0.0051164
48.5	0.0051141
48.51	0.0051118
48.52	0.0051095
48.53	0.0051071
48.54	0.0051048
48.55	0.0051025
48.56	0.0051002
48.57	0.0050979
48.58	0.0050956
48.59	0.0050933
48.6	0.0050909
48.61	0.0050886
48.62	0.0050863
48.63	0.005084
48.64	0.0050817
48.65	0.0050794
48.66	0.0050771
48.67	0.0050748
48.68	0.0050725
48.69	0.0050702
48.7	0.0050679
48.71	0.0050657
48.72	0.0050634
48.73	0.0050611
48.74	0.0050588
48.75	0.0050565
48.76	0.0050542
48.77	0.0050519
48.78	0.0050497
48.79	0.0050474
48.8	0.0050451
48.81	0.0050428
48.82	0.0050406
48.83	0.0050383
48.84	0.005036
48.85	0.0050337
48.86	0.0050315
48.87	0.0050292
48.88	0.0050269
48.89	0.0050247
48.9	0.0050224
48.91	0.0050202
48.92	0.0050179
48.93	0.0050156
48.94	0.0050134
48.95	0.0050111
48.96	0.0050089
48.97	0.0050066
48.98	0.0050044
48.99	0.0050021
49.0	0.0049999
49.01	0.0049976
49.02	0.0049954
49.03	0.0049931
49.04	0.0049909
49.05	0.0049887
49.06	0.0049864
49.07	0.0049842
49.08	0.0049819
49.09	0.0049797
49.1	0.0049775
49.11	0.0049753
49.12	0.004973
49.13	0.0049708
49.14	0.0049686
49.15	0.0049663
49.16	0.0049641
49.17	0.0049619
49.18	0.0049597
49.19	0.0049575
49.2	0.0049552
49.21	0.004953
49.22	0.0049508
49.23	0.0049486
49.24	0.0049464
49.25	0.0049442
49.26	0.004942
49.27	0.0049398
49.28	0.0049376
49.29	0.0049354
49.3	0.0049332
49.31	0.004931
49.32	0.0049288
49.33	0.0049266
49.34	0.0049244
49.35	0.0049222
49.36	0.00492
49.37	0.0049178
49.38	0.0049156
49.39	0.0049134
49.4	0.0049112
49.41	0.004909
49.42	0.0049068
49.43	0.0049047
49.44	0.0049025
49.45	0.0049003
49.46	0.0048981
49.47	0.0048959
49.48	0.0048938
49.49	0.0048916
49.5	0.0048894
49.51	0.0048872
49.52	0.0048851
49.53	0.0048829
49.54	0.0048807
49.55	0.0048786
49.56	0.0048764
49.57	0.0048742
49.58	0.0048721
49.59	0.0048699
49.6	0.0048678
49.61	0.0048656
49.62	0.0048634
49.63	0.0048613
49.64	0.0048591
49.65	0.004857
49.66	0.0048548
49.67	0.0048527
49.68	0.0048505
49.69	0.0048484
49.7	0.0048462
49.71	0.0048441
49.72	0.004842
49.73	0.0048398
49.74	0.0048377
49.75	0.0048355
49.76	0.0048334
49.77	0.0048313
49.78	0.0048291
49.79	0.004827
49.8	0.0048249
49.81	0.0048227
49.82	0.0048206
49.83	0.0048185
49.84	0.0048164
49.85	0.0048142
49.86	0.0048121
49.87	0.00481
49.88	0.0048079
49.89	0.0048058
49.9	0.0048036
49.91	0.0048015
49.92	0.0047994
49.93	0.0047973
49.94	0.0047952
49.95	0.0047931
49.96	0.004791
49.97	0.0047889
49.98	0.0047868
49.99	0.0047847
50.0	0.0047826
