eng	y_fit
0.45	0.0
0.46	0.0075095
0.47	0.031301
0.48	0.043747
0.49	0.053483
0.5	0.061821
0.51	0.06928
0.52	0.076132
0.53	0.08254
0.54	0.088612
0.55	0.094423
0.56	0.10003
0.57	0.10547
0.58	0.11078
0.59	0.11598
0.6	0.12111
0.61	0.12617
0.62	0.13118
0.63	0.13615
0.64	0.14111
0.65	0.14605
0.66	0.15098
0.67	0.15592
0.68	0.16087
0.69	0.16584
0.7	0.17083
0.71	0.17585
0.72	0.1809
0.73	0.186
0.74	0.19113
0.75	0.19632
0.76	0.20155
0.77	0.20684
0.78	0.21219
0.79	0.2176
0.8	0.22307
0.81	0.22861
0.82	0.23423
0.83	0.23991
0.84	0.24567
0.85	0.25151
0.86	0.25743
0.87	0.26343
0.88	0.26951
0.89	0.27569
0.9	0.28194
0.91	0.28829
0.92	0.29474
0.93	0.30127
0.94	0.3079
0.95	0.31463
0.96	0.32145
0.97	0.32838
0.98	0.3354
0.99	0.34252
1.0	0.34975
1.01	0.35708
1.02	0.36451
1.03	0.37205
1.04	0.37969
1.05	0.38744
1.06	0.39529
1.07	0.40324
1.08	0.4113
1.09	0.41947
1.1	0.42774
1.11	0.43611
1.12	0.44459
1.13	0.45317
1.14	0.46185
1.15	0.47063
1.16	0.47951
1.17	0.48849
1.18	0.49756
1.19	0.50672
1.2	0.51598
1.21	0.52532
1.22	0.53474
1.23	0.54425
1.24	0.55384
1.25	0.5635
1.26	0.57324
1.27	0.58303
1.28	0.5929
1.29	0.60282
1.3	0.61279
1.31	0.62281
1.32	0.63286
1.33	0.64296
1.34	0.65308
1.35	0.66322
1.36	0.67338
1.37	0.68354
1.38	0.6937
1.39	0.70385
1.4	0.71398
1.41	0.72408
1.42	0.73415
1.43	0.74416
1.44	0.75412
1.45	0.7595714285714286
1.46	0.7650228571428571
1.47	0.7704742857142857
1.48	0.7759257142857142
1.49	0.7813771428571429
1.5	0.7868285714285715
1.51	0.7922800000000001
1.52	0.7977314285714285
1.53	0.8031828571428571
1.54	0.8086342857142856
1.55	0.8140857142857143
1.56	0.8195371428571427
1.57	0.8249885714285714
1.58	0.8304400000000001
1.59	0.8358914285714285
1.6	0.8413428571428572
1.61	0.8467942857142857
1.62	0.8522457142857143
1.63	0.8576971428571429
1.64	0.8631485714285714
1.65	0.8686
1.66	0.8740514285714285
1.67	0.8795028571428571
1.68	0.8849542857142857
1.69	0.8904057142857142
1.7	0.8958571428571428
1.71	0.9013085714285713
1.72	0.90676
1.73	0.9122114285714285
1.74	0.9176628571428571
1.75	0.9231142857142857
1.76	0.9285657142857143
1.77	0.9340171428571429
1.78	0.9394685714285714
1.79	0.94492
1.8	0.9503714285714285
1.81	0.9558228571428571
1.82	0.9612742857142857
1.83	0.9667257142857143
1.84	0.9721771428571429
1.85	0.9776285714285714
1.86	0.98308
1.87	0.98465
1.88	0.98657
1.89	0.98894
1.9	0.99186
1.91	0.99542
1.92	0.99973
1.93	1.0049
1.94	1.0109
1.95	1.0178
1.96	1.020409090909091
1.97	1.0230181818181818
1.98	1.0256272727272728
1.99	1.0282363636363636
2.0	1.0308454545454544
2.01	1.0334545454545454
2.02	1.0360636363636364
2.03	1.0386727272727272
2.04	1.0412818181818182
2.05	1.043890909090909
2.06	1.0465
2.07	1.0491090909090908
2.08	1.0517181818181818
2.09	1.0543272727272726
2.1	1.0569363636363636
2.11	1.0595454545454546
2.12	1.0621545454545454
2.13	1.0647636363636364
2.14	1.0673727272727271
2.15	1.0699818181818181
2.16	1.0725909090909092
2.17	1.0752
2.18	1.0694
2.19	1.0656
2.2	1.0677250000000003
2.21	1.0698500000000002
2.22	1.0719750000000001
2.23	1.0741
2.24	1.0818
2.25	1.0913
2.26	1.0929214285714286
2.27	1.0945428571428573
2.28	1.0961642857142857
2.29	1.0977857142857141
2.3	1.0994071428571428
2.31	1.1010285714285715
2.32	1.1026500000000001
2.33	1.1042714285714286
2.34	1.1058928571428572
2.35	1.1075142857142857
2.36	1.1091357142857143
2.37	1.110757142857143
2.38	1.1123785714285714
2.39	1.114
2.4	1.1046
2.41	1.0975
2.42	1.0994249999999999
2.43	1.10135
2.44	1.103275
2.45	1.1052
2.46	1.1155
2.47	1.1166999999999998
2.48	1.1179000000000001
2.49	1.1191
2.5	1.1202999999999999
2.51	1.1215
2.52	1.1227
2.53	1.1239000000000001
2.54	1.1251
2.55	1.1263
2.56	1.1145
2.57	1.1057
2.58	1.10555
2.59	1.1054
2.6	1.115
2.61	1.1140428571428571
2.62	1.1130857142857145
2.63	1.1121285714285714
2.64	1.1111714285714287
2.65	1.1102142857142858
2.66	1.109257142857143
2.67	1.1083
2.68	1.1038
2.69	1.1175
2.7	1.1139666666666668
2.71	1.1104333333333334
2.72	1.1069
2.73	1.1231
2.74	1.1227
2.75	1.1221
2.76	1.1215
2.77	1.1208
2.78	1.1201
2.79	1.1194
2.8	1.1187
2.81	1.1179
2.82	1.1172
2.83	1.1164
2.84	1.1155
2.85	1.1147
2.86	1.1138
2.87	1.113
2.88	1.1121
2.89	1.1112
2.9	1.1102
2.91	1.1093
2.92	1.1083
2.93	1.1073
2.94	1.1063
2.95	1.1053
2.96	1.1042
2.97	1.1032
2.98	1.1021
2.99	1.101
3.0	1.0999
3.01	1.0988
3.02	1.0977
3.03	1.0965
3.04	1.0954
3.05	1.0942
3.06	1.093
3.07	1.0918
3.08	1.0906
3.09	1.0894
3.1	1.0882
3.11	1.0869
3.12	1.0856
3.13	1.0844
3.14	1.0831
3.15	1.0818
3.16	1.0805
3.17	1.0792
3.18	1.0779
3.19	1.0765
3.2	1.0752
3.21	1.0738
3.22	1.0725
3.23	1.0711
3.24	1.0697
3.25	1.0683
3.26	1.0669
3.27	1.0655
3.28	1.0641
3.29	1.0626
3.3	1.0612
3.31	1.0598
3.32	1.0583
3.33	1.0569
3.34	1.0554
3.35	1.0539
3.36	1.0524
3.37	1.051
3.38	1.0495
3.39	1.048
3.4	1.0465
3.41	1.045
3.42	1.0434
3.43	1.0419
3.44	1.0404
3.45	1.0388
3.46	1.0373
3.47	1.0358
3.48	1.0342
3.49	1.0326
3.5	1.0311
3.51	1.0295
3.52	1.0279
3.53	1.0264
3.54	1.0248
3.55	1.0232
3.56	1.0216
3.57	1.02
3.58	1.0184
3.59	1.0168
3.6	1.0152
3.61	1.0136
3.62	1.012
3.63	1.0104
3.64	1.0087
3.65	1.0071
3.66	1.0055
3.67	1.0039
3.68	1.0022
3.69	1.0006
3.7	0.99894
3.71	0.9973
3.72	0.99565
3.73	0.994
3.74	0.99235
3.75	0.9907
3.76	0.98904
3.77	0.98738
3.78	0.98572
3.79	0.98406
3.8	0.9824
3.81	0.98073
3.82	0.97906
3.83	0.97739
3.84	0.97572
3.85	0.97404
3.86	0.97237
3.87	0.97069
3.88	0.96901
3.89	0.96733
3.9	0.96565
3.91	0.96397
3.92	0.96229
3.93	0.9606
3.94	0.95891
3.95	0.95723
3.96	0.95554
3.97	0.95385
3.98	0.95216
3.99	0.95047
4.0	0.94878
4.01	0.94709
4.02	0.94539
4.03	0.9437
4.04	0.94201
4.05	0.94031
4.06	0.93862
4.07	0.93692
4.08	0.93523
4.09	0.93353
4.1	0.93184
4.11	0.93014
4.12	0.92844
4.13	0.92675
4.14	0.92505
4.15	0.92335
4.16	0.92166
4.17	0.91996
4.18	0.91826
4.19	0.91657
4.2	0.91487
4.21	0.91317
4.22	0.91148
4.23	0.90978
4.24	0.90809
4.25	0.90639
4.26	0.9047
4.27	0.90301
4.28	0.90131
4.29	0.89962
4.3	0.89793
4.31	0.89624
4.32	0.89454
4.33	0.89285
4.34	0.89116
4.35	0.88947
4.36	0.88779
4.37	0.8861
4.38	0.88441
4.39	0.88272
4.4	0.88104
4.41	0.87935
4.42	0.87767
4.43	0.87599
4.44	0.87431
4.45	0.87263
4.46	0.87095
4.47	0.86927
4.48	0.86759
4.49	0.86591
4.5	0.86424
4.51	0.86256
4.52	0.86089
4.53	0.85922
4.54	0.85755
4.55	0.85588
4.56	0.85421
4.57	0.85254
4.58	0.85088
4.59	0.84921
4.6	0.84755
4.61	0.84589
4.62	0.84423
4.63	0.84257
4.64	0.84091
4.65	0.83925
4.66	0.8376
4.67	0.83595
4.68	0.83429
4.69	0.83264
4.7	0.831
4.71	0.82935
4.72	0.8277
4.73	0.82606
4.74	0.82442
4.75	0.82278
4.76	0.82114
4.77	0.8195
4.78	0.81786
4.79	0.81623
4.8	0.8146
4.81	0.81297
4.82	0.81134
4.83	0.80971
4.84	0.80808
4.85	0.80646
4.86	0.80484
4.87	0.80322
4.88	0.8016
4.89	0.79998
4.9	0.79837
4.91	0.79676
4.92	0.79515
4.93	0.79354
4.94	0.79193
4.95	0.79033
4.96	0.78872
4.97	0.78712
4.98	0.78552
4.99	0.78393
5.0	0.78233
5.01	0.78074
5.02	0.77915
5.03	0.77756
5.04	0.77597
5.05	0.77438
5.06	0.7728
5.07	0.77122
5.08	0.76964
5.09	0.76806
5.1	0.76649
5.11	0.76492
5.12	0.76335
5.13	0.76178
5.14	0.76021
5.15	0.75865
5.16	0.75708
5.17	0.75553
5.18	0.75397
5.19	0.75241
5.2	0.75086
5.21	0.74931
5.22	0.74776
5.23	0.74621
5.24	0.74467
5.25	0.74312
5.26	0.74158
5.27	0.74005
5.28	0.73851
5.29	0.73698
5.3	0.73545
5.31	0.73392
5.32	0.73239
5.33	0.73087
5.34	0.72934
5.35	0.72782
5.36	0.72631
5.37	0.72479
5.38	0.72328
5.39	0.72177
5.4	0.72026
5.41	0.71875
5.42	0.71725
5.43	0.71575
5.44	0.71425
5.45	0.71275
5.46	0.71126
5.47	0.70977
5.48	0.70828
5.49	0.70679
5.5	0.7053
5.51	0.70382
5.52	0.70234
5.53	0.70086
5.54	0.69939
5.55	0.69791
5.56	0.69644
5.57	0.69497
5.58	0.69351
5.59	0.69204
5.6	0.69058
5.61	0.68912
5.62	0.68767
5.63	0.68621
5.64	0.68476
5.65	0.68331
5.66	0.68186
5.67	0.68042
5.68	0.67897
5.69	0.67753
5.7	0.6761
5.71	0.67466
5.72	0.67323
5.73	0.6718
5.74	0.67037
5.75	0.66894
5.76	0.66752
5.77	0.6661
5.78	0.66468
5.79	0.66326
5.8	0.66185
5.81	0.66044
5.82	0.65903
5.83	0.65762
5.84	0.65621
5.85	0.65481
5.86	0.65341
5.87	0.65201
5.88	0.65062
5.89	0.64923
5.9	0.64783
5.91	0.64645
5.92	0.64506
5.93	0.64368
5.94	0.64229
5.95	0.64092
5.96	0.63954
5.97	0.63816
5.98	0.63679
5.99	0.63542
6.0	0.63406
6.01	0.63269
6.02	0.63133
6.03	0.62997
6.04	0.62861
6.05	0.62725
6.06	0.6259
6.07	0.62455
6.08	0.6232
6.09	0.62185
6.1	0.62051
6.11	0.61917
6.12	0.61783
6.13	0.61649
6.14	0.61515
6.15	0.61382
6.16	0.61249
6.17	0.61116
6.18	0.60984
6.19	0.60851
6.2	0.60719
6.21	0.60587
6.22	0.60455
6.23	0.60324
6.24	0.60193
6.25	0.60062
6.26	0.59931
6.27	0.598
6.28	0.5967
6.29	0.5954
6.3	0.5941
6.31	0.5928
6.32	0.59151
6.33	0.59021
6.34	0.58892
6.35	0.58764
6.36	0.58635
6.37	0.58507
6.38	0.58378
6.39	0.58251
6.4	0.58123
6.41	0.57995
6.42	0.57868
6.43	0.57741
6.44	0.57614
6.45	0.57488
6.46	0.57361
6.47	0.57235
6.48	0.57109
6.49	0.56984
6.5	0.56858
6.51	0.56733
6.52	0.56608
6.53	0.56483
6.54	0.56358
6.55	0.56234
6.56	0.5611
6.57	0.55986
6.58	0.55862
6.59	0.55739
6.6	0.55616
6.61	0.55492
6.62	0.5537
6.63	0.55247
6.64	0.55125
6.65	0.55003
6.66	0.54881
6.67	0.54759
6.68	0.54637
6.69	0.54516
6.7	0.54395
6.71	0.54274
6.72	0.54154
6.73	0.54033
6.74	0.53913
6.75	0.53793
6.76	0.53673
6.77	0.53554
6.78	0.53435
6.79	0.53315
6.8	0.53197
6.81	0.53078
6.82	0.5296
6.83	0.52842
6.84	0.52724
6.85	0.52606
6.86	0.52488
6.87	0.52371
6.88	0.52254
6.89	0.52137
6.9	0.52021
6.91	0.51904
6.92	0.51788
6.93	0.51672
6.94	0.51557
6.95	0.51441
6.96	0.51326
6.97	0.51211
6.98	0.51096
6.99	0.50982
7.0	0.50867
7.01	0.50753
7.02	0.5064
7.03	0.50526
7.04	0.50413
7.05	0.50299
7.06	0.50187
7.07	0.50074
7.08	0.49961
7.09	0.49849
7.1	0.49737
7.11	0.49626
7.12	0.49514
7.13	0.49403
7.14	0.49292
7.15	0.49181
7.16	0.4907
7.17	0.4896
7.18	0.4885
7.19	0.4874
7.2	0.48631
7.21	0.48521
7.22	0.48412
7.23	0.48303
7.24	0.48194
7.25	0.48086
7.26	0.47978
7.27	0.4787
7.28	0.47762
7.29	0.47655
7.3	0.47548
7.31	0.47441
7.32	0.47334
7.33	0.47227
7.34	0.47121
7.35	0.47015
7.36	0.46909
7.37	0.46804
7.38	0.46699
7.39	0.46594
7.4	0.46489
7.41	0.46384
7.42	0.4628
7.43	0.46176
7.44	0.46072
7.45	0.45969
7.46	0.45865
7.47	0.45762
7.48	0.45659
7.49	0.45557
7.5	0.45454
7.51	0.45352
7.52	0.45251
7.53	0.45149
7.54	0.45048
7.55	0.44946
7.56	0.44846
7.57	0.44745
7.58	0.44645
7.59	0.44545
7.6	0.44445
7.61	0.44345
7.62	0.44246
7.63	0.44147
7.64	0.44048
7.65	0.43949
7.66	0.43851
7.67	0.43753
7.68	0.43655
7.69	0.43557
7.7	0.4346
7.71	0.43362
7.72	0.43265
7.73	0.43169
7.74	0.43072
7.75	0.42976
7.76	0.4288
7.77	0.42785
7.78	0.42689
7.79	0.42594
7.8	0.42499
7.81	0.42404
7.82	0.4231
7.83	0.42215
7.84	0.42121
7.85	0.42028
7.86	0.41934
7.87	0.41841
7.88	0.41748
7.89	0.41655
7.9	0.41563
7.91	0.4147
7.92	0.41378
7.93	0.41286
7.94	0.41195
7.95	0.41103
7.96	0.41012
7.97	0.40921
7.98	0.40831
7.99	0.4074
8.0	0.4065
8.01	0.4056
8.02	0.4047
8.03	0.40381
8.04	0.40292
8.05	0.40203
8.06	0.40114
8.07	0.40025
8.08	0.39937
8.09	0.39849
8.1	0.39761
8.11	0.39673
8.12	0.39586
8.13	0.39499
8.14	0.39412
8.15	0.39325
8.16	0.39239
8.17	0.39152
8.18	0.39066
8.19	0.38981
8.2	0.38895
8.21	0.38809
8.22	0.38724
8.23	0.38639
8.24	0.38555
8.25	0.3847
8.26	0.38386
8.27	0.38302
8.28	0.38218
8.29	0.38134
8.3	0.38051
8.31	0.37968
8.32	0.37884
8.33	0.37802
8.34	0.37719
8.35	0.37637
8.36	0.37555
8.37	0.37473
8.38	0.37391
8.39	0.37309
8.4	0.37228
8.41	0.37147
8.42	0.37066
8.43	0.36985
8.44	0.36905
8.45	0.36824
8.46	0.36744
8.47	0.36664
8.48	0.36585
8.49	0.36505
8.5	0.36426
8.51	0.36347
8.52	0.36268
8.53	0.36189
8.54	0.3611
8.55	0.36032
8.56	0.35954
8.57	0.35876
8.58	0.35798
8.59	0.35721
8.6	0.35643
8.61	0.35566
8.62	0.35489
8.63	0.35412
8.64	0.35336
8.65	0.35259
8.66	0.35183
8.67	0.35107
8.68	0.35031
8.69	0.34955
8.7	0.3488
8.71	0.34805
8.72	0.3473
8.73	0.34655
8.74	0.3458
8.75	0.34505
8.76	0.34431
8.77	0.34357
8.78	0.34283
8.79	0.34209
8.8	0.34135
8.81	0.34062
8.82	0.33988
8.83	0.33915
8.84	0.33842
8.85	0.33769
8.86	0.33697
8.87	0.33624
8.88	0.33552
8.89	0.3348
8.9	0.33408
8.91	0.33336
8.92	0.33265
8.93	0.33193
8.94	0.33122
8.95	0.33051
8.96	0.3298
8.97	0.32909
8.98	0.32839
8.99	0.32768
9.0	0.32698
9.01	0.32628
9.02	0.32558
9.03	0.32488
9.04	0.32419
9.05	0.32349
9.06	0.3228
9.07	0.32211
9.08	0.32142
9.09	0.32073
9.1	0.32005
9.11	0.31936
9.12	0.31868
9.13	0.318
9.14	0.31732
9.15	0.31664
9.16	0.31597
9.17	0.31529
9.18	0.31462
9.19	0.31395
9.2	0.31328
9.21	0.31261
9.22	0.31194
9.23	0.31128
9.24	0.31062
9.25	0.30995
9.26	0.30929
9.27	0.30864
9.28	0.30798
9.29	0.30732
9.3	0.30667
9.31	0.30602
9.32	0.30537
9.33	0.30472
9.34	0.30407
9.35	0.30343
9.36	0.30278
9.37	0.30214
9.38	0.3015
9.39	0.30086
9.4	0.30022
9.41	0.29958
9.42	0.29895
9.43	0.29831
9.44	0.29768
9.45	0.29705
9.46	0.29642
9.47	0.2958
9.48	0.29517
9.49	0.29455
9.5	0.29393
9.51	0.2933
9.52	0.29268
9.53	0.29207
9.54	0.29145
9.55	0.29084
9.56	0.29022
9.57	0.28961
9.58	0.289
9.59	0.28839
9.6	0.28779
9.61	0.28718
9.62	0.28658
9.63	0.28597
9.64	0.28537
9.65	0.28477
9.66	0.28418
9.67	0.28358
9.68	0.28298
9.69	0.28239
9.7	0.2818
9.71	0.28121
9.72	0.28062
9.73	0.28003
9.74	0.27945
9.75	0.27887
9.76	0.27828
9.77	0.2777
9.78	0.27712
9.79	0.27655
9.8	0.27597
9.81	0.2754
9.82	0.27482
9.83	0.27425
9.84	0.27368
9.85	0.27311
9.86	0.27255
9.87	0.27198
9.88	0.27142
9.89	0.27086
9.9	0.2703
9.91	0.26974
9.92	0.26919
9.93	0.26863
9.94	0.26808
9.95	0.26753
9.96	0.26698
9.97	0.26644
9.98	0.26589
9.99	0.26535
10.0	0.26481
10.01	0.26427
10.02	0.26374
10.03	0.2632
10.04	0.26267
10.05	0.26215
10.06	0.26162
10.07	0.2611
10.08	0.26059
10.09	0.26008
10.1	0.25957
10.11	0.25907
10.12	0.25858
10.13	0.25809
10.14	0.25761
10.15	0.25715
10.16	0.25671
10.17	0.25628
10.18	0.25588
10.19	0.25552
10.2	0.25521
10.21	0.25498
10.22	0.25487
10.23	0.25496
10.24	0.25539
10.25	0.25644
10.26	0.25590125
10.27	0.2553625
10.28	0.25482375
10.29	0.254285
10.3	0.25374625
10.31	0.25320750000000003
10.32	0.25266875
10.33	0.25213
10.34	0.24991
10.35	0.24843
10.36	0.24732
10.37	0.24643
10.38	0.24567
10.39	0.2452121052631579
10.4	0.2447542105263158
10.41	0.24429631578947367
10.42	0.2438384210526316
10.43	0.2433805263157895
10.44	0.2429226315789474
10.45	0.24246473684210523
10.46	0.24200684210526313
10.47	0.24154894736842109
10.48	0.24109105263157893
10.49	0.24063315789473683
10.5	0.24017526315789473
10.51	0.23971736842105262
10.52	0.23925947368421052
10.53	0.2388015789473684
10.54	0.23834368421052632
10.55	0.2378857894736842
10.56	0.23742789473684212
10.57	0.23697
10.58	0.2379
10.59	0.23797000000000001
10.6	0.23804
10.61	0.23811
10.62	0.23818
10.63	0.23591
10.64	0.23447
10.65	0.23345
10.66	0.23264
10.67	0.2321157142857143
10.68	0.23159142857142861
10.69	0.23106714285714286
10.7	0.23054285714285716
10.71	0.2300185714285714
10.72	0.2294942857142857
10.73	0.22897
10.74	0.2284457142857143
10.75	0.22792142857142855
10.76	0.22739714285714285
10.77	0.22687285714285715
10.78	0.22634857142857145
10.79	0.22582428571428573
10.8	0.2253
10.81	0.22484
10.82	0.22438
10.83	0.22393
10.84	0.2235
10.85	0.22311
10.86	0.2228
10.87	0.22274
10.88	0.22326
10.89	0.22438
10.9	0.22425
10.91	0.22298
10.92	0.22185
10.93	0.22098
10.94	0.22029
10.95	0.21968
10.96	0.21914
10.97	0.21863
10.98	0.21814
10.99	0.21767
11.0	0.21722
11.01	0.21677
11.02	0.21634
11.03	0.21591
11.04	0.21549
11.05	0.21508
11.06	0.21468
11.07	0.21428
11.08	0.2139
11.09	0.21353
11.1	0.21318
11.11	0.21286
11.12	0.21259
11.13	0.21238
11.14	0.21229
11.15	0.21233
11.16	0.21223
11.17	0.21135
11.18	0.21009
11.19	0.20919
11.2	0.20857
11.21	0.20808
11.22	0.20765
11.23	0.20724
11.24	0.20684
11.25	0.20645
11.26	0.20606
11.27	0.20567
11.28	0.20529
11.29	0.2049
11.3	0.20452
11.31	0.20414
11.32	0.20376
11.33	0.20339
11.34	0.20301
11.35	0.20264
11.36	0.20228
11.37	0.20192
11.38	0.20157
11.39	0.20123
11.4	0.20091
11.41	0.2006
11.42	0.20026
11.43	0.19982
11.44	0.19932
11.45	0.19885
11.46	0.19843
11.47	0.19803
11.48	0.19764
11.49	0.19726
11.5	0.19689
11.51	0.19651
11.52	0.19614
11.53	0.19578
11.54	0.19541
11.55	0.19504
11.56	0.19468
11.57	0.19431
11.58	0.19395
11.59	0.19359
11.6	0.19322
11.61	0.19286
11.62	0.1925
11.63	0.19214
11.64	0.19179
11.65	0.19144
11.66	0.19109
11.67	0.19076
11.68	0.19042
11.69	0.19007
11.7	0.18972
11.71	0.18936
11.72	0.189
11.73	0.18865
11.74	0.18829
11.75	0.18794
11.76	0.18759
11.77	0.18724
11.78	0.18689
11.79	0.18654
11.8	0.18619
11.81	0.18585
11.82	0.1855
11.83	0.18516
11.84	0.18481
11.85	0.18447
11.86	0.18413
11.87	0.1838
11.88	0.18347
11.89	0.18314
11.9	0.18283
11.91	0.18252
11.92	0.18222
11.93	0.18191
11.94	0.18158
11.95	0.18125
11.96	0.18091
11.97	0.18057
11.98	0.18023
11.99	0.17989
12.0	0.17956
12.01	0.17922
12.02	0.17889
12.03	0.17856
12.04	0.17823
12.05	0.1779
12.06	0.17758
12.07	0.17725
12.08	0.17693
12.09	0.17661
12.1	0.17629
12.11	0.17597
12.12	0.17565
12.13	0.17533
12.14	0.17502
12.15	0.17471
12.16	0.1744
12.17	0.17408
12.18	0.17377
12.19	0.17345
12.2	0.17314
12.21	0.17283
12.22	0.17251
12.23	0.1722
12.24	0.17189
12.25	0.17159
12.26	0.17128
12.27	0.17097
12.28	0.17067
12.29	0.17037
12.3	0.17007
12.31	0.16977
12.32	0.16948
12.33	0.16919
12.34	0.16889
12.35	0.1686
12.36	0.1683
12.37	0.16798
12.38	0.16765
12.39	0.16731
12.4	0.16698
12.41	0.16666
12.42	0.16635
12.43	0.16605
12.44	0.16576
12.45	0.16547
12.46	0.16519
12.47	0.1649
12.48	0.16462
12.49	0.16435
12.5	0.16408
12.51	0.16381
12.52	0.16354
12.53	0.16328
12.54	0.16302
12.55	0.16275
12.56	0.16245
12.57	0.16212
12.58	0.16176
12.59	0.16141
12.6	0.16108
12.61	0.16078
12.62	0.16048
12.63	0.1602
12.64	0.15993
12.65	0.15966
12.66	0.1594
12.67	0.15915
12.68	0.1589
12.69	0.15867
12.7	0.15844
12.71	0.1582
12.72	0.15792
12.73	0.15758
12.74	0.15721
12.75	0.15686
12.76	0.15654
12.77	0.15626
12.78	0.15599
12.79	0.15574
12.8	0.1555
12.81	0.15529
12.82	0.15509
12.83	0.15488
12.84	0.15457
12.85	0.15417
12.86	0.15381
12.87	0.15352
12.88	0.15329
12.89	0.15314
12.9	0.153
12.91	0.15244
12.92	0.15228
12.93	0.15199
12.94	0.15173
12.95	0.15146
12.96	0.15119
12.97	0.15093
12.98	0.15066
12.99	0.1504
13.0	0.15013
13.01	0.14987
13.02	0.14961
13.03	0.14935
13.04	0.14908
13.05	0.14882
13.06	0.14856
13.07	0.1483
13.08	0.14804
13.09	0.14779
13.1	0.14753
13.11	0.14727
13.12	0.14701
13.13	0.14676
13.14	0.1465
13.15	0.14625
13.16	0.14599
13.17	0.14574
13.18	0.14549
13.19	0.14523
13.2	0.14498
13.21	0.14473
13.22	0.14448
13.23	0.14423
13.24	0.14398
13.25	0.14373
13.26	0.14348
13.27	0.14323
13.28	0.14299
13.29	0.14274
13.3	0.14249
13.31	0.14225
13.32	0.142
13.33	0.14176
13.34	0.14151
13.35	0.14127
13.36	0.14103
13.37	0.14078
13.38	0.14054
13.39	0.1403
13.4	0.14006
13.41	0.13982
13.42	0.13958
13.43	0.13934
13.44	0.1391
13.45	0.13886
13.46	0.13863
13.47	0.13839
13.48	0.13815
13.49	0.13792
13.5	0.13768
13.51	0.13745
13.52	0.13721
13.53	0.13698
13.54	0.13675
13.55	0.13651
13.56	0.13628
13.57	0.13605
13.58	0.13582
13.59	0.13559
13.6	0.13536
13.61	0.13513
13.62	0.1349
13.63	0.13467
13.64	0.13444
13.65	0.13422
13.66	0.13399
13.67	0.13376
13.68	0.13354
13.69	0.13331
13.7	0.13309
13.71	0.13286
13.72	0.13264
13.73	0.13242
13.74	0.13219
13.75	0.13197
13.76	0.13175
13.77	0.13153
13.78	0.13131
13.79	0.13109
13.8	0.13087
13.81	0.13065
13.82	0.13043
13.83	0.13021
13.84	0.12999
13.85	0.12978
13.86	0.12956
13.87	0.12934
13.88	0.12913
13.89	0.12891
13.9	0.1287
13.91	0.12848
13.92	0.12827
13.93	0.12806
13.94	0.12784
13.95	0.12763
13.96	0.12742
13.97	0.12721
13.98	0.127
13.99	0.12679
14.0	0.12658
14.01	0.12637
14.02	0.12616
14.03	0.12595
14.04	0.12574
14.05	0.12553
14.06	0.12533
14.07	0.12512
14.08	0.12491
14.09	0.12471
14.1	0.1245
14.11	0.1243
14.12	0.12409
14.13	0.12389
14.14	0.12369
14.15	0.12349
14.16	0.12328
14.17	0.12308
14.18	0.12288
14.19	0.12268
14.2	0.12248
14.21	0.12228
14.22	0.12208
14.23	0.12188
14.24	0.12168
14.25	0.12148
14.26	0.12128
14.27	0.12109
14.28	0.12089
14.29	0.12069
14.3	0.1205
14.31	0.1203
14.32	0.12011
14.33	0.11991
14.34	0.11972
14.35	0.11952
14.36	0.11933
14.37	0.11914
14.38	0.11894
14.39	0.11875
14.4	0.11856
14.41	0.11837
14.42	0.11818
14.43	0.11799
14.44	0.1178
14.45	0.11761
14.46	0.11742
14.47	0.11723
14.48	0.11704
14.49	0.11685
14.5	0.11667
14.51	0.11648
14.52	0.11629
14.53	0.11611
14.54	0.11592
14.55	0.11574
14.56	0.11555
14.57	0.11537
14.58	0.11518
14.59	0.115
14.6	0.11482
14.61	0.11463
14.62	0.11445
14.63	0.11427
14.64	0.11409
14.65	0.11391
14.66	0.11372
14.67	0.11354
14.68	0.11336
14.69	0.11318
14.7	0.11301
14.71	0.11283
14.72	0.11265
14.73	0.11247
14.74	0.11229
14.75	0.11212
14.76	0.11194
14.77	0.11176
14.78	0.11159
14.79	0.11141
14.8	0.11123
14.81	0.11106
14.82	0.11089
14.83	0.11071
14.84	0.11054
14.85	0.11036
14.86	0.11019
14.87	0.11002
14.88	0.10985
14.89	0.10967
14.9	0.1095
14.91	0.10933
14.92	0.10916
14.93	0.10899
14.94	0.10882
14.95	0.10865
14.96	0.10848
14.97	0.10831
14.98	0.10815
14.99	0.10798
15.0	0.10781
15.01	0.10764
15.02	0.10747
15.03	0.10731
15.04	0.10714
15.05	0.10698
15.06	0.10681
15.07	0.10665
15.08	0.10648
15.09	0.10632
15.1	0.10615
15.11	0.10599
15.12	0.10582
15.13	0.10566
15.14	0.1055
15.15	0.10534
15.16	0.10517
15.17	0.10501
15.18	0.10485
15.19	0.10469
15.2	0.10453
15.21	0.10437
15.22	0.10421
15.23	0.10405
15.24	0.10389
15.25	0.10373
15.26	0.10357
15.27	0.10342
15.28	0.10326
15.29	0.1031
15.3	0.10294
15.31	0.10279
15.32	0.10263
15.33	0.10247
15.34	0.10232
15.35	0.10216
15.36	0.10201
15.37	0.10185
15.38	0.1017
15.39	0.10154
15.4	0.10139
15.41	0.10124
15.42	0.10108
15.43	0.10093
15.44	0.10078
15.45	0.10063
15.46	0.10048
15.47	0.10032
15.48	0.10017
15.49	0.10002
15.5	0.099871
15.51	0.099721
15.52	0.099571
15.53	0.099421
15.54	0.099272
15.55	0.099123
15.56	0.098975
15.57	0.098826
15.58	0.098678
15.59	0.098531
15.6	0.098383
15.61	0.098236
15.62	0.098089
15.63	0.097943
15.64	0.097797
15.65	0.097651
15.66	0.097506
15.67	0.09736
15.68	0.097216
15.69	0.097071
15.7	0.096927
15.71	0.096783
15.72	0.096639
15.73	0.096496
15.74	0.096353
15.75	0.09621
15.76	0.096067
15.77	0.095925
15.78	0.095783
15.79	0.095642
15.8	0.095501
15.81	0.09536
15.82	0.095219
15.83	0.095078
15.84	0.094938
15.85	0.094799
15.86	0.094659
15.87	0.09452
15.88	0.094381
15.89	0.094242
15.9	0.094104
15.91	0.093966
15.92	0.093828
15.93	0.093691
15.94	0.093553
15.95	0.093417
15.96	0.09328
15.97	0.093144
15.98	0.093008
15.99	0.092872
16.0	0.092736
16.01	0.092601
16.02	0.092466
16.03	0.092331
16.04	0.092197
16.05	0.092063
16.06	0.091929
16.07	0.091796
16.08	0.091662
16.09	0.091529
16.1	0.091397
16.11	0.091264
16.12	0.091132
16.13	0.091
16.14	0.090869
16.15	0.090737
16.16	0.090606
16.17	0.090475
16.18	0.090345
16.19	0.090214
16.2	0.090084
16.21	0.089955
16.22	0.089825
16.23	0.089696
16.24	0.089567
16.25	0.089438
16.26	0.08931
16.27	0.089182
16.28	0.089054
16.29	0.088926
16.3	0.088799
16.31	0.088672
16.32	0.088545
16.33	0.088418
16.34	0.088292
16.35	0.088166
16.36	0.08804
16.37	0.087914
16.38	0.087789
16.39	0.087664
16.4	0.087539
16.41	0.087414
16.42	0.08729
16.43	0.087166
16.44	0.087042
16.45	0.086919
16.46	0.086795
16.47	0.086672
16.48	0.086549
16.49	0.086427
16.5	0.086305
16.51	0.086182
16.52	0.086061
16.53	0.085939
16.54	0.085818
16.55	0.085697
16.56	0.085576
16.57	0.085455
16.58	0.085335
16.59	0.085215
16.6	0.085095
16.61	0.084975
16.62	0.084856
16.63	0.084736
16.64	0.084618
16.65	0.084499
16.66	0.08438
16.67	0.084262
16.68	0.084144
16.69	0.084026
16.7	0.083909
16.71	0.083792
16.72	0.083675
16.73	0.083558
16.74	0.083441
16.75	0.083325
16.76	0.083209
16.77	0.083093
16.78	0.082977
16.79	0.082862
16.8	0.082746
16.81	0.082631
16.82	0.082517
16.83	0.082402
16.84	0.082288
16.85	0.082174
16.86	0.08206
16.87	0.081946
16.88	0.081833
16.89	0.08172
16.9	0.081607
16.91	0.081494
16.92	0.081382
16.93	0.081269
16.94	0.081157
16.95	0.081045
16.96	0.080934
16.97	0.080822
16.98	0.080711
16.99	0.0806
17.0	0.080489
17.01	0.080379
17.02	0.080269
17.03	0.080158
17.04	0.080049
17.05	0.079939
17.06	0.079829
17.07	0.07972
17.08	0.079611
17.09	0.079502
17.1	0.079394
17.11	0.079285
17.12	0.079177
17.13	0.079069
17.14	0.078961
17.15	0.078854
17.16	0.078746
17.17	0.078639
17.18	0.078532
17.19	0.078426
17.2	0.078319
17.21	0.078213
17.22	0.078107
17.23	0.078001
17.24	0.077895
17.25	0.07779
17.26	0.077684
17.27	0.077579
17.28	0.077474
17.29	0.07737
17.3	0.077265
17.31	0.077161
17.32	0.077057
17.33	0.076953
17.34	0.076849
17.35	0.076746
17.36	0.076643
17.37	0.076539
17.38	0.076437
17.39	0.076334
17.4	0.076231
17.41	0.076129
17.42	0.076027
17.43	0.075925
17.44	0.075823
17.45	0.075722
17.46	0.075621
17.47	0.075519
17.48	0.075418
17.49	0.075318
17.5	0.075217
17.51	0.075117
17.52	0.075017
17.53	0.074917
17.54	0.074817
17.55	0.074717
17.56	0.074618
17.57	0.074519
17.58	0.07442
17.59	0.074321
17.6	0.074222
17.61	0.074124
17.62	0.074025
17.63	0.073927
17.64	0.073829
17.65	0.073732
17.66	0.073634
17.67	0.073537
17.68	0.07344
17.69	0.073343
17.7	0.073246
17.71	0.073149
17.72	0.073053
17.73	0.072956
17.74	0.07286
17.75	0.072764
17.76	0.072669
17.77	0.072573
17.78	0.072478
17.79	0.072383
17.8	0.072288
17.81	0.072193
17.82	0.072098
17.83	0.072004
17.84	0.071909
17.85	0.071815
17.86	0.071721
17.87	0.071628
17.88	0.071534
17.89	0.071441
17.9	0.071347
17.91	0.071254
17.92	0.071161
17.93	0.071069
17.94	0.070976
17.95	0.070884
17.96	0.070791
17.97	0.070699
17.98	0.070608
17.99	0.070516
18.0	0.070424
18.01	0.070333
18.02	0.070242
18.03	0.070151
18.04	0.07006
18.05	0.069969
18.06	0.069879
18.07	0.069788
18.08	0.069698
18.09	0.069608
18.1	0.069518
18.11	0.069429
18.12	0.069339
18.13	0.06925
18.14	0.069161
18.15	0.069072
18.16	0.068983
18.17	0.068894
18.18	0.068806
18.19	0.068717
18.2	0.068629
18.21	0.068541
18.22	0.068453
18.23	0.068365
18.24	0.068278
18.25	0.06819
18.26	0.068103
18.27	0.068016
18.28	0.067929
18.29	0.067842
18.3	0.067756
18.31	0.067669
18.32	0.067583
18.33	0.067497
18.34	0.067411
18.35	0.067325
18.36	0.06724
18.37	0.067154
18.38	0.067069
18.39	0.066984
18.4	0.066898
18.41	0.066814
18.42	0.066729
18.43	0.066644
18.44	0.06656
18.45	0.066476
18.46	0.066392
18.47	0.066308
18.48	0.066224
18.49	0.06614
18.5	0.066057
18.51	0.065973
18.52	0.06589
18.53	0.065807
18.54	0.065724
18.55	0.065641
18.56	0.065559
18.57	0.065476
18.58	0.065394
18.59	0.065312
18.6	0.06523
18.61	0.065148
18.62	0.065066
18.63	0.064985
18.64	0.064903
18.65	0.064822
18.66	0.064741
18.67	0.06466
18.68	0.064579
18.69	0.064498
18.7	0.064418
18.71	0.064337
18.72	0.064257
18.73	0.064177
18.74	0.064097
18.75	0.064017
18.76	0.063937
18.77	0.063858
18.78	0.063778
18.79	0.063699
18.8	0.06362
18.81	0.063541
18.82	0.063462
18.83	0.063384
18.84	0.063305
18.85	0.063227
18.86	0.063148
18.87	0.06307
18.88	0.062992
18.89	0.062914
18.9	0.062837
18.91	0.062759
18.92	0.062681
18.93	0.062604
18.94	0.062527
18.95	0.06245
18.96	0.062373
18.97	0.062296
18.98	0.06222
18.99	0.062143
19.0	0.062067
19.01	0.061991
19.02	0.061914
19.03	0.061838
19.04	0.061763
19.05	0.061687
19.06	0.061611
19.07	0.061536
19.08	0.061461
19.09	0.061386
19.1	0.06131
19.11	0.061236
19.12	0.061161
19.13	0.061086
19.14	0.061012
19.15	0.060937
19.16	0.060863
19.17	0.060789
19.18	0.060715
19.19	0.060641
19.2	0.060567
19.21	0.060494
19.22	0.06042
19.23	0.060347
19.24	0.060274
19.25	0.060201
19.26	0.060128
19.27	0.060055
19.28	0.059982
19.29	0.05991
19.3	0.059837
19.31	0.059765
19.32	0.059693
19.33	0.059621
19.34	0.059549
19.35	0.059477
19.36	0.059405
19.37	0.059333
19.38	0.059262
19.39	0.059191
19.4	0.059119
19.41	0.059048
19.42	0.058977
19.43	0.058907
19.44	0.058836
19.45	0.058765
19.46	0.058695
19.47	0.058624
19.48	0.058554
19.49	0.058484
19.5	0.058414
19.51	0.058344
19.52	0.058275
19.53	0.058205
19.54	0.058135
19.55	0.058066
19.56	0.057997
19.57	0.057928
19.58	0.057859
19.59	0.05779
19.6	0.057721
19.61	0.057652
19.62	0.057584
19.63	0.057515
19.64	0.057447
19.65	0.057379
19.66	0.057311
19.67	0.057243
19.68	0.057175
19.69	0.057107
19.7	0.057039
19.71	0.056972
19.72	0.056904
19.73	0.056837
19.74	0.05677
19.75	0.056703
19.76	0.056636
19.77	0.056569
19.78	0.056502
19.79	0.056436
19.8	0.056369
19.81	0.056303
19.82	0.056237
19.83	0.056171
19.84	0.056105
19.85	0.056039
19.86	0.055973
19.87	0.055907
19.88	0.055842
19.89	0.055776
19.9	0.055711
19.91	0.055645
19.92	0.05558
19.93	0.055515
19.94	0.05545
19.95	0.055385
19.96	0.055321
19.97	0.055256
19.98	0.055192
19.99	0.055127
20.0	0.055063
20.01	0.054999
20.02	0.054935
20.03	0.054871
20.04	0.054807
20.05	0.054743
20.06	0.05468
20.07	0.054616
20.08	0.054553
20.09	0.054489
20.1	0.054426
20.11	0.054363
20.12	0.0543
20.13	0.054237
20.14	0.054174
20.15	0.054112
20.16	0.054049
20.17	0.053987
20.18	0.053924
20.19	0.053862
20.2	0.0538
20.21	0.053738
20.22	0.053676
20.23	0.053614
20.24	0.053552
20.25	0.053491
20.26	0.053429
20.27	0.053368
20.28	0.053306
20.29	0.053245
20.3	0.053184
20.31	0.053123
20.32	0.053062
20.33	0.053001
20.34	0.05294
20.35	0.05288
20.36	0.052819
20.37	0.052759
20.38	0.052699
20.39	0.052638
20.4	0.052578
20.41	0.052518
20.42	0.052458
20.43	0.052398
20.44	0.052339
20.45	0.052279
20.46	0.052219
20.47	0.05216
20.48	0.052101
20.49	0.052041
20.5	0.051982
20.51	0.051923
20.52	0.051864
20.53	0.051805
20.54	0.051747
20.55	0.051688
20.56	0.051629
20.57	0.051571
20.58	0.051513
20.59	0.051454
20.6	0.051396
20.61	0.051338
20.62	0.05128
20.63	0.051222
20.64	0.051164
20.65	0.051107
20.66	0.051049
20.67	0.050991
20.68	0.050934
20.69	0.050877
20.7	0.050819
20.71	0.050762
20.72	0.050705
20.73	0.050648
20.74	0.050591
20.75	0.050535
20.76	0.050478
20.77	0.050421
20.78	0.050365
20.79	0.050308
20.8	0.050252
20.81	0.050196
20.82	0.05014
20.83	0.050084
20.84	0.050028
20.85	0.049972
20.86	0.049916
20.87	0.04986
20.88	0.049805
20.89	0.049749
20.9	0.049694
20.91	0.049638
20.92	0.049583
20.93	0.049528
20.94	0.049473
20.95	0.049418
20.96	0.049363
20.97	0.049308
20.98	0.049254
20.99	0.049199
21.0	0.049145
21.01	0.04909
21.02	0.049036
21.03	0.048981
21.04	0.048927
21.05	0.048873
21.06	0.048819
21.07	0.048765
21.08	0.048711
21.09	0.048658
21.1	0.048604
21.11	0.04855
21.12	0.048497
21.13	0.048443
21.14	0.04839
21.15	0.048337
21.16	0.048284
21.17	0.048231
21.18	0.048178
21.19	0.048125
21.2	0.048072
21.21	0.048019
21.22	0.047967
21.23	0.047914
21.24	0.047862
21.25	0.047809
21.26	0.047757
21.27	0.047705
21.28	0.047652
21.29	0.0476
21.3	0.047548
21.31	0.047496
21.32	0.047445
21.33	0.047393
21.34	0.047341
21.35	0.04729
21.36	0.047238
21.37	0.047187
21.38	0.047135
21.39	0.047084
21.4	0.047033
21.41	0.046982
21.42	0.046931
21.43	0.04688
21.44	0.046829
21.45	0.046778
21.46	0.046728
21.47	0.046677
21.48	0.046626
21.49	0.046576
21.5	0.046526
21.51	0.046475
21.52	0.046425
21.53	0.046375
21.54	0.046325
21.55	0.046275
21.56	0.046225
21.57	0.046175
21.58	0.046126
21.59	0.046076
21.6	0.046026
21.61	0.045977
21.62	0.045927
21.63	0.045878
21.64	0.045829
21.65	0.045779
21.66	0.04573
21.67	0.045681
21.68	0.045632
21.69	0.045583
21.7	0.045535
21.71	0.045486
21.72	0.045437
21.73	0.045389
21.74	0.04534
21.75	0.045292
21.76	0.045243
21.77	0.045195
21.78	0.045147
21.79	0.045099
21.8	0.04505
21.81	0.045002
21.82	0.044955
21.83	0.044907
21.84	0.044859
21.85	0.044811
21.86	0.044764
21.87	0.044716
21.88	0.044669
21.89	0.044621
21.9	0.044574
21.91	0.044527
21.92	0.044479
21.93	0.044432
21.94	0.044385
21.95	0.044338
21.96	0.044291
21.97	0.044245
21.98	0.044198
21.99	0.044151
22.0	0.044104
22.01	0.044058
22.02	0.044011
22.03	0.043965
22.04	0.043919
22.05	0.043872
22.06	0.043826
22.07	0.04378
22.08	0.043734
22.09	0.043688
22.1	0.043642
22.11	0.043596
22.12	0.043551
22.13	0.043505
22.14	0.043459
22.15	0.043414
22.16	0.043368
22.17	0.043323
22.18	0.043278
22.19	0.043232
22.2	0.043187
22.21	0.043142
22.22	0.043097
22.23	0.043052
22.24	0.043007
22.25	0.042962
22.26	0.042917
22.27	0.042872
22.28	0.042828
22.29	0.042783
22.3	0.042739
22.31	0.042694
22.32	0.04265
22.33	0.042605
22.34	0.042561
22.35	0.042517
22.36	0.042473
22.37	0.042429
22.38	0.042385
22.39	0.042341
22.4	0.042297
22.41	0.042253
22.42	0.04221
22.43	0.042166
22.44	0.042122
22.45	0.042079
22.46	0.042035
22.47	0.041992
22.48	0.041949
22.49	0.041905
22.5	0.041862
22.51	0.041819
22.52	0.041776
22.53	0.041733
22.54	0.04169
22.55	0.041647
22.56	0.041604
22.57	0.041561
22.58	0.041519
22.59	0.041476
22.6	0.041434
22.61	0.041391
22.62	0.041349
22.63	0.041306
22.64	0.041264
22.65	0.041222
22.66	0.041179
22.67	0.041137
22.68	0.041095
22.69	0.041053
22.7	0.041011
22.71	0.040969
22.72	0.040928
22.73	0.040886
22.74	0.040844
22.75	0.040803
22.76	0.040761
22.77	0.04072
22.78	0.040678
22.79	0.040637
22.8	0.040595
22.81	0.040554
22.82	0.040513
22.83	0.040472
22.84	0.040431
22.85	0.04039
22.86	0.040349
22.87	0.040308
22.88	0.040267
22.89	0.040226
22.9	0.040186
22.91	0.040145
22.92	0.040104
22.93	0.040064
22.94	0.040023
22.95	0.039983
22.96	0.039943
22.97	0.039902
22.98	0.039862
22.99	0.039822
23.0	0.039782
23.01	0.039742
23.02	0.039702
23.03	0.039662
23.04	0.039622
23.05	0.039582
23.06	0.039542
23.07	0.039503
23.08	0.039463
23.09	0.039423
23.1	0.039384
23.11	0.039344
23.12	0.039305
23.13	0.039266
23.14	0.039226
23.15	0.039187
23.16	0.039148
23.17	0.039109
23.18	0.03907
23.19	0.039031
23.2	0.038992
23.21	0.038953
23.22	0.038914
23.23	0.038875
23.24	0.038836
23.25	0.038798
23.26	0.038759
23.27	0.03872
23.28	0.038682
23.29	0.038644
23.3	0.038605
23.31	0.038567
23.32	0.038529
23.33	0.03849
23.34	0.038452
23.35	0.038414
23.36	0.038376
23.37	0.038338
23.38	0.0383
23.39	0.038262
23.4	0.038224
23.41	0.038186
23.42	0.038149
23.43	0.038111
23.44	0.038073
23.45	0.038036
23.46	0.037998
23.47	0.037961
23.48	0.037923
23.49	0.037886
23.5	0.037849
23.51	0.037811
23.52	0.037774
23.53	0.037737
23.54	0.0377
23.55	0.037663
23.56	0.037626
23.57	0.037589
23.58	0.037552
23.59	0.037515
23.6	0.037479
23.61	0.037442
23.62	0.037405
23.63	0.037369
23.64	0.037332
23.65	0.037296
23.66	0.037259
23.67	0.037223
23.68	0.037186
23.69	0.03715
23.7	0.037114
23.71	0.037078
23.72	0.037041
23.73	0.037005
23.74	0.036969
23.75	0.036933
23.76	0.036897
23.77	0.036861
23.78	0.036826
23.79	0.03679
23.8	0.036754
23.81	0.036718
23.82	0.036683
23.83	0.036647
23.84	0.036612
23.85	0.036576
23.86	0.036541
23.87	0.036505
23.88	0.03647
23.89	0.036435
23.9	0.036399
23.91	0.036364
23.92	0.036329
23.93	0.036294
23.94	0.036259
23.95	0.036224
23.96	0.036189
23.97	0.036154
23.98	0.036119
23.99	0.036084
24.0	0.03605
24.01	0.036015
24.02	0.03598
24.03	0.035946
24.04	0.035911
24.05	0.035877
24.06	0.035842
24.07	0.035808
24.08	0.035774
24.09	0.035739
24.1	0.035705
24.11	0.035671
24.12	0.035637
24.13	0.035602
24.14	0.035568
24.15	0.035534
24.16	0.0355
24.17	0.035466
24.18	0.035433
24.19	0.035399
24.2	0.035365
24.21	0.035331
24.22	0.035298
24.23	0.035264
24.24	0.03523
24.25	0.035197
24.26	0.035163
24.27	0.03513
24.28	0.035096
24.29	0.035063
24.3	0.03503
24.31	0.034996
24.32	0.034963
24.33	0.03493
24.34	0.034897
24.35	0.034864
24.36	0.034831
24.37	0.034798
24.38	0.034765
24.39	0.034732
24.4	0.034699
24.41	0.034666
24.42	0.034633
24.43	0.034601
24.44	0.034568
24.45	0.034535
24.46	0.034503
24.47	0.03447
24.48	0.034438
24.49	0.034405
24.5	0.034373
24.51	0.034341
24.52	0.034308
24.53	0.034276
24.54	0.034244
24.55	0.034212
24.56	0.034179
24.57	0.034147
24.58	0.034115
24.59	0.034083
24.6	0.034051
24.61	0.034019
24.62	0.033987
24.63	0.033956
24.64	0.033924
24.65	0.033892
24.66	0.03386
24.67	0.033829
24.68	0.033797
24.69	0.033766
24.7	0.033734
24.71	0.033703
24.72	0.033671
24.73	0.03364
24.74	0.033608
24.75	0.033577
24.76	0.033546
24.77	0.033515
24.78	0.033483
24.79	0.033452
24.8	0.033421
24.81	0.03339
24.82	0.033359
24.83	0.033328
24.84	0.033297
24.85	0.033266
24.86	0.033235
24.87	0.033205
24.88	0.033174
24.89	0.033143
24.9	0.033112
24.91	0.033082
24.92	0.033051
24.93	0.033021
24.94	0.03299
24.95	0.03296
24.96	0.032929
24.97	0.032899
24.98	0.032868
24.99	0.032838
25.0	0.032808
25.01	0.032778
25.02	0.032747
25.03	0.032717
25.04	0.032687
25.05	0.032657
25.06	0.032627
25.07	0.032597
25.08	0.032567
25.09	0.032537
25.1	0.032507
25.11	0.032477
25.12	0.032448
25.13	0.032418
25.14	0.032388
25.15	0.032359
25.16	0.032329
25.17	0.032299
25.18	0.03227
25.19	0.03224
25.2	0.032211
25.21	0.032181
25.22	0.032152
25.23	0.032123
25.24	0.032093
25.25	0.032064
25.26	0.032035
25.27	0.032006
25.28	0.031977
25.29	0.031947
25.3	0.031918
25.31	0.031889
25.32	0.03186
25.33	0.031831
25.34	0.031802
25.35	0.031774
25.36	0.031745
25.37	0.031716
25.38	0.031687
25.39	0.031658
25.4	0.03163
25.41	0.031601
25.42	0.031572
25.43	0.031544
25.44	0.031515
25.45	0.031487
25.46	0.031458
25.47	0.03143
25.48	0.031402
25.49	0.031373
25.5	0.031345
25.51	0.031317
25.52	0.031288
25.53	0.03126
25.54	0.031232
25.55	0.031204
25.56	0.031176
25.57	0.031148
25.58	0.03112
25.59	0.031092
25.6	0.031064
25.61	0.031036
25.62	0.031008
25.63	0.03098
25.64	0.030952
25.65	0.030925
25.66	0.030897
25.67	0.030869
25.68	0.030842
25.69	0.030814
25.7	0.030786
25.71	0.030759
25.72	0.030731
25.73	0.030704
25.74	0.030676
25.75	0.030649
25.76	0.030622
25.77	0.030594
25.78	0.030567
25.79	0.03054
25.8	0.030513
25.81	0.030485
25.82	0.030458
25.83	0.030431
25.84	0.030404
25.85	0.030377
25.86	0.03035
25.87	0.030323
25.88	0.030296
25.89	0.030269
25.9	0.030242
25.91	0.030215
25.92	0.030189
25.93	0.030162
25.94	0.030135
25.95	0.030108
25.96	0.030082
25.97	0.030055
25.98	0.030029
25.99	0.030002
26.0	0.029976
26.01	0.029949
26.02	0.029923
26.03	0.029896
26.04	0.02987
26.05	0.029843
26.06	0.029817
26.07	0.029791
26.08	0.029765
26.09	0.029738
26.1	0.029712
26.11	0.029686
26.12	0.02966
26.13	0.029634
26.14	0.029608
26.15	0.029582
26.16	0.029556
26.17	0.02953
26.18	0.029504
26.19	0.029478
26.2	0.029452
26.21	0.029426
26.22	0.029401
26.23	0.029375
26.24	0.029349
26.25	0.029324
26.26	0.029298
26.27	0.029272
26.28	0.029247
26.29	0.029221
26.3	0.029196
26.31	0.02917
26.32	0.029145
26.33	0.029119
26.34	0.029094
26.35	0.029069
26.36	0.029043
26.37	0.029018
26.38	0.028993
26.39	0.028968
26.4	0.028942
26.41	0.028917
26.42	0.028892
26.43	0.028867
26.44	0.028842
26.45	0.028817
26.46	0.028792
26.47	0.028767
26.48	0.028742
26.49	0.028717
26.5	0.028692
26.51	0.028667
26.52	0.028643
26.53	0.028618
26.54	0.028593
26.55	0.028568
26.56	0.028544
26.57	0.028519
26.58	0.028494
26.59	0.02847
26.6	0.028445
26.61	0.028421
26.62	0.028396
26.63	0.028372
26.64	0.028347
26.65	0.028323
26.66	0.028299
26.67	0.028274
26.68	0.02825
26.69	0.028226
26.7	0.028201
26.71	0.028177
26.72	0.028153
26.73	0.028129
26.74	0.028105
26.75	0.028081
26.76	0.028057
26.77	0.028033
26.78	0.028009
26.79	0.027985
26.8	0.027961
26.81	0.027937
26.82	0.027913
26.83	0.027889
26.84	0.027865
26.85	0.027841
26.86	0.027818
26.87	0.027794
26.88	0.02777
26.89	0.027746
26.9	0.027723
26.91	0.027699
26.92	0.027676
26.93	0.027652
26.94	0.027629
26.95	0.027605
26.96	0.027582
26.97	0.027558
26.98	0.027535
26.99	0.027511
27.0	0.027488
27.01	0.027465
27.02	0.027441
27.03	0.027418
27.04	0.027395
27.05	0.027372
27.06	0.027349
27.07	0.027325
27.08	0.027302
27.09	0.027279
27.1	0.027256
27.11	0.027233
27.12	0.02721
27.13	0.027187
27.14	0.027164
27.15	0.027141
27.16	0.027118
27.17	0.027095
27.18	0.027073
27.19	0.02705
27.2	0.027027
27.21	0.027004
27.22	0.026982
27.23	0.026959
27.24	0.026936
27.25	0.026914
27.26	0.026891
27.27	0.026868
27.28	0.026846
27.29	0.026823
27.3	0.026801
27.31	0.026778
27.32	0.026756
27.33	0.026733
27.34	0.026711
27.35	0.026689
27.36	0.026666
27.37	0.026644
27.38	0.026622
27.39	0.0266
27.4	0.026577
27.41	0.026555
27.42	0.026533
27.43	0.026511
27.44	0.026489
27.45	0.026467
27.46	0.026445
27.47	0.026423
27.48	0.026401
27.49	0.026379
27.5	0.026357
27.51	0.026335
27.52	0.026313
27.53	0.026291
27.54	0.026269
27.55	0.026247
27.56	0.026225
27.57	0.026204
27.58	0.026182
27.59	0.02616
27.6	0.026139
27.61	0.026117
27.62	0.026095
27.63	0.026074
27.64	0.026052
27.65	0.026031
27.66	0.026009
27.67	0.025988
27.68	0.025966
27.69	0.025945
27.7	0.025923
27.71	0.025902
27.72	0.02588
27.73	0.025859
27.74	0.025838
27.75	0.025816
27.76	0.025795
27.77	0.025774
27.78	0.025753
27.79	0.025732
27.8	0.02571
27.81	0.025689
27.82	0.025668
27.83	0.025647
27.84	0.025626
27.85	0.025605
27.86	0.025584
27.87	0.025563
27.88	0.025542
27.89	0.025521
27.9	0.0255
27.91	0.025479
27.92	0.025458
27.93	0.025438
27.94	0.025417
27.95	0.025396
27.96	0.025375
27.97	0.025354
27.98	0.025334
27.99	0.025313
28.0	0.025292
28.01	0.025272
28.02	0.025251
28.03	0.025231
28.04	0.02521
28.05	0.025189
28.06	0.025169
28.07	0.025148
28.08	0.025128
28.09	0.025108
28.1	0.025087
28.11	0.025067
28.12	0.025046
28.13	0.025026
28.14	0.025006
28.15	0.024985
28.16	0.024965
28.17	0.024945
28.18	0.024925
28.19	0.024905
28.2	0.024884
28.21	0.024864
28.22	0.024844
28.23	0.024824
28.24	0.024804
28.25	0.024784
28.26	0.024764
28.27	0.024744
28.28	0.024724
28.29	0.024704
28.3	0.024684
28.31	0.024664
28.32	0.024644
28.33	0.024624
28.34	0.024605
28.35	0.024585
28.36	0.024565
28.37	0.024545
28.38	0.024525
28.39	0.024506
28.4	0.024486
28.41	0.024466
28.42	0.024447
28.43	0.024427
28.44	0.024407
28.45	0.024388
28.46	0.024368
28.47	0.024349
28.48	0.024329
28.49	0.02431
28.5	0.02429
28.51	0.024271
28.52	0.024251
28.53	0.024232
28.54	0.024213
28.55	0.024193
28.56	0.024174
28.57	0.024155
28.58	0.024135
28.59	0.024116
28.6	0.024097
28.61	0.024078
28.62	0.024058
28.63	0.024039
28.64	0.02402
28.65	0.024001
28.66	0.023982
28.67	0.023963
28.68	0.023944
28.69	0.023925
28.7	0.023906
28.71	0.023887
28.72	0.023868
28.73	0.023849
28.74	0.02383
28.75	0.023811
28.76	0.023792
28.77	0.023773
28.78	0.023754
28.79	0.023736
28.8	0.023717
28.81	0.023698
28.82	0.023679
28.83	0.023661
28.84	0.023642
28.85	0.023623
28.86	0.023605
28.87	0.023586
28.88	0.023567
28.89	0.023549
28.9	0.02353
28.91	0.023512
28.92	0.023493
28.93	0.023475
28.94	0.023456
28.95	0.023438
28.96	0.023419
28.97	0.023401
28.98	0.023382
28.99	0.023364
29.0	0.023346
29.01	0.023327
29.02	0.023309
29.03	0.023291
29.04	0.023272
29.05	0.023254
29.06	0.023236
29.07	0.023218
29.08	0.023199
29.09	0.023181
29.1	0.023163
29.11	0.023145
29.12	0.023127
29.13	0.023109
29.14	0.023091
29.15	0.023073
29.16	0.023055
29.17	0.023037
29.18	0.023019
29.19	0.023001
29.2	0.022983
29.21	0.022965
29.22	0.022947
29.23	0.022929
29.24	0.022911
29.25	0.022893
29.26	0.022876
29.27	0.022858
29.28	0.02284
29.29	0.022822
29.3	0.022804
29.31	0.022787
29.32	0.022769
29.33	0.022751
29.34	0.022734
29.35	0.022716
29.36	0.022698
29.37	0.022681
29.38	0.022663
29.39	0.022646
29.4	0.022628
29.41	0.022611
29.42	0.022593
29.43	0.022576
29.44	0.022558
29.45	0.022541
29.46	0.022523
29.47	0.022506
29.48	0.022489
29.49	0.022471
29.5	0.022454
29.51	0.022437
29.52	0.022419
29.53	0.022402
29.54	0.022385
29.55	0.022368
29.56	0.02235
29.57	0.022333
29.58	0.022316
29.59	0.022299
29.6	0.022282
29.61	0.022265
29.62	0.022247
29.63	0.02223
29.64	0.022213
29.65	0.022196
29.66	0.022179
29.67	0.022162
29.68	0.022145
29.69	0.022128
29.7	0.022111
29.71	0.022094
29.72	0.022078
29.73	0.022061
29.74	0.022044
29.75	0.022027
29.76	0.02201
29.77	0.021993
29.78	0.021976
29.79	0.02196
29.8	0.021943
29.81	0.021926
29.82	0.021909
29.83	0.021893
29.84	0.021876
29.85	0.021859
29.86	0.021843
29.87	0.021826
29.88	0.02181
29.89	0.021793
29.9	0.021776
29.91	0.02176
29.92	0.021743
29.93	0.021727
29.94	0.02171
29.95	0.021694
29.96	0.021677
29.97	0.021661
29.98	0.021645
29.99	0.021628
30.0	0.021612
30.01	0.021595
30.02	0.021579
30.03	0.021563
30.04	0.021546
30.05	0.02153
30.06	0.021514
30.07	0.021498
30.08	0.021481
30.09	0.021465
30.1	0.021449
30.11	0.021433
30.12	0.021417
30.13	0.0214
30.14	0.021384
30.15	0.021368
30.16	0.021352
30.17	0.021336
30.18	0.02132
30.19	0.021304
30.2	0.021288
30.21	0.021272
30.22	0.021256
30.23	0.02124
30.24	0.021224
30.25	0.021208
30.26	0.021192
30.27	0.021176
30.28	0.02116
30.29	0.021144
30.3	0.021129
30.31	0.021113
30.32	0.021097
30.33	0.021081
30.34	0.021065
30.35	0.02105
30.36	0.021034
30.37	0.021018
30.38	0.021002
30.39	0.020987
30.4	0.020971
30.41	0.020955
30.42	0.02094
30.43	0.020924
30.44	0.020909
30.45	0.020893
30.46	0.020877
30.47	0.020862
30.48	0.020846
30.49	0.020831
30.5	0.020815
30.51	0.0208
30.52	0.020784
30.53	0.020769
30.54	0.020753
30.55	0.020738
30.56	0.020723
30.57	0.020707
30.58	0.020692
30.59	0.020677
30.6	0.020661
30.61	0.020646
30.62	0.020631
30.63	0.020615
30.64	0.0206
30.65	0.020585
30.66	0.02057
30.67	0.020554
30.68	0.020539
30.69	0.020524
30.7	0.020509
30.71	0.020494
30.72	0.020479
30.73	0.020463
30.74	0.020448
30.75	0.020433
30.76	0.020418
30.77	0.020403
30.78	0.020388
30.79	0.020373
30.8	0.020358
30.81	0.020343
30.82	0.020328
30.83	0.020313
30.84	0.020298
30.85	0.020283
30.86	0.020268
30.87	0.020254
30.88	0.020239
30.89	0.020224
30.9	0.020209
30.91	0.020194
30.92	0.020179
30.93	0.020165
30.94	0.02015
30.95	0.020135
30.96	0.02012
30.97	0.020106
30.98	0.020091
30.99	0.020076
31.0	0.020061
31.01	0.020047
31.02	0.020032
31.03	0.020018
31.04	0.020003
31.05	0.019988
31.06	0.019974
31.07	0.019959
31.08	0.019945
31.09	0.01993
31.1	0.019916
31.11	0.019901
31.12	0.019887
31.13	0.019872
31.14	0.019858
31.15	0.019843
31.16	0.019829
31.17	0.019814
31.18	0.0198
31.19	0.019786
31.2	0.019771
31.21	0.019757
31.22	0.019743
31.23	0.019728
31.24	0.019714
31.25	0.0197
31.26	0.019685
31.27	0.019671
31.28	0.019657
31.29	0.019643
31.3	0.019628
31.31	0.019614
31.32	0.0196
31.33	0.019586
31.34	0.019572
31.35	0.019558
31.36	0.019543
31.37	0.019529
31.38	0.019515
31.39	0.019501
31.4	0.019487
31.41	0.019473
31.42	0.019459
31.43	0.019445
31.44	0.019431
31.45	0.019417
31.46	0.019403
31.47	0.019389
31.48	0.019375
31.49	0.019361
31.5	0.019347
31.51	0.019333
31.52	0.019319
31.53	0.019306
31.54	0.019292
31.55	0.019278
31.56	0.019264
31.57	0.01925
31.58	0.019236
31.59	0.019223
31.6	0.019209
31.61	0.019195
31.62	0.019181
31.63	0.019168
31.64	0.019154
31.65	0.01914
31.66	0.019127
31.67	0.019113
31.68	0.019099
31.69	0.019086
31.7	0.019072
31.71	0.019058
31.72	0.019045
31.73	0.019031
31.74	0.019018
31.75	0.019004
31.76	0.018991
31.77	0.018977
31.78	0.018964
31.79	0.01895
31.8	0.018937
31.81	0.018923
31.82	0.01891
31.83	0.018896
31.84	0.018883
31.85	0.018869
31.86	0.018856
31.87	0.018843
31.88	0.018829
31.89	0.018816
31.9	0.018803
31.91	0.018789
31.92	0.018776
31.93	0.018763
31.94	0.018749
31.95	0.018736
31.96	0.018723
31.97	0.01871
31.98	0.018696
31.99	0.018683
32.0	0.01867
32.01	0.018657
32.02	0.018644
32.03	0.018631
32.04	0.018617
32.05	0.018604
32.06	0.018591
32.07	0.018578
32.08	0.018565
32.09	0.018552
32.1	0.018539
32.11	0.018526
32.12	0.018513
32.13	0.0185
32.14	0.018487
32.15	0.018474
32.16	0.018461
32.17	0.018448
32.18	0.018435
32.19	0.018422
32.2	0.018409
32.21	0.018396
32.22	0.018383
32.23	0.01837
32.24	0.018357
32.25	0.018344
32.26	0.018332
32.27	0.018319
32.28	0.018306
32.29	0.018293
32.3	0.01828
32.31	0.018268
32.32	0.018255
32.33	0.018242
32.34	0.018229
32.35	0.018217
32.36	0.018204
32.37	0.018191
32.38	0.018179
32.39	0.018166
32.4	0.018153
32.41	0.018141
32.42	0.018128
32.43	0.018115
32.44	0.018103
32.45	0.01809
32.46	0.018077
32.47	0.018065
32.48	0.018052
32.49	0.01804
32.5	0.018027
32.51	0.018015
32.52	0.018002
32.53	0.01799
32.54	0.017977
32.55	0.017965
32.56	0.017952
32.57	0.01794
32.58	0.017927
32.59	0.017915
32.6	0.017903
32.61	0.01789
32.62	0.017878
32.63	0.017866
32.64	0.017853
32.65	0.017841
32.66	0.017828
32.67	0.017816
32.68	0.017804
32.69	0.017792
32.7	0.017779
32.71	0.017767
32.72	0.017755
32.73	0.017743
32.74	0.01773
32.75	0.017718
32.76	0.017706
32.77	0.017694
32.78	0.017682
32.79	0.017669
32.8	0.017657
32.81	0.017645
32.82	0.017633
32.83	0.017621
32.84	0.017609
32.85	0.017597
32.86	0.017585
32.87	0.017572
32.88	0.01756
32.89	0.017548
32.9	0.017536
32.91	0.017524
32.92	0.017512
32.93	0.0175
32.94	0.017488
32.95	0.017476
32.96	0.017464
32.97	0.017452
32.98	0.017441
32.99	0.017429
33.0	0.017417
33.01	0.017405
33.02	0.017393
33.03	0.017381
33.04	0.017369
33.05	0.017357
33.06	0.017346
33.07	0.017334
33.08	0.017322
33.09	0.01731
33.1	0.017298
33.11	0.017287
33.12	0.017275
33.13	0.017263
33.14	0.017251
33.15	0.01724
33.16	0.017228
33.17	0.017216
33.18	0.017204
33.19	0.017193
33.2	0.017181
33.21	0.017169
33.22	0.017158
33.23	0.017146
33.24	0.017134
33.25	0.017123
33.26	0.017111
33.27	0.0171
33.28	0.017088
33.29	0.017077
33.3	0.017065
33.31	0.017053
33.32	0.017042
33.33	0.01703
33.34	0.017019
33.35	0.017007
33.36	0.016996
33.37	0.016984
33.38	0.016973
33.39	0.016962
33.4	0.01695
33.41	0.016939
33.42	0.016927
33.43	0.016916
33.44	0.016904
33.45	0.016893
33.46	0.016882
33.47	0.01687
33.48	0.016859
33.49	0.016848
33.5	0.016836
33.51	0.016825
33.52	0.016814
33.53	0.016802
33.54	0.016791
33.55	0.01678
33.56	0.016769
33.57	0.016757
33.58	0.016746
33.59	0.016735
33.6	0.016724
33.61	0.016712
33.62	0.016701
33.63	0.01669
33.64	0.016679
33.65	0.016668
33.66	0.016657
33.67	0.016645
33.68	0.016634
33.69	0.016623
33.7	0.016612
33.71	0.016601
33.72	0.01659
33.73	0.016579
33.74	0.016568
33.75	0.016557
33.76	0.016546
33.77	0.016535
33.78	0.016524
33.79	0.016513
33.8	0.016502
33.81	0.016491
33.82	0.01648
33.83	0.016469
33.84	0.016458
33.85	0.016447
33.86	0.016436
33.87	0.016425
33.88	0.016414
33.89	0.016403
33.9	0.016392
33.91	0.016381
33.92	0.016371
33.93	0.01636
33.94	0.016349
33.95	0.016338
33.96	0.016327
33.97	0.016316
33.98	0.016306
33.99	0.016295
34.0	0.016284
34.01	0.016273
34.02	0.016263
34.03	0.016252
34.04	0.016241
34.05	0.01623
34.06	0.01622
34.07	0.016209
34.08	0.016198
34.09	0.016188
34.1	0.016177
34.11	0.016166
34.12	0.016156
34.13	0.016145
34.14	0.016134
34.15	0.016124
34.16	0.016113
34.17	0.016102
34.18	0.016092
34.19	0.016081
34.2	0.016071
34.21	0.01606
34.22	0.01605
34.23	0.016039
34.24	0.016028
34.25	0.016018
34.26	0.016007
34.27	0.015997
34.28	0.015986
34.29	0.015976
34.3	0.015966
34.31	0.015955
34.32	0.015945
34.33	0.015934
34.34	0.015924
34.35	0.015913
34.36	0.015903
34.37	0.015893
34.38	0.015882
34.39	0.015872
34.4	0.015861
34.41	0.015851
34.42	0.015841
34.43	0.01583
34.44	0.01582
34.45	0.01581
34.46	0.015799
34.47	0.015789
34.48	0.015779
34.49	0.015769
34.5	0.015758
34.51	0.015748
34.52	0.015738
34.53	0.015728
34.54	0.015717
34.55	0.015707
34.56	0.015697
34.57	0.015687
34.58	0.015676
34.59	0.015666
34.6	0.015656
34.61	0.015646
34.62	0.015636
34.63	0.015626
34.64	0.015616
34.65	0.015605
34.66	0.015595
34.67	0.015585
34.68	0.015575
34.69	0.015565
34.7	0.015555
34.71	0.015545
34.72	0.015535
34.73	0.015525
34.74	0.015515
34.75	0.015505
34.76	0.015495
34.77	0.015485
34.78	0.015475
34.79	0.015465
34.8	0.015455
34.81	0.015445
34.82	0.015435
34.83	0.015425
34.84	0.015415
34.85	0.015405
34.86	0.015395
34.87	0.015385
34.88	0.015375
34.89	0.015365
34.9	0.015356
34.91	0.015346
34.92	0.015336
34.93	0.015326
34.94	0.015316
34.95	0.015306
34.96	0.015296
34.97	0.015287
34.98	0.015277
34.99	0.015267
35.0	0.015257
35.01	0.015247
35.02	0.015238
35.03	0.015228
35.04	0.015218
35.05	0.015208
35.06	0.015199
35.07	0.015189
35.08	0.015179
35.09	0.01517
35.1	0.01516
35.11	0.01515
35.12	0.01514
35.13	0.015131
35.14	0.015121
35.15	0.015112
35.16	0.015102
35.17	0.015092
35.18	0.015083
35.19	0.015073
35.2	0.015063
35.21	0.015054
35.22	0.015044
35.23	0.015035
35.24	0.015025
35.25	0.015016
35.26	0.015006
35.27	0.014996
35.28	0.014987
35.29	0.014977
35.3	0.014968
35.31	0.014958
35.32	0.014949
35.33	0.014939
35.34	0.01493
35.35	0.01492
35.36	0.014911
35.37	0.014901
35.38	0.014892
35.39	0.014883
35.4	0.014873
35.41	0.014864
35.42	0.014854
35.43	0.014845
35.44	0.014836
35.45	0.014826
35.46	0.014817
35.47	0.014807
35.48	0.014798
35.49	0.014789
35.5	0.014779
35.51	0.01477
35.52	0.014761
35.53	0.014751
35.54	0.014742
35.55	0.014733
35.56	0.014724
35.57	0.014714
35.58	0.014705
35.59	0.014696
35.6	0.014687
35.61	0.014677
35.62	0.014668
35.63	0.014659
35.64	0.01465
35.65	0.01464
35.66	0.014631
35.67	0.014622
35.68	0.014613
35.69	0.014604
35.7	0.014595
35.71	0.014585
35.72	0.014576
35.73	0.014567
35.74	0.014558
35.75	0.014549
35.76	0.01454
35.77	0.014531
35.78	0.014522
35.79	0.014512
35.8	0.014503
35.81	0.014494
35.82	0.014485
35.83	0.014476
35.84	0.014467
35.85	0.014458
35.86	0.014449
35.87	0.01444
35.88	0.014431
35.89	0.014422
35.9	0.014413
35.91	0.014404
35.92	0.014395
35.93	0.014386
35.94	0.014377
35.95	0.014368
35.96	0.014359
35.97	0.01435
35.98	0.014341
35.99	0.014332
36.0	0.014324
36.01	0.014315
36.02	0.014306
36.03	0.014297
36.04	0.014288
36.05	0.014279
36.06	0.01427
36.07	0.014261
36.08	0.014253
36.09	0.014244
36.1	0.014235
36.11	0.014226
36.12	0.014217
36.13	0.014208
36.14	0.0142
36.15	0.014191
36.16	0.014182
36.17	0.014173
36.18	0.014164
36.19	0.014156
36.2	0.014147
36.21	0.014138
36.22	0.01413
36.23	0.014121
36.24	0.014112
36.25	0.014103
36.26	0.014095
36.27	0.014086
36.28	0.014077
36.29	0.014069
36.3	0.01406
36.31	0.014051
36.32	0.014043
36.33	0.014034
36.34	0.014025
36.35	0.014017
36.36	0.014008
36.37	0.013999
36.38	0.013991
36.39	0.013982
36.4	0.013974
36.41	0.013965
36.42	0.013956
36.43	0.013948
36.44	0.013939
36.45	0.013931
36.46	0.013922
36.47	0.013914
36.48	0.013905
36.49	0.013897
36.5	0.013888
36.51	0.01388
36.52	0.013871
36.53	0.013863
36.54	0.013854
36.55	0.013846
36.56	0.013837
36.57	0.013829
36.58	0.01382
36.59	0.013812
36.6	0.013803
36.61	0.013795
36.62	0.013787
36.63	0.013778
36.64	0.01377
36.65	0.013761
36.66	0.013753
36.67	0.013745
36.68	0.013736
36.69	0.013728
36.7	0.01372
36.71	0.013711
36.72	0.013703
36.73	0.013694
36.74	0.013686
36.75	0.013678
36.76	0.01367
36.77	0.013661
36.78	0.013653
36.79	0.013645
36.8	0.013636
36.81	0.013628
36.82	0.01362
36.83	0.013612
36.84	0.013603
36.85	0.013595
36.86	0.013587
36.87	0.013579
36.88	0.01357
36.89	0.013562
36.9	0.013554
36.91	0.013546
36.92	0.013537
36.93	0.013529
36.94	0.013521
36.95	0.013513
36.96	0.013505
36.97	0.013497
36.98	0.013488
36.99	0.01348
37.0	0.013472
37.01	0.013464
37.02	0.013456
37.03	0.013448
37.04	0.01344
37.05	0.013432
37.06	0.013423
37.07	0.013415
37.08	0.013407
37.09	0.013399
37.1	0.013391
37.11	0.013383
37.12	0.013375
37.13	0.013367
37.14	0.013359
37.15	0.013351
37.16	0.013343
37.17	0.013335
37.18	0.013327
37.19	0.013319
37.2	0.013311
37.21	0.013303
37.22	0.013295
37.23	0.013287
37.24	0.013279
37.25	0.013271
37.26	0.013263
37.27	0.013255
37.28	0.013247
37.29	0.013239
37.3	0.013231
37.31	0.013223
37.32	0.013216
37.33	0.013208
37.34	0.0132
37.35	0.013192
37.36	0.013184
37.37	0.013176
37.38	0.013168
37.39	0.01316
37.4	0.013153
37.41	0.013145
37.42	0.013137
37.43	0.013129
37.44	0.013121
37.45	0.013113
37.46	0.013106
37.47	0.013098
37.48	0.01309
37.49	0.013082
37.5	0.013074
37.51	0.013067
37.52	0.013059
37.53	0.013051
37.54	0.013043
37.55	0.013036
37.56	0.013028
37.57	0.01302
37.58	0.013012
37.59	0.013005
37.6	0.012997
37.61	0.012989
37.62	0.012982
37.63	0.012974
37.64	0.012966
37.65	0.012958
37.66	0.012951
37.67	0.012943
37.68	0.012935
37.69	0.012928
37.7	0.01292
37.71	0.012913
37.72	0.012905
37.73	0.012897
37.74	0.01289
37.75	0.012882
37.76	0.012874
37.77	0.012867
37.78	0.012859
37.79	0.012852
37.8	0.012844
37.81	0.012836
37.82	0.012829
37.83	0.012821
37.84	0.012814
37.85	0.012806
37.86	0.012799
37.87	0.012791
37.88	0.012784
37.89	0.012776
37.9	0.012769
37.91	0.012761
37.92	0.012754
37.93	0.012746
37.94	0.012739
37.95	0.012731
37.96	0.012724
37.97	0.012716
37.98	0.012709
37.99	0.012701
38.0	0.012694
38.01	0.012686
38.02	0.012679
38.03	0.012672
38.04	0.012664
38.05	0.012657
38.06	0.012649
38.07	0.012642
38.08	0.012634
38.09	0.012627
38.1	0.01262
38.11	0.012612
38.12	0.012605
38.13	0.012598
38.14	0.01259
38.15	0.012583
38.16	0.012576
38.17	0.012568
38.18	0.012561
38.19	0.012554
38.2	0.012546
38.21	0.012539
38.22	0.012532
38.23	0.012524
38.24	0.012517
38.25	0.01251
38.26	0.012502
38.27	0.012495
38.28	0.012488
38.29	0.012481
38.3	0.012473
38.31	0.012466
38.32	0.012459
38.33	0.012452
38.34	0.012444
38.35	0.012437
38.36	0.01243
38.37	0.012423
38.38	0.012415
38.39	0.012408
38.4	0.012401
38.41	0.012394
38.42	0.012387
38.43	0.01238
38.44	0.012372
38.45	0.012365
38.46	0.012358
38.47	0.012351
38.48	0.012344
38.49	0.012337
38.5	0.012329
38.51	0.012322
38.52	0.012315
38.53	0.012308
38.54	0.012301
38.55	0.012294
38.56	0.012287
38.57	0.01228
38.58	0.012273
38.59	0.012266
38.6	0.012258
38.61	0.012251
38.62	0.012244
38.63	0.012237
38.64	0.01223
38.65	0.012223
38.66	0.012216
38.67	0.012209
38.68	0.012202
38.69	0.012195
38.7	0.012188
38.71	0.012181
38.72	0.012174
38.73	0.012167
38.74	0.01216
38.75	0.012153
38.76	0.012146
38.77	0.012139
38.78	0.012132
38.79	0.012125
38.8	0.012118
38.81	0.012111
38.82	0.012104
38.83	0.012097
38.84	0.012091
38.85	0.012084
38.86	0.012077
38.87	0.01207
38.88	0.012063
38.89	0.012056
38.9	0.012049
38.91	0.012042
38.92	0.012035
38.93	0.012028
38.94	0.012022
38.95	0.012015
38.96	0.012008
38.97	0.012001
38.98	0.011994
38.99	0.011987
39.0	0.01198
39.01	0.011974
39.02	0.011967
39.03	0.01196
39.04	0.011953
39.05	0.011946
39.06	0.01194
39.07	0.011933
39.08	0.011926
39.09	0.011919
39.1	0.011912
39.11	0.011906
39.12	0.011899
39.13	0.011892
39.14	0.011885
39.15	0.011879
39.16	0.011872
39.17	0.011865
39.18	0.011858
39.19	0.011852
39.2	0.011845
39.21	0.011838
39.22	0.011832
39.23	0.011825
39.24	0.011818
39.25	0.011811
39.26	0.011805
39.27	0.011798
39.28	0.011791
39.29	0.011785
39.3	0.011778
39.31	0.011771
39.32	0.011765
39.33	0.011758
39.34	0.011751
39.35	0.011745
39.36	0.011738
39.37	0.011732
39.38	0.011725
39.39	0.011718
39.4	0.011712
39.41	0.011705
39.42	0.011699
39.43	0.011692
39.44	0.011685
39.45	0.011679
39.46	0.011672
39.47	0.011666
39.48	0.011659
39.49	0.011652
39.5	0.011646
39.51	0.011639
39.52	0.011633
39.53	0.011626
39.54	0.01162
39.55	0.011613
39.56	0.011607
39.57	0.0116
39.58	0.011594
39.59	0.011587
39.6	0.011581
39.61	0.011574
39.62	0.011568
39.63	0.011561
39.64	0.011555
39.65	0.011548
39.66	0.011542
39.67	0.011535
39.68	0.011529
39.69	0.011522
39.7	0.011516
39.71	0.01151
39.72	0.011503
39.73	0.011497
39.74	0.01149
39.75	0.011484
39.76	0.011477
39.77	0.011471
39.78	0.011465
39.79	0.011458
39.8	0.011452
39.81	0.011445
39.82	0.011439
39.83	0.011433
39.84	0.011426
39.85	0.01142
39.86	0.011414
39.87	0.011407
39.88	0.011401
39.89	0.011395
39.9	0.011388
39.91	0.011382
39.92	0.011376
39.93	0.011369
39.94	0.011363
39.95	0.011357
39.96	0.01135
39.97	0.011344
39.98	0.011338
39.99	0.011331
40.0	0.011325
40.01	0.011319
40.02	0.011313
40.03	0.011306
40.04	0.0113
40.05	0.011294
40.06	0.011287
40.07	0.011281
40.08	0.011275
40.09	0.011269
40.1	0.011263
40.11	0.011256
40.12	0.01125
40.13	0.011244
40.14	0.011238
40.15	0.011231
40.16	0.011225
40.17	0.011219
40.18	0.011213
40.19	0.011207
40.2	0.0112
40.21	0.011194
40.22	0.011188
40.23	0.011182
40.24	0.011176
40.25	0.01117
40.26	0.011163
40.27	0.011157
40.28	0.011151
40.29	0.011145
40.3	0.011139
40.31	0.011133
40.32	0.011127
40.33	0.011121
40.34	0.011114
40.35	0.011108
40.36	0.011102
40.37	0.011096
40.38	0.01109
40.39	0.011084
40.4	0.011078
40.41	0.011072
40.42	0.011066
40.43	0.01106
40.44	0.011054
40.45	0.011047
40.46	0.011041
40.47	0.011035
40.48	0.011029
40.49	0.011023
40.5	0.011017
40.51	0.011011
40.52	0.011005
40.53	0.010999
40.54	0.010993
40.55	0.010987
40.56	0.010981
40.57	0.010975
40.58	0.010969
40.59	0.010963
40.6	0.010957
40.61	0.010951
40.62	0.010945
40.63	0.010939
40.64	0.010933
40.65	0.010927
40.66	0.010921
40.67	0.010915
40.68	0.010909
40.69	0.010904
40.7	0.010898
40.71	0.010892
40.72	0.010886
40.73	0.01088
40.74	0.010874
40.75	0.010868
40.76	0.010862
40.77	0.010856
40.78	0.01085
40.79	0.010844
40.8	0.010838
40.81	0.010833
40.82	0.010827
40.83	0.010821
40.84	0.010815
40.85	0.010809
40.86	0.010803
40.87	0.010797
40.88	0.010792
40.89	0.010786
40.9	0.01078
40.91	0.010774
40.92	0.010768
40.93	0.010762
40.94	0.010757
40.95	0.010751
40.96	0.010745
40.97	0.010739
40.98	0.010733
40.99	0.010727
41.0	0.010722
41.01	0.010716
41.02	0.01071
41.03	0.010704
41.04	0.010699
41.05	0.010693
41.06	0.010687
41.07	0.010681
41.08	0.010675
41.09	0.01067
41.1	0.010664
41.11	0.010658
41.12	0.010652
41.13	0.010647
41.14	0.010641
41.15	0.010635
41.16	0.01063
41.17	0.010624
41.18	0.010618
41.19	0.010612
41.2	0.010607
41.21	0.010601
41.22	0.010595
41.23	0.01059
41.24	0.010584
41.25	0.010578
41.26	0.010573
41.27	0.010567
41.28	0.010561
41.29	0.010556
41.3	0.01055
41.31	0.010544
41.32	0.010539
41.33	0.010533
41.34	0.010527
41.35	0.010522
41.36	0.010516
41.37	0.01051
41.38	0.010505
41.39	0.010499
41.4	0.010494
41.41	0.010488
41.42	0.010482
41.43	0.010477
41.44	0.010471
41.45	0.010466
41.46	0.01046
41.47	0.010454
41.48	0.010449
41.49	0.010443
41.5	0.010438
41.51	0.010432
41.52	0.010427
41.53	0.010421
41.54	0.010416
41.55	0.01041
41.56	0.010404
41.57	0.010399
41.58	0.010393
41.59	0.010388
41.6	0.010382
41.61	0.010377
41.62	0.010371
41.63	0.010366
41.64	0.01036
41.65	0.010355
41.66	0.010349
41.67	0.010344
41.68	0.010338
41.69	0.010333
41.7	0.010327
41.71	0.010322
41.72	0.010316
41.73	0.010311
41.74	0.010305
41.75	0.0103
41.76	0.010294
41.77	0.010289
41.78	0.010284
41.79	0.010278
41.8	0.010273
41.81	0.010267
41.82	0.010262
41.83	0.010256
41.84	0.010251
41.85	0.010246
41.86	0.01024
41.87	0.010235
41.88	0.010229
41.89	0.010224
41.9	0.010219
41.91	0.010213
41.92	0.010208
41.93	0.010202
41.94	0.010197
41.95	0.010192
41.96	0.010186
41.97	0.010181
41.98	0.010176
41.99	0.01017
42.0	0.010165
42.01	0.01016
42.02	0.010154
42.03	0.010149
42.04	0.010143
42.05	0.010138
42.06	0.010133
42.07	0.010127
42.08	0.010122
42.09	0.010117
42.1	0.010112
42.11	0.010106
42.12	0.010101
42.13	0.010096
42.14	0.01009
42.15	0.010085
42.16	0.01008
42.17	0.010074
42.18	0.010069
42.19	0.010064
42.2	0.010059
42.21	0.010053
42.22	0.010048
42.23	0.010043
42.24	0.010038
42.25	0.010032
42.26	0.010027
42.27	0.010022
42.28	0.010017
42.29	0.010011
42.3	0.010006
42.31	0.010001
42.32	0.0099957
42.33	0.0099905
42.34	0.0099853
42.35	0.0099801
42.36	0.0099749
42.37	0.0099697
42.38	0.0099645
42.39	0.0099593
42.4	0.0099541
42.41	0.0099489
42.42	0.0099438
42.43	0.0099386
42.44	0.0099334
42.45	0.0099282
42.46	0.0099231
42.47	0.0099179
42.48	0.0099128
42.49	0.0099076
42.5	0.0099025
42.51	0.0098973
42.52	0.0098922
42.53	0.009887
42.54	0.0098819
42.55	0.0098768
42.56	0.0098716
42.57	0.0098665
42.58	0.0098614
42.59	0.0098563
42.6	0.0098512
42.61	0.0098461
42.62	0.009841
42.63	0.0098359
42.64	0.0098308
42.65	0.0098257
42.66	0.0098206
42.67	0.0098155
42.68	0.0098105
42.69	0.0098054
42.7	0.0098003
42.71	0.0097952
42.72	0.0097902
42.73	0.0097851
42.74	0.0097801
42.75	0.009775
42.76	0.00977
42.77	0.0097649
42.78	0.0097599
42.79	0.0097549
42.8	0.0097498
42.81	0.0097448
42.82	0.0097398
42.83	0.0097348
42.84	0.0097297
42.85	0.0097247
42.86	0.0097197
42.87	0.0097147
42.88	0.0097097
42.89	0.0097047
42.9	0.0096997
42.91	0.0096947
42.92	0.0096898
42.93	0.0096848
42.94	0.0096798
42.95	0.0096748
42.96	0.0096699
42.97	0.0096649
42.98	0.0096599
42.99	0.009655
43.0	0.00965
43.01	0.0096451
43.02	0.0096401
43.03	0.0096352
43.04	0.0096302
43.05	0.0096253
43.06	0.0096204
43.07	0.0096154
43.08	0.0096105
43.09	0.0096056
43.1	0.0096007
43.11	0.0095958
43.12	0.0095909
43.13	0.0095859
43.14	0.009581
43.15	0.0095761
43.16	0.0095713
43.17	0.0095664
43.18	0.0095615
43.19	0.0095566
43.2	0.0095517
43.21	0.0095468
43.22	0.009542
43.23	0.0095371
43.24	0.0095322
43.25	0.0095274
43.26	0.0095225
43.27	0.0095177
43.28	0.0095128
43.29	0.009508
43.3	0.0095031
43.31	0.0094983
43.32	0.0094934
43.33	0.0094886
43.34	0.0094838
43.35	0.009479
43.36	0.0094741
43.37	0.0094693
43.38	0.0094645
43.39	0.0094597
43.4	0.0094549
43.41	0.0094501
43.42	0.0094453
43.43	0.0094405
43.44	0.0094357
43.45	0.0094309
43.46	0.0094261
43.47	0.0094214
43.48	0.0094166
43.49	0.0094118
43.5	0.009407
43.51	0.0094023
43.52	0.0093975
43.53	0.0093927
43.54	0.009388
43.55	0.0093832
43.56	0.0093785
43.57	0.0093737
43.58	0.009369
43.59	0.0093643
43.6	0.0093595
43.61	0.0093548
43.62	0.0093501
43.63	0.0093454
43.64	0.0093406
43.65	0.0093359
43.66	0.0093312
43.67	0.0093265
43.68	0.0093218
43.69	0.0093171
43.7	0.0093124
43.71	0.0093077
43.72	0.009303
43.73	0.0092983
43.74	0.0092936
43.75	0.0092889
43.76	0.0092843
43.77	0.0092796
43.78	0.0092749
43.79	0.0092703
43.8	0.0092656
43.81	0.0092609
43.82	0.0092563
43.83	0.0092516
43.84	0.009247
43.85	0.0092423
43.86	0.0092377
43.87	0.0092331
43.88	0.0092284
43.89	0.0092238
43.9	0.0092192
43.91	0.0092145
43.92	0.0092099
43.93	0.0092053
43.94	0.0092007
43.95	0.0091961
43.96	0.0091915
43.97	0.0091869
43.98	0.0091823
43.99	0.0091777
44.0	0.0091731
44.01	0.0091685
44.02	0.0091639
44.03	0.0091593
44.04	0.0091547
44.05	0.0091501
44.06	0.0091456
44.07	0.009141
44.08	0.0091364
44.09	0.0091319
44.1	0.0091273
44.11	0.0091227
44.12	0.0091182
44.13	0.0091136
44.14	0.0091091
44.15	0.0091046
44.16	0.0091
44.17	0.0090955
44.18	0.0090909
44.19	0.0090864
44.2	0.0090819
44.21	0.0090774
44.22	0.0090728
44.23	0.0090683
44.24	0.0090638
44.25	0.0090593
44.26	0.0090548
44.27	0.0090503
44.28	0.0090458
44.29	0.0090413
44.3	0.0090368
44.31	0.0090323
44.32	0.0090278
44.33	0.0090234
44.34	0.0090189
44.35	0.0090144
44.36	0.0090099
44.37	0.0090055
44.38	0.009001
44.39	0.0089965
44.4	0.0089921
44.41	0.0089876
44.42	0.0089832
44.43	0.0089787
44.44	0.0089743
44.45	0.0089698
44.46	0.0089654
44.47	0.0089609
44.48	0.0089565
44.49	0.0089521
44.5	0.0089476
44.51	0.0089432
44.52	0.0089388
44.53	0.0089344
44.54	0.00893
44.55	0.0089256
44.56	0.0089212
44.57	0.0089167
44.58	0.0089123
44.59	0.008908
44.6	0.0089036
44.61	0.0088992
44.62	0.0088948
44.63	0.0088904
44.64	0.008886
44.65	0.0088816
44.66	0.0088773
44.67	0.0088729
44.68	0.0088685
44.69	0.0088642
44.7	0.0088598
44.71	0.0088554
44.72	0.0088511
44.73	0.0088467
44.74	0.0088424
44.75	0.008838
44.76	0.0088337
44.77	0.0088293
44.78	0.008825
44.79	0.0088207
44.8	0.0088163
44.81	0.008812
44.82	0.0088077
44.83	0.0088034
44.84	0.008799
44.85	0.0087947
44.86	0.0087904
44.87	0.0087861
44.88	0.0087818
44.89	0.0087775
44.9	0.0087732
44.91	0.0087689
44.92	0.0087646
44.93	0.0087603
44.94	0.008756
44.95	0.0087518
44.96	0.0087475
44.97	0.0087432
44.98	0.0087389
44.99	0.0087347
45.0	0.0087304
45.01	0.0087261
45.02	0.0087219
45.03	0.0087176
45.04	0.0087133
45.05	0.0087091
45.06	0.0087048
45.07	0.0087006
45.08	0.0086964
45.09	0.0086921
45.1	0.0086879
45.11	0.0086836
45.12	0.0086794
45.13	0.0086752
45.14	0.008671
45.15	0.0086667
45.16	0.0086625
45.17	0.0086583
45.18	0.0086541
45.19	0.0086499
45.2	0.0086457
45.21	0.0086415
45.22	0.0086373
45.23	0.0086331
45.24	0.0086289
45.25	0.0086247
45.26	0.0086205
45.27	0.0086163
45.28	0.0086121
45.29	0.008608
45.3	0.0086038
45.31	0.0085996
45.32	0.0085954
45.33	0.0085913
45.34	0.0085871
45.35	0.008583
45.36	0.0085788
45.37	0.0085746
45.38	0.0085705
45.39	0.0085663
45.4	0.0085622
45.41	0.0085581
45.42	0.0085539
45.43	0.0085498
45.44	0.0085456
45.45	0.0085415
45.46	0.0085374
45.47	0.0085333
45.48	0.0085291
45.49	0.008525
45.5	0.0085209
45.51	0.0085168
45.52	0.0085127
45.53	0.0085086
45.54	0.0085045
45.55	0.0085004
45.56	0.0084963
45.57	0.0084922
45.58	0.0084881
45.59	0.008484
45.6	0.0084799
45.61	0.0084758
45.62	0.0084717
45.63	0.0084677
45.64	0.0084636
45.65	0.0084595
45.66	0.0084554
45.67	0.0084514
45.68	0.0084473
45.69	0.0084433
45.7	0.0084392
45.71	0.0084351
45.72	0.0084311
45.73	0.008427
45.74	0.008423
45.75	0.008419
45.76	0.0084149
45.77	0.0084109
45.78	0.0084068
45.79	0.0084028
45.8	0.0083988
45.81	0.0083948
45.82	0.0083907
45.83	0.0083867
45.84	0.0083827
45.85	0.0083787
45.86	0.0083747
45.87	0.0083707
45.88	0.0083667
45.89	0.0083627
45.9	0.0083587
45.91	0.0083547
45.92	0.0083507
45.93	0.0083467
45.94	0.0083427
45.95	0.0083387
45.96	0.0083347
45.97	0.0083307
45.98	0.0083268
45.99	0.0083228
46.0	0.0083188
46.01	0.0083148
46.02	0.0083109
46.03	0.0083069
46.04	0.008303
46.05	0.008299
46.06	0.008295
46.07	0.0082911
46.08	0.0082871
46.09	0.0082832
46.1	0.0082793
46.11	0.0082753
46.12	0.0082714
46.13	0.0082674
46.14	0.0082635
46.15	0.0082596
46.16	0.0082557
46.17	0.0082517
46.18	0.0082478
46.19	0.0082439
46.2	0.00824
46.21	0.0082361
46.22	0.0082322
46.23	0.0082282
46.24	0.0082243
46.25	0.0082204
46.26	0.0082165
46.27	0.0082126
46.28	0.0082088
46.29	0.0082049
46.3	0.008201
46.31	0.0081971
46.32	0.0081932
46.33	0.0081893
46.34	0.0081855
46.35	0.0081816
46.36	0.0081777
46.37	0.0081738
46.38	0.00817
46.39	0.0081661
46.4	0.0081622
46.41	0.0081584
46.42	0.0081545
46.43	0.0081507
46.44	0.0081468
46.45	0.008143
46.46	0.0081391
46.47	0.0081353
46.48	0.0081315
46.49	0.0081276
46.5	0.0081238
46.51	0.00812
46.52	0.0081161
46.53	0.0081123
46.54	0.0081085
46.55	0.0081047
46.56	0.0081008
46.57	0.008097
46.58	0.0080932
46.59	0.0080894
46.6	0.0080856
46.61	0.0080818
46.62	0.008078
46.63	0.0080742
46.64	0.0080704
46.65	0.0080666
46.66	0.0080628
46.67	0.008059
46.68	0.0080553
46.69	0.0080515
46.7	0.0080477
46.71	0.0080439
46.72	0.0080401
46.73	0.0080364
46.74	0.0080326
46.75	0.0080288
46.76	0.0080251
46.77	0.0080213
46.78	0.0080175
46.79	0.0080138
46.8	0.00801
46.81	0.0080063
46.82	0.0080025
46.83	0.0079988
46.84	0.007995
46.85	0.0079913
46.86	0.0079876
46.87	0.0079838
46.88	0.0079801
46.89	0.0079764
46.9	0.0079726
46.91	0.0079689
46.92	0.0079652
46.93	0.0079615
46.94	0.0079578
46.95	0.007954
46.96	0.0079503
46.97	0.0079466
46.98	0.0079429
46.99	0.0079392
47.0	0.0079355
47.01	0.0079318
47.02	0.0079281
47.03	0.0079244
47.04	0.0079207
47.05	0.007917
47.06	0.0079134
47.07	0.0079097
47.08	0.007906
47.09	0.0079023
47.1	0.0078986
47.11	0.007895
47.12	0.0078913
47.13	0.0078876
47.14	0.007884
47.15	0.0078803
47.16	0.0078766
47.17	0.007873
47.18	0.0078693
47.19	0.0078657
47.2	0.007862
47.21	0.0078584
47.22	0.0078547
47.23	0.0078511
47.24	0.0078474
47.25	0.0078438
47.26	0.0078402
47.27	0.0078365
47.28	0.0078329
47.29	0.0078293
47.3	0.0078256
47.31	0.007822
47.32	0.0078184
47.33	0.0078148
47.34	0.0078112
47.35	0.0078076
47.36	0.0078039
47.37	0.0078003
47.38	0.0077967
47.39	0.0077931
47.4	0.0077895
47.41	0.0077859
47.42	0.0077823
47.43	0.0077787
47.44	0.0077752
47.45	0.0077716
47.46	0.007768
47.47	0.0077644
47.48	0.0077608
47.49	0.0077572
47.5	0.0077537
47.51	0.0077501
47.52	0.0077465
47.53	0.0077429
47.54	0.0077394
47.55	0.0077358
47.56	0.0077323
47.57	0.0077287
47.58	0.0077251
47.59	0.0077216
47.6	0.007718
47.61	0.0077145
47.62	0.0077109
47.63	0.0077074
47.64	0.0077039
47.65	0.0077003
47.66	0.0076968
47.67	0.0076932
47.68	0.0076897
47.69	0.0076862
47.7	0.0076827
47.71	0.0076791
47.72	0.0076756
47.73	0.0076721
47.74	0.0076686
47.75	0.0076651
47.76	0.0076615
47.77	0.007658
47.78	0.0076545
47.79	0.007651
47.8	0.0076475
47.81	0.007644
47.82	0.0076405
47.83	0.007637
47.84	0.0076335
47.85	0.00763
47.86	0.0076265
47.87	0.0076231
47.88	0.0076196
47.89	0.0076161
47.9	0.0076126
47.91	0.0076091
47.92	0.0076057
47.93	0.0076022
47.94	0.0075987
47.95	0.0075953
47.96	0.0075918
47.97	0.0075883
47.98	0.0075849
47.99	0.0075814
48.0	0.007578
48.01	0.0075745
48.02	0.007571
48.03	0.0075676
48.04	0.0075642
48.05	0.0075607
48.06	0.0075573
48.07	0.0075538
48.08	0.0075504
48.09	0.007547
48.1	0.0075435
48.11	0.0075401
48.12	0.0075367
48.13	0.0075332
48.14	0.0075298
48.15	0.0075264
48.16	0.007523
48.17	0.0075196
48.18	0.0075162
48.19	0.0075127
48.2	0.0075093
48.21	0.0075059
48.22	0.0075025
48.23	0.0074991
48.24	0.0074957
48.25	0.0074923
48.26	0.0074889
48.27	0.0074855
48.28	0.0074821
48.29	0.0074788
48.3	0.0074754
48.31	0.007472
48.32	0.0074686
48.33	0.0074652
48.34	0.0074618
48.35	0.0074585
48.36	0.0074551
48.37	0.0074517
48.38	0.0074484
48.39	0.007445
48.4	0.0074416
48.41	0.0074383
48.42	0.0074349
48.43	0.0074316
48.44	0.0074282
48.45	0.0074248
48.46	0.0074215
48.47	0.0074182
48.48	0.0074148
48.49	0.0074115
48.5	0.0074081
48.51	0.0074048
48.52	0.0074014
48.53	0.0073981
48.54	0.0073948
48.55	0.0073915
48.56	0.0073881
48.57	0.0073848
48.58	0.0073815
48.59	0.0073782
48.6	0.0073748
48.61	0.0073715
48.62	0.0073682
48.63	0.0073649
48.64	0.0073616
48.65	0.0073583
48.66	0.007355
48.67	0.0073517
48.68	0.0073484
48.69	0.0073451
48.7	0.0073418
48.71	0.0073385
48.72	0.0073352
48.73	0.0073319
48.74	0.0073286
48.75	0.0073253
48.76	0.007322
48.77	0.0073188
48.78	0.0073155
48.79	0.0073122
48.8	0.0073089
48.81	0.0073057
48.82	0.0073024
48.83	0.0072991
48.84	0.0072959
48.85	0.0072926
48.86	0.0072893
48.87	0.0072861
48.88	0.0072828
48.89	0.0072796
48.9	0.0072763
48.91	0.0072731
48.92	0.0072698
48.93	0.0072666
48.94	0.0072633
48.95	0.0072601
48.96	0.0072568
48.97	0.0072536
48.98	0.0072504
48.99	0.0072471
49.0	0.0072439
49.01	0.0072407
49.02	0.0072374
49.03	0.0072342
49.04	0.007231
49.05	0.0072278
49.06	0.0072246
49.07	0.0072213
49.08	0.0072181
49.09	0.0072149
49.1	0.0072117
49.11	0.0072085
49.12	0.0072053
49.13	0.0072021
49.14	0.0071989
49.15	0.0071957
49.16	0.0071925
49.17	0.0071893
49.18	0.0071861
49.19	0.0071829
49.2	0.0071797
49.21	0.0071765
49.22	0.0071734
49.23	0.0071702
49.24	0.007167
49.25	0.0071638
49.26	0.0071607
49.27	0.0071575
49.28	0.0071543
49.29	0.0071511
49.3	0.007148
49.31	0.0071448
49.32	0.0071416
49.33	0.0071385
49.34	0.0071353
49.35	0.0071322
49.36	0.007129
49.37	0.0071259
49.38	0.0071227
49.39	0.0071196
49.4	0.0071164
49.41	0.0071133
49.42	0.0071101
49.43	0.007107
49.44	0.0071038
49.45	0.0071007
49.46	0.0070976
49.47	0.0070944
49.48	0.0070913
49.49	0.0070882
49.5	0.0070851
49.51	0.0070819
49.52	0.0070788
49.53	0.0070757
49.54	0.0070726
49.55	0.0070695
49.56	0.0070663
49.57	0.0070632
49.58	0.0070601
49.59	0.007057
49.6	0.0070539
49.61	0.0070508
49.62	0.0070477
49.63	0.0070446
49.64	0.0070415
49.65	0.0070384
49.66	0.0070353
49.67	0.0070322
49.68	0.0070291
49.69	0.0070261
49.7	0.007023
49.71	0.0070199
49.72	0.0070168
49.73	0.0070137
49.74	0.0070107
49.75	0.0070076
49.76	0.0070045
49.77	0.0070014
49.78	0.0069984
49.79	0.0069953
49.8	0.0069922
49.81	0.0069892
49.82	0.0069861
49.83	0.0069831
49.84	0.00698
49.85	0.0069769
49.86	0.0069739
49.87	0.0069708
49.88	0.0069678
49.89	0.0069647
49.9	0.0069617
49.91	0.0069587
49.92	0.0069556
49.93	0.0069526
49.94	0.0069495
49.95	0.0069465
49.96	0.0069435
49.97	0.0069404
49.98	0.0069374
49.99	0.0069344
50.0	0.0069314
