eng	y_fit
0.01	1.4512
0.02	1.051
0.03	0.87889
0.04	0.77946
0.05	0.71388
0.06	0.66725
0.07	0.63247
0.08	0.60566
0.09	0.58455
0.1	0.56765
0.11	0.55398
0.12	0.54286
0.13	0.53379
0.14	0.52641
0.15	0.52044
0.16	0.51566
0.17	0.51191
0.18	0.50905
0.19	0.50696
0.2	0.50557
0.21	0.50479
0.22	0.50457
0.23	0.50486
0.24	0.50561
0.25	0.50678
0.26	0.50835
0.27	0.51029
0.28	0.51256
0.29	0.51516
0.3	0.51807
0.31	0.52126
0.32	0.52474
0.33	0.52847
0.34	0.53246
0.35	0.53669
0.36	0.54116
0.37	0.54585
0.38	0.55077
0.39	0.5559
0.4	0.56124
0.41	0.56679
0.42	0.57253
0.43	0.57848
0.44	0.58461
0.45	0.59094
0.46	0.59745
0.47	0.60415
0.48	0.61102
0.49	0.61808
0.5	0.62531
0.51	0.63271
0.52	0.64029
0.53	0.64803
0.54	0.65595
0.55	0.66402
0.56	0.67226
0.57	0.68066
0.58	0.68922
0.59	0.69794
0.6	0.70681
0.61	0.71583
0.62	0.725
0.63	0.73432
0.64	0.74378
0.65	0.75338
0.66	0.76312
0.67	0.77299
0.68	0.783
0.69	0.79314
0.7	0.8034
0.71	0.81378
0.72	0.82427
0.73	0.83488
0.74	0.8456
0.75	0.85642
0.76	0.86733
0.77	0.87834
0.78	0.88944
0.79	0.90061
0.8	0.91186
0.81	0.92317
0.82	0.93455
0.83	0.94597
0.84	0.95745
0.85	0.96895
0.86	0.98049
0.87	0.99204
0.88	1.0036
0.89	1.0152
0.9	1.0267
0.91	1.0382
0.92	1.0497
0.93	1.0612
0.94	1.0726
0.95	1.0839
0.96	1.0951
0.97	1.1063
0.98	1.1173
0.99	1.1282
1.0	1.139
1.01	1.1435128205128204
1.02	1.148025641025641
1.03	1.1525384615384615
1.04	1.157051282051282
1.05	1.1615641025641026
1.06	1.1660769230769232
1.07	1.1705897435897434
1.08	1.175102564102564
1.09	1.1796153846153845
1.1	1.1841282051282052
1.11	1.1886410256410256
1.12	1.1931538461538462
1.13	1.1976666666666667
1.14	1.202179487179487
1.15	1.2066923076923077
1.16	1.2112051282051282
1.17	1.2157179487179488
1.18	1.2202307692307692
1.19	1.2247435897435897
1.2	1.2292564102564103
1.21	1.2337692307692307
1.22	1.2382820512820514
1.23	1.2427948717948718
1.24	1.2473076923076922
1.25	1.2518205128205127
1.26	1.2563333333333333
1.27	1.260846153846154
1.28	1.2653589743589744
1.29	1.2698717948717948
1.3	1.2743846153846152
1.31	1.2788974358974359
1.32	1.2834102564102563
1.33	1.287923076923077
1.34	1.2924358974358974
1.35	1.296948717948718
1.36	1.3014615384615384
1.37	1.3059743589743589
1.38	1.3104871794871795
1.39	1.315
1.4	1.3142
1.41	1.3139
1.42	1.314
1.43	1.3147
1.44	1.3162
1.45	1.3185
1.46	1.3218
1.47	1.3261
1.48	1.3317
1.49	1.3384
1.5	1.3464
1.51	1.3557
1.52	1.3571368421052632
1.53	1.3585736842105263
1.54	1.3600105263157893
1.55	1.3614473684210526
1.56	1.362884210526316
1.57	1.364321052631579
1.58	1.3657578947368418
1.59	1.3671947368421051
1.6	1.3686315789473684
1.61	1.3700684210526317
1.62	1.3715052631578946
1.63	1.3729421052631579
1.64	1.3743789473684211
1.65	1.375815789473684
1.66	1.3772526315789473
1.67	1.3786894736842106
1.68	1.3801263157894736
1.69	1.381563157894737
1.7	1.383
1.71	1.3715
1.72	1.3621
1.73	1.3626
1.74	1.3631000000000002
1.75	1.3636
1.76	1.3641
1.77	1.3646
1.78	1.3651
1.79	1.3751
1.8	1.3866
1.81	1.3865307692307693
1.82	1.3864615384615384
1.83	1.3863923076923075
1.84	1.386323076923077
1.85	1.3862538461538463
1.86	1.3861846153846153
1.87	1.3861153846153846
1.88	1.386046153846154
1.89	1.3859769230769232
1.9	1.3859076923076923
1.91	1.3858384615384616
1.92	1.3857692307692306
1.93	1.3857
1.94	1.3723
1.95	1.37255
1.96	1.3728000000000002
1.97	1.37305
1.98	1.3733
1.99	1.37355
2.0	1.3738
2.01	1.3868
2.02	1.3859249999999999
2.03	1.3850500000000001
2.04	1.384175
2.05	1.3833
2.06	1.382425
2.07	1.38155
2.08	1.380675
2.09	1.3798
2.1	1.3638
2.11	1.36165
2.12	1.3595
2.13	1.3573499999999998
2.14	1.3552
2.15	1.3701
2.16	1.3691000000000002
2.17	1.3681
2.18	1.3671000000000002
2.19	1.3660999999999999
2.2	1.3651
2.21	1.3439
2.22	1.3451
2.23	1.3463
2.24	1.347925
2.25	1.34955
2.26	1.351175
2.27	1.3528
2.28	1.3514
2.29	1.3497
2.3	1.3478
2.31	1.3461
2.32	1.3442
2.33	1.3424
2.34	1.3405
2.35	1.3386
2.36	1.3367
2.37	1.3348
2.38	1.3329
2.39	1.3309
2.4	1.329
2.41	1.327
2.42	1.325
2.43	1.323
2.44	1.321
2.45	1.319
2.46	1.3169
2.47	1.3149
2.48	1.3128
2.49	1.3107
2.5	1.3087
2.51	1.3066
2.52	1.3044
2.53	1.3023
2.54	1.3002
2.55	1.2981
2.56	1.2959
2.57	1.2938
2.58	1.2916
2.59	1.2894
2.6	1.2873
2.61	1.2851
2.62	1.2829
2.63	1.2807
2.64	1.2785
2.65	1.2762
2.66	1.274
2.67	1.2718
2.68	1.2696
2.69	1.2673
2.7	1.2651
2.71	1.2628
2.72	1.2606
2.73	1.2583
2.74	1.256
2.75	1.2538
2.76	1.2515
2.77	1.2492
2.78	1.2469
2.79	1.2447
2.8	1.2424
2.81	1.2401
2.82	1.2378
2.83	1.2355
2.84	1.2332
2.85	1.2309
2.86	1.2286
2.87	1.2262
2.88	1.2239
2.89	1.2216
2.9	1.2193
2.91	1.217
2.92	1.2146
2.93	1.2123
2.94	1.21
2.95	1.2077
2.96	1.2053
2.97	1.203
2.98	1.2007
2.99	1.1983
3.0	1.196
3.01	1.1937
3.02	1.1913
3.03	1.189
3.04	1.1867
3.05	1.1843
3.06	1.182
3.07	1.1796
3.08	1.1773
3.09	1.175
3.1	1.1726
3.11	1.1703
3.12	1.1679
3.13	1.1656
3.14	1.1633
3.15	1.1609
3.16	1.1586
3.17	1.1563
3.18	1.1539
3.19	1.1516
3.2	1.1492
3.21	1.1469
3.22	1.1446
3.23	1.1422
3.24	1.1399
3.25	1.1376
3.26	1.1352
3.27	1.1329
3.28	1.1306
3.29	1.1283
3.3	1.1259
3.31	1.1236
3.32	1.1213
3.33	1.119
3.34	1.1167
3.35	1.1144
3.36	1.112
3.37	1.1097
3.38	1.1074
3.39	1.1051
3.4	1.1028
3.41	1.1005
3.42	1.0982
3.43	1.0959
3.44	1.0936
3.45	1.0913
3.46	1.089
3.47	1.0867
3.48	1.0844
3.49	1.0821
3.5	1.0799
3.51	1.0776
3.52	1.0753
3.53	1.073
3.54	1.0707
3.55	1.0685
3.56	1.0662
3.57	1.0639
3.58	1.0617
3.59	1.0594
3.6	1.0572
3.61	1.0549
3.62	1.0526
3.63	1.0504
3.64	1.0481
3.65	1.0459
3.66	1.0437
3.67	1.0414
3.68	1.0392
3.69	1.037
3.7	1.0347
3.71	1.0325
3.72	1.0303
3.73	1.0281
3.74	1.0258
3.75	1.0236
3.76	1.0214
3.77	1.0192
3.78	1.017
3.79	1.0148
3.8	1.0126
3.81	1.0104
3.82	1.0082
3.83	1.006
3.84	1.0038
3.85	1.0017
3.86	0.99948
3.87	0.99731
3.88	0.99513
3.89	0.99296
3.9	0.9908
3.91	0.98864
3.92	0.98648
3.93	0.98432
3.94	0.98217
3.95	0.98002
3.96	0.97787
3.97	0.97573
3.98	0.97359
3.99	0.97146
4.0	0.96933
4.01	0.9672
4.02	0.96507
4.03	0.96295
4.04	0.96084
4.05	0.95872
4.06	0.95661
4.07	0.9545
4.08	0.9524
4.09	0.9503
4.1	0.9482
4.11	0.94611
4.12	0.94402
4.13	0.94193
4.14	0.93985
4.15	0.93777
4.16	0.9357
4.17	0.93363
4.18	0.93156
4.19	0.92949
4.2	0.92743
4.21	0.92538
4.22	0.92332
4.23	0.92127
4.24	0.91923
4.25	0.91718
4.26	0.91515
4.27	0.91311
4.28	0.91108
4.29	0.90905
4.3	0.90703
4.31	0.90501
4.32	0.90299
4.33	0.90098
4.34	0.89897
4.35	0.89696
4.36	0.89496
4.37	0.89296
4.38	0.89096
4.39	0.88897
4.4	0.88699
4.41	0.885
4.42	0.88302
4.43	0.88105
4.44	0.87907
4.45	0.87711
4.46	0.87514
4.47	0.87318
4.48	0.87122
4.49	0.86927
4.5	0.86732
4.51	0.86537
4.52	0.86343
4.53	0.86149
4.54	0.85955
4.55	0.85762
4.56	0.8557
4.57	0.85377
4.58	0.85185
4.59	0.84993
4.6	0.84802
4.61	0.84611
4.62	0.84421
4.63	0.84231
4.64	0.84041
4.65	0.83851
4.66	0.83662
4.67	0.83474
4.68	0.83285
4.69	0.83098
4.7	0.8291
4.71	0.82723
4.72	0.82536
4.73	0.8235
4.74	0.82164
4.75	0.81978
4.76	0.81793
4.77	0.81608
4.78	0.81423
4.79	0.81239
4.8	0.81055
4.81	0.80872
4.82	0.80689
4.83	0.80506
4.84	0.80324
4.85	0.80142
4.86	0.7996
4.87	0.79779
4.88	0.79598
4.89	0.79418
4.9	0.79238
4.91	0.79058
4.92	0.78879
4.93	0.787
4.94	0.78521
4.95	0.78343
4.96	0.78165
4.97	0.77987
4.98	0.7781
4.99	0.77633
5.0	0.77457
5.01	0.77281
5.02	0.77105
5.03	0.7693
5.04	0.76755
5.05	0.76581
5.06	0.76406
5.07	0.76232
5.08	0.76059
5.09	0.75886
5.1	0.75713
5.11	0.75541
5.12	0.75369
5.13	0.75197
5.14	0.75026
5.15	0.74855
5.16	0.74684
5.17	0.74514
5.18	0.74344
5.19	0.74174
5.2	0.74005
5.21	0.73836
5.22	0.73668
5.23	0.735
5.24	0.73332
5.25	0.73164
5.26	0.72997
5.27	0.72831
5.28	0.72664
5.29	0.72498
5.3	0.72333
5.31	0.72167
5.32	0.72002
5.33	0.71838
5.34	0.71673
5.35	0.71509
5.36	0.71346
5.37	0.71183
5.38	0.7102
5.39	0.70857
5.4	0.70695
5.41	0.70533
5.42	0.70371
5.43	0.7021
5.44	0.70049
5.45	0.69889
5.46	0.69728
5.47	0.69569
5.48	0.69409
5.49	0.6925
5.5	0.69091
5.51	0.68932
5.52	0.68774
5.53	0.68616
5.54	0.68459
5.55	0.68302
5.56	0.68145
5.57	0.67988
5.58	0.67832
5.59	0.67676
5.6	0.6752
5.61	0.67365
5.62	0.6721
5.63	0.67056
5.64	0.66901
5.65	0.66747
5.66	0.66594
5.67	0.6644
5.68	0.66287
5.69	0.66135
5.7	0.65982
5.71	0.6583
5.72	0.65678
5.73	0.65527
5.74	0.65376
5.75	0.65225
5.76	0.65074
5.77	0.64924
5.78	0.64774
5.79	0.64625
5.8	0.64475
5.81	0.64326
5.82	0.64178
5.83	0.64029
5.84	0.63881
5.85	0.63734
5.86	0.63586
5.87	0.63439
5.88	0.63292
5.89	0.63146
5.9	0.62999
5.91	0.62854
5.92	0.62708
5.93	0.62563
5.94	0.62418
5.95	0.62273
5.96	0.62128
5.97	0.61984
5.98	0.6184
5.99	0.61697
6.0	0.61554
6.01	0.61411
6.02	0.61268
6.03	0.61126
6.04	0.60984
6.05	0.60842
6.06	0.607
6.07	0.60559
6.08	0.60418
6.09	0.60278
6.1	0.60138
6.11	0.59998
6.12	0.59858
6.13	0.59718
6.14	0.59579
6.15	0.5944
6.16	0.59302
6.17	0.59164
6.18	0.59026
6.19	0.58888
6.2	0.58751
6.21	0.58613
6.22	0.58477
6.23	0.5834
6.24	0.58204
6.25	0.58068
6.26	0.57932
6.27	0.57797
6.28	0.57662
6.29	0.57527
6.3	0.57392
6.31	0.57258
6.32	0.57124
6.33	0.56991
6.34	0.56857
6.35	0.56724
6.36	0.56591
6.37	0.56459
6.38	0.56327
6.39	0.56195
6.4	0.56063
6.41	0.55932
6.42	0.55801
6.43	0.5567
6.44	0.55539
6.45	0.55409
6.46	0.55279
6.47	0.5515
6.48	0.5502
6.49	0.54891
6.5	0.54763
6.51	0.54634
6.52	0.54506
6.53	0.54378
6.54	0.5425
6.55	0.54123
6.56	0.53996
6.57	0.53869
6.58	0.53743
6.59	0.53617
6.6	0.53491
6.61	0.53365
6.62	0.5324
6.63	0.53115
6.64	0.5299
6.65	0.52866
6.66	0.52742
6.67	0.52618
6.68	0.52494
6.69	0.52371
6.7	0.52248
6.71	0.52125
6.72	0.52003
6.73	0.51881
6.74	0.51759
6.75	0.51638
6.76	0.51516
6.77	0.51395
6.78	0.51275
6.79	0.51154
6.8	0.51034
6.81	0.50915
6.82	0.50795
6.83	0.50676
6.84	0.50557
6.85	0.50438
6.86	0.5032
6.87	0.50202
6.88	0.50084
6.89	0.49967
6.9	0.4985
6.91	0.49733
6.92	0.49616
6.93	0.495
6.94	0.49384
6.95	0.49269
6.96	0.49153
6.97	0.49038
6.98	0.48923
6.99	0.48809
7.0	0.48695
7.01	0.48581
7.02	0.48467
7.03	0.48354
7.04	0.48241
7.05	0.48128
7.06	0.48016
7.07	0.47904
7.08	0.47792
7.09	0.4768
7.1	0.47569
7.11	0.47458
7.12	0.47347
7.13	0.47237
7.14	0.47127
7.15	0.47017
7.16	0.46908
7.17	0.46798
7.18	0.46689
7.19	0.46581
7.2	0.46472
7.21	0.46364
7.22	0.46257
7.23	0.46149
7.24	0.46042
7.25	0.45935
7.26	0.45828
7.27	0.45722
7.28	0.45616
7.29	0.4551
7.3	0.45405
7.31	0.453
7.32	0.45195
7.33	0.4509
7.34	0.44986
7.35	0.44882
7.36	0.44778
7.37	0.44675
7.38	0.44571
7.39	0.44469
7.4	0.44366
7.41	0.44264
7.42	0.44162
7.43	0.4406
7.44	0.43958
7.45	0.43857
7.46	0.43756
7.47	0.43655
7.48	0.43555
7.49	0.43455
7.5	0.43355
7.51	0.43256
7.52	0.43156
7.53	0.43057
7.54	0.42958
7.55	0.4286
7.56	0.42762
7.57	0.42664
7.58	0.42566
7.59	0.42469
7.6	0.42372
7.61	0.42275
7.62	0.42178
7.63	0.42082
7.64	0.41986
7.65	0.4189
7.66	0.41795
7.67	0.41699
7.68	0.41604
7.69	0.41509
7.7	0.41415
7.71	0.41321
7.72	0.41227
7.73	0.41133
7.74	0.4104
7.75	0.40946
7.76	0.40853
7.77	0.40761
7.78	0.40668
7.79	0.40576
7.8	0.40484
7.81	0.40392
7.82	0.40301
7.83	0.4021
7.84	0.40119
7.85	0.40028
7.86	0.39938
7.87	0.39847
7.88	0.39758
7.89	0.39668
7.9	0.39578
7.91	0.39489
7.92	0.394
7.93	0.39311
7.94	0.39223
7.95	0.39134
7.96	0.39046
7.97	0.38959
7.98	0.38871
7.99	0.38784
8.0	0.38696
8.01	0.3861
8.02	0.38523
8.03	0.38436
8.04	0.3835
8.05	0.38264
8.06	0.38178
8.07	0.38093
8.08	0.38008
8.09	0.37922
8.1	0.37838
8.11	0.37753
8.12	0.37669
8.13	0.37584
8.14	0.375
8.15	0.37417
8.16	0.37333
8.17	0.3725
8.18	0.37167
8.19	0.37084
8.2	0.37001
8.21	0.36918
8.22	0.36836
8.23	0.36754
8.24	0.36672
8.25	0.36591
8.26	0.36509
8.27	0.36428
8.28	0.36347
8.29	0.36266
8.3	0.36186
8.31	0.36105
8.32	0.36025
8.33	0.35945
8.34	0.35865
8.35	0.35786
8.36	0.35706
8.37	0.35627
8.38	0.35548
8.39	0.35469
8.4	0.35391
8.41	0.35312
8.42	0.35234
8.43	0.35156
8.44	0.35079
8.45	0.35001
8.46	0.34924
8.47	0.34846
8.48	0.34769
8.49	0.34693
8.5	0.34616
8.51	0.34539
8.52	0.34463
8.53	0.34387
8.54	0.34311
8.55	0.34236
8.56	0.3416
8.57	0.34085
8.58	0.3401
8.59	0.33935
8.6	0.3386
8.61	0.33786
8.62	0.33711
8.63	0.33637
8.64	0.33563
8.65	0.33489
8.66	0.33416
8.67	0.33342
8.68	0.33269
8.69	0.33196
8.7	0.33123
8.71	0.3305
8.72	0.32978
8.73	0.32906
8.74	0.32833
8.75	0.32761
8.76	0.3269
8.77	0.32618
8.78	0.32547
8.79	0.32475
8.8	0.32404
8.81	0.32333
8.82	0.32263
8.83	0.32192
8.84	0.32122
8.85	0.32052
8.86	0.31982
8.87	0.31912
8.88	0.31842
8.89	0.31773
8.9	0.31703
8.91	0.31634
8.92	0.31565
8.93	0.31496
8.94	0.31428
8.95	0.31359
8.96	0.31291
8.97	0.31223
8.98	0.31155
8.99	0.31087
9.0	0.3102
9.01	0.30953
9.02	0.30885
9.03	0.30818
9.04	0.30751
9.05	0.30685
9.06	0.30618
9.07	0.30552
9.08	0.30486
9.09	0.3042
9.1	0.30354
9.11	0.30288
9.12	0.30223
9.13	0.30157
9.14	0.30092
9.15	0.30027
9.16	0.29963
9.17	0.29898
9.18	0.29834
9.19	0.29769
9.2	0.29705
9.21	0.29641
9.22	0.29577
9.23	0.29514
9.24	0.2945
9.25	0.29387
9.26	0.29324
9.27	0.29261
9.28	0.29198
9.29	0.29136
9.3	0.29074
9.31	0.29011
9.32	0.28949
9.33	0.28887
9.34	0.28826
9.35	0.28764
9.36	0.28703
9.37	0.28642
9.38	0.28581
9.39	0.2852
9.4	0.28459
9.41	0.28399
9.42	0.28339
9.43	0.28279
9.44	0.28219
9.45	0.28159
9.46	0.281
9.47	0.2804
9.48	0.27981
9.49	0.27922
9.5	0.27864
9.51	0.27805
9.52	0.27747
9.53	0.27689
9.54	0.27631
9.55	0.27574
9.56	0.27517
9.57	0.2746
9.58	0.27403
9.59	0.27347
9.6	0.27291
9.61	0.27235
9.62	0.2718
9.63	0.27125
9.64	0.27071
9.65	0.27017
9.66	0.2696575
9.67	0.269145
9.68	0.26863250000000005
9.69	0.26812
9.7	0.26763
9.71	0.26717
9.72	0.26674
9.73	0.26635
9.74	0.266
9.75	0.26574
9.76	0.26559
9.77	0.26563
9.78	0.26599
9.79	0.26695
9.8	0.26647125000000005
9.81	0.2659925
9.82	0.26551375
9.83	0.265035
9.84	0.26455625000000005
9.85	0.2640775
9.86	0.26359875
9.87	0.26312
9.88	0.26058
9.89	0.25892
9.9	0.25771
9.91	0.25674
9.92	0.25591
9.93	0.2554126315789474
9.94	0.25491526315789476
9.95	0.2544178947368421
9.96	0.2539205263157895
9.97	0.25342315789473685
9.98	0.25292578947368427
9.99	0.2524284210526316
10.0	0.251931052631579
10.01	0.25143368421052636
10.02	0.2509363157894737
10.03	0.2504389473684211
10.04	0.24994157894736846
10.05	0.2494442105263158
10.06	0.2489468421052632
10.07	0.24844947368421053
10.08	0.24795210526315792
10.09	0.24745473684210528
10.1	0.24695736842105265
10.11	0.24646
10.12	0.24724
10.13	0.24961
10.14	0.24917
10.15	0.24873
10.16	0.24829
10.17	0.24569
10.18	0.24406
10.19	0.24293
10.2	0.24205
10.21	0.24149
10.22	0.24093
10.23	0.24037
10.24	0.23980999999999997
10.25	0.23924999999999996
10.26	0.23868999999999996
10.27	0.23813
10.28	0.23757
10.29	0.23701
10.3	0.23645
10.31	0.23589
10.32	0.23532999999999998
10.33	0.23477
10.34	0.23421
10.35	0.23372
10.36	0.23323
10.37	0.23276
10.38	0.23229
10.39	0.23187
10.4	0.23152
10.41	0.23139
10.42	0.2318
10.43	0.23296
10.44	0.23315
10.45	0.23187
10.46	0.23062
10.47	0.22967
10.48	0.22891
10.49	0.22826
10.5	0.22767
10.51	0.22713
10.52	0.22661
10.53	0.22611
10.54	0.22563
10.55	0.22515
10.56	0.22469
10.57	0.22423
10.58	0.22379
10.59	0.22335
10.6	0.22292
10.61	0.2225
10.62	0.22209
10.63	0.2217
10.64	0.22132
10.65	0.22098
10.66	0.22067
10.67	0.22044
10.68	0.22031
10.69	0.22032
10.7	0.22028
10.71	0.21951
10.72	0.21818
10.73	0.21716
10.74	0.21648
10.75	0.21595
10.76	0.21549
10.77	0.21505
10.78	0.21463
10.79	0.21421
10.8	0.2138
10.81	0.21339
10.82	0.21298
10.83	0.21258
10.84	0.21217
10.85	0.21177
10.86	0.21137
10.87	0.21097
10.88	0.21057
10.89	0.21018
10.9	0.20979
10.91	0.20941
10.92	0.20903
10.93	0.20867
10.94	0.20833
10.95	0.208
10.96	0.20766
10.97	0.20721
10.98	0.20669
10.99	0.20618
11.0	0.20573
11.01	0.2053
11.02	0.20489
11.03	0.20449
11.04	0.20409
11.05	0.2037
11.06	0.20331
11.07	0.20292
11.08	0.20253
11.09	0.20214
11.1	0.20176
11.11	0.20137
11.12	0.20099
11.13	0.2006
11.14	0.20022
11.15	0.19984
11.16	0.19946
11.17	0.19908
11.18	0.1987
11.19	0.19833
11.2	0.19797
11.21	0.19761
11.22	0.19725
11.23	0.19689
11.24	0.19651
11.25	0.19614
11.26	0.19576
11.27	0.19538
11.28	0.19501
11.29	0.19464
11.3	0.19427
11.31	0.1939
11.32	0.19353
11.33	0.19316
11.34	0.19279
11.35	0.19243
11.36	0.19206
11.37	0.1917
11.38	0.19134
11.39	0.19098
11.4	0.19062
11.41	0.19026
11.42	0.18991
11.43	0.18957
11.44	0.18924
11.45	0.18891
11.46	0.18859
11.47	0.18827
11.48	0.18792
11.49	0.18757
11.5	0.18722
11.51	0.18686
11.52	0.1865
11.53	0.18615
11.54	0.18579
11.55	0.18544
11.56	0.18509
11.57	0.18474
11.58	0.18439
11.59	0.18405
11.6	0.1837
11.61	0.18336
11.62	0.18302
11.63	0.18268
11.64	0.18234
11.65	0.18201
11.66	0.18167
11.67	0.18134
11.68	0.18101
11.69	0.18068
11.7	0.18035
11.71	0.18002
11.72	0.17969
11.73	0.17936
11.74	0.17903
11.75	0.1787
11.76	0.17837
11.77	0.17804
11.78	0.17771
11.79	0.17739
11.8	0.17707
11.81	0.17675
11.82	0.17643
11.83	0.17611
11.84	0.1758
11.85	0.17548
11.86	0.17517
11.87	0.17486
11.88	0.17455
11.89	0.17424
11.9	0.17393
11.91	0.1736
11.92	0.17325
11.93	0.1729
11.94	0.17255
11.95	0.17221
11.96	0.17189
11.97	0.17157
11.98	0.17126
11.99	0.17096
12.0	0.17066
12.01	0.17036
12.02	0.17006
12.03	0.16977
12.04	0.16948
12.05	0.1692
12.06	0.16892
12.07	0.16865
12.08	0.16838
12.09	0.16809
12.1	0.16778
12.11	0.16744
12.12	0.16706
12.13	0.16669
12.14	0.16635
12.15	0.16602
12.16	0.16571
12.17	0.16542
12.18	0.16513
12.19	0.16485
12.2	0.16457
12.21	0.16431
12.22	0.16405
12.23	0.16379
12.24	0.16355
12.25	0.16331
12.26	0.16302
12.27	0.16268
12.28	0.16228
12.29	0.16191
12.3	0.16158
12.31	0.16128
12.32	0.16099
12.33	0.16073
12.34	0.16047
12.35	0.16024
12.36	0.16003
12.37	0.15981
12.38	0.15951
12.39	0.1591
12.4	0.15871
12.41	0.1584
12.42	0.15815
12.43	0.15797
12.44	0.15785
12.45	0.1573
12.46	0.15712
12.47	0.15679
12.48	0.15652
12.49	0.15624
12.5	0.15596
12.51	0.15568
12.52	0.1554
12.53	0.15512
12.54	0.15485
12.55	0.15457
12.56	0.15429
12.57	0.15402
12.58	0.15374
12.59	0.15347
12.6	0.1532
12.61	0.15293
12.62	0.15265
12.63	0.15238
12.64	0.15211
12.65	0.15184
12.66	0.15157
12.67	0.15131
12.68	0.15104
12.69	0.15077
12.7	0.1505
12.71	0.15024
12.72	0.14997
12.73	0.14971
12.74	0.14944
12.75	0.14918
12.76	0.14892
12.77	0.14866
12.78	0.14839
12.79	0.14813
12.8	0.14787
12.81	0.14761
12.82	0.14735
12.83	0.14709
12.84	0.14684
12.85	0.14658
12.86	0.14632
12.87	0.14607
12.88	0.14581
12.89	0.14556
12.9	0.1453
12.91	0.14505
12.92	0.14479
12.93	0.14454
12.94	0.14429
12.95	0.14404
12.96	0.14379
12.97	0.14354
12.98	0.14329
12.99	0.14304
13.0	0.14279
13.01	0.14254
13.02	0.14229
13.03	0.14205
13.04	0.1418
13.05	0.14155
13.06	0.14131
13.07	0.14106
13.08	0.14082
13.09	0.14058
13.1	0.14033
13.11	0.14009
13.12	0.13985
13.13	0.13961
13.14	0.13937
13.15	0.13913
13.16	0.13889
13.17	0.13865
13.18	0.13841
13.19	0.13817
13.2	0.13794
13.21	0.1377
13.22	0.13746
13.23	0.13723
13.24	0.13699
13.25	0.13676
13.26	0.13652
13.27	0.13629
13.28	0.13606
13.29	0.13582
13.3	0.13559
13.31	0.13536
13.32	0.13513
13.33	0.1349
13.34	0.13467
13.35	0.13444
13.36	0.13421
13.37	0.13398
13.38	0.13376
13.39	0.13353
13.4	0.1333
13.41	0.13308
13.42	0.13285
13.43	0.13263
13.44	0.1324
13.45	0.13218
13.46	0.13196
13.47	0.13173
13.48	0.13151
13.49	0.13129
13.5	0.13107
13.51	0.13085
13.52	0.13063
13.53	0.13041
13.54	0.13019
13.55	0.12997
13.56	0.12975
13.57	0.12953
13.58	0.12932
13.59	0.1291
13.6	0.12888
13.61	0.12867
13.62	0.12845
13.63	0.12824
13.64	0.12802
13.65	0.12781
13.66	0.1276
13.67	0.12738
13.68	0.12717
13.69	0.12696
13.7	0.12675
13.71	0.12654
13.72	0.12633
13.73	0.12612
13.74	0.12591
13.75	0.1257
13.76	0.12549
13.77	0.12528
13.78	0.12508
13.79	0.12487
13.8	0.12466
13.81	0.12446
13.82	0.12425
13.83	0.12405
13.84	0.12384
13.85	0.12364
13.86	0.12343
13.87	0.12323
13.88	0.12303
13.89	0.12283
13.9	0.12262
13.91	0.12242
13.92	0.12222
13.93	0.12202
13.94	0.12182
13.95	0.12162
13.96	0.12142
13.97	0.12122
13.98	0.12103
13.99	0.12083
14.0	0.12063
14.01	0.12043
14.02	0.12024
14.03	0.12004
14.04	0.11985
14.05	0.11965
14.06	0.11946
14.07	0.11926
14.08	0.11907
14.09	0.11888
14.1	0.11868
14.11	0.11849
14.12	0.1183
14.13	0.11811
14.14	0.11792
14.15	0.11773
14.16	0.11754
14.17	0.11735
14.18	0.11716
14.19	0.11697
14.2	0.11678
14.21	0.11659
14.22	0.1164
14.23	0.11622
14.24	0.11603
14.25	0.11584
14.26	0.11566
14.27	0.11547
14.28	0.11529
14.29	0.1151
14.3	0.11492
14.31	0.11474
14.32	0.11455
14.33	0.11437
14.34	0.11419
14.35	0.114
14.36	0.11382
14.37	0.11364
14.38	0.11346
14.39	0.11328
14.4	0.1131
14.41	0.11292
14.42	0.11274
14.43	0.11256
14.44	0.11238
14.45	0.11221
14.46	0.11203
14.47	0.11185
14.48	0.11167
14.49	0.1115
14.5	0.11132
14.51	0.11114
14.52	0.11097
14.53	0.11079
14.54	0.11062
14.55	0.11045
14.56	0.11027
14.57	0.1101
14.58	0.10993
14.59	0.10975
14.6	0.10958
14.61	0.10941
14.62	0.10924
14.63	0.10907
14.64	0.1089
14.65	0.10872
14.66	0.10855
14.67	0.10839
14.68	0.10822
14.69	0.10805
14.7	0.10788
14.71	0.10771
14.72	0.10754
14.73	0.10738
14.74	0.10721
14.75	0.10704
14.76	0.10688
14.77	0.10671
14.78	0.10654
14.79	0.10638
14.8	0.10621
14.81	0.10605
14.82	0.10589
14.83	0.10572
14.84	0.10556
14.85	0.1054
14.86	0.10523
14.87	0.10507
14.88	0.10491
14.89	0.10475
14.9	0.10459
14.91	0.10442
14.92	0.10426
14.93	0.1041
14.94	0.10394
14.95	0.10378
14.96	0.10362
14.97	0.10347
14.98	0.10331
14.99	0.10315
15.0	0.10299
15.01	0.10283
15.02	0.10268
15.03	0.10252
15.04	0.10236
15.05	0.10221
15.06	0.10205
15.07	0.1019
15.08	0.10174
15.09	0.10159
15.1	0.10143
15.11	0.10128
15.12	0.10112
15.13	0.10097
15.14	0.10082
15.15	0.10067
15.16	0.10051
15.17	0.10036
15.18	0.10021
15.19	0.10006
15.2	0.099906
15.21	0.099756
15.22	0.099605
15.23	0.099455
15.24	0.099305
15.25	0.099156
15.26	0.099006
15.27	0.098858
15.28	0.098709
15.29	0.098561
15.3	0.098413
15.31	0.098265
15.32	0.098118
15.33	0.097971
15.34	0.097824
15.35	0.097678
15.36	0.097532
15.37	0.097386
15.38	0.097241
15.39	0.097096
15.4	0.096951
15.41	0.096806
15.42	0.096662
15.43	0.096518
15.44	0.096375
15.45	0.096231
15.46	0.096088
15.47	0.095946
15.48	0.095803
15.49	0.095661
15.5	0.095519
15.51	0.095378
15.52	0.095237
15.53	0.095096
15.54	0.094955
15.55	0.094815
15.56	0.094675
15.57	0.094535
15.58	0.094396
15.59	0.094257
15.6	0.094118
15.61	0.093979
15.62	0.093841
15.63	0.093703
15.64	0.093565
15.65	0.093428
15.66	0.093291
15.67	0.093154
15.68	0.093017
15.69	0.092881
15.7	0.092745
15.71	0.092609
15.72	0.092474
15.73	0.092339
15.74	0.092204
15.75	0.09207
15.76	0.091935
15.77	0.091801
15.78	0.091668
15.79	0.091534
15.8	0.091401
15.81	0.091268
15.82	0.091135
15.83	0.091003
15.84	0.090871
15.85	0.090739
15.86	0.090608
15.87	0.090476
15.88	0.090345
15.89	0.090215
15.9	0.090084
15.91	0.089954
15.92	0.089824
15.93	0.089694
15.94	0.089565
15.95	0.089436
15.96	0.089307
15.97	0.089179
15.98	0.08905
15.99	0.088922
16.0	0.088794
16.01	0.088667
16.02	0.08854
16.03	0.088413
16.04	0.088286
16.05	0.088159
16.06	0.088033
16.07	0.087907
16.08	0.087781
16.09	0.087656
16.1	0.087531
16.11	0.087406
16.12	0.087281
16.13	0.087156
16.14	0.087032
16.15	0.086908
16.16	0.086785
16.17	0.086661
16.18	0.086538
16.19	0.086415
16.2	0.086292
16.21	0.08617
16.22	0.086048
16.23	0.085926
16.24	0.085804
16.25	0.085682
16.26	0.085561
16.27	0.08544
16.28	0.08532
16.29	0.085199
16.3	0.085079
16.31	0.084959
16.32	0.084839
16.33	0.084719
16.34	0.0846
16.35	0.084481
16.36	0.084362
16.37	0.084244
16.38	0.084125
16.39	0.084007
16.4	0.083889
16.41	0.083772
16.42	0.083654
16.43	0.083537
16.44	0.08342
16.45	0.083304
16.46	0.083187
16.47	0.083071
16.48	0.082955
16.49	0.082839
16.5	0.082724
16.51	0.082608
16.52	0.082493
16.53	0.082378
16.54	0.082264
16.55	0.082149
16.56	0.082035
16.57	0.081921
16.58	0.081808
16.59	0.081694
16.6	0.081581
16.61	0.081468
16.62	0.081355
16.63	0.081242
16.64	0.08113
16.65	0.081018
16.66	0.080906
16.67	0.080794
16.68	0.080683
16.69	0.080571
16.7	0.08046
16.71	0.08035
16.72	0.080239
16.73	0.080129
16.74	0.080018
16.75	0.079908
16.76	0.079799
16.77	0.079689
16.78	0.07958
16.79	0.079471
16.8	0.079362
16.81	0.079253
16.82	0.079145
16.83	0.079036
16.84	0.078928
16.85	0.07882
16.86	0.078713
16.87	0.078605
16.88	0.078498
16.89	0.078391
16.9	0.078284
16.91	0.078178
16.92	0.078071
16.93	0.077965
16.94	0.077859
16.95	0.077753
16.96	0.077648
16.97	0.077543
16.98	0.077437
16.99	0.077332
17.0	0.077228
17.01	0.077123
17.02	0.077019
17.03	0.076915
17.04	0.076811
17.05	0.076707
17.06	0.076604
17.07	0.0765
17.08	0.076397
17.09	0.076294
17.1	0.076191
17.11	0.076089
17.12	0.075986
17.13	0.075884
17.14	0.075782
17.15	0.075681
17.16	0.075579
17.17	0.075478
17.18	0.075376
17.19	0.075275
17.2	0.075175
17.21	0.075074
17.22	0.074974
17.23	0.074873
17.24	0.074773
17.25	0.074674
17.26	0.074574
17.27	0.074475
17.28	0.074375
17.29	0.074276
17.3	0.074177
17.31	0.074079
17.32	0.07398
17.33	0.073882
17.34	0.073784
17.35	0.073686
17.36	0.073588
17.37	0.07349
17.38	0.073393
17.39	0.073296
17.4	0.073199
17.41	0.073102
17.42	0.073005
17.43	0.072909
17.44	0.072812
17.45	0.072716
17.46	0.07262
17.47	0.072525
17.48	0.072429
17.49	0.072334
17.5	0.072239
17.51	0.072143
17.52	0.072049
17.53	0.071954
17.54	0.071859
17.55	0.071765
17.56	0.071671
17.57	0.071577
17.58	0.071483
17.59	0.07139
17.6	0.071296
17.61	0.071203
17.62	0.07111
17.63	0.071017
17.64	0.070924
17.65	0.070832
17.66	0.070739
17.67	0.070647
17.68	0.070555
17.69	0.070463
17.7	0.070371
17.71	0.07028
17.72	0.070188
17.73	0.070097
17.74	0.070006
17.75	0.069915
17.76	0.069825
17.77	0.069734
17.78	0.069644
17.79	0.069554
17.8	0.069464
17.81	0.069374
17.82	0.069284
17.83	0.069195
17.84	0.069105
17.85	0.069016
17.86	0.068927
17.87	0.068838
17.88	0.068749
17.89	0.068661
17.9	0.068572
17.91	0.068484
17.92	0.068396
17.93	0.068308
17.94	0.068221
17.95	0.068133
17.96	0.068046
17.97	0.067958
17.98	0.067871
17.99	0.067784
18.0	0.067698
18.01	0.067611
18.02	0.067525
18.03	0.067438
18.04	0.067352
18.05	0.067266
18.06	0.06718
18.07	0.067095
18.08	0.067009
18.09	0.066924
18.1	0.066839
18.11	0.066754
18.12	0.066669
18.13	0.066584
18.14	0.0665
18.15	0.066415
18.16	0.066331
18.17	0.066247
18.18	0.066163
18.19	0.066079
18.2	0.065995
18.21	0.065912
18.22	0.065829
18.23	0.065745
18.24	0.065662
18.25	0.065579
18.26	0.065497
18.27	0.065414
18.28	0.065332
18.29	0.065249
18.3	0.065167
18.31	0.065085
18.32	0.065003
18.33	0.064922
18.34	0.06484
18.35	0.064759
18.36	0.064677
18.37	0.064596
18.38	0.064515
18.39	0.064434
18.4	0.064354
18.41	0.064273
18.42	0.064193
18.43	0.064113
18.44	0.064033
18.45	0.063953
18.46	0.063873
18.47	0.063793
18.48	0.063714
18.49	0.063634
18.5	0.063555
18.51	0.063476
18.52	0.063397
18.53	0.063318
18.54	0.063239
18.55	0.063161
18.56	0.063082
18.57	0.063004
18.58	0.062926
18.59	0.062848
18.6	0.06277
18.61	0.062692
18.62	0.062615
18.63	0.062537
18.64	0.06246
18.65	0.062383
18.66	0.062306
18.67	0.062229
18.68	0.062152
18.69	0.062076
18.7	0.061999
18.71	0.061923
18.72	0.061847
18.73	0.061771
18.74	0.061695
18.75	0.061619
18.76	0.061543
18.77	0.061468
18.78	0.061392
18.79	0.061317
18.8	0.061242
18.81	0.061167
18.82	0.061092
18.83	0.061017
18.84	0.060943
18.85	0.060868
18.86	0.060794
18.87	0.06072
18.88	0.060646
18.89	0.060572
18.9	0.060498
18.91	0.060424
18.92	0.060351
18.93	0.060277
18.94	0.060204
18.95	0.060131
18.96	0.060058
18.97	0.059985
18.98	0.059912
18.99	0.059839
19.0	0.059767
19.01	0.059694
19.02	0.059622
19.03	0.05955
19.04	0.059478
19.05	0.059406
19.06	0.059334
19.07	0.059262
19.08	0.059191
19.09	0.059119
19.1	0.059048
19.11	0.058977
19.12	0.058906
19.13	0.058835
19.14	0.058764
19.15	0.058693
19.16	0.058623
19.17	0.058552
19.18	0.058482
19.19	0.058412
19.2	0.058342
19.21	0.058272
19.22	0.058202
19.23	0.058132
19.24	0.058063
19.25	0.057993
19.26	0.057924
19.27	0.057855
19.28	0.057786
19.29	0.057717
19.3	0.057648
19.31	0.057579
19.32	0.05751
19.33	0.057442
19.34	0.057373
19.35	0.057305
19.36	0.057237
19.37	0.057169
19.38	0.057101
19.39	0.057033
19.4	0.056966
19.41	0.056898
19.42	0.05683
19.43	0.056763
19.44	0.056696
19.45	0.056629
19.46	0.056562
19.47	0.056495
19.48	0.056428
19.49	0.056361
19.5	0.056295
19.51	0.056228
19.52	0.056162
19.53	0.056096
19.54	0.05603
19.55	0.055964
19.56	0.055898
19.57	0.055832
19.58	0.055766
19.59	0.055701
19.6	0.055636
19.61	0.05557
19.62	0.055505
19.63	0.05544
19.64	0.055375
19.65	0.05531
19.66	0.055245
19.67	0.055181
19.68	0.055116
19.69	0.055052
19.7	0.054987
19.71	0.054923
19.72	0.054859
19.73	0.054795
19.74	0.054731
19.75	0.054667
19.76	0.054603
19.77	0.05454
19.78	0.054476
19.79	0.054413
19.8	0.05435
19.81	0.054287
19.82	0.054224
19.83	0.054161
19.84	0.054098
19.85	0.054035
19.86	0.053972
19.87	0.05391
19.88	0.053848
19.89	0.053785
19.9	0.053723
19.91	0.053661
19.92	0.053599
19.93	0.053537
19.94	0.053475
19.95	0.053413
19.96	0.053352
19.97	0.05329
19.98	0.053229
19.99	0.053168
20.0	0.053107
20.01	0.053045
20.02	0.052984
20.03	0.052924
20.04	0.052863
20.05	0.052802
20.06	0.052742
20.07	0.052681
20.08	0.052621
20.09	0.05256
20.1	0.0525
20.11	0.05244
20.12	0.05238
20.13	0.05232
20.14	0.052261
20.15	0.052201
20.16	0.052141
20.17	0.052082
20.18	0.052022
20.19	0.051963
20.2	0.051904
20.21	0.051845
20.22	0.051786
20.23	0.051727
20.24	0.051668
20.25	0.051609
20.26	0.051551
20.27	0.051492
20.28	0.051434
20.29	0.051376
20.3	0.051317
20.31	0.051259
20.32	0.051201
20.33	0.051143
20.34	0.051085
20.35	0.051028
20.36	0.05097
20.37	0.050912
20.38	0.050855
20.39	0.050798
20.4	0.05074
20.41	0.050683
20.42	0.050626
20.43	0.050569
20.44	0.050512
20.45	0.050455
20.46	0.050399
20.47	0.050342
20.48	0.050285
20.49	0.050229
20.5	0.050173
20.51	0.050116
20.52	0.05006
20.53	0.050004
20.54	0.049948
20.55	0.049892
20.56	0.049836
20.57	0.049781
20.58	0.049725
20.59	0.04967
20.6	0.049614
20.61	0.049559
20.62	0.049503
20.63	0.049448
20.64	0.049393
20.65	0.049338
20.66	0.049283
20.67	0.049228
20.68	0.049174
20.69	0.049119
20.7	0.049065
20.71	0.04901
20.72	0.048956
20.73	0.048901
20.74	0.048847
20.75	0.048793
20.76	0.048739
20.77	0.048685
20.78	0.048631
20.79	0.048577
20.8	0.048524
20.81	0.04847
20.82	0.048417
20.83	0.048363
20.84	0.04831
20.85	0.048257
20.86	0.048203
20.87	0.04815
20.88	0.048097
20.89	0.048044
20.9	0.047991
20.91	0.047939
20.92	0.047886
20.93	0.047833
20.94	0.047781
20.95	0.047729
20.96	0.047676
20.97	0.047624
20.98	0.047572
20.99	0.04752
21.0	0.047468
21.01	0.047416
21.02	0.047364
21.03	0.047312
21.04	0.04726
21.05	0.047209
21.06	0.047157
21.07	0.047106
21.08	0.047055
21.09	0.047003
21.1	0.046952
21.11	0.046901
21.12	0.04685
21.13	0.046799
21.14	0.046748
21.15	0.046697
21.16	0.046647
21.17	0.046596
21.18	0.046546
21.19	0.046495
21.2	0.046445
21.21	0.046394
21.22	0.046344
21.23	0.046294
21.24	0.046244
21.25	0.046194
21.26	0.046144
21.27	0.046094
21.28	0.046044
21.29	0.045995
21.3	0.045945
21.31	0.045896
21.32	0.045846
21.33	0.045797
21.34	0.045747
21.35	0.045698
21.36	0.045649
21.37	0.0456
21.38	0.045551
21.39	0.045502
21.4	0.045453
21.41	0.045405
21.42	0.045356
21.43	0.045307
21.44	0.045259
21.45	0.04521
21.46	0.045162
21.47	0.045114
21.48	0.045065
21.49	0.045017
21.5	0.044969
21.51	0.044921
21.52	0.044873
21.53	0.044825
21.54	0.044778
21.55	0.04473
21.56	0.044682
21.57	0.044635
21.58	0.044587
21.59	0.04454
21.6	0.044492
21.61	0.044445
21.62	0.044398
21.63	0.044351
21.64	0.044304
21.65	0.044257
21.66	0.04421
21.67	0.044163
21.68	0.044116
21.69	0.04407
21.7	0.044023
21.71	0.043976
21.72	0.04393
21.73	0.043883
21.74	0.043837
21.75	0.043791
21.76	0.043745
21.77	0.043699
21.78	0.043653
21.79	0.043607
21.8	0.043561
21.81	0.043515
21.82	0.043469
21.83	0.043423
21.84	0.043378
21.85	0.043332
21.86	0.043287
21.87	0.043241
21.88	0.043196
21.89	0.043151
21.9	0.043105
21.91	0.04306
21.92	0.043015
21.93	0.04297
21.94	0.042925
21.95	0.04288
21.96	0.042836
21.97	0.042791
21.98	0.042746
21.99	0.042702
22.0	0.042657
22.01	0.042613
22.02	0.042568
22.03	0.042524
22.04	0.04248
22.05	0.042435
22.06	0.042391
22.07	0.042347
22.08	0.042303
22.09	0.042259
22.1	0.042215
22.11	0.042172
22.12	0.042128
22.13	0.042084
22.14	0.042041
22.15	0.041997
22.16	0.041954
22.17	0.04191
22.18	0.041867
22.19	0.041824
22.2	0.04178
22.21	0.041737
22.22	0.041694
22.23	0.041651
22.24	0.041608
22.25	0.041565
22.26	0.041523
22.27	0.04148
22.28	0.041437
22.29	0.041394
22.3	0.041352
22.31	0.041309
22.32	0.041267
22.33	0.041225
22.34	0.041182
22.35	0.04114
22.36	0.041098
22.37	0.041056
22.38	0.041014
22.39	0.040972
22.4	0.04093
22.41	0.040888
22.42	0.040846
22.43	0.040804
22.44	0.040763
22.45	0.040721
22.46	0.040679
22.47	0.040638
22.48	0.040597
22.49	0.040555
22.5	0.040514
22.51	0.040473
22.52	0.040431
22.53	0.04039
22.54	0.040349
22.55	0.040308
22.56	0.040267
22.57	0.040226
22.58	0.040186
22.59	0.040145
22.6	0.040104
22.61	0.040063
22.62	0.040023
22.63	0.039982
22.64	0.039942
22.65	0.039901
22.66	0.039861
22.67	0.039821
22.68	0.039781
22.69	0.03974
22.7	0.0397
22.71	0.03966
22.72	0.03962
22.73	0.03958
22.74	0.039541
22.75	0.039501
22.76	0.039461
22.77	0.039421
22.78	0.039382
22.79	0.039342
22.8	0.039302
22.81	0.039263
22.82	0.039224
22.83	0.039184
22.84	0.039145
22.85	0.039106
22.86	0.039067
22.87	0.039027
22.88	0.038988
22.89	0.038949
22.9	0.03891
22.91	0.038872
22.92	0.038833
22.93	0.038794
22.94	0.038755
22.95	0.038717
22.96	0.038678
22.97	0.038639
22.98	0.038601
22.99	0.038562
23.0	0.038524
23.01	0.038486
23.02	0.038447
23.03	0.038409
23.04	0.038371
23.05	0.038333
23.06	0.038295
23.07	0.038257
23.08	0.038219
23.09	0.038181
23.1	0.038143
23.11	0.038105
23.12	0.038068
23.13	0.03803
23.14	0.037992
23.15	0.037955
23.16	0.037917
23.17	0.03788
23.18	0.037842
23.19	0.037805
23.2	0.037768
23.21	0.037731
23.22	0.037693
23.23	0.037656
23.24	0.037619
23.25	0.037582
23.26	0.037545
23.27	0.037508
23.28	0.037471
23.29	0.037435
23.3	0.037398
23.31	0.037361
23.32	0.037324
23.33	0.037288
23.34	0.037251
23.35	0.037215
23.36	0.037178
23.37	0.037142
23.38	0.037106
23.39	0.037069
23.4	0.037033
23.41	0.036997
23.42	0.036961
23.43	0.036925
23.44	0.036889
23.45	0.036853
23.46	0.036817
23.47	0.036781
23.48	0.036745
23.49	0.036709
23.5	0.036674
23.51	0.036638
23.52	0.036602
23.53	0.036567
23.54	0.036531
23.55	0.036496
23.56	0.03646
23.57	0.036425
23.58	0.03639
23.59	0.036354
23.6	0.036319
23.61	0.036284
23.62	0.036249
23.63	0.036214
23.64	0.036179
23.65	0.036144
23.66	0.036109
23.67	0.036074
23.68	0.036039
23.69	0.036004
23.7	0.03597
23.71	0.035935
23.72	0.0359
23.73	0.035866
23.74	0.035831
23.75	0.035797
23.76	0.035762
23.77	0.035728
23.78	0.035693
23.79	0.035659
23.8	0.035625
23.81	0.035591
23.82	0.035557
23.83	0.035522
23.84	0.035488
23.85	0.035454
23.86	0.03542
23.87	0.035387
23.88	0.035353
23.89	0.035319
23.9	0.035285
23.91	0.035251
23.92	0.035218
23.93	0.035184
23.94	0.035151
23.95	0.035117
23.96	0.035083
23.97	0.03505
23.98	0.035017
23.99	0.034983
24.0	0.03495
24.01	0.034917
24.02	0.034884
24.03	0.03485
24.04	0.034817
24.05	0.034784
24.06	0.034751
24.07	0.034718
24.08	0.034685
24.09	0.034652
24.1	0.03462
24.11	0.034587
24.12	0.034554
24.13	0.034521
24.14	0.034489
24.15	0.034456
24.16	0.034423
24.17	0.034391
24.18	0.034358
24.19	0.034326
24.2	0.034294
24.21	0.034261
24.22	0.034229
24.23	0.034197
24.24	0.034165
24.25	0.034132
24.26	0.0341
24.27	0.034068
24.28	0.034036
24.29	0.034004
24.3	0.033972
24.31	0.03394
24.32	0.033908
24.33	0.033877
24.34	0.033845
24.35	0.033813
24.36	0.033781
24.37	0.03375
24.38	0.033718
24.39	0.033687
24.4	0.033655
24.41	0.033624
24.42	0.033592
24.43	0.033561
24.44	0.03353
24.45	0.033498
24.46	0.033467
24.47	0.033436
24.48	0.033405
24.49	0.033373
24.5	0.033342
24.51	0.033311
24.52	0.03328
24.53	0.033249
24.54	0.033218
24.55	0.033188
24.56	0.033157
24.57	0.033126
24.58	0.033095
24.59	0.033065
24.6	0.033034
24.61	0.033003
24.62	0.032973
24.63	0.032942
24.64	0.032912
24.65	0.032881
24.66	0.032851
24.67	0.03282
24.68	0.03279
24.69	0.03276
24.7	0.03273
24.71	0.032699
24.72	0.032669
24.73	0.032639
24.74	0.032609
24.75	0.032579
24.76	0.032549
24.77	0.032519
24.78	0.032489
24.79	0.032459
24.8	0.032429
24.81	0.032399
24.82	0.03237
24.83	0.03234
24.84	0.03231
24.85	0.032281
24.86	0.032251
24.87	0.032221
24.88	0.032192
24.89	0.032162
24.9	0.032133
24.91	0.032104
24.92	0.032074
24.93	0.032045
24.94	0.032016
24.95	0.031986
24.96	0.031957
24.97	0.031928
24.98	0.031899
24.99	0.03187
25.0	0.031841
25.01	0.031812
25.02	0.031783
25.03	0.031754
25.04	0.031725
25.05	0.031696
25.06	0.031667
25.07	0.031638
25.08	0.03161
25.09	0.031581
25.1	0.031552
25.11	0.031524
25.12	0.031495
25.13	0.031467
25.14	0.031438
25.15	0.03141
25.16	0.031381
25.17	0.031353
25.18	0.031324
25.19	0.031296
25.2	0.031268
25.21	0.031239
25.22	0.031211
25.23	0.031183
25.24	0.031155
25.25	0.031127
25.26	0.031099
25.27	0.031071
25.28	0.031043
25.29	0.031015
25.3	0.030987
25.31	0.030959
25.32	0.030931
25.33	0.030903
25.34	0.030876
25.35	0.030848
25.36	0.03082
25.37	0.030792
25.38	0.030765
25.39	0.030737
25.4	0.03071
25.41	0.030682
25.42	0.030655
25.43	0.030627
25.44	0.0306
25.45	0.030572
25.46	0.030545
25.47	0.030518
25.48	0.030491
25.49	0.030463
25.5	0.030436
25.51	0.030409
25.52	0.030382
25.53	0.030355
25.54	0.030328
25.55	0.030301
25.56	0.030274
25.57	0.030247
25.58	0.03022
25.59	0.030193
25.6	0.030166
25.61	0.030139
25.62	0.030113
25.63	0.030086
25.64	0.030059
25.65	0.030032
25.66	0.030006
25.67	0.029979
25.68	0.029953
25.69	0.029926
25.7	0.0299
25.71	0.029873
25.72	0.029847
25.73	0.02982
25.74	0.029794
25.75	0.029768
25.76	0.029741
25.77	0.029715
25.78	0.029689
25.79	0.029663
25.8	0.029637
25.81	0.02961
25.82	0.029584
25.83	0.029558
25.84	0.029532
25.85	0.029506
25.86	0.02948
25.87	0.029454
25.88	0.029429
25.89	0.029403
25.9	0.029377
25.91	0.029351
25.92	0.029325
25.93	0.0293
25.94	0.029274
25.95	0.029248
25.96	0.029223
25.97	0.029197
25.98	0.029171
25.99	0.029146
26.0	0.02912
26.01	0.029095
26.02	0.02907
26.03	0.029044
26.04	0.029019
26.05	0.028994
26.06	0.028968
26.07	0.028943
26.08	0.028918
26.09	0.028893
26.1	0.028867
26.11	0.028842
26.12	0.028817
26.13	0.028792
26.14	0.028767
26.15	0.028742
26.16	0.028717
26.17	0.028692
26.18	0.028667
26.19	0.028642
26.2	0.028618
26.21	0.028593
26.22	0.028568
26.23	0.028543
26.24	0.028518
26.25	0.028494
26.26	0.028469
26.27	0.028445
26.28	0.02842
26.29	0.028395
26.3	0.028371
26.31	0.028346
26.32	0.028322
26.33	0.028297
26.34	0.028273
26.35	0.028249
26.36	0.028224
26.37	0.0282
26.38	0.028176
26.39	0.028151
26.4	0.028127
26.41	0.028103
26.42	0.028079
26.43	0.028055
26.44	0.028031
26.45	0.028007
26.46	0.027983
26.47	0.027959
26.48	0.027935
26.49	0.027911
26.5	0.027887
26.51	0.027863
26.52	0.027839
26.53	0.027815
26.54	0.027791
26.55	0.027768
26.56	0.027744
26.57	0.02772
26.58	0.027696
26.59	0.027673
26.6	0.027649
26.61	0.027626
26.62	0.027602
26.63	0.027578
26.64	0.027555
26.65	0.027532
26.66	0.027508
26.67	0.027485
26.68	0.027461
26.69	0.027438
26.7	0.027415
26.71	0.027391
26.72	0.027368
26.73	0.027345
26.74	0.027322
26.75	0.027298
26.76	0.027275
26.77	0.027252
26.78	0.027229
26.79	0.027206
26.8	0.027183
26.81	0.02716
26.82	0.027137
26.83	0.027114
26.84	0.027091
26.85	0.027068
26.86	0.027045
26.87	0.027022
26.88	0.027
26.89	0.026977
26.9	0.026954
26.91	0.026931
26.92	0.026909
26.93	0.026886
26.94	0.026863
26.95	0.026841
26.96	0.026818
26.97	0.026796
26.98	0.026773
26.99	0.026751
27.0	0.026728
27.01	0.026706
27.02	0.026683
27.03	0.026661
27.04	0.026639
27.05	0.026616
27.06	0.026594
27.07	0.026572
27.08	0.026549
27.09	0.026527
27.1	0.026505
27.11	0.026483
27.12	0.026461
27.13	0.026439
27.14	0.026416
27.15	0.026394
27.16	0.026372
27.17	0.02635
27.18	0.026328
27.19	0.026306
27.2	0.026285
27.21	0.026263
27.22	0.026241
27.23	0.026219
27.24	0.026197
27.25	0.026175
27.26	0.026154
27.27	0.026132
27.28	0.02611
27.29	0.026088
27.3	0.026067
27.31	0.026045
27.32	0.026024
27.33	0.026002
27.34	0.02598
27.35	0.025959
27.36	0.025937
27.37	0.025916
27.38	0.025894
27.39	0.025873
27.4	0.025852
27.41	0.02583
27.42	0.025809
27.43	0.025788
27.44	0.025766
27.45	0.025745
27.46	0.025724
27.47	0.025703
27.48	0.025681
27.49	0.02566
27.5	0.025639
27.51	0.025618
27.52	0.025597
27.53	0.025576
27.54	0.025555
27.55	0.025534
27.56	0.025513
27.57	0.025492
27.58	0.025471
27.59	0.02545
27.6	0.025429
27.61	0.025408
27.62	0.025387
27.63	0.025367
27.64	0.025346
27.65	0.025325
27.66	0.025304
27.67	0.025284
27.68	0.025263
27.69	0.025242
27.7	0.025222
27.71	0.025201
27.72	0.02518
27.73	0.02516
27.74	0.025139
27.75	0.025119
27.76	0.025098
27.77	0.025078
27.78	0.025057
27.79	0.025037
27.8	0.025017
27.81	0.024996
27.82	0.024976
27.83	0.024956
27.84	0.024935
27.85	0.024915
27.86	0.024895
27.87	0.024875
27.88	0.024854
27.89	0.024834
27.9	0.024814
27.91	0.024794
27.92	0.024774
27.93	0.024754
27.94	0.024734
27.95	0.024714
27.96	0.024694
27.97	0.024674
27.98	0.024654
27.99	0.024634
28.0	0.024614
28.01	0.024594
28.02	0.024574
28.03	0.024554
28.04	0.024535
28.05	0.024515
28.06	0.024495
28.07	0.024475
28.08	0.024456
28.09	0.024436
28.1	0.024416
28.11	0.024397
28.12	0.024377
28.13	0.024357
28.14	0.024338
28.15	0.024318
28.16	0.024299
28.17	0.024279
28.18	0.02426
28.19	0.02424
28.2	0.024221
28.21	0.024201
28.22	0.024182
28.23	0.024163
28.24	0.024143
28.25	0.024124
28.26	0.024105
28.27	0.024085
28.28	0.024066
28.29	0.024047
28.3	0.024028
28.31	0.024009
28.32	0.023989
28.33	0.02397
28.34	0.023951
28.35	0.023932
28.36	0.023913
28.37	0.023894
28.38	0.023875
28.39	0.023856
28.4	0.023837
28.41	0.023818
28.42	0.023799
28.43	0.02378
28.44	0.023761
28.45	0.023742
28.46	0.023723
28.47	0.023705
28.48	0.023686
28.49	0.023667
28.5	0.023648
28.51	0.023629
28.52	0.023611
28.53	0.023592
28.54	0.023573
28.55	0.023555
28.56	0.023536
28.57	0.023517
28.58	0.023499
28.59	0.02348
28.6	0.023462
28.61	0.023443
28.62	0.023425
28.63	0.023406
28.64	0.023388
28.65	0.023369
28.66	0.023351
28.67	0.023333
28.68	0.023314
28.69	0.023296
28.7	0.023277
28.71	0.023259
28.72	0.023241
28.73	0.023223
28.74	0.023204
28.75	0.023186
28.76	0.023168
28.77	0.02315
28.78	0.023132
28.79	0.023113
28.8	0.023095
28.81	0.023077
28.82	0.023059
28.83	0.023041
28.84	0.023023
28.85	0.023005
28.86	0.022987
28.87	0.022969
28.88	0.022951
28.89	0.022933
28.9	0.022915
28.91	0.022897
28.92	0.022879
28.93	0.022862
28.94	0.022844
28.95	0.022826
28.96	0.022808
28.97	0.02279
28.98	0.022773
28.99	0.022755
29.0	0.022737
29.01	0.02272
29.02	0.022702
29.03	0.022684
29.04	0.022667
29.05	0.022649
29.06	0.022631
29.07	0.022614
29.08	0.022596
29.09	0.022579
29.1	0.022561
29.11	0.022544
29.12	0.022526
29.13	0.022509
29.14	0.022491
29.15	0.022474
29.16	0.022457
29.17	0.022439
29.18	0.022422
29.19	0.022405
29.2	0.022387
29.21	0.02237
29.22	0.022353
29.23	0.022335
29.24	0.022318
29.25	0.022301
29.26	0.022284
29.27	0.022267
29.28	0.022249
29.29	0.022232
29.3	0.022215
29.31	0.022198
29.32	0.022181
29.33	0.022164
29.34	0.022147
29.35	0.02213
29.36	0.022113
29.37	0.022096
29.38	0.022079
29.39	0.022062
29.4	0.022045
29.41	0.022028
29.42	0.022011
29.43	0.021995
29.44	0.021978
29.45	0.021961
29.46	0.021944
29.47	0.021927
29.48	0.02191
29.49	0.021894
29.5	0.021877
29.51	0.02186
29.52	0.021844
29.53	0.021827
29.54	0.02181
29.55	0.021794
29.56	0.021777
29.57	0.02176
29.58	0.021744
29.59	0.021727
29.6	0.021711
29.61	0.021694
29.62	0.021678
29.63	0.021661
29.64	0.021645
29.65	0.021628
29.66	0.021612
29.67	0.021595
29.68	0.021579
29.69	0.021563
29.7	0.021546
29.71	0.02153
29.72	0.021514
29.73	0.021497
29.74	0.021481
29.75	0.021465
29.76	0.021449
29.77	0.021432
29.78	0.021416
29.79	0.0214
29.8	0.021384
29.81	0.021368
29.82	0.021351
29.83	0.021335
29.84	0.021319
29.85	0.021303
29.86	0.021287
29.87	0.021271
29.88	0.021255
29.89	0.021239
29.9	0.021223
29.91	0.021207
29.92	0.021191
29.93	0.021175
29.94	0.021159
29.95	0.021143
29.96	0.021127
29.97	0.021111
29.98	0.021096
29.99	0.02108
30.0	0.021064
30.01	0.021048
30.02	0.021032
30.03	0.021017
30.04	0.021001
30.05	0.020985
30.06	0.020969
30.07	0.020954
30.08	0.020938
30.09	0.020922
30.1	0.020907
30.11	0.020891
30.12	0.020875
30.13	0.02086
30.14	0.020844
30.15	0.020829
30.16	0.020813
30.17	0.020798
30.18	0.020782
30.19	0.020767
30.2	0.020751
30.21	0.020736
30.22	0.02072
30.23	0.020705
30.24	0.020689
30.25	0.020674
30.26	0.020659
30.27	0.020643
30.28	0.020628
30.29	0.020613
30.3	0.020597
30.31	0.020582
30.32	0.020567
30.33	0.020552
30.34	0.020536
30.35	0.020521
30.36	0.020506
30.37	0.020491
30.38	0.020476
30.39	0.02046
30.4	0.020445
30.41	0.02043
30.42	0.020415
30.43	0.0204
30.44	0.020385
30.45	0.02037
30.46	0.020355
30.47	0.02034
30.48	0.020325
30.49	0.02031
30.5	0.020295
30.51	0.02028
30.52	0.020265
30.53	0.02025
30.54	0.020235
30.55	0.02022
30.56	0.020205
30.57	0.02019
30.58	0.020176
30.59	0.020161
30.6	0.020146
30.61	0.020131
30.62	0.020116
30.63	0.020102
30.64	0.020087
30.65	0.020072
30.66	0.020057
30.67	0.020043
30.68	0.020028
30.69	0.020013
30.7	0.019999
30.71	0.019984
30.72	0.019969
30.73	0.019955
30.74	0.01994
30.75	0.019926
30.76	0.019911
30.77	0.019897
30.78	0.019882
30.79	0.019867
30.8	0.019853
30.81	0.019838
30.82	0.019824
30.83	0.01981
30.84	0.019795
30.85	0.019781
30.86	0.019766
30.87	0.019752
30.88	0.019738
30.89	0.019723
30.9	0.019709
30.91	0.019695
30.92	0.01968
30.93	0.019666
30.94	0.019652
30.95	0.019637
30.96	0.019623
30.97	0.019609
30.98	0.019595
30.99	0.01958
31.0	0.019566
31.01	0.019552
31.02	0.019538
31.03	0.019524
31.04	0.01951
31.05	0.019496
31.06	0.019481
31.07	0.019467
31.08	0.019453
31.09	0.019439
31.1	0.019425
31.11	0.019411
31.12	0.019397
31.13	0.019383
31.14	0.019369
31.15	0.019355
31.16	0.019341
31.17	0.019327
31.18	0.019314
31.19	0.0193
31.2	0.019286
31.21	0.019272
31.22	0.019258
31.23	0.019244
31.24	0.01923
31.25	0.019216
31.26	0.019203
31.27	0.019189
31.28	0.019175
31.29	0.019161
31.3	0.019148
31.31	0.019134
31.32	0.01912
31.33	0.019107
31.34	0.019093
31.35	0.019079
31.36	0.019065
31.37	0.019052
31.38	0.019038
31.39	0.019025
31.4	0.019011
31.41	0.018997
31.42	0.018984
31.43	0.01897
31.44	0.018957
31.45	0.018943
31.46	0.01893
31.47	0.018916
31.48	0.018903
31.49	0.018889
31.5	0.018876
31.51	0.018862
31.52	0.018849
31.53	0.018836
31.54	0.018822
31.55	0.018809
31.56	0.018795
31.57	0.018782
31.58	0.018769
31.59	0.018755
31.6	0.018742
31.61	0.018729
31.62	0.018716
31.63	0.018702
31.64	0.018689
31.65	0.018676
31.66	0.018662
31.67	0.018649
31.68	0.018636
31.69	0.018623
31.7	0.01861
31.71	0.018597
31.72	0.018583
31.73	0.01857
31.74	0.018557
31.75	0.018544
31.76	0.018531
31.77	0.018518
31.78	0.018505
31.79	0.018492
31.8	0.018479
31.81	0.018466
31.82	0.018453
31.83	0.01844
31.84	0.018427
31.85	0.018414
31.86	0.018401
31.87	0.018388
31.88	0.018375
31.89	0.018362
31.9	0.018349
31.91	0.018336
31.92	0.018323
31.93	0.01831
31.94	0.018298
31.95	0.018285
31.96	0.018272
31.97	0.018259
31.98	0.018246
31.99	0.018234
32.0	0.018221
32.01	0.018208
32.02	0.018195
32.03	0.018183
32.04	0.01817
32.05	0.018157
32.06	0.018144
32.07	0.018132
32.08	0.018119
32.09	0.018106
32.1	0.018094
32.11	0.018081
32.12	0.018069
32.13	0.018056
32.14	0.018043
32.15	0.018031
32.16	0.018018
32.17	0.018006
32.18	0.017993
32.19	0.017981
32.2	0.017968
32.21	0.017956
32.22	0.017943
32.23	0.017931
32.24	0.017918
32.25	0.017906
32.26	0.017893
32.27	0.017881
32.28	0.017869
32.29	0.017856
32.3	0.017844
32.31	0.017831
32.32	0.017819
32.33	0.017807
32.34	0.017794
32.35	0.017782
32.36	0.01777
32.37	0.017758
32.38	0.017745
32.39	0.017733
32.4	0.017721
32.41	0.017708
32.42	0.017696
32.43	0.017684
32.44	0.017672
32.45	0.01766
32.46	0.017647
32.47	0.017635
32.48	0.017623
32.49	0.017611
32.5	0.017599
32.51	0.017587
32.52	0.017575
32.53	0.017563
32.54	0.01755
32.55	0.017538
32.56	0.017526
32.57	0.017514
32.58	0.017502
32.59	0.01749
32.6	0.017478
32.61	0.017466
32.62	0.017454
32.63	0.017442
32.64	0.01743
32.65	0.017418
32.66	0.017406
32.67	0.017395
32.68	0.017383
32.69	0.017371
32.7	0.017359
32.71	0.017347
32.72	0.017335
32.73	0.017323
32.74	0.017311
32.75	0.0173
32.76	0.017288
32.77	0.017276
32.78	0.017264
32.79	0.017252
32.8	0.017241
32.81	0.017229
32.82	0.017217
32.83	0.017205
32.84	0.017194
32.85	0.017182
32.86	0.01717
32.87	0.017159
32.88	0.017147
32.89	0.017135
32.9	0.017124
32.91	0.017112
32.92	0.0171
32.93	0.017089
32.94	0.017077
32.95	0.017066
32.96	0.017054
32.97	0.017042
32.98	0.017031
32.99	0.017019
33.0	0.017008
33.01	0.016996
33.02	0.016985
33.03	0.016973
33.04	0.016962
33.05	0.01695
33.06	0.016939
33.07	0.016927
33.08	0.016916
33.09	0.016905
33.1	0.016893
33.11	0.016882
33.12	0.01687
33.13	0.016859
33.14	0.016848
33.15	0.016836
33.16	0.016825
33.17	0.016814
33.18	0.016802
33.19	0.016791
33.2	0.01678
33.21	0.016768
33.22	0.016757
33.23	0.016746
33.24	0.016734
33.25	0.016723
33.26	0.016712
33.27	0.016701
33.28	0.01669
33.29	0.016678
33.3	0.016667
33.31	0.016656
33.32	0.016645
33.33	0.016634
33.34	0.016623
33.35	0.016611
33.36	0.0166
33.37	0.016589
33.38	0.016578
33.39	0.016567
33.4	0.016556
33.41	0.016545
33.42	0.016534
33.43	0.016523
33.44	0.016512
33.45	0.016501
33.46	0.01649
33.47	0.016479
33.48	0.016468
33.49	0.016457
33.5	0.016446
33.51	0.016435
33.52	0.016424
33.53	0.016413
33.54	0.016402
33.55	0.016391
33.56	0.01638
33.57	0.016369
33.58	0.016358
33.59	0.016347
33.6	0.016337
33.61	0.016326
33.62	0.016315
33.63	0.016304
33.64	0.016293
33.65	0.016282
33.66	0.016272
33.67	0.016261
33.68	0.01625
33.69	0.016239
33.7	0.016229
33.71	0.016218
33.72	0.016207
33.73	0.016196
33.74	0.016186
33.75	0.016175
33.76	0.016164
33.77	0.016153
33.78	0.016143
33.79	0.016132
33.8	0.016122
33.81	0.016111
33.82	0.0161
33.83	0.01609
33.84	0.016079
33.85	0.016068
33.86	0.016058
33.87	0.016047
33.88	0.016037
33.89	0.016026
33.9	0.016016
33.91	0.016005
33.92	0.015994
33.93	0.015984
33.94	0.015973
33.95	0.015963
33.96	0.015952
33.97	0.015942
33.98	0.015932
33.99	0.015921
34.0	0.015911
34.01	0.0159
34.02	0.01589
34.03	0.015879
34.04	0.015869
34.05	0.015859
34.06	0.015848
34.07	0.015838
34.08	0.015827
34.09	0.015817
34.1	0.015807
34.11	0.015796
34.12	0.015786
34.13	0.015776
34.14	0.015765
34.15	0.015755
34.16	0.015745
34.17	0.015735
34.18	0.015724
34.19	0.015714
34.2	0.015704
34.21	0.015694
34.22	0.015683
34.23	0.015673
34.24	0.015663
34.25	0.015653
34.26	0.015643
34.27	0.015632
34.28	0.015622
34.29	0.015612
34.3	0.015602
34.31	0.015592
34.32	0.015582
34.33	0.015572
34.34	0.015561
34.35	0.015551
34.36	0.015541
34.37	0.015531
34.38	0.015521
34.39	0.015511
34.4	0.015501
34.41	0.015491
34.42	0.015481
34.43	0.015471
34.44	0.015461
34.45	0.015451
34.46	0.015441
34.47	0.015431
34.48	0.015421
34.49	0.015411
34.5	0.015401
34.51	0.015391
34.52	0.015381
34.53	0.015371
34.54	0.015361
34.55	0.015351
34.56	0.015341
34.57	0.015332
34.58	0.015322
34.59	0.015312
34.6	0.015302
34.61	0.015292
34.62	0.015282
34.63	0.015272
34.64	0.015263
34.65	0.015253
34.66	0.015243
34.67	0.015233
34.68	0.015223
34.69	0.015214
34.7	0.015204
34.71	0.015194
34.72	0.015184
34.73	0.015175
34.74	0.015165
34.75	0.015155
34.76	0.015145
34.77	0.015136
34.78	0.015126
34.79	0.015116
34.8	0.015107
34.81	0.015097
34.82	0.015087
34.83	0.015078
34.84	0.015068
34.85	0.015058
34.86	0.015049
34.87	0.015039
34.88	0.01503
34.89	0.01502
34.9	0.01501
34.91	0.015001
34.92	0.014991
34.93	0.014982
34.94	0.014972
34.95	0.014963
34.96	0.014953
34.97	0.014944
34.98	0.014934
34.99	0.014925
35.0	0.014915
35.01	0.014906
35.02	0.014896
35.03	0.014887
35.04	0.014877
35.05	0.014868
35.06	0.014858
35.07	0.014849
35.08	0.01484
35.09	0.01483
35.1	0.014821
35.11	0.014811
35.12	0.014802
35.13	0.014793
35.14	0.014783
35.15	0.014774
35.16	0.014764
35.17	0.014755
35.18	0.014746
35.19	0.014736
35.2	0.014727
35.21	0.014718
35.22	0.014709
35.23	0.014699
35.24	0.01469
35.25	0.014681
35.26	0.014671
35.27	0.014662
35.28	0.014653
35.29	0.014644
35.3	0.014634
35.31	0.014625
35.32	0.014616
35.33	0.014607
35.34	0.014598
35.35	0.014588
35.36	0.014579
35.37	0.01457
35.38	0.014561
35.39	0.014552
35.4	0.014543
35.41	0.014534
35.42	0.014524
35.43	0.014515
35.44	0.014506
35.45	0.014497
35.46	0.014488
35.47	0.014479
35.48	0.01447
35.49	0.014461
35.5	0.014452
35.51	0.014443
35.52	0.014434
35.53	0.014425
35.54	0.014416
35.55	0.014407
35.56	0.014398
35.57	0.014389
35.58	0.01438
35.59	0.014371
35.6	0.014362
35.61	0.014353
35.62	0.014344
35.63	0.014335
35.64	0.014326
35.65	0.014317
35.66	0.014308
35.67	0.014299
35.68	0.01429
35.69	0.014281
35.7	0.014272
35.71	0.014263
35.72	0.014255
35.73	0.014246
35.74	0.014237
35.75	0.014228
35.76	0.014219
35.77	0.01421
35.78	0.014201
35.79	0.014193
35.8	0.014184
35.81	0.014175
35.82	0.014166
35.83	0.014157
35.84	0.014149
35.85	0.01414
35.86	0.014131
35.87	0.014122
35.88	0.014114
35.89	0.014105
35.9	0.014096
35.91	0.014087
35.92	0.014079
35.93	0.01407
35.94	0.014061
35.95	0.014053
35.96	0.014044
35.97	0.014035
35.98	0.014027
35.99	0.014018
36.0	0.014009
36.01	0.014001
36.02	0.013992
36.03	0.013983
36.04	0.013975
36.05	0.013966
36.06	0.013958
36.07	0.013949
36.08	0.01394
36.09	0.013932
36.1	0.013923
36.11	0.013915
36.12	0.013906
36.13	0.013898
36.14	0.013889
36.15	0.013881
36.16	0.013872
36.17	0.013863
36.18	0.013855
36.19	0.013846
36.2	0.013838
36.21	0.013829
36.22	0.013821
36.23	0.013813
36.24	0.013804
36.25	0.013796
36.26	0.013787
36.27	0.013779
36.28	0.01377
36.29	0.013762
36.3	0.013753
36.31	0.013745
36.32	0.013737
36.33	0.013728
36.34	0.01372
36.35	0.013711
36.36	0.013703
36.37	0.013695
36.38	0.013686
36.39	0.013678
36.4	0.01367
36.41	0.013661
36.42	0.013653
36.43	0.013645
36.44	0.013636
36.45	0.013628
36.46	0.01362
36.47	0.013612
36.48	0.013603
36.49	0.013595
36.5	0.013587
36.51	0.013578
36.52	0.01357
36.53	0.013562
36.54	0.013554
36.55	0.013546
36.56	0.013537
36.57	0.013529
36.58	0.013521
36.59	0.013513
36.6	0.013504
36.61	0.013496
36.62	0.013488
36.63	0.01348
36.64	0.013472
36.65	0.013464
36.66	0.013455
36.67	0.013447
36.68	0.013439
36.69	0.013431
36.7	0.013423
36.71	0.013415
36.72	0.013407
36.73	0.013399
36.74	0.013391
36.75	0.013382
36.76	0.013374
36.77	0.013366
36.78	0.013358
36.79	0.01335
36.8	0.013342
36.81	0.013334
36.82	0.013326
36.83	0.013318
36.84	0.01331
36.85	0.013302
36.86	0.013294
36.87	0.013286
36.88	0.013278
36.89	0.01327
36.9	0.013262
36.91	0.013254
36.92	0.013246
36.93	0.013238
36.94	0.01323
36.95	0.013222
36.96	0.013214
36.97	0.013207
36.98	0.013199
36.99	0.013191
37.0	0.013183
37.01	0.013175
37.02	0.013167
37.03	0.013159
37.04	0.013151
37.05	0.013143
37.06	0.013135
37.07	0.013128
37.08	0.01312
37.09	0.013112
37.1	0.013104
37.11	0.013096
37.12	0.013088
37.13	0.013081
37.14	0.013073
37.15	0.013065
37.16	0.013057
37.17	0.013049
37.18	0.013042
37.19	0.013034
37.2	0.013026
37.21	0.013018
37.22	0.013011
37.23	0.013003
37.24	0.012995
37.25	0.012987
37.26	0.01298
37.27	0.012972
37.28	0.012964
37.29	0.012957
37.3	0.012949
37.31	0.012941
37.32	0.012934
37.33	0.012926
37.34	0.012918
37.35	0.012911
37.36	0.012903
37.37	0.012895
37.38	0.012888
37.39	0.01288
37.4	0.012872
37.41	0.012865
37.42	0.012857
37.43	0.012849
37.44	0.012842
37.45	0.012834
37.46	0.012827
37.47	0.012819
37.48	0.012812
37.49	0.012804
37.5	0.012796
37.51	0.012789
37.52	0.012781
37.53	0.012774
37.54	0.012766
37.55	0.012759
37.56	0.012751
37.57	0.012744
37.58	0.012736
37.59	0.012729
37.6	0.012721
37.61	0.012714
37.62	0.012706
37.63	0.012699
37.64	0.012691
37.65	0.012684
37.66	0.012676
37.67	0.012669
37.68	0.012661
37.69	0.012654
37.7	0.012647
37.71	0.012639
37.72	0.012632
37.73	0.012624
37.74	0.012617
37.75	0.012609
37.76	0.012602
37.77	0.012595
37.78	0.012587
37.79	0.01258
37.8	0.012573
37.81	0.012565
37.82	0.012558
37.83	0.012551
37.84	0.012543
37.85	0.012536
37.86	0.012529
37.87	0.012521
37.88	0.012514
37.89	0.012507
37.9	0.012499
37.91	0.012492
37.92	0.012485
37.93	0.012477
37.94	0.01247
37.95	0.012463
37.96	0.012456
37.97	0.012448
37.98	0.012441
37.99	0.012434
38.0	0.012427
38.01	0.012419
38.02	0.012412
38.03	0.012405
38.04	0.012398
38.05	0.012391
38.06	0.012383
38.07	0.012376
38.08	0.012369
38.09	0.012362
38.1	0.012355
38.11	0.012347
38.12	0.01234
38.13	0.012333
38.14	0.012326
38.15	0.012319
38.16	0.012312
38.17	0.012304
38.18	0.012297
38.19	0.01229
38.2	0.012283
38.21	0.012276
38.22	0.012269
38.23	0.012262
38.24	0.012255
38.25	0.012248
38.26	0.012241
38.27	0.012233
38.28	0.012226
38.29	0.012219
38.3	0.012212
38.31	0.012205
38.32	0.012198
38.33	0.012191
38.34	0.012184
38.35	0.012177
38.36	0.01217
38.37	0.012163
38.38	0.012156
38.39	0.012149
38.4	0.012142
38.41	0.012135
38.42	0.012128
38.43	0.012121
38.44	0.012114
38.45	0.012107
38.46	0.0121
38.47	0.012093
38.48	0.012086
38.49	0.012079
38.5	0.012072
38.51	0.012066
38.52	0.012059
38.53	0.012052
38.54	0.012045
38.55	0.012038
38.56	0.012031
38.57	0.012024
38.58	0.012017
38.59	0.01201
38.6	0.012003
38.61	0.011997
38.62	0.01199
38.63	0.011983
38.64	0.011976
38.65	0.011969
38.66	0.011962
38.67	0.011955
38.68	0.011949
38.69	0.011942
38.7	0.011935
38.71	0.011928
38.72	0.011921
38.73	0.011915
38.74	0.011908
38.75	0.011901
38.76	0.011894
38.77	0.011887
38.78	0.011881
38.79	0.011874
38.8	0.011867
38.81	0.01186
38.82	0.011854
38.83	0.011847
38.84	0.01184
38.85	0.011833
38.86	0.011827
38.87	0.01182
38.88	0.011813
38.89	0.011807
38.9	0.0118
38.91	0.011793
38.92	0.011786
38.93	0.01178
38.94	0.011773
38.95	0.011766
38.96	0.01176
38.97	0.011753
38.98	0.011746
38.99	0.01174
39.0	0.011733
39.01	0.011726
39.02	0.01172
39.03	0.011713
39.04	0.011707
39.05	0.0117
39.06	0.011693
39.07	0.011687
39.08	0.01168
39.09	0.011674
39.1	0.011667
39.11	0.01166
39.12	0.011654
39.13	0.011647
39.14	0.011641
39.15	0.011634
39.16	0.011628
39.17	0.011621
39.18	0.011614
39.19	0.011608
39.2	0.011601
39.21	0.011595
39.22	0.011588
39.23	0.011582
39.24	0.011575
39.25	0.011569
39.26	0.011562
39.27	0.011556
39.28	0.011549
39.29	0.011543
39.3	0.011536
39.31	0.01153
39.32	0.011523
39.33	0.011517
39.34	0.01151
39.35	0.011504
39.36	0.011498
39.37	0.011491
39.38	0.011485
39.39	0.011478
39.4	0.011472
39.41	0.011465
39.42	0.011459
39.43	0.011453
39.44	0.011446
39.45	0.01144
39.46	0.011433
39.47	0.011427
39.48	0.011421
39.49	0.011414
39.5	0.011408
39.51	0.011401
39.52	0.011395
39.53	0.011389
39.54	0.011382
39.55	0.011376
39.56	0.01137
39.57	0.011363
39.58	0.011357
39.59	0.011351
39.6	0.011344
39.61	0.011338
39.62	0.011332
39.63	0.011325
39.64	0.011319
39.65	0.011313
39.66	0.011306
39.67	0.0113
39.68	0.011294
39.69	0.011288
39.7	0.011281
39.71	0.011275
39.72	0.011269
39.73	0.011263
39.74	0.011256
39.75	0.01125
39.76	0.011244
39.77	0.011238
39.78	0.011231
39.79	0.011225
39.8	0.011219
39.81	0.011213
39.82	0.011207
39.83	0.0112
39.84	0.011194
39.85	0.011188
39.86	0.011182
39.87	0.011176
39.88	0.011169
39.89	0.011163
39.9	0.011157
39.91	0.011151
39.92	0.011145
39.93	0.011139
39.94	0.011132
39.95	0.011126
39.96	0.01112
39.97	0.011114
39.98	0.011108
39.99	0.011102
40.0	0.011096
40.01	0.01109
40.02	0.011083
40.03	0.011077
40.04	0.011071
40.05	0.011065
40.06	0.011059
40.07	0.011053
40.08	0.011047
40.09	0.011041
40.1	0.011035
40.11	0.011029
40.12	0.011023
40.13	0.011017
40.14	0.011011
40.15	0.011004
40.16	0.010998
40.17	0.010992
40.18	0.010986
40.19	0.01098
40.2	0.010974
40.21	0.010968
40.22	0.010962
40.23	0.010956
40.24	0.01095
40.25	0.010944
40.26	0.010938
40.27	0.010932
40.28	0.010926
40.29	0.01092
40.3	0.010914
40.31	0.010908
40.32	0.010903
40.33	0.010897
40.34	0.010891
40.35	0.010885
40.36	0.010879
40.37	0.010873
40.38	0.010867
40.39	0.010861
40.4	0.010855
40.41	0.010849
40.42	0.010843
40.43	0.010837
40.44	0.010831
40.45	0.010825
40.46	0.01082
40.47	0.010814
40.48	0.010808
40.49	0.010802
40.5	0.010796
40.51	0.01079
40.52	0.010784
40.53	0.010778
40.54	0.010773
40.55	0.010767
40.56	0.010761
40.57	0.010755
40.58	0.010749
40.59	0.010743
40.6	0.010738
40.61	0.010732
40.62	0.010726
40.63	0.01072
40.64	0.010714
40.65	0.010709
40.66	0.010703
40.67	0.010697
40.68	0.010691
40.69	0.010685
40.7	0.01068
40.71	0.010674
40.72	0.010668
40.73	0.010662
40.74	0.010657
40.75	0.010651
40.76	0.010645
40.77	0.010639
40.78	0.010634
40.79	0.010628
40.8	0.010622
40.81	0.010616
40.82	0.010611
40.83	0.010605
40.84	0.010599
40.85	0.010593
40.86	0.010588
40.87	0.010582
40.88	0.010576
40.89	0.010571
40.9	0.010565
40.91	0.010559
40.92	0.010554
40.93	0.010548
40.94	0.010542
40.95	0.010537
40.96	0.010531
40.97	0.010525
40.98	0.01052
40.99	0.010514
41.0	0.010508
41.01	0.010503
41.02	0.010497
41.03	0.010491
41.04	0.010486
41.05	0.01048
41.06	0.010475
41.07	0.010469
41.08	0.010463
41.09	0.010458
41.1	0.010452
41.11	0.010447
41.12	0.010441
41.13	0.010435
41.14	0.01043
41.15	0.010424
41.16	0.010419
41.17	0.010413
41.18	0.010408
41.19	0.010402
41.2	0.010396
41.21	0.010391
41.22	0.010385
41.23	0.01038
41.24	0.010374
41.25	0.010369
41.26	0.010363
41.27	0.010358
41.28	0.010352
41.29	0.010347
41.3	0.010341
41.31	0.010336
41.32	0.01033
41.33	0.010325
41.34	0.010319
41.35	0.010314
41.36	0.010308
41.37	0.010303
41.38	0.010297
41.39	0.010292
41.4	0.010286
41.41	0.010281
41.42	0.010275
41.43	0.01027
41.44	0.010264
41.45	0.010259
41.46	0.010254
41.47	0.010248
41.48	0.010243
41.49	0.010237
41.5	0.010232
41.51	0.010226
41.52	0.010221
41.53	0.010216
41.54	0.01021
41.55	0.010205
41.56	0.010199
41.57	0.010194
41.58	0.010189
41.59	0.010183
41.6	0.010178
41.61	0.010173
41.62	0.010167
41.63	0.010162
41.64	0.010156
41.65	0.010151
41.66	0.010146
41.67	0.01014
41.68	0.010135
41.69	0.01013
41.7	0.010124
41.71	0.010119
41.72	0.010114
41.73	0.010108
41.74	0.010103
41.75	0.010098
41.76	0.010092
41.77	0.010087
41.78	0.010082
41.79	0.010076
41.8	0.010071
41.81	0.010066
41.82	0.010061
41.83	0.010055
41.84	0.01005
41.85	0.010045
41.86	0.010039
41.87	0.010034
41.88	0.010029
41.89	0.010024
41.9	0.010018
41.91	0.010013
41.92	0.010008
41.93	0.010003
41.94	0.0099975
41.95	0.0099922
41.96	0.009987
41.97	0.0099818
41.98	0.0099765
41.99	0.0099713
42.0	0.0099661
42.01	0.0099609
42.02	0.0099557
42.03	0.0099505
42.04	0.0099453
42.05	0.0099401
42.06	0.0099349
42.07	0.0099297
42.08	0.0099245
42.09	0.0099194
42.1	0.0099142
42.11	0.009909
42.12	0.0099039
42.13	0.0098987
42.14	0.0098935
42.15	0.0098884
42.16	0.0098832
42.17	0.0098781
42.18	0.0098729
42.19	0.0098678
42.2	0.0098627
42.21	0.0098575
42.22	0.0098524
42.23	0.0098473
42.24	0.0098422
42.25	0.0098371
42.26	0.009832
42.27	0.0098269
42.28	0.0098217
42.29	0.0098166
42.3	0.0098116
42.31	0.0098065
42.32	0.0098014
42.33	0.0097963
42.34	0.0097912
42.35	0.0097861
42.36	0.0097811
42.37	0.009776
42.38	0.0097709
42.39	0.0097659
42.4	0.0097608
42.41	0.0097558
42.42	0.0097507
42.43	0.0097457
42.44	0.0097406
42.45	0.0097356
42.46	0.0097306
42.47	0.0097256
42.48	0.0097205
42.49	0.0097155
42.5	0.0097105
42.51	0.0097055
42.52	0.0097005
42.53	0.0096955
42.54	0.0096905
42.55	0.0096855
42.56	0.0096805
42.57	0.0096755
42.58	0.0096705
42.59	0.0096655
42.6	0.0096605
42.61	0.0096556
42.62	0.0096506
42.63	0.0096456
42.64	0.0096407
42.65	0.0096357
42.66	0.0096307
42.67	0.0096258
42.68	0.0096209
42.69	0.0096159
42.7	0.009611
42.71	0.009606
42.72	0.0096011
42.73	0.0095962
42.74	0.0095912
42.75	0.0095863
42.76	0.0095814
42.77	0.0095765
42.78	0.0095716
42.79	0.0095667
42.8	0.0095618
42.81	0.0095569
42.82	0.009552
42.83	0.0095471
42.84	0.0095422
42.85	0.0095373
42.86	0.0095324
42.87	0.0095276
42.88	0.0095227
42.89	0.0095178
42.9	0.009513
42.91	0.0095081
42.92	0.0095032
42.93	0.0094984
42.94	0.0094935
42.95	0.0094887
42.96	0.0094838
42.97	0.009479
42.98	0.0094742
42.99	0.0094693
43.0	0.0094645
43.01	0.0094597
43.02	0.0094549
43.03	0.00945
43.04	0.0094452
43.05	0.0094404
43.06	0.0094356
43.07	0.0094308
43.08	0.009426
43.09	0.0094212
43.1	0.0094164
43.11	0.0094116
43.12	0.0094069
43.13	0.0094021
43.14	0.0093973
43.15	0.0093925
43.16	0.0093877
43.17	0.009383
43.18	0.0093782
43.19	0.0093735
43.2	0.0093687
43.21	0.009364
43.22	0.0093592
43.23	0.0093545
43.24	0.0093497
43.25	0.009345
43.26	0.0093402
43.27	0.0093355
43.28	0.0093308
43.29	0.0093261
43.3	0.0093213
43.31	0.0093166
43.32	0.0093119
43.33	0.0093072
43.34	0.0093025
43.35	0.0092978
43.36	0.0092931
43.37	0.0092884
43.38	0.0092837
43.39	0.009279
43.4	0.0092743
43.41	0.0092697
43.42	0.009265
43.43	0.0092603
43.44	0.0092556
43.45	0.009251
43.46	0.0092463
43.47	0.0092416
43.48	0.009237
43.49	0.0092323
43.5	0.0092277
43.51	0.009223
43.52	0.0092184
43.53	0.0092138
43.54	0.0092091
43.55	0.0092045
43.56	0.0091999
43.57	0.0091952
43.58	0.0091906
43.59	0.009186
43.6	0.0091814
43.61	0.0091768
43.62	0.0091722
43.63	0.0091676
43.64	0.009163
43.65	0.0091584
43.66	0.0091538
43.67	0.0091492
43.68	0.0091446
43.69	0.00914
43.7	0.0091354
43.71	0.0091308
43.72	0.0091263
43.73	0.0091217
43.74	0.0091171
43.75	0.0091126
43.76	0.009108
43.77	0.0091035
43.78	0.0090989
43.79	0.0090944
43.8	0.0090898
43.81	0.0090853
43.82	0.0090807
43.83	0.0090762
43.84	0.0090717
43.85	0.0090671
43.86	0.0090626
43.87	0.0090581
43.88	0.0090536
43.89	0.009049
43.9	0.0090445
43.91	0.00904
43.92	0.0090355
43.93	0.009031
43.94	0.0090265
43.95	0.009022
43.96	0.0090175
43.97	0.009013
43.98	0.0090085
43.99	0.0090041
44.0	0.0089996
44.01	0.0089951
44.02	0.0089906
44.03	0.0089862
44.04	0.0089817
44.05	0.0089772
44.06	0.0089728
44.07	0.0089683
44.08	0.0089639
44.09	0.0089594
44.1	0.008955
44.11	0.0089505
44.12	0.0089461
44.13	0.0089417
44.14	0.0089372
44.15	0.0089328
44.16	0.0089284
44.17	0.0089239
44.18	0.0089195
44.19	0.0089151
44.2	0.0089107
44.21	0.0089063
44.22	0.0089019
44.23	0.0088975
44.24	0.0088931
44.25	0.0088887
44.26	0.0088843
44.27	0.0088799
44.28	0.0088755
44.29	0.0088711
44.3	0.0088667
44.31	0.0088624
44.32	0.008858
44.33	0.0088536
44.34	0.0088492
44.35	0.0088449
44.36	0.0088405
44.37	0.0088362
44.38	0.0088318
44.39	0.0088274
44.4	0.0088231
44.41	0.0088188
44.42	0.0088144
44.43	0.0088101
44.44	0.0088057
44.45	0.0088014
44.46	0.0087971
44.47	0.0087927
44.48	0.0087884
44.49	0.0087841
44.5	0.0087798
44.51	0.0087755
44.52	0.0087712
44.53	0.0087668
44.54	0.0087625
44.55	0.0087582
44.56	0.0087539
44.57	0.0087496
44.58	0.0087454
44.59	0.0087411
44.6	0.0087368
44.61	0.0087325
44.62	0.0087282
44.63	0.0087239
44.64	0.0087197
44.65	0.0087154
44.66	0.0087111
44.67	0.0087069
44.68	0.0087026
44.69	0.0086983
44.7	0.0086941
44.71	0.0086898
44.72	0.0086856
44.73	0.0086813
44.74	0.0086771
44.75	0.0086729
44.76	0.0086686
44.77	0.0086644
44.78	0.0086602
44.79	0.0086559
44.8	0.0086517
44.81	0.0086475
44.82	0.0086433
44.83	0.0086391
44.84	0.0086349
44.85	0.0086306
44.86	0.0086264
44.87	0.0086222
44.88	0.008618
44.89	0.0086138
44.9	0.0086096
44.91	0.0086055
44.92	0.0086013
44.93	0.0085971
44.94	0.0085929
44.95	0.0085887
44.96	0.0085845
44.97	0.0085804
44.98	0.0085762
44.99	0.008572
45.0	0.0085679
45.01	0.0085637
45.02	0.0085596
45.03	0.0085554
45.04	0.0085513
45.05	0.0085471
45.06	0.008543
45.07	0.0085388
45.08	0.0085347
45.09	0.0085305
45.1	0.0085264
45.11	0.0085223
45.12	0.0085182
45.13	0.008514
45.14	0.0085099
45.15	0.0085058
45.16	0.0085017
45.17	0.0084976
45.18	0.0084935
45.19	0.0084894
45.2	0.0084852
45.21	0.0084811
45.22	0.0084771
45.23	0.008473
45.24	0.0084689
45.25	0.0084648
45.26	0.0084607
45.27	0.0084566
45.28	0.0084525
45.29	0.0084485
45.3	0.0084444
45.31	0.0084403
45.32	0.0084362
45.33	0.0084322
45.34	0.0084281
45.35	0.0084241
45.36	0.00842
45.37	0.0084159
45.38	0.0084119
45.39	0.0084078
45.4	0.0084038
45.41	0.0083998
45.42	0.0083957
45.43	0.0083917
45.44	0.0083876
45.45	0.0083836
45.46	0.0083796
45.47	0.0083756
45.48	0.0083715
45.49	0.0083675
45.5	0.0083635
45.51	0.0083595
45.52	0.0083555
45.53	0.0083515
45.54	0.0083475
45.55	0.0083435
45.56	0.0083395
45.57	0.0083355
45.58	0.0083315
45.59	0.0083275
45.6	0.0083235
45.61	0.0083195
45.62	0.0083155
45.63	0.0083116
45.64	0.0083076
45.65	0.0083036
45.66	0.0082996
45.67	0.0082957
45.68	0.0082917
45.69	0.0082878
45.7	0.0082838
45.71	0.0082798
45.72	0.0082759
45.73	0.0082719
45.74	0.008268
45.75	0.008264
45.76	0.0082601
45.77	0.0082562
45.78	0.0082522
45.79	0.0082483
45.8	0.0082444
45.81	0.0082404
45.82	0.0082365
45.83	0.0082326
45.84	0.0082287
45.85	0.0082247
45.86	0.0082208
45.87	0.0082169
45.88	0.008213
45.89	0.0082091
45.9	0.0082052
45.91	0.0082013
45.92	0.0081974
45.93	0.0081935
45.94	0.0081896
45.95	0.0081857
45.96	0.0081818
45.97	0.008178
45.98	0.0081741
45.99	0.0081702
46.0	0.0081663
46.01	0.0081624
46.02	0.0081586
46.03	0.0081547
46.04	0.0081508
46.05	0.008147
46.06	0.0081431
46.07	0.0081393
46.08	0.0081354
46.09	0.0081316
46.1	0.0081277
46.11	0.0081239
46.12	0.00812
46.13	0.0081162
46.14	0.0081123
46.15	0.0081085
46.16	0.0081047
46.17	0.0081009
46.18	0.008097
46.19	0.0080932
46.2	0.0080894
46.21	0.0080856
46.22	0.0080817
46.23	0.0080779
46.24	0.0080741
46.25	0.0080703
46.26	0.0080665
46.27	0.0080627
46.28	0.0080589
46.29	0.0080551
46.3	0.0080513
46.31	0.0080475
46.32	0.0080437
46.33	0.0080399
46.34	0.0080362
46.35	0.0080324
46.36	0.0080286
46.37	0.0080248
46.38	0.0080211
46.39	0.0080173
46.4	0.0080135
46.41	0.0080098
46.42	0.008006
46.43	0.0080022
46.44	0.0079985
46.45	0.0079947
46.46	0.007991
46.47	0.0079872
46.48	0.0079835
46.49	0.0079797
46.5	0.007976
46.51	0.0079722
46.52	0.0079685
46.53	0.0079648
46.54	0.007961
46.55	0.0079573
46.56	0.0079536
46.57	0.0079499
46.58	0.0079461
46.59	0.0079424
46.6	0.0079387
46.61	0.007935
46.62	0.0079313
46.63	0.0079276
46.64	0.0079239
46.65	0.0079202
46.66	0.0079165
46.67	0.0079128
46.68	0.0079091
46.69	0.0079054
46.7	0.0079017
46.71	0.007898
46.72	0.0078943
46.73	0.0078906
46.74	0.007887
46.75	0.0078833
46.76	0.0078796
46.77	0.0078759
46.78	0.0078723
46.79	0.0078686
46.8	0.0078649
46.81	0.0078613
46.82	0.0078576
46.83	0.007854
46.84	0.0078503
46.85	0.0078467
46.86	0.007843
46.87	0.0078394
46.88	0.0078357
46.89	0.0078321
46.9	0.0078284
46.91	0.0078248
46.92	0.0078212
46.93	0.0078175
46.94	0.0078139
46.95	0.0078103
46.96	0.0078067
46.97	0.007803
46.98	0.0077994
46.99	0.0077958
47.0	0.0077922
47.01	0.0077886
47.02	0.007785
47.03	0.0077814
47.04	0.0077778
47.05	0.0077742
47.06	0.0077706
47.07	0.007767
47.08	0.0077634
47.09	0.0077598
47.1	0.0077562
47.11	0.0077526
47.12	0.007749
47.13	0.0077454
47.14	0.0077418
47.15	0.0077383
47.16	0.0077347
47.17	0.0077311
47.18	0.0077276
47.19	0.007724
47.2	0.0077204
47.21	0.0077169
47.22	0.0077133
47.23	0.0077097
47.24	0.0077062
47.25	0.0077026
47.26	0.0076991
47.27	0.0076955
47.28	0.007692
47.29	0.0076885
47.3	0.0076849
47.31	0.0076814
47.32	0.0076778
47.33	0.0076743
47.34	0.0076708
47.35	0.0076673
47.36	0.0076637
47.37	0.0076602
47.38	0.0076567
47.39	0.0076532
47.4	0.0076497
47.41	0.0076461
47.42	0.0076426
47.43	0.0076391
47.44	0.0076356
47.45	0.0076321
47.46	0.0076286
47.47	0.0076251
47.48	0.0076216
47.49	0.0076181
47.5	0.0076146
47.51	0.0076111
47.52	0.0076077
47.53	0.0076042
47.54	0.0076007
47.55	0.0075972
47.56	0.0075937
47.57	0.0075903
47.58	0.0075868
47.59	0.0075833
47.6	0.0075798
47.61	0.0075764
47.62	0.0075729
47.63	0.0075695
47.64	0.007566
47.65	0.0075625
47.66	0.0075591
47.67	0.0075556
47.68	0.0075522
47.69	0.0075487
47.7	0.0075453
47.71	0.0075418
47.72	0.0075384
47.73	0.007535
47.74	0.0075315
47.75	0.0075281
47.76	0.0075247
47.77	0.0075212
47.78	0.0075178
47.79	0.0075144
47.8	0.007511
47.81	0.0075076
47.82	0.0075041
47.83	0.0075007
47.84	0.0074973
47.85	0.0074939
47.86	0.0074905
47.87	0.0074871
47.88	0.0074837
47.89	0.0074803
47.9	0.0074769
47.91	0.0074735
47.92	0.0074701
47.93	0.0074667
47.94	0.0074633
47.95	0.0074599
47.96	0.0074566
47.97	0.0074532
47.98	0.0074498
47.99	0.0074464
48.0	0.007443
48.01	0.0074397
48.02	0.0074363
48.03	0.0074329
48.04	0.0074296
48.05	0.0074262
48.06	0.0074228
48.07	0.0074195
48.08	0.0074161
48.09	0.0074128
48.1	0.0074094
48.11	0.0074061
48.12	0.0074027
48.13	0.0073994
48.14	0.007396
48.15	0.0073927
48.16	0.0073893
48.17	0.007386
48.18	0.0073827
48.19	0.0073793
48.2	0.007376
48.21	0.0073727
48.22	0.0073694
48.23	0.007366
48.24	0.0073627
48.25	0.0073594
48.26	0.0073561
48.27	0.0073528
48.28	0.0073495
48.29	0.0073461
48.3	0.0073428
48.31	0.0073395
48.32	0.0073362
48.33	0.0073329
48.34	0.0073296
48.35	0.0073263
48.36	0.007323
48.37	0.0073197
48.38	0.0073165
48.39	0.0073132
48.4	0.0073099
48.41	0.0073066
48.42	0.0073033
48.43	0.0073
48.44	0.0072968
48.45	0.0072935
48.46	0.0072902
48.47	0.0072869
48.48	0.0072837
48.49	0.0072804
48.5	0.0072772
48.51	0.0072739
48.52	0.0072706
48.53	0.0072674
48.54	0.0072641
48.55	0.0072609
48.56	0.0072576
48.57	0.0072544
48.58	0.0072511
48.59	0.0072479
48.6	0.0072446
48.61	0.0072414
48.62	0.0072382
48.63	0.0072349
48.64	0.0072317
48.65	0.0072285
48.66	0.0072252
48.67	0.007222
48.68	0.0072188
48.69	0.0072156
48.7	0.0072123
48.71	0.0072091
48.72	0.0072059
48.73	0.0072027
48.74	0.0071995
48.75	0.0071963
48.76	0.0071931
48.77	0.0071899
48.78	0.0071867
48.79	0.0071835
48.8	0.0071803
48.81	0.0071771
48.82	0.0071739
48.83	0.0071707
48.84	0.0071675
48.85	0.0071643
48.86	0.0071611
48.87	0.0071579
48.88	0.0071547
48.89	0.0071516
48.9	0.0071484
48.91	0.0071452
48.92	0.007142
48.93	0.0071389
48.94	0.0071357
48.95	0.0071325
48.96	0.0071294
48.97	0.0071262
48.98	0.007123
48.99	0.0071199
49.0	0.0071167
49.01	0.0071136
49.02	0.0071104
49.03	0.0071073
49.04	0.0071041
49.05	0.007101
49.06	0.0070978
49.07	0.0070947
49.08	0.0070915
49.09	0.0070884
49.1	0.0070853
49.11	0.0070821
49.12	0.007079
49.13	0.0070759
49.14	0.0070727
49.15	0.0070696
49.16	0.0070665
49.17	0.0070634
49.18	0.0070603
49.19	0.0070571
49.2	0.007054
49.21	0.0070509
49.22	0.0070478
49.23	0.0070447
49.24	0.0070416
49.25	0.0070385
49.26	0.0070354
49.27	0.0070323
49.28	0.0070292
49.29	0.0070261
49.3	0.007023
49.31	0.0070199
49.32	0.0070168
49.33	0.0070137
49.34	0.0070106
49.35	0.0070075
49.36	0.0070045
49.37	0.0070014
49.38	0.0069983
49.39	0.0069952
49.4	0.0069921
49.41	0.0069891
49.42	0.006986
49.43	0.0069829
49.44	0.0069799
49.45	0.0069768
49.46	0.0069737
49.47	0.0069707
49.48	0.0069676
49.49	0.0069646
49.5	0.0069615
49.51	0.0069585
49.52	0.0069554
49.53	0.0069524
49.54	0.0069493
49.55	0.0069463
49.56	0.0069432
49.57	0.0069402
49.58	0.0069371
49.59	0.0069341
49.6	0.0069311
49.61	0.006928
49.62	0.006925
49.63	0.006922
49.64	0.006919
49.65	0.0069159
49.66	0.0069129
49.67	0.0069099
49.68	0.0069069
49.69	0.0069039
49.7	0.0069008
49.71	0.0068978
49.72	0.0068948
49.73	0.0068918
49.74	0.0068888
49.75	0.0068858
49.76	0.0068828
49.77	0.0068798
49.78	0.0068768
49.79	0.0068738
49.8	0.0068708
49.81	0.0068678
49.82	0.0068648
49.83	0.0068618
49.84	0.0068588
49.85	0.0068558
49.86	0.0068529
49.87	0.0068499
49.88	0.0068469
49.89	0.0068439
49.9	0.0068409
49.91	0.006838
49.92	0.006835
49.93	0.006832
49.94	0.0068291
49.95	0.0068261
49.96	0.0068231
49.97	0.0068202
49.98	0.0068172
49.99	0.0068143
50.0	0.0068113
