eng	y_fit
0.01	10.214
0.02	4.7129
0.03	2.1054
0.04	2.1278428571428574
0.05	2.1502857142857144
0.06	2.1727285714285713
0.07	2.1951714285714283
0.08	2.2176142857142853
0.09	2.2400571428571423
0.1	2.2625
0.11	2.284942857142857
0.12	2.307385714285714
0.13	2.329828571428571
0.14	2.3522714285714286
0.15	2.3747142857142856
0.16	2.3971571428571425
0.17	2.4196
0.18	2.3811
0.19	2.3494
0.2	2.3187
0.21	2.2922
0.22	2.2662
0.23	2.2449
0.24	2.2232
0.25	2.2048
0.26	2.1867
0.27	2.169
0.28	2.1539
0.29	2.1386
0.3	2.1247
0.31	2.1126
0.32	2.1003
0.33	2.0888
0.34	2.0785
0.35	2.0679
0.36	2.0578
0.37	2.049
0.38	2.0404
0.39	2.0318
0.4	2.0241
0.41	2.0169
0.42	2.0094
0.43	2.002
0.44	1.9953
0.45	1.9888
0.46	1.9821
0.47	1.9758
0.48	1.9702
0.49	1.9647
0.5	1.9591
0.51	1.9538
0.52	1.9489
0.53	1.944
0.54	1.9388
0.55	1.9336
0.56	1.9288
0.57	1.9241
0.58	1.9192
0.59	1.9144
0.6	1.9099
0.61	1.9057
0.62	1.9015
0.63	1.8972
0.64	1.8929
0.65	1.8889
0.66	1.885
0.67	1.8808
0.68	1.8765
0.69	1.8723
0.7	1.8683
0.71	1.8642
0.72	1.8601
0.73	1.8559
0.74	1.8518
0.75	1.8479
0.76	1.844
0.77	1.8401
0.78	1.8361
0.79	1.8321
0.8	1.8283
0.81	1.8245
0.82	1.8206
0.83	1.8166
0.84	1.8125
0.85	1.8086
0.86	1.8047
0.87	1.8007
0.88	1.7967
0.89	1.7926
0.9	1.7885
0.91	1.7846
0.92	1.7806
0.93	1.7766
0.94	1.7726
0.95	1.7685
0.96	1.7645
0.97	1.7605
0.98	1.7565
0.99	1.7525
1.0	1.7484
1.01	1.7442
1.02	1.7401
1.03	1.736
1.04	1.732
1.05	1.7278
1.06	1.7236
1.07	1.7194
1.08	1.7152
1.09	1.711
1.1	1.7068
1.11	1.7026
1.12	1.6984
1.13	1.6941
1.14	1.6898
1.15	1.6856
1.16	1.6813
1.17	1.6771
1.18	1.6728
1.19	1.6685
1.2	1.6641
1.21	1.6598
1.22	1.6555
1.23	1.6512
1.24	1.6469
1.25	1.6426
1.26	1.6382
1.27	1.6338
1.28	1.6294
1.29	1.6251
1.3	1.6207
1.31	1.6163
1.32	1.6119
1.33	1.6075
1.34	1.6031
1.35	1.5987
1.36	1.5943
1.37	1.59
1.38	1.5856
1.39	1.5811
1.4	1.5767
1.41	1.5723
1.42	1.5679
1.43	1.5635
1.44	1.5591
1.45	1.5547
1.46	1.5503
1.47	1.5458
1.48	1.5414
1.49	1.537
1.5	1.5326
1.51	1.5282
1.52	1.5238
1.53	1.5195
1.54	1.5151
1.55	1.5107
1.56	1.5063
1.57	1.502
1.58	1.4976
1.59	1.4933
1.6	1.489
1.61	1.4846
1.62	1.4803
1.63	1.476
1.64	1.4717
1.65	1.4674
1.66	1.4631
1.67	1.4588
1.68	1.4546
1.69	1.4503
1.7	1.4461
1.71	1.4418
1.72	1.4376
1.73	1.4334
1.74	1.4293
1.75	1.4251
1.76	1.421
1.77	1.4169
1.78	1.4128
1.79	1.4087
1.8	1.4046
1.81	1.4006
1.82	1.3966
1.83	1.3926
1.84	1.3886
1.85	1.3846
1.86	1.3807
1.87	1.3767
1.88	1.3728
1.89	1.369
1.9	1.3651
1.91	1.3613
1.92	1.3575
1.93	1.3537
1.94	1.3499
1.95	1.3461
1.96	1.3424
1.97	1.3387
1.98	1.335
1.99	1.3314
2.0	1.3278
2.01	1.3242
2.02	1.3206
2.03	1.3171
2.04	1.3135
2.05	1.3101
2.06	1.3066
2.07	1.3032
2.08	1.2998
2.09	1.2964
2.1	1.293
2.11	1.2897
2.12	1.2864
2.13	1.2831
2.14	1.2798
2.15	1.2766
2.16	1.2734
2.17	1.2702
2.18	1.267
2.19	1.2639
2.2	1.2608
2.21	1.2577
2.22	1.2546
2.23	1.2516
2.24	1.2486
2.25	1.2456
2.26	1.2426
2.27	1.2397
2.28	1.2368
2.29	1.2339
2.3	1.231
2.31	1.2282
2.32	1.2254
2.33	1.2226
2.34	1.2198
2.35	1.217
2.36	1.2143
2.37	1.2116
2.38	1.2089
2.39	1.2062
2.4	1.2036
2.41	1.2009
2.42	1.1983
2.43	1.1957
2.44	1.1932
2.45	1.1906
2.46	1.1881
2.47	1.1856
2.48	1.1831
2.49	1.1806
2.5	1.1781
2.51	1.1757
2.52	1.1733
2.53	1.1709
2.54	1.1685
2.55	1.1661
2.56	1.1637
2.57	1.1614
2.58	1.1591
2.59	1.1568
2.6	1.1545
2.61	1.1522
2.62	1.1499
2.63	1.1477
2.64	1.1454
2.65	1.1432
2.66	1.141
2.67	1.1388
2.68	1.1366
2.69	1.1344
2.7	1.1323
2.71	1.1301
2.72	1.128
2.73	1.1259
2.74	1.1238
2.75	1.1217
2.76	1.1196
2.77	1.1175
2.78	1.1154
2.79	1.1134
2.8	1.1113
2.81	1.1093
2.82	1.1073
2.83	1.1053
2.84	1.1033
2.85	1.1013
2.86	1.0993
2.87	1.0973
2.88	1.0953
2.89	1.0934
2.9	1.0914
2.91	1.0895
2.92	1.0875
2.93	1.0856
2.94	1.0837
2.95	1.0817
2.96	1.0798
2.97	1.0779
2.98	1.076
2.99	1.0741
3.0	1.0723
3.01	1.0704
3.02	1.0685
3.03	1.0666
3.04	1.0648
3.05	1.0629
3.06	1.0611
3.07	1.0592
3.08	1.0574
3.09	1.0556
3.1	1.0537
3.11	1.0519
3.12	1.0501
3.13	1.0483
3.14	1.0465
3.15	1.0446
3.16	1.0428
3.17	1.041
3.18	1.0392
3.19	1.0374
3.2	1.0356
3.21	1.0339
3.22	1.0321
3.23	1.0303
3.24	1.0285
3.25	1.0267
3.26	1.0249
3.27	1.0232
3.28	1.0214
3.29	1.0196
3.3	1.0179
3.31	1.0161
3.32	1.0143
3.33	1.0126
3.34	1.0108
3.35	1.0091
3.36	1.0073
3.37	1.0055
3.38	1.0038
3.39	1.002
3.4	1.0003
3.41	0.99853
3.42	0.99678
3.43	0.99503
3.44	0.99328
3.45	0.99154
3.46	0.98979
3.47	0.98805
3.48	0.98631
3.49	0.98457
3.5	0.98283
3.51	0.98109
3.52	0.97935
3.53	0.97761
3.54	0.97587
3.55	0.97413
3.56	0.9724
3.57	0.97066
3.58	0.96893
3.59	0.96719
3.6	0.96546
3.61	0.96373
3.62	0.962
3.63	0.96027
3.64	0.95854
3.65	0.95681
3.66	0.95508
3.67	0.95335
3.68	0.95162
3.69	0.9499
3.7	0.94817
3.71	0.94645
3.72	0.94473
3.73	0.943
3.74	0.94128
3.75	0.93956
3.76	0.93784
3.77	0.93612
3.78	0.93441
3.79	0.93269
3.8	0.93097
3.81	0.92926
3.82	0.92754
3.83	0.92583
3.84	0.92412
3.85	0.92241
3.86	0.9207
3.87	0.919
3.88	0.91729
3.89	0.91559
3.9	0.91388
3.91	0.91218
3.92	0.91048
3.93	0.90878
3.94	0.90708
3.95	0.90539
3.96	0.90369
3.97	0.902
3.98	0.90031
3.99	0.89862
4.0	0.89693
4.01	0.89525
4.02	0.89356
4.03	0.89188
4.04	0.8902
4.05	0.88852
4.06	0.88684
4.07	0.88517
4.08	0.8835
4.09	0.88183
4.1	0.88016
4.11	0.87849
4.12	0.87683
4.13	0.87516
4.14	0.8735
4.15	0.87184
4.16	0.87019
4.17	0.86854
4.18	0.86688
4.19	0.86524
4.2	0.86359
4.21	0.86194
4.22	0.8603
4.23	0.85866
4.24	0.85703
4.25	0.85539
4.26	0.85376
4.27	0.85213
4.28	0.8505
4.29	0.84888
4.3	0.84726
4.31	0.84564
4.32	0.84402
4.33	0.84241
4.34	0.8408
4.35	0.83919
4.36	0.83759
4.37	0.83598
4.38	0.83438
4.39	0.83279
4.4	0.83119
4.41	0.8296
4.42	0.82802
4.43	0.82643
4.44	0.82485
4.45	0.82327
4.46	0.82169
4.47	0.82012
4.48	0.81855
4.49	0.81698
4.5	0.81542
4.51	0.81386
4.52	0.8123
4.53	0.81075
4.54	0.8092
4.55	0.80765
4.56	0.8061
4.57	0.80456
4.58	0.80303
4.59	0.80149
4.6	0.79996
4.61	0.79843
4.62	0.7969
4.63	0.79538
4.64	0.79386
4.65	0.79235
4.66	0.79084
4.67	0.78933
4.68	0.78782
4.69	0.78632
4.7	0.78482
4.71	0.78332
4.72	0.78183
4.73	0.78034
4.74	0.77886
4.75	0.77738
4.76	0.7759
4.77	0.77442
4.78	0.77295
4.79	0.77148
4.8	0.77002
4.81	0.76856
4.82	0.7671
4.83	0.76564
4.84	0.76419
4.85	0.76274
4.86	0.7613
4.87	0.75986
4.88	0.75842
4.89	0.75698
4.9	0.75555
4.91	0.75412
4.92	0.7527
4.93	0.75128
4.94	0.74986
4.95	0.74844
4.96	0.74703
4.97	0.74562
4.98	0.74422
4.99	0.74282
5.0	0.74142
5.01	0.74003
5.02	0.73863
5.03	0.73725
5.04	0.73586
5.05	0.73448
5.06	0.7331
5.07	0.73172
5.08	0.73035
5.09	0.72898
5.1	0.72762
5.11	0.72625
5.12	0.72489
5.13	0.72354
5.14	0.72218
5.15	0.72083
5.16	0.71949
5.17	0.71814
5.18	0.7168
5.19	0.71546
5.2	0.71413
5.21	0.71279
5.22	0.71146
5.23	0.71014
5.24	0.70881
5.25	0.70749
5.26	0.70618
5.27	0.70486
5.28	0.70355
5.29	0.70224
5.3	0.70093
5.31	0.69963
5.32	0.69833
5.33	0.69703
5.34	0.69574
5.35	0.69445
5.36	0.69316
5.37	0.69187
5.38	0.69059
5.39	0.68931
5.4	0.68803
5.41	0.68675
5.42	0.68548
5.43	0.68421
5.44	0.68294
5.45	0.68167
5.46	0.68041
5.47	0.67915
5.48	0.67789
5.49	0.67664
5.5	0.67539
5.51	0.67414
5.52	0.67289
5.53	0.67164
5.54	0.6704
5.55	0.66916
5.56	0.66792
5.57	0.66669
5.58	0.66546
5.59	0.66423
5.6	0.663
5.61	0.66177
5.62	0.66055
5.63	0.65933
5.64	0.65811
5.65	0.65689
5.66	0.65568
5.67	0.65447
5.68	0.65326
5.69	0.65205
5.7	0.65085
5.71	0.64965
5.72	0.64845
5.73	0.64725
5.74	0.64605
5.75	0.64486
5.76	0.64367
5.77	0.64248
5.78	0.64129
5.79	0.64011
5.8	0.63893
5.81	0.63775
5.82	0.63657
5.83	0.63539
5.84	0.63422
5.85	0.63305
5.86	0.63188
5.87	0.63071
5.88	0.62955
5.89	0.62838
5.9	0.62722
5.91	0.62606
5.92	0.62491
5.93	0.62375
5.94	0.6226
5.95	0.62145
5.96	0.6203
5.97	0.61915
5.98	0.61801
5.99	0.61687
6.0	0.61573
6.01	0.61459
6.02	0.61346
6.03	0.61232
6.04	0.61119
6.05	0.61006
6.06	0.60893
6.07	0.60781
6.08	0.60668
6.09	0.60556
6.1	0.60444
6.11	0.60332
6.12	0.60221
6.13	0.60109
6.14	0.59998
6.15	0.59887
6.16	0.59776
6.17	0.59666
6.18	0.59555
6.19	0.59445
6.2	0.59335
6.21	0.59225
6.22	0.59116
6.23	0.59006
6.24	0.58897
6.25	0.58788
6.26	0.58679
6.27	0.58571
6.28	0.58462
6.29	0.58354
6.3	0.58246
6.31	0.58138
6.32	0.5803
6.33	0.57923
6.34	0.57816
6.35	0.57708
6.36	0.57601
6.37	0.57495
6.38	0.57388
6.39	0.57282
6.4	0.57176
6.41	0.5707
6.42	0.56964
6.43	0.56858
6.44	0.56753
6.45	0.56648
6.46	0.56543
6.47	0.56438
6.48	0.56333
6.49	0.56228
6.5	0.56124
6.51	0.5602
6.52	0.55916
6.53	0.55812
6.54	0.55709
6.55	0.55605
6.56	0.55502
6.57	0.55399
6.58	0.55296
6.59	0.55194
6.6	0.55091
6.61	0.54989
6.62	0.54887
6.63	0.54785
6.64	0.54683
6.65	0.54582
6.66	0.5448
6.67	0.54379
6.68	0.54278
6.69	0.54177
6.7	0.54076
6.71	0.53976
6.72	0.53876
6.73	0.53776
6.74	0.53676
6.75	0.53576
6.76	0.53476
6.77	0.53377
6.78	0.53278
6.79	0.53179
6.8	0.5308
6.81	0.52981
6.82	0.52883
6.83	0.52784
6.84	0.52686
6.85	0.52588
6.86	0.52491
6.87	0.52393
6.88	0.52296
6.89	0.52198
6.9	0.52101
6.91	0.52004
6.92	0.51908
6.93	0.51811
6.94	0.51715
6.95	0.51619
6.96	0.51523
6.97	0.51427
6.98	0.51331
6.99	0.51236
7.0	0.51141
7.01	0.51046
7.02	0.50951
7.03	0.50856
7.04	0.50762
7.05	0.50667
7.06	0.50573
7.07	0.50479
7.08	0.50385
7.09	0.50292
7.1	0.50198
7.11	0.50105
7.12	0.50012
7.13	0.49919
7.14	0.49826
7.15	0.49733
7.16	0.49641
7.17	0.49549
7.18	0.49457
7.19	0.49365
7.2	0.49273
7.21	0.49182
7.22	0.4909
7.23	0.48999
7.24	0.48908
7.25	0.48817
7.26	0.48727
7.27	0.48636
7.28	0.48546
7.29	0.48456
7.3	0.48366
7.31	0.48276
7.32	0.48187
7.33	0.48098
7.34	0.48008
7.35	0.47919
7.36	0.4783
7.37	0.47742
7.38	0.47653
7.39	0.47565
7.4	0.47477
7.41	0.47389
7.42	0.47301
7.43	0.47213
7.44	0.47126
7.45	0.47039
7.46	0.46952
7.47	0.46865
7.48	0.46778
7.49	0.46691
7.5	0.46605
7.51	0.46519
7.52	0.46433
7.53	0.46347
7.54	0.46261
7.55	0.46176
7.56	0.4609
7.57	0.46005
7.58	0.4592
7.59	0.45835
7.6	0.45751
7.61	0.45666
7.62	0.45582
7.63	0.45498
7.64	0.45414
7.65	0.4533
7.66	0.45246
7.67	0.45163
7.68	0.45079
7.69	0.44996
7.7	0.44913
7.71	0.4483
7.72	0.44748
7.73	0.44665
7.74	0.44583
7.75	0.44501
7.76	0.44419
7.77	0.44337
7.78	0.44255
7.79	0.44174
7.8	0.44093
7.81	0.44011
7.82	0.4393
7.83	0.4385
7.84	0.43769
7.85	0.43688
7.86	0.43608
7.87	0.43528
7.88	0.43448
7.89	0.43368
7.9	0.43288
7.91	0.43209
7.92	0.4313
7.93	0.4305
7.94	0.42971
7.95	0.42892
7.96	0.42814
7.97	0.42735
7.98	0.42657
7.99	0.42579
8.0	0.42501
8.01	0.42423
8.02	0.42345
8.03	0.42267
8.04	0.4219
8.05	0.42113
8.06	0.42035
8.07	0.41958
8.08	0.41882
8.09	0.41805
8.1	0.41729
8.11	0.41652
8.12	0.41576
8.13	0.415
8.14	0.41424
8.15	0.41348
8.16	0.41273
8.17	0.41197
8.18	0.41122
8.19	0.41047
8.2	0.40972
8.21	0.40897
8.22	0.40823
8.23	0.40748
8.24	0.40674
8.25	0.406
8.26	0.40526
8.27	0.40452
8.28	0.40378
8.29	0.40305
8.3	0.40231
8.31	0.40158
8.32	0.40085
8.33	0.40012
8.34	0.39939
8.35	0.39867
8.36	0.39794
8.37	0.39722
8.38	0.3965
8.39	0.39578
8.4	0.39506
8.41	0.39435
8.42	0.39363
8.43	0.39292
8.44	0.39221
8.45	0.3915
8.46	0.39079
8.47	0.39008
8.48	0.38938
8.49	0.38868
8.5	0.38798
8.51	0.38728
8.52	0.38659
8.53	0.38589
8.54	0.3852
8.55	0.3845
8.56	0.38378
8.57	0.38307
8.58	0.38238
8.59	0.3817
8.6	0.38103
8.61	0.38035
8.62	0.37968
8.63	0.37901
8.64	0.37834
8.65	0.37767
8.66	0.37701
8.67	0.37636
8.68	0.37571
8.69	0.37507
8.7	0.37443
8.71	0.37381
8.72	0.3732
8.73	0.37261
8.74	0.37205
8.75	0.37152
8.76	0.37105
8.77	0.37066
8.78	0.37039
8.79	0.37031
8.8	0.37041
8.81	0.37037
8.82	0.36944
8.83	0.36769
8.84	0.36603
8.85	0.36476
8.86	0.36377
8.87	0.36294
8.88	0.3622
8.89	0.36151
8.9	0.36085
8.91	0.36022
8.92	0.35961
8.93	0.35902
8.94	0.35845
8.95	0.35791
8.96	0.35741
8.97	0.35696
8.98	0.35657
8.99	0.3563
9.0	0.35617
9.01	0.35629
9.02	0.35677
9.03	0.35779
9.04	0.35956
9.05	0.36204
9.06	0.36156
9.07	0.36107999999999996
9.08	0.3606
9.09	0.36012
9.1	0.35714
9.11	0.35464
9.12	0.35263
9.13	0.35099
9.14	0.34963
9.15	0.34845
9.16	0.34742
9.17	0.34648
9.18	0.34562
9.19	0.34483
9.2	0.34407
9.21	0.34336
9.22	0.34268
9.23	0.34203
9.24	0.34141
9.25	0.34081
9.26	0.34022
9.27	0.33965
9.28	0.33905
9.29	0.33838
9.3	0.33759
9.31	0.33668
9.32	0.3357
9.33	0.33476
9.34	0.33391
9.35	0.33316
9.36	0.33248
9.37	0.33183
9.38	0.33122
9.39	0.33062
9.4	0.33003
9.41	0.32944
9.42	0.32886
9.43	0.32828
9.44	0.3277
9.45	0.32712
9.46	0.32655
9.47	0.32597
9.48	0.3254
9.49	0.32483
9.5	0.32427
9.51	0.3237
9.52	0.32315
9.53	0.3226
9.54	0.32207
9.55	0.32153
9.56	0.32099
9.57	0.32044
9.58	0.31988
9.59	0.31932
9.6	0.31876
9.61	0.31819
9.62	0.31763
9.63	0.31707
9.64	0.31651
9.65	0.31596
9.66	0.3154
9.67	0.31485
9.68	0.3143
9.69	0.31375
9.7	0.31321
9.71	0.31267
9.72	0.31213
9.73	0.31159
9.74	0.31105
9.75	0.31051
9.76	0.30996
9.77	0.30941
9.78	0.30885
9.79	0.30829
9.8	0.30773
9.81	0.30719
9.82	0.30665
9.83	0.30612
9.84	0.30559
9.85	0.30506
9.86	0.30454
9.87	0.30402
9.88	0.30351
9.89	0.30299
9.9	0.30249
9.91	0.30198
9.92	0.30149
9.93	0.30099
9.94	0.30049
9.95	0.29996
9.96	0.29941
9.97	0.29883
9.98	0.29825
9.99	0.29769
10.0	0.29715
10.01	0.29662
10.02	0.2961
10.03	0.29559
10.04	0.29508
10.05	0.29458
10.06	0.29408
10.07	0.29358
10.08	0.29309
10.09	0.2926
10.1	0.29212
10.11	0.29162
10.12	0.29111
10.13	0.29057
10.14	0.29004
10.15	0.28952
10.16	0.28901
10.17	0.28851
10.18	0.28801
10.19	0.28752
10.2	0.28702
10.21	0.28654
10.22	0.28605
10.23	0.28556
10.24	0.28506
10.25	0.28456
10.26	0.28407
10.27	0.28358
10.28	0.2831
10.29	0.28262
10.3	0.28213
10.31	0.28164
10.32	0.28116
10.33	0.28068
10.34	0.2802
10.35	0.27972
10.36	0.27924
10.37	0.27877
10.38	0.27829
10.39	0.27782
10.4	0.27734
10.41	0.27687
10.42	0.2764
10.43	0.27593
10.44	0.27546
10.45	0.27499
10.46	0.27453
10.47	0.27406
10.48	0.2736
10.49	0.27313
10.5	0.27267
10.51	0.27221
10.52	0.27175
10.53	0.27129
10.54	0.27083
10.55	0.27037
10.56	0.26992
10.57	0.26946
10.58	0.26901
10.59	0.26855
10.6	0.2681
10.61	0.26765
10.62	0.2672
10.63	0.26675
10.64	0.2663
10.65	0.26585
10.66	0.2654
10.67	0.26495
10.68	0.26451
10.69	0.26406
10.7	0.26362
10.71	0.26318
10.72	0.26273
10.73	0.26229
10.74	0.26185
10.75	0.26141
10.76	0.26097
10.77	0.26054
10.78	0.2601
10.79	0.25966
10.8	0.25923
10.81	0.25879
10.82	0.25836
10.83	0.25793
10.84	0.2575
10.85	0.25706
10.86	0.25663
10.87	0.25621
10.88	0.25578
10.89	0.25535
10.9	0.25492
10.91	0.2545
10.92	0.25407
10.93	0.25365
10.94	0.25322
10.95	0.2528
10.96	0.25238
10.97	0.25196
10.98	0.25154
10.99	0.25112
11.0	0.2507
11.01	0.25028
11.02	0.24987
11.03	0.24945
11.04	0.24904
11.05	0.24862
11.06	0.24821
11.07	0.2478
11.08	0.24739
11.09	0.24697
11.1	0.24656
11.11	0.24616
11.12	0.24575
11.13	0.24534
11.14	0.24493
11.15	0.24453
11.16	0.24412
11.17	0.24372
11.18	0.24332
11.19	0.24292
11.2	0.24251
11.21	0.24211
11.22	0.24171
11.23	0.24132
11.24	0.24092
11.25	0.24052
11.26	0.24012
11.27	0.23973
11.28	0.23934
11.29	0.23894
11.3	0.23855
11.31	0.23816
11.32	0.23777
11.33	0.23738
11.34	0.23699
11.35	0.2366
11.36	0.23621
11.37	0.23582
11.38	0.23544
11.39	0.23505
11.4	0.23467
11.41	0.23428
11.42	0.2339
11.43	0.23352
11.44	0.23314
11.45	0.23276
11.46	0.23238
11.47	0.232
11.48	0.23162
11.49	0.23125
11.5	0.23087
11.51	0.23049
11.52	0.23012
11.53	0.22975
11.54	0.22937
11.55	0.229
11.56	0.22863
11.57	0.22826
11.58	0.22789
11.59	0.22752
11.6	0.22715
11.61	0.22679
11.62	0.22642
11.63	0.22605
11.64	0.22569
11.65	0.22533
11.66	0.22496
11.67	0.2246
11.68	0.22424
11.69	0.22388
11.7	0.22352
11.71	0.22316
11.72	0.2228
11.73	0.22244
11.74	0.22209
11.75	0.22173
11.76	0.22137
11.77	0.22102
11.78	0.22067
11.79	0.22031
11.8	0.21996
11.81	0.21961
11.82	0.21926
11.83	0.21891
11.84	0.21856
11.85	0.21821
11.86	0.21786
11.87	0.21752
11.88	0.21717
11.89	0.21682
11.9	0.21648
11.91	0.21614
11.92	0.21579
11.93	0.21545
11.94	0.21511
11.95	0.21477
11.96	0.21443
11.97	0.21409
11.98	0.21375
11.99	0.21341
12.0	0.21307
12.01	0.21274
12.02	0.2124
12.03	0.21206
12.04	0.21173
12.05	0.2114
12.06	0.21106
12.07	0.21073
12.08	0.2104
12.09	0.21007
12.1	0.20974
12.11	0.20941
12.12	0.20908
12.13	0.20875
12.14	0.20842
12.15	0.2081
12.16	0.20777
12.17	0.20744
12.18	0.20712
12.19	0.20679
12.2	0.20647
12.21	0.20615
12.22	0.20583
12.23	0.2055
12.24	0.20518
12.25	0.20486
12.26	0.20454
12.27	0.20422
12.28	0.20391
12.29	0.20359
12.3	0.20327
12.31	0.20295
12.32	0.20264
12.33	0.20232
12.34	0.20201
12.35	0.2017
12.36	0.20138
12.37	0.20107
12.38	0.20076
12.39	0.20045
12.4	0.20014
12.41	0.19983
12.42	0.19952
12.43	0.19921
12.44	0.1989
12.45	0.19859
12.46	0.19829
12.47	0.19798
12.48	0.19768
12.49	0.19737
12.5	0.19707
12.51	0.19676
12.52	0.19646
12.53	0.19616
12.54	0.19585
12.55	0.19555
12.56	0.19525
12.57	0.19495
12.58	0.19465
12.59	0.19435
12.6	0.19406
12.61	0.19376
12.62	0.19346
12.63	0.19317
12.64	0.19287
12.65	0.19257
12.66	0.19228
12.67	0.19199
12.68	0.19169
12.69	0.1914
12.7	0.19111
12.71	0.19081
12.72	0.19052
12.73	0.19023
12.74	0.18994
12.75	0.18965
12.76	0.18936
12.77	0.18908
12.78	0.18879
12.79	0.1885
12.8	0.18822
12.81	0.18793
12.82	0.18764
12.83	0.18736
12.84	0.18707
12.85	0.18679
12.86	0.18651
12.87	0.18622
12.88	0.18594
12.89	0.18566
12.9	0.18538
12.91	0.1851
12.92	0.18482
12.93	0.18454
12.94	0.18426
12.95	0.18398
12.96	0.18371
12.97	0.18343
12.98	0.18315
12.99	0.18288
13.0	0.1826
13.01	0.18233
13.02	0.18205
13.03	0.18178
13.04	0.1815
13.05	0.18123
13.06	0.18096
13.07	0.18069
13.08	0.18042
13.09	0.18014
13.1	0.17987
13.11	0.17961
13.12	0.17934
13.13	0.17907
13.14	0.1788
13.15	0.17853
13.16	0.17826
13.17	0.178
13.18	0.17773
13.19	0.17747
13.2	0.1772
13.21	0.17694
13.22	0.17667
13.23	0.17641
13.24	0.17615
13.25	0.17588
13.26	0.17562
13.27	0.17536
13.28	0.1751
13.29	0.17484
13.3	0.17458
13.31	0.17432
13.32	0.17406
13.33	0.1738
13.34	0.17354
13.35	0.17329
13.36	0.17303
13.37	0.17277
13.38	0.17252
13.39	0.17226
13.4	0.17201
13.41	0.17175
13.42	0.1715
13.43	0.17125
13.44	0.17099
13.45	0.17074
13.46	0.17049
13.47	0.17024
13.48	0.16999
13.49	0.16974
13.5	0.16949
13.51	0.16924
13.52	0.16899
13.53	0.16874
13.54	0.16849
13.55	0.16824
13.56	0.168
13.57	0.16775
13.58	0.1675
13.59	0.16726
13.6	0.16701
13.61	0.16677
13.62	0.16652
13.63	0.16628
13.64	0.16604
13.65	0.16579
13.66	0.16555
13.67	0.16531
13.68	0.16507
13.69	0.16483
13.7	0.16459
13.71	0.16435
13.72	0.16411
13.73	0.16387
13.74	0.16363
13.75	0.16339
13.76	0.16315
13.77	0.16291
13.78	0.16268
13.79	0.16244
13.8	0.1622
13.81	0.16197
13.82	0.16173
13.83	0.1615
13.84	0.16127
13.85	0.16103
13.86	0.1608
13.87	0.16057
13.88	0.16033
13.89	0.1601
13.9	0.15987
13.91	0.15964
13.92	0.15941
13.93	0.15918
13.94	0.15895
13.95	0.15872
13.96	0.15849
13.97	0.15826
13.98	0.15803
13.99	0.15781
14.0	0.15758
14.01	0.15735
14.02	0.15713
14.03	0.1569
14.04	0.15668
14.05	0.15645
14.06	0.15623
14.07	0.156
14.08	0.15578
14.09	0.15556
14.1	0.15533
14.11	0.15511
14.12	0.15489
14.13	0.15467
14.14	0.15445
14.15	0.15423
14.16	0.15401
14.17	0.15379
14.18	0.15357
14.19	0.15335
14.2	0.15313
14.21	0.15291
14.22	0.15269
14.23	0.15248
14.24	0.15226
14.25	0.15204
14.26	0.15183
14.27	0.15161
14.28	0.1514
14.29	0.15118
14.3	0.15097
14.31	0.15075
14.32	0.15054
14.33	0.15033
14.34	0.15011
14.35	0.1499
14.36	0.14969
14.37	0.14948
14.38	0.14927
14.39	0.14906
14.4	0.14885
14.41	0.14864
14.42	0.14843
14.43	0.14822
14.44	0.14801
14.45	0.1478
14.46	0.14759
14.47	0.14738
14.48	0.14718
14.49	0.14697
14.5	0.14676
14.51	0.14656
14.52	0.14635
14.53	0.14615
14.54	0.14594
14.55	0.14574
14.56	0.14553
14.57	0.14533
14.58	0.14513
14.59	0.14493
14.6	0.14472
14.61	0.14452
14.62	0.14432
14.63	0.14412
14.64	0.14392
14.65	0.14372
14.66	0.14352
14.67	0.14332
14.68	0.14312
14.69	0.14292
14.7	0.14272
14.71	0.14252
14.72	0.14232
14.73	0.14213
14.74	0.14193
14.75	0.14173
14.76	0.14154
14.77	0.14134
14.78	0.14114
14.79	0.14095
14.8	0.14075
14.81	0.14056
14.82	0.14037
14.83	0.14017
14.84	0.13998
14.85	0.13979
14.86	0.13959
14.87	0.1394
14.88	0.13921
14.89	0.13902
14.9	0.13883
14.91	0.13864
14.92	0.13844
14.93	0.13825
14.94	0.13807
14.95	0.13788
14.96	0.13769
14.97	0.1375
14.98	0.13731
14.99	0.13712
15.0	0.13693
15.01	0.13675
15.02	0.13656
15.03	0.13637
15.04	0.13619
15.05	0.136
15.06	0.13582
15.07	0.13563
15.08	0.13545
15.09	0.13526
15.1	0.13508
15.11	0.13489
15.12	0.13471
15.13	0.13453
15.14	0.13435
15.15	0.13416
15.16	0.13398
15.17	0.1338
15.18	0.13362
15.19	0.13344
15.2	0.13326
15.21	0.13308
15.22	0.1329
15.23	0.13272
15.24	0.13254
15.25	0.13236
15.26	0.13218
15.27	0.132
15.28	0.13182
15.29	0.13165
15.3	0.13147
15.31	0.13129
15.32	0.13112
15.33	0.13094
15.34	0.13076
15.35	0.13059
15.36	0.13041
15.37	0.13024
15.38	0.13006
15.39	0.12989
15.4	0.12971
15.41	0.12954
15.42	0.12937
15.43	0.12919
15.44	0.12902
15.45	0.12885
15.46	0.12868
15.47	0.12851
15.48	0.12833
15.49	0.12816
15.5	0.12799
15.51	0.12782
15.52	0.12765
15.53	0.12748
15.54	0.12731
15.55	0.12714
15.56	0.12698
15.57	0.12681
15.58	0.12664
15.59	0.12647
15.6	0.1263
15.61	0.12614
15.62	0.12597
15.63	0.1258
15.64	0.12564
15.65	0.12547
15.66	0.1253
15.67	0.12514
15.68	0.12497
15.69	0.12481
15.7	0.12464
15.71	0.12448
15.72	0.12432
15.73	0.12415
15.74	0.12399
15.75	0.12383
15.76	0.12366
15.77	0.1235
15.78	0.12334
15.79	0.12318
15.8	0.12302
15.81	0.12285
15.82	0.12269
15.83	0.12253
15.84	0.12237
15.85	0.12221
15.86	0.12205
15.87	0.12189
15.88	0.12173
15.89	0.12158
15.9	0.12142
15.91	0.12126
15.92	0.1211
15.93	0.12094
15.94	0.12079
15.95	0.12063
15.96	0.12047
15.97	0.12032
15.98	0.12016
15.99	0.12
16.0	0.11985
16.01	0.11969
16.02	0.11954
16.03	0.11938
16.04	0.11923
16.05	0.11907
16.06	0.11892
16.07	0.11877
16.08	0.11861
16.09	0.11846
16.1	0.11831
16.11	0.11815
16.12	0.118
16.13	0.11785
16.14	0.1177
16.15	0.11755
16.16	0.11739
16.17	0.11724
16.18	0.11709
16.19	0.11694
16.2	0.11679
16.21	0.11664
16.22	0.11649
16.23	0.11634
16.24	0.1162
16.25	0.11605
16.26	0.1159
16.27	0.11575
16.28	0.1156
16.29	0.11545
16.3	0.11531
16.31	0.11516
16.32	0.11501
16.33	0.11487
16.34	0.11472
16.35	0.11457
16.36	0.11443
16.37	0.11428
16.38	0.11414
16.39	0.11399
16.4	0.11385
16.41	0.1137
16.42	0.11356
16.43	0.11341
16.44	0.11327
16.45	0.11313
16.46	0.11298
16.47	0.11284
16.48	0.1127
16.49	0.11256
16.5	0.11241
16.51	0.11227
16.52	0.11213
16.53	0.11199
16.54	0.11185
16.55	0.11171
16.56	0.11156
16.57	0.11142
16.58	0.11128
16.59	0.11114
16.6	0.111
16.61	0.11087
16.62	0.11073
16.63	0.11059
16.64	0.11045
16.65	0.11031
16.66	0.11017
16.67	0.11003
16.68	0.1099
16.69	0.10976
16.7	0.10962
16.71	0.10948
16.72	0.10935
16.73	0.10921
16.74	0.10907
16.75	0.10894
16.76	0.1088
16.77	0.10867
16.78	0.10853
16.79	0.1084
16.8	0.10826
16.81	0.10813
16.82	0.10799
16.83	0.10786
16.84	0.10772
16.85	0.10759
16.86	0.10746
16.87	0.10732
16.88	0.10719
16.89	0.10706
16.9	0.10693
16.91	0.10679
16.92	0.10666
16.93	0.10653
16.94	0.1064
16.95	0.10627
16.96	0.10614
16.97	0.106
16.98	0.10587
16.99	0.10574
17.0	0.10561
17.01	0.10548
17.02	0.10535
17.03	0.10522
17.04	0.10509
17.05	0.10497
17.06	0.10484
17.07	0.10471
17.08	0.10458
17.09	0.10445
17.1	0.10432
17.11	0.1042
17.12	0.10407
17.13	0.10394
17.14	0.10381
17.15	0.10369
17.16	0.10356
17.17	0.10343
17.18	0.10331
17.19	0.10318
17.2	0.10306
17.21	0.10293
17.22	0.1028
17.23	0.10268
17.24	0.10255
17.25	0.10243
17.26	0.10231
17.27	0.10218
17.28	0.10206
17.29	0.10193
17.3	0.10181
17.31	0.10169
17.32	0.10156
17.33	0.10144
17.34	0.10132
17.35	0.10119
17.36	0.10107
17.37	0.10095
17.38	0.10083
17.39	0.10071
17.4	0.10059
17.41	0.10046
17.42	0.10034
17.43	0.10022
17.44	0.1001
17.45	0.09998
17.46	0.09986
17.47	0.09974
17.48	0.09962
17.49	0.099501
17.5	0.099381
17.51	0.099262
17.52	0.099143
17.53	0.099024
17.54	0.098905
17.55	0.098787
17.56	0.098669
17.57	0.09855
17.58	0.098433
17.59	0.098315
17.6	0.098197
17.61	0.09808
17.62	0.097963
17.63	0.097846
17.64	0.09773
17.65	0.097613
17.66	0.097497
17.67	0.097381
17.68	0.097265
17.69	0.097149
17.7	0.097034
17.71	0.096918
17.72	0.096803
17.73	0.096688
17.74	0.096574
17.75	0.096459
17.76	0.096345
17.77	0.096231
17.78	0.096117
17.79	0.096003
17.8	0.09589
17.81	0.095776
17.82	0.095663
17.83	0.09555
17.84	0.095437
17.85	0.095325
17.86	0.095212
17.87	0.0951
17.88	0.094988
17.89	0.094876
17.9	0.094764
17.91	0.094653
17.92	0.094542
17.93	0.094431
17.94	0.09432
17.95	0.094209
17.96	0.094098
17.97	0.093988
17.98	0.093878
17.99	0.093768
18.0	0.093658
18.01	0.093548
18.02	0.093439
18.03	0.09333
18.04	0.093221
18.05	0.093112
18.06	0.093003
18.07	0.092894
18.08	0.092786
18.09	0.092678
18.1	0.09257
18.11	0.092462
18.12	0.092354
18.13	0.092247
18.14	0.09214
18.15	0.092033
18.16	0.091926
18.17	0.091819
18.18	0.091712
18.19	0.091606
18.2	0.0915
18.21	0.091394
18.22	0.091288
18.23	0.091182
18.24	0.091076
18.25	0.090971
18.26	0.090866
18.27	0.090761
18.28	0.090656
18.29	0.090551
18.3	0.090447
18.31	0.090343
18.32	0.090238
18.33	0.090135
18.34	0.090031
18.35	0.089927
18.36	0.089824
18.37	0.08972
18.38	0.089617
18.39	0.089514
18.4	0.089411
18.41	0.089309
18.42	0.089206
18.43	0.089104
18.44	0.089002
18.45	0.0889
18.46	0.088798
18.47	0.088697
18.48	0.088595
18.49	0.088494
18.5	0.088393
18.51	0.088292
18.52	0.088191
18.53	0.08809
18.54	0.08799
18.55	0.08789
18.56	0.08779
18.57	0.08769
18.58	0.08759
18.59	0.08749
18.6	0.087391
18.61	0.087291
18.62	0.087192
18.63	0.087093
18.64	0.086994
18.65	0.086896
18.66	0.086797
18.67	0.086699
18.68	0.0866
18.69	0.086502
18.7	0.086405
18.71	0.086307
18.72	0.086209
18.73	0.086112
18.74	0.086015
18.75	0.085917
18.76	0.085821
18.77	0.085724
18.78	0.085627
18.79	0.085531
18.8	0.085434
18.81	0.085338
18.82	0.085242
18.83	0.085146
18.84	0.085051
18.85	0.084955
18.86	0.08486
18.87	0.084764
18.88	0.084669
18.89	0.084574
18.9	0.08448
18.91	0.084385
18.92	0.084291
18.93	0.084196
18.94	0.084102
18.95	0.084008
18.96	0.083914
18.97	0.08382
18.98	0.083727
18.99	0.083633
19.0	0.08354
19.01	0.083447
19.02	0.083354
19.03	0.083261
19.04	0.083168
19.05	0.083076
19.06	0.082984
19.07	0.082891
19.08	0.082799
19.09	0.082707
19.1	0.082615
19.11	0.082524
19.12	0.082432
19.13	0.082341
19.14	0.08225
19.15	0.082159
19.16	0.082068
19.17	0.081977
19.18	0.081886
19.19	0.081796
19.2	0.081705
19.21	0.081615
19.22	0.081525
19.23	0.081435
19.24	0.081345
19.25	0.081256
19.26	0.081166
19.27	0.081077
19.28	0.080988
19.29	0.080899
19.3	0.08081
19.31	0.080721
19.32	0.080632
19.33	0.080544
19.34	0.080455
19.35	0.080367
19.36	0.080279
19.37	0.080191
19.38	0.080103
19.39	0.080016
19.4	0.079928
19.41	0.079841
19.42	0.079753
19.43	0.079666
19.44	0.079579
19.45	0.079492
19.46	0.079406
19.47	0.079319
19.48	0.079232
19.49	0.079146
19.5	0.07906
19.51	0.078974
19.52	0.078888
19.53	0.078802
19.54	0.078717
19.55	0.078631
19.56	0.078546
19.57	0.07846
19.58	0.078375
19.59	0.07829
19.6	0.078205
19.61	0.078121
19.62	0.078036
19.63	0.077952
19.64	0.077867
19.65	0.077783
19.66	0.077699
19.67	0.077615
19.68	0.077531
19.69	0.077448
19.7	0.077364
19.71	0.077281
19.72	0.077197
19.73	0.077114
19.74	0.077031
19.75	0.076948
19.76	0.076866
19.77	0.076783
19.78	0.0767
19.79	0.076618
19.8	0.076536
19.81	0.076454
19.82	0.076372
19.83	0.07629
19.84	0.076208
19.85	0.076126
19.86	0.076045
19.87	0.075963
19.88	0.075882
19.89	0.075801
19.9	0.07572
19.91	0.075639
19.92	0.075558
19.93	0.075478
19.94	0.075397
19.95	0.075317
19.96	0.075237
19.97	0.075157
19.98	0.075077
19.99	0.074997
20.0	0.074917
20.01	0.074837
20.02	0.074758
20.03	0.074678
20.04	0.074599
20.05	0.07452
20.06	0.074441
20.07	0.074362
20.08	0.074283
20.09	0.074204
20.1	0.074126
20.11	0.074047
20.12	0.073969
20.13	0.073891
20.14	0.073813
20.15	0.073735
20.16	0.073657
20.17	0.073579
20.18	0.073502
20.19	0.073424
20.2	0.073347
20.21	0.07327
20.22	0.073192
20.23	0.073115
20.24	0.073038
20.25	0.072962
20.26	0.072885
20.27	0.072808
20.28	0.072732
20.29	0.072656
20.3	0.072579
20.31	0.072503
20.32	0.072427
20.33	0.072351
20.34	0.072276
20.35	0.0722
20.36	0.072125
20.37	0.072049
20.38	0.071974
20.39	0.071899
20.4	0.071824
20.41	0.071749
20.42	0.071674
20.43	0.071599
20.44	0.071524
20.45	0.07145
20.46	0.071376
20.47	0.071301
20.48	0.071227
20.49	0.071153
20.5	0.071079
20.51	0.071005
20.52	0.070932
20.53	0.070858
20.54	0.070784
20.55	0.070711
20.56	0.070638
20.57	0.070565
20.58	0.070491
20.59	0.070419
20.6	0.070346
20.61	0.070273
20.62	0.0702
20.63	0.070128
20.64	0.070055
20.65	0.069983
20.66	0.069911
20.67	0.069839
20.68	0.069767
20.69	0.069695
20.7	0.069623
20.71	0.069551
20.72	0.06948
20.73	0.069408
20.74	0.069337
20.75	0.069266
20.76	0.069195
20.77	0.069124
20.78	0.069053
20.79	0.068982
20.8	0.068911
20.81	0.068841
20.82	0.06877
20.83	0.0687
20.84	0.068629
20.85	0.068559
20.86	0.068489
20.87	0.068419
20.88	0.068349
20.89	0.068279
20.9	0.06821
20.91	0.06814
20.92	0.068071
20.93	0.068001
20.94	0.067932
20.95	0.067863
20.96	0.067794
20.97	0.067725
20.98	0.067656
20.99	0.067587
21.0	0.067519
21.01	0.06745
21.02	0.067382
21.03	0.067313
21.04	0.067245
21.05	0.067177
21.06	0.067109
21.07	0.067041
21.08	0.066973
21.09	0.066905
21.1	0.066838
21.11	0.06677
21.12	0.066703
21.13	0.066635
21.14	0.066568
21.15	0.066501
21.16	0.066434
21.17	0.066367
21.18	0.0663
21.19	0.066233
21.2	0.066166
21.21	0.0661
21.22	0.066033
21.23	0.065967
21.24	0.065901
21.25	0.065834
21.26	0.065768
21.27	0.065702
21.28	0.065636
21.29	0.065571
21.3	0.065505
21.31	0.065439
21.32	0.065374
21.33	0.065308
21.34	0.065243
21.35	0.065178
21.36	0.065113
21.37	0.065048
21.38	0.064983
21.39	0.064918
21.4	0.064853
21.41	0.064788
21.42	0.064724
21.43	0.064659
21.44	0.064595
21.45	0.06453
21.46	0.064466
21.47	0.064402
21.48	0.064338
21.49	0.064274
21.5	0.06421
21.51	0.064147
21.52	0.064083
21.53	0.064019
21.54	0.063956
21.55	0.063892
21.56	0.063829
21.57	0.063766
21.58	0.063703
21.59	0.06364
21.6	0.063577
21.61	0.063514
21.62	0.063451
21.63	0.063389
21.64	0.063326
21.65	0.063264
21.66	0.063201
21.67	0.063139
21.68	0.063077
21.69	0.063015
21.7	0.062953
21.71	0.062891
21.72	0.062829
21.73	0.062767
21.74	0.062705
21.75	0.062644
21.76	0.062582
21.77	0.062521
21.78	0.062459
21.79	0.062398
21.8	0.062337
21.81	0.062276
21.82	0.062215
21.83	0.062154
21.84	0.062093
21.85	0.062032
21.86	0.061972
21.87	0.061911
21.88	0.061851
21.89	0.06179
21.9	0.06173
21.91	0.06167
21.92	0.06161
21.93	0.06155
21.94	0.06149
21.95	0.06143
21.96	0.06137
21.97	0.06131
21.98	0.061251
21.99	0.061191
22.0	0.061132
22.01	0.061072
22.02	0.061013
22.03	0.060954
22.04	0.060895
22.05	0.060836
22.06	0.060777
22.07	0.060718
22.08	0.060659
22.09	0.0606
22.1	0.060542
22.11	0.060483
22.12	0.060425
22.13	0.060366
22.14	0.060308
22.15	0.06025
22.16	0.060192
22.17	0.060134
22.18	0.060076
22.19	0.060018
22.2	0.05996
22.21	0.059902
22.22	0.059845
22.23	0.059787
22.24	0.05973
22.25	0.059672
22.26	0.059615
22.27	0.059558
22.28	0.059501
22.29	0.059443
22.3	0.059386
22.31	0.05933
22.32	0.059273
22.33	0.059216
22.34	0.059159
22.35	0.059103
22.36	0.059046
22.37	0.05899
22.38	0.058933
22.39	0.058877
22.4	0.058821
22.41	0.058765
22.42	0.058709
22.43	0.058653
22.44	0.058597
22.45	0.058541
22.46	0.058485
22.47	0.058429
22.48	0.058374
22.49	0.058318
22.5	0.058263
22.51	0.058207
22.52	0.058152
22.53	0.058097
22.54	0.058042
22.55	0.057987
22.56	0.057932
22.57	0.057877
22.58	0.057822
22.59	0.057767
22.6	0.057713
22.61	0.057658
22.62	0.057603
22.63	0.057549
22.64	0.057495
22.65	0.05744
22.66	0.057386
22.67	0.057332
22.68	0.057278
22.69	0.057224
22.7	0.05717
22.71	0.057116
22.72	0.057062
22.73	0.057008
22.74	0.056955
22.75	0.056901
22.76	0.056848
22.77	0.056794
22.78	0.056741
22.79	0.056688
22.8	0.056634
22.81	0.056581
22.82	0.056528
22.83	0.056475
22.84	0.056422
22.85	0.05637
22.86	0.056317
22.87	0.056264
22.88	0.056211
22.89	0.056159
22.9	0.056106
22.91	0.056054
22.92	0.056002
22.93	0.055949
22.94	0.055897
22.95	0.055845
22.96	0.055793
22.97	0.055741
22.98	0.055689
22.99	0.055637
23.0	0.055585
23.01	0.055534
23.02	0.055482
23.03	0.055431
23.04	0.055379
23.05	0.055328
23.06	0.055276
23.07	0.055225
23.08	0.055174
23.09	0.055123
23.1	0.055072
23.11	0.055021
23.12	0.05497
23.13	0.054919
23.14	0.054868
23.15	0.054817
23.16	0.054767
23.17	0.054716
23.18	0.054665
23.19	0.054615
23.2	0.054565
23.21	0.054514
23.22	0.054464
23.23	0.054414
23.24	0.054364
23.25	0.054314
23.26	0.054264
23.27	0.054214
23.28	0.054164
23.29	0.054114
23.3	0.054064
23.31	0.054015
23.32	0.053965
23.33	0.053915
23.34	0.053866
23.35	0.053817
23.36	0.053767
23.37	0.053718
23.38	0.053669
23.39	0.05362
23.4	0.053571
23.41	0.053522
23.42	0.053473
23.43	0.053424
23.44	0.053375
23.45	0.053326
23.46	0.053278
23.47	0.053229
23.48	0.05318
23.49	0.053132
23.5	0.053084
23.51	0.053035
23.52	0.052987
23.53	0.052939
23.54	0.052891
23.55	0.052842
23.56	0.052794
23.57	0.052746
23.58	0.052699
23.59	0.052651
23.6	0.052603
23.61	0.052555
23.62	0.052508
23.63	0.05246
23.64	0.052412
23.65	0.052365
23.66	0.052318
23.67	0.05227
23.68	0.052223
23.69	0.052176
23.7	0.052129
23.71	0.052082
23.72	0.052035
23.73	0.051988
23.74	0.051941
23.75	0.051894
23.76	0.051847
23.77	0.0518
23.78	0.051754
23.79	0.051707
23.8	0.051661
23.81	0.051614
23.82	0.051568
23.83	0.051521
23.84	0.051475
23.85	0.051429
23.86	0.051383
23.87	0.051337
23.88	0.05129
23.89	0.051244
23.9	0.051199
23.91	0.051153
23.92	0.051107
23.93	0.051061
23.94	0.051015
23.95	0.05097
23.96	0.050924
23.97	0.050879
23.98	0.050833
23.99	0.050788
24.0	0.050743
24.01	0.050697
24.02	0.050652
24.03	0.050607
24.04	0.050562
24.05	0.050517
24.06	0.050472
24.07	0.050427
24.08	0.050382
24.09	0.050337
24.1	0.050293
24.11	0.050248
24.12	0.050203
24.13	0.050159
24.14	0.050114
24.15	0.05007
24.16	0.050025
24.17	0.049981
24.18	0.049937
24.19	0.049892
24.2	0.049848
24.21	0.049804
24.22	0.04976
24.23	0.049716
24.24	0.049672
24.25	0.049628
24.26	0.049584
24.27	0.049541
24.28	0.049497
24.29	0.049453
24.3	0.04941
24.31	0.049366
24.32	0.049323
24.33	0.049279
24.34	0.049236
24.35	0.049193
24.36	0.049149
24.37	0.049106
24.38	0.049063
24.39	0.04902
24.4	0.048977
24.41	0.048934
24.42	0.048891
24.43	0.048848
24.44	0.048805
24.45	0.048762
24.46	0.04872
24.47	0.048677
24.48	0.048634
24.49	0.048592
24.5	0.048549
24.51	0.048507
24.52	0.048464
24.53	0.048422
24.54	0.04838
24.55	0.048338
24.56	0.048295
24.57	0.048253
24.58	0.048211
24.59	0.048169
24.6	0.048127
24.61	0.048085
24.62	0.048044
24.63	0.048002
24.64	0.04796
24.65	0.047918
24.66	0.047877
24.67	0.047835
24.68	0.047794
24.69	0.047752
24.7	0.047711
24.71	0.047669
24.72	0.047628
24.73	0.047587
24.74	0.047545
24.75	0.047504
24.76	0.047463
24.77	0.047422
24.78	0.047381
24.79	0.04734
24.8	0.047299
24.81	0.047258
24.82	0.047218
24.83	0.047177
24.84	0.047136
24.85	0.047096
24.86	0.047055
24.87	0.047014
24.88	0.046974
24.89	0.046933
24.9	0.046893
24.91	0.046853
24.92	0.046812
24.93	0.046772
24.94	0.046732
24.95	0.046692
24.96	0.046652
24.97	0.046612
24.98	0.046572
24.99	0.046532
25.0	0.046492
25.01	0.046452
25.02	0.046412
25.03	0.046373
25.04	0.046333
25.05	0.046293
25.06	0.046254
25.07	0.046214
25.08	0.046175
25.09	0.046135
25.1	0.046096
25.11	0.046056
25.12	0.046017
25.13	0.045978
25.14	0.045939
25.15	0.0459
25.16	0.04586
25.17	0.045821
25.18	0.045782
25.19	0.045743
25.2	0.045705
25.21	0.045666
25.22	0.045627
25.23	0.045588
25.24	0.045549
25.25	0.045511
25.26	0.045472
25.27	0.045434
25.28	0.045395
25.29	0.045357
25.3	0.045318
25.31	0.04528
25.32	0.045241
25.33	0.045203
25.34	0.045165
25.35	0.045127
25.36	0.045089
25.37	0.045051
25.38	0.045013
25.39	0.044975
25.4	0.044937
25.41	0.044899
25.42	0.044861
25.43	0.044823
25.44	0.044785
25.45	0.044748
25.46	0.04471
25.47	0.044672
25.48	0.044635
25.49	0.044597
25.5	0.04456
25.51	0.044522
25.52	0.044485
25.53	0.044447
25.54	0.04441
25.55	0.044373
25.56	0.044336
25.57	0.044299
25.58	0.044261
25.59	0.044224
25.6	0.044187
25.61	0.04415
25.62	0.044113
25.63	0.044077
25.64	0.04404
25.65	0.044003
25.66	0.043966
25.67	0.043929
25.68	0.043893
25.69	0.043856
25.7	0.04382
25.71	0.043783
25.72	0.043747
25.73	0.04371
25.74	0.043674
25.75	0.043637
25.76	0.043601
25.77	0.043565
25.78	0.043529
25.79	0.043492
25.8	0.043456
25.81	0.04342
25.82	0.043384
25.83	0.043348
25.84	0.043312
25.85	0.043276
25.86	0.04324
25.87	0.043205
25.88	0.043169
25.89	0.043133
25.9	0.043097
25.91	0.043062
25.92	0.043026
25.93	0.042991
25.94	0.042955
25.95	0.04292
25.96	0.042884
25.97	0.042849
25.98	0.042813
25.99	0.042778
26.0	0.042743
26.01	0.042708
26.02	0.042672
26.03	0.042637
26.04	0.042602
26.05	0.042567
26.06	0.042532
26.07	0.042497
26.08	0.042462
26.09	0.042427
26.1	0.042393
26.11	0.042358
26.12	0.042323
26.13	0.042288
26.14	0.042254
26.15	0.042219
26.16	0.042184
26.17	0.04215
26.18	0.042115
26.19	0.042081
26.2	0.042046
26.21	0.042012
26.22	0.041978
26.23	0.041943
26.24	0.041909
26.25	0.041875
26.26	0.041841
26.27	0.041807
26.28	0.041773
26.29	0.041738
26.3	0.041704
26.31	0.04167
26.32	0.041637
26.33	0.041603
26.34	0.041569
26.35	0.041535
26.36	0.041501
26.37	0.041468
26.38	0.041434
26.39	0.0414
26.4	0.041367
26.41	0.041333
26.42	0.041299
26.43	0.041266
26.44	0.041233
26.45	0.041199
26.46	0.041166
26.47	0.041132
26.48	0.041099
26.49	0.041066
26.5	0.041033
26.51	0.040999
26.52	0.040966
26.53	0.040933
26.54	0.0409
26.55	0.040867
26.56	0.040834
26.57	0.040801
26.58	0.040768
26.59	0.040736
26.6	0.040703
26.61	0.04067
26.62	0.040637
26.63	0.040604
26.64	0.040572
26.65	0.040539
26.66	0.040507
26.67	0.040474
26.68	0.040442
26.69	0.040409
26.7	0.040377
26.71	0.040344
26.72	0.040312
26.73	0.04028
26.74	0.040247
26.75	0.040215
26.76	0.040183
26.77	0.040151
26.78	0.040119
26.79	0.040086
26.8	0.040054
26.81	0.040022
26.82	0.03999
26.83	0.039958
26.84	0.039927
26.85	0.039895
26.86	0.039863
26.87	0.039831
26.88	0.039799
26.89	0.039768
26.9	0.039736
26.91	0.039704
26.92	0.039673
26.93	0.039641
26.94	0.03961
26.95	0.039578
26.96	0.039547
26.97	0.039515
26.98	0.039484
26.99	0.039452
27.0	0.039421
27.01	0.03939
27.02	0.039359
27.03	0.039327
27.04	0.039296
27.05	0.039265
27.06	0.039234
27.07	0.039203
27.08	0.039172
27.09	0.039141
27.1	0.03911
27.11	0.039079
27.12	0.039048
27.13	0.039017
27.14	0.038987
27.15	0.038956
27.16	0.038925
27.17	0.038894
27.18	0.038864
27.19	0.038833
27.2	0.038802
27.21	0.038772
27.22	0.038741
27.23	0.038711
27.24	0.03868
27.25	0.03865
27.26	0.03862
27.27	0.038589
27.28	0.038559
27.29	0.038529
27.3	0.038498
27.31	0.038468
27.32	0.038438
27.33	0.038408
27.34	0.038378
27.35	0.038348
27.36	0.038318
27.37	0.038288
27.38	0.038258
27.39	0.038228
27.4	0.038198
27.41	0.038168
27.42	0.038138
27.43	0.038108
27.44	0.038079
27.45	0.038049
27.46	0.038019
27.47	0.03799
27.48	0.03796
27.49	0.03793
27.5	0.037901
27.51	0.037871
27.52	0.037842
27.53	0.037812
27.54	0.037783
27.55	0.037754
27.56	0.037724
27.57	0.037695
27.58	0.037666
27.59	0.037636
27.6	0.037607
27.61	0.037578
27.62	0.037549
27.63	0.03752
27.64	0.037491
27.65	0.037462
27.66	0.037433
27.67	0.037404
27.68	0.037375
27.69	0.037346
27.7	0.037317
27.71	0.037288
27.72	0.037259
27.73	0.03723
27.74	0.037202
27.75	0.037173
27.76	0.037144
27.77	0.037116
27.78	0.037087
27.79	0.037058
27.8	0.03703
27.81	0.037001
27.82	0.036973
27.83	0.036944
27.84	0.036916
27.85	0.036887
27.86	0.036859
27.87	0.036831
27.88	0.036802
27.89	0.036774
27.9	0.036746
27.91	0.036718
27.92	0.03669
27.93	0.036661
27.94	0.036633
27.95	0.036605
27.96	0.036577
27.97	0.036549
27.98	0.036521
27.99	0.036493
28.0	0.036465
28.01	0.036437
28.02	0.03641
28.03	0.036382
28.04	0.036354
28.05	0.036326
28.06	0.036298
28.07	0.036271
28.08	0.036243
28.09	0.036215
28.1	0.036188
28.11	0.03616
28.12	0.036133
28.13	0.036105
28.14	0.036078
28.15	0.03605
28.16	0.036023
28.17	0.035995
28.18	0.035968
28.19	0.035941
28.2	0.035913
28.21	0.035886
28.22	0.035859
28.23	0.035832
28.24	0.035805
28.25	0.035777
28.26	0.03575
28.27	0.035723
28.28	0.035696
28.29	0.035669
28.3	0.035642
28.31	0.035615
28.32	0.035588
28.33	0.035561
28.34	0.035534
28.35	0.035508
28.36	0.035481
28.37	0.035454
28.38	0.035427
28.39	0.035401
28.4	0.035374
28.41	0.035347
28.42	0.035321
28.43	0.035294
28.44	0.035267
28.45	0.035241
28.46	0.035214
28.47	0.035188
28.48	0.035161
28.49	0.035135
28.5	0.035108
28.51	0.035082
28.52	0.035056
28.53	0.035029
28.54	0.035003
28.55	0.034977
28.56	0.034951
28.57	0.034924
28.58	0.034898
28.59	0.034872
28.6	0.034846
28.61	0.03482
28.62	0.034794
28.63	0.034768
28.64	0.034742
28.65	0.034716
28.66	0.03469
28.67	0.034664
28.68	0.034638
28.69	0.034612
28.7	0.034586
28.71	0.034561
28.72	0.034535
28.73	0.034509
28.74	0.034483
28.75	0.034458
28.76	0.034432
28.77	0.034406
28.78	0.034381
28.79	0.034355
28.8	0.03433
28.81	0.034304
28.82	0.034279
28.83	0.034253
28.84	0.034228
28.85	0.034202
28.86	0.034177
28.87	0.034152
28.88	0.034126
28.89	0.034101
28.9	0.034076
28.91	0.034051
28.92	0.034025
28.93	0.034
28.94	0.033975
28.95	0.03395
28.96	0.033925
28.97	0.0339
28.98	0.033875
28.99	0.03385
29.0	0.033825
29.01	0.0338
29.02	0.033775
29.03	0.03375
29.04	0.033725
29.05	0.0337
29.06	0.033675
29.07	0.03365
29.08	0.033626
29.09	0.033601
29.1	0.033576
29.11	0.033552
29.12	0.033527
29.13	0.033502
29.14	0.033478
29.15	0.033453
29.16	0.033428
29.17	0.033404
29.18	0.033379
29.19	0.033355
29.2	0.03333
29.21	0.033306
29.22	0.033282
29.23	0.033257
29.24	0.033233
29.25	0.033209
29.26	0.033184
29.27	0.03316
29.28	0.033136
29.29	0.033112
29.3	0.033087
29.31	0.033063
29.32	0.033039
29.33	0.033015
29.34	0.032991
29.35	0.032967
29.36	0.032943
29.37	0.032919
29.38	0.032895
29.39	0.032871
29.4	0.032847
29.41	0.032823
29.42	0.032799
29.43	0.032775
29.44	0.032751
29.45	0.032728
29.46	0.032704
29.47	0.03268
29.48	0.032656
29.49	0.032633
29.5	0.032609
29.51	0.032585
29.52	0.032562
29.53	0.032538
29.54	0.032514
29.55	0.032491
29.56	0.032467
29.57	0.032444
29.58	0.03242
29.59	0.032397
29.6	0.032374
29.61	0.03235
29.62	0.032327
29.63	0.032303
29.64	0.03228
29.65	0.032257
29.66	0.032233
29.67	0.03221
29.68	0.032187
29.69	0.032164
29.7	0.032141
29.71	0.032117
29.72	0.032094
29.73	0.032071
29.74	0.032048
29.75	0.032025
29.76	0.032002
29.77	0.031979
29.78	0.031956
29.79	0.031933
29.8	0.03191
29.81	0.031887
29.82	0.031864
29.83	0.031842
29.84	0.031819
29.85	0.031796
29.86	0.031773
29.87	0.03175
29.88	0.031728
29.89	0.031705
29.9	0.031682
29.91	0.031659
29.92	0.031637
29.93	0.031614
29.94	0.031592
29.95	0.031569
29.96	0.031547
29.97	0.031524
29.98	0.031501
29.99	0.031479
30.0	0.031457
30.01	0.031434
30.02	0.031412
30.03	0.031389
30.04	0.031367
30.05	0.031345
30.06	0.031322
30.07	0.0313
30.08	0.031278
30.09	0.031256
30.1	0.031233
30.11	0.031211
30.12	0.031189
30.13	0.031167
30.14	0.031145
30.15	0.031123
30.16	0.0311
30.17	0.031078
30.18	0.031056
30.19	0.031034
30.2	0.031012
30.21	0.03099
30.22	0.030968
30.23	0.030947
30.24	0.030925
30.25	0.030903
30.26	0.030881
30.27	0.030859
30.28	0.030837
30.29	0.030816
30.3	0.030794
30.31	0.030772
30.32	0.03075
30.33	0.030729
30.34	0.030707
30.35	0.030685
30.36	0.030664
30.37	0.030642
30.38	0.030621
30.39	0.030599
30.4	0.030577
30.41	0.030556
30.42	0.030534
30.43	0.030513
30.44	0.030492
30.45	0.03047
30.46	0.030449
30.47	0.030427
30.48	0.030406
30.49	0.030385
30.5	0.030363
30.51	0.030342
30.52	0.030321
30.53	0.0303
30.54	0.030278
30.55	0.030257
30.56	0.030236
30.57	0.030215
30.58	0.030194
30.59	0.030173
30.6	0.030151
30.61	0.03013
30.62	0.030109
30.63	0.030088
30.64	0.030067
30.65	0.030046
30.66	0.030025
30.67	0.030004
30.68	0.029983
30.69	0.029963
30.7	0.029942
30.71	0.029921
30.72	0.0299
30.73	0.029879
30.74	0.029858
30.75	0.029838
30.76	0.029817
30.77	0.029796
30.78	0.029775
30.79	0.029755
30.8	0.029734
30.81	0.029713
30.82	0.029693
30.83	0.029672
30.84	0.029652
30.85	0.029631
30.86	0.029611
30.87	0.02959
30.88	0.02957
30.89	0.029549
30.9	0.029529
30.91	0.029508
30.92	0.029488
30.93	0.029467
30.94	0.029447
30.95	0.029427
30.96	0.029406
30.97	0.029386
30.98	0.029366
30.99	0.029346
31.0	0.029325
31.01	0.029305
31.02	0.029285
31.03	0.029265
31.04	0.029245
31.05	0.029224
31.06	0.029204
31.07	0.029184
31.08	0.029164
31.09	0.029144
31.1	0.029124
31.11	0.029104
31.12	0.029084
31.13	0.029064
31.14	0.029044
31.15	0.029024
31.16	0.029004
31.17	0.028984
31.18	0.028964
31.19	0.028945
31.2	0.028925
31.21	0.028905
31.22	0.028885
31.23	0.028865
31.24	0.028846
31.25	0.028826
31.26	0.028806
31.27	0.028786
31.28	0.028767
31.29	0.028747
31.3	0.028727
31.31	0.028708
31.32	0.028688
31.33	0.028669
31.34	0.028649
31.35	0.02863
31.36	0.02861
31.37	0.028591
31.38	0.028571
31.39	0.028552
31.4	0.028532
31.41	0.028513
31.42	0.028493
31.43	0.028474
31.44	0.028455
31.45	0.028435
31.46	0.028416
31.47	0.028397
31.48	0.028377
31.49	0.028358
31.5	0.028339
31.51	0.02832
31.52	0.0283
31.53	0.028281
31.54	0.028262
31.55	0.028243
31.56	0.028224
31.57	0.028205
31.58	0.028186
31.59	0.028167
31.6	0.028147
31.61	0.028128
31.62	0.028109
31.63	0.02809
31.64	0.028071
31.65	0.028052
31.66	0.028034
31.67	0.028015
31.68	0.027996
31.69	0.027977
31.7	0.027958
31.71	0.027939
31.72	0.02792
31.73	0.027902
31.74	0.027883
31.75	0.027864
31.76	0.027845
31.77	0.027826
31.78	0.027808
31.79	0.027789
31.8	0.02777
31.81	0.027752
31.82	0.027733
31.83	0.027714
31.84	0.027696
31.85	0.027677
31.86	0.027659
31.87	0.02764
31.88	0.027622
31.89	0.027603
31.9	0.027585
31.91	0.027566
31.92	0.027548
31.93	0.027529
31.94	0.027511
31.95	0.027492
31.96	0.027474
31.97	0.027456
31.98	0.027437
31.99	0.027419
32.0	0.027401
32.01	0.027382
32.02	0.027364
32.03	0.027346
32.04	0.027328
32.05	0.027309
32.06	0.027291
32.07	0.027273
32.08	0.027255
32.09	0.027237
32.1	0.027219
32.11	0.027201
32.12	0.027182
32.13	0.027164
32.14	0.027146
32.15	0.027128
32.16	0.02711
32.17	0.027092
32.18	0.027074
32.19	0.027056
32.2	0.027038
32.21	0.02702
32.22	0.027002
32.23	0.026985
32.24	0.026967
32.25	0.026949
32.26	0.026931
32.27	0.026913
32.28	0.026895
32.29	0.026878
32.3	0.02686
32.31	0.026842
32.32	0.026824
32.33	0.026807
32.34	0.026789
32.35	0.026771
32.36	0.026753
32.37	0.026736
32.38	0.026718
32.39	0.026701
32.4	0.026683
32.41	0.026665
32.42	0.026648
32.43	0.02663
32.44	0.026613
32.45	0.026595
32.46	0.026578
32.47	0.02656
32.48	0.026543
32.49	0.026525
32.5	0.026508
32.51	0.02649
32.52	0.026473
32.53	0.026456
32.54	0.026438
32.55	0.026421
32.56	0.026404
32.57	0.026386
32.58	0.026369
32.59	0.026352
32.6	0.026334
32.61	0.026317
32.62	0.0263
32.63	0.026283
32.64	0.026266
32.65	0.026248
32.66	0.026231
32.67	0.026214
32.68	0.026197
32.69	0.02618
32.7	0.026163
32.71	0.026146
32.72	0.026129
32.73	0.026112
32.74	0.026094
32.75	0.026077
32.76	0.02606
32.77	0.026043
32.78	0.026027
32.79	0.02601
32.8	0.025993
32.81	0.025976
32.82	0.025959
32.83	0.025942
32.84	0.025925
32.85	0.025908
32.86	0.025891
32.87	0.025875
32.88	0.025858
32.89	0.025841
32.9	0.025824
32.91	0.025807
32.92	0.025791
32.93	0.025774
32.94	0.025757
32.95	0.025741
32.96	0.025724
32.97	0.025707
32.98	0.025691
32.99	0.025674
33.0	0.025657
33.01	0.025641
33.02	0.025624
33.03	0.025608
33.04	0.025591
33.05	0.025575
33.06	0.025558
33.07	0.025542
33.08	0.025525
33.09	0.025509
33.1	0.025492
33.11	0.025476
33.12	0.025459
33.13	0.025443
33.14	0.025426
33.15	0.02541
33.16	0.025394
33.17	0.025377
33.18	0.025361
33.19	0.025345
33.2	0.025328
33.21	0.025312
33.22	0.025296
33.23	0.02528
33.24	0.025263
33.25	0.025247
33.26	0.025231
33.27	0.025215
33.28	0.025199
33.29	0.025182
33.3	0.025166
33.31	0.02515
33.32	0.025134
33.33	0.025118
33.34	0.025102
33.35	0.025086
33.36	0.02507
33.37	0.025054
33.38	0.025038
33.39	0.025022
33.4	0.025006
33.41	0.02499
33.42	0.024974
33.43	0.024958
33.44	0.024942
33.45	0.024926
33.46	0.02491
33.47	0.024894
33.48	0.024878
33.49	0.024862
33.5	0.024847
33.51	0.024831
33.52	0.024815
33.53	0.024799
33.54	0.024783
33.55	0.024768
33.56	0.024752
33.57	0.024736
33.58	0.02472
33.59	0.024705
33.6	0.024689
33.61	0.024673
33.62	0.024658
33.63	0.024642
33.64	0.024626
33.65	0.024611
33.66	0.024595
33.67	0.02458
33.68	0.024564
33.69	0.024549
33.7	0.024533
33.71	0.024517
33.72	0.024502
33.73	0.024486
33.74	0.024471
33.75	0.024455
33.76	0.02444
33.77	0.024425
33.78	0.024409
33.79	0.024394
33.8	0.024378
33.81	0.024363
33.82	0.024348
33.83	0.024332
33.84	0.024317
33.85	0.024302
33.86	0.024286
33.87	0.024271
33.88	0.024256
33.89	0.02424
33.9	0.024225
33.91	0.02421
33.92	0.024195
33.93	0.024179
33.94	0.024164
33.95	0.024149
33.96	0.024134
33.97	0.024119
33.98	0.024104
33.99	0.024088
34.0	0.024073
34.01	0.024058
34.02	0.024043
34.03	0.024028
34.04	0.024013
34.05	0.023998
34.06	0.023983
34.07	0.023968
34.08	0.023953
34.09	0.023938
34.1	0.023923
34.11	0.023908
34.12	0.023893
34.13	0.023878
34.14	0.023863
34.15	0.023848
34.16	0.023833
34.17	0.023819
34.18	0.023804
34.19	0.023789
34.2	0.023774
34.21	0.023759
34.22	0.023744
34.23	0.02373
34.24	0.023715
34.25	0.0237
34.26	0.023685
34.27	0.023671
34.28	0.023656
34.29	0.023641
34.3	0.023626
34.31	0.023612
34.32	0.023597
34.33	0.023582
34.34	0.023568
34.35	0.023553
34.36	0.023538
34.37	0.023524
34.38	0.023509
34.39	0.023495
34.4	0.02348
34.41	0.023466
34.42	0.023451
34.43	0.023437
34.44	0.023422
34.45	0.023408
34.46	0.023393
34.47	0.023379
34.48	0.023364
34.49	0.02335
34.5	0.023335
34.51	0.023321
34.52	0.023306
34.53	0.023292
34.54	0.023278
34.55	0.023263
34.56	0.023249
34.57	0.023235
34.58	0.02322
34.59	0.023206
34.6	0.023192
34.61	0.023177
34.62	0.023163
34.63	0.023149
34.64	0.023135
34.65	0.02312
34.66	0.023106
34.67	0.023092
34.68	0.023078
34.69	0.023063
34.7	0.023049
34.71	0.023035
34.72	0.023021
34.73	0.023007
34.74	0.022993
34.75	0.022979
34.76	0.022965
34.77	0.02295
34.78	0.022936
34.79	0.022922
34.8	0.022908
34.81	0.022894
34.82	0.02288
34.83	0.022866
34.84	0.022852
34.85	0.022838
34.86	0.022824
34.87	0.02281
34.88	0.022796
34.89	0.022783
34.9	0.022769
34.91	0.022755
34.92	0.022741
34.93	0.022727
34.94	0.022713
34.95	0.022699
34.96	0.022685
34.97	0.022672
34.98	0.022658
34.99	0.022644
35.0	0.02263
35.01	0.022616
35.02	0.022603
35.03	0.022589
35.04	0.022575
35.05	0.022561
35.06	0.022548
35.07	0.022534
35.08	0.02252
35.09	0.022507
35.1	0.022493
35.11	0.022479
35.12	0.022466
35.13	0.022452
35.14	0.022438
35.15	0.022425
35.16	0.022411
35.17	0.022398
35.18	0.022384
35.19	0.02237
35.2	0.022357
35.21	0.022343
35.22	0.02233
35.23	0.022316
35.24	0.022303
35.25	0.022289
35.26	0.022276
35.27	0.022262
35.28	0.022249
35.29	0.022236
35.3	0.022222
35.31	0.022209
35.32	0.022195
35.33	0.022182
35.34	0.022169
35.35	0.022155
35.36	0.022142
35.37	0.022129
35.38	0.022115
35.39	0.022102
35.4	0.022089
35.41	0.022075
35.42	0.022062
35.43	0.022049
35.44	0.022035
35.45	0.022022
35.46	0.022009
35.47	0.021996
35.48	0.021983
35.49	0.021969
35.5	0.021956
35.51	0.021943
35.52	0.02193
35.53	0.021917
35.54	0.021904
35.55	0.02189
35.56	0.021877
35.57	0.021864
35.58	0.021851
35.59	0.021838
35.6	0.021825
35.61	0.021812
35.62	0.021799
35.63	0.021786
35.64	0.021773
35.65	0.02176
35.66	0.021747
35.67	0.021734
35.68	0.021721
35.69	0.021708
35.7	0.021695
35.71	0.021682
35.72	0.021669
35.73	0.021656
35.74	0.021643
35.75	0.02163
35.76	0.021617
35.77	0.021605
35.78	0.021592
35.79	0.021579
35.8	0.021566
35.81	0.021553
35.82	0.02154
35.83	0.021528
35.84	0.021515
35.85	0.021502
35.86	0.021489
35.87	0.021476
35.88	0.021464
35.89	0.021451
35.9	0.021438
35.91	0.021426
35.92	0.021413
35.93	0.0214
35.94	0.021387
35.95	0.021375
35.96	0.021362
35.97	0.02135
35.98	0.021337
35.99	0.021324
36.0	0.021312
36.01	0.021299
36.02	0.021286
36.03	0.021274
36.04	0.021261
36.05	0.021249
36.06	0.021236
36.07	0.021224
36.08	0.021211
36.09	0.021199
36.1	0.021186
36.11	0.021174
36.12	0.021161
36.13	0.021149
36.14	0.021136
36.15	0.021124
36.16	0.021111
36.17	0.021099
36.18	0.021086
36.19	0.021074
36.2	0.021062
36.21	0.021049
36.22	0.021037
36.23	0.021025
36.24	0.021012
36.25	0.021
36.26	0.020988
36.27	0.020975
36.28	0.020963
36.29	0.020951
36.3	0.020938
36.31	0.020926
36.32	0.020914
36.33	0.020901
36.34	0.020889
36.35	0.020877
36.36	0.020865
36.37	0.020853
36.38	0.02084
36.39	0.020828
36.4	0.020816
36.41	0.020804
36.42	0.020792
36.43	0.02078
36.44	0.020767
36.45	0.020755
36.46	0.020743
36.47	0.020731
36.48	0.020719
36.49	0.020707
36.5	0.020695
36.51	0.020683
36.52	0.020671
36.53	0.020659
36.54	0.020647
36.55	0.020635
36.56	0.020623
36.57	0.020611
36.58	0.020599
36.59	0.020587
36.6	0.020575
36.61	0.020563
36.62	0.020551
36.63	0.020539
36.64	0.020527
36.65	0.020515
36.66	0.020503
36.67	0.020491
36.68	0.020479
36.69	0.020467
36.7	0.020455
36.71	0.020444
36.72	0.020432
36.73	0.02042
36.74	0.020408
36.75	0.020396
36.76	0.020384
36.77	0.020373
36.78	0.020361
36.79	0.020349
36.8	0.020337
36.81	0.020326
36.82	0.020314
36.83	0.020302
36.84	0.02029
36.85	0.020279
36.86	0.020267
36.87	0.020255
36.88	0.020244
36.89	0.020232
36.9	0.02022
36.91	0.020209
36.92	0.020197
36.93	0.020185
36.94	0.020174
36.95	0.020162
36.96	0.02015
36.97	0.020139
36.98	0.020127
36.99	0.020116
37.0	0.020104
37.01	0.020092
37.02	0.020081
37.03	0.020069
37.04	0.020058
37.05	0.020046
37.06	0.020035
37.07	0.020023
37.08	0.020012
37.09	0.02
37.1	0.019989
37.11	0.019977
37.12	0.019966
37.13	0.019955
37.14	0.019943
37.15	0.019932
37.16	0.01992
37.17	0.019909
37.18	0.019898
37.19	0.019886
37.2	0.019875
37.21	0.019863
37.22	0.019852
37.23	0.019841
37.24	0.019829
37.25	0.019818
37.26	0.019807
37.27	0.019795
37.28	0.019784
37.29	0.019773
37.3	0.019762
37.31	0.01975
37.32	0.019739
37.33	0.019728
37.34	0.019717
37.35	0.019705
37.36	0.019694
37.37	0.019683
37.38	0.019672
37.39	0.019661
37.4	0.019649
37.41	0.019638
37.42	0.019627
37.43	0.019616
37.44	0.019605
37.45	0.019594
37.46	0.019582
37.47	0.019571
37.48	0.01956
37.49	0.019549
37.5	0.019538
37.51	0.019527
37.52	0.019516
37.53	0.019505
37.54	0.019494
37.55	0.019483
37.56	0.019472
37.57	0.019461
37.58	0.01945
37.59	0.019439
37.6	0.019428
37.61	0.019417
37.62	0.019406
37.63	0.019395
37.64	0.019384
37.65	0.019373
37.66	0.019362
37.67	0.019351
37.68	0.01934
37.69	0.019329
37.7	0.019318
37.71	0.019307
37.72	0.019296
37.73	0.019286
37.74	0.019275
37.75	0.019264
37.76	0.019253
37.77	0.019242
37.78	0.019231
37.79	0.019221
37.8	0.01921
37.81	0.019199
37.82	0.019188
37.83	0.019177
37.84	0.019167
37.85	0.019156
37.86	0.019145
37.87	0.019134
37.88	0.019124
37.89	0.019113
37.9	0.019102
37.91	0.019091
37.92	0.019081
37.93	0.01907
37.94	0.019059
37.95	0.019049
37.96	0.019038
37.97	0.019027
37.98	0.019017
37.99	0.019006
38.0	0.018995
38.01	0.018985
38.02	0.018974
38.03	0.018964
38.04	0.018953
38.05	0.018942
38.06	0.018932
38.07	0.018921
38.08	0.018911
38.09	0.0189
38.1	0.01889
38.11	0.018879
38.12	0.018868
38.13	0.018858
38.14	0.018847
38.15	0.018837
38.16	0.018826
38.17	0.018816
38.18	0.018806
38.19	0.018795
38.2	0.018785
38.21	0.018774
38.22	0.018764
38.23	0.018753
38.24	0.018743
38.25	0.018732
38.26	0.018722
38.27	0.018712
38.28	0.018701
38.29	0.018691
38.3	0.01868
38.31	0.01867
38.32	0.01866
38.33	0.018649
38.34	0.018639
38.35	0.018629
38.36	0.018618
38.37	0.018608
38.38	0.018598
38.39	0.018588
38.4	0.018577
38.41	0.018567
38.42	0.018557
38.43	0.018546
38.44	0.018536
38.45	0.018526
38.46	0.018516
38.47	0.018505
38.48	0.018495
38.49	0.018485
38.5	0.018475
38.51	0.018465
38.52	0.018454
38.53	0.018444
38.54	0.018434
38.55	0.018424
38.56	0.018414
38.57	0.018404
38.58	0.018394
38.59	0.018383
38.6	0.018373
38.61	0.018363
38.62	0.018353
38.63	0.018343
38.64	0.018333
38.65	0.018323
38.66	0.018313
38.67	0.018303
38.68	0.018293
38.69	0.018283
38.7	0.018273
38.71	0.018263
38.72	0.018253
38.73	0.018242
38.74	0.018232
38.75	0.018222
38.76	0.018213
38.77	0.018203
38.78	0.018193
38.79	0.018183
38.8	0.018173
38.81	0.018163
38.82	0.018153
38.83	0.018143
38.84	0.018133
38.85	0.018123
38.86	0.018113
38.87	0.018103
38.88	0.018093
38.89	0.018083
38.9	0.018074
38.91	0.018064
38.92	0.018054
38.93	0.018044
38.94	0.018034
38.95	0.018024
38.96	0.018014
38.97	0.018005
38.98	0.017995
38.99	0.017985
39.0	0.017975
39.01	0.017965
39.02	0.017956
39.03	0.017946
39.04	0.017936
39.05	0.017926
39.06	0.017917
39.07	0.017907
39.08	0.017897
39.09	0.017887
39.1	0.017878
39.11	0.017868
39.12	0.017858
39.13	0.017849
39.14	0.017839
39.15	0.017829
39.16	0.01782
39.17	0.01781
39.18	0.0178
39.19	0.017791
39.2	0.017781
39.21	0.017771
39.22	0.017762
39.23	0.017752
39.24	0.017743
39.25	0.017733
39.26	0.017723
39.27	0.017714
39.28	0.017704
39.29	0.017695
39.3	0.017685
39.31	0.017676
39.32	0.017666
39.33	0.017656
39.34	0.017647
39.35	0.017637
39.36	0.017628
39.37	0.017618
39.38	0.017609
39.39	0.017599
39.4	0.01759
39.41	0.01758
39.42	0.017571
39.43	0.017561
39.44	0.017552
39.45	0.017543
39.46	0.017533
39.47	0.017524
39.48	0.017514
39.49	0.017505
39.5	0.017495
39.51	0.017486
39.52	0.017477
39.53	0.017467
39.54	0.017458
39.55	0.017449
39.56	0.017439
39.57	0.01743
39.58	0.01742
39.59	0.017411
39.6	0.017402
39.61	0.017392
39.62	0.017383
39.63	0.017374
39.64	0.017365
39.65	0.017355
39.66	0.017346
39.67	0.017337
39.68	0.017327
39.69	0.017318
39.7	0.017309
39.71	0.0173
39.72	0.01729
39.73	0.017281
39.74	0.017272
39.75	0.017263
39.76	0.017253
39.77	0.017244
39.78	0.017235
39.79	0.017226
39.8	0.017217
39.81	0.017207
39.82	0.017198
39.83	0.017189
39.84	0.01718
39.85	0.017171
39.86	0.017162
39.87	0.017153
39.88	0.017143
39.89	0.017134
39.9	0.017125
39.91	0.017116
39.92	0.017107
39.93	0.017098
39.94	0.017089
39.95	0.01708
39.96	0.017071
39.97	0.017062
39.98	0.017053
39.99	0.017044
40.0	0.017034
40.01	0.017025
40.02	0.017016
40.03	0.017007
40.04	0.016998
40.05	0.016989
40.06	0.01698
40.07	0.016971
40.08	0.016962
40.09	0.016953
40.1	0.016944
40.11	0.016935
40.12	0.016927
40.13	0.016918
40.14	0.016909
40.15	0.0169
40.16	0.016891
40.17	0.016882
40.18	0.016873
40.19	0.016864
40.2	0.016855
40.21	0.016846
40.22	0.016837
40.23	0.016828
40.24	0.01682
40.25	0.016811
40.26	0.016802
40.27	0.016793
40.28	0.016784
40.29	0.016775
40.3	0.016767
40.31	0.016758
40.32	0.016749
40.33	0.01674
40.34	0.016731
40.35	0.016722
40.36	0.016714
40.37	0.016705
40.38	0.016696
40.39	0.016687
40.4	0.016679
40.41	0.01667
40.42	0.016661
40.43	0.016652
40.44	0.016644
40.45	0.016635
40.46	0.016626
40.47	0.016617
40.48	0.016609
40.49	0.0166
40.5	0.016591
40.51	0.016583
40.52	0.016574
40.53	0.016565
40.54	0.016557
40.55	0.016548
40.56	0.016539
40.57	0.016531
40.58	0.016522
40.59	0.016513
40.6	0.016505
40.61	0.016496
40.62	0.016488
40.63	0.016479
40.64	0.01647
40.65	0.016462
40.66	0.016453
40.67	0.016445
40.68	0.016436
40.69	0.016427
40.7	0.016419
40.71	0.01641
40.72	0.016402
40.73	0.016393
40.74	0.016385
40.75	0.016376
40.76	0.016368
40.77	0.016359
40.78	0.016351
40.79	0.016342
40.8	0.016334
40.81	0.016325
40.82	0.016317
40.83	0.016308
40.84	0.0163
40.85	0.016291
40.86	0.016283
40.87	0.016274
40.88	0.016266
40.89	0.016258
40.9	0.016249
40.91	0.016241
40.92	0.016232
40.93	0.016224
40.94	0.016215
40.95	0.016207
40.96	0.016199
40.97	0.01619
40.98	0.016182
40.99	0.016174
41.0	0.016165
41.01	0.016157
41.02	0.016148
41.03	0.01614
41.04	0.016132
41.05	0.016123
41.06	0.016115
41.07	0.016107
41.08	0.016098
41.09	0.01609
41.1	0.016082
41.11	0.016074
41.12	0.016065
41.13	0.016057
41.14	0.016049
41.15	0.01604
41.16	0.016032
41.17	0.016024
41.18	0.016016
41.19	0.016007
41.2	0.015999
41.21	0.015991
41.22	0.015983
41.23	0.015975
41.24	0.015966
41.25	0.015958
41.26	0.01595
41.27	0.015942
41.28	0.015934
41.29	0.015925
41.3	0.015917
41.31	0.015909
41.32	0.015901
41.33	0.015893
41.34	0.015885
41.35	0.015876
41.36	0.015868
41.37	0.01586
41.38	0.015852
41.39	0.015844
41.4	0.015836
41.41	0.015828
41.42	0.01582
41.43	0.015812
41.44	0.015803
41.45	0.015795
41.46	0.015787
41.47	0.015779
41.48	0.015771
41.49	0.015763
41.5	0.015755
41.51	0.015747
41.52	0.015739
41.53	0.015731
41.54	0.015723
41.55	0.015715
41.56	0.015707
41.57	0.015699
41.58	0.015691
41.59	0.015683
41.6	0.015675
41.61	0.015667
41.62	0.015659
41.63	0.015651
41.64	0.015643
41.65	0.015635
41.66	0.015627
41.67	0.015619
41.68	0.015611
41.69	0.015603
41.7	0.015595
41.71	0.015587
41.72	0.01558
41.73	0.015572
41.74	0.015564
41.75	0.015556
41.76	0.015548
41.77	0.01554
41.78	0.015532
41.79	0.015524
41.8	0.015516
41.81	0.015509
41.82	0.015501
41.83	0.015493
41.84	0.015485
41.85	0.015477
41.86	0.015469
41.87	0.015461
41.88	0.015454
41.89	0.015446
41.9	0.015438
41.91	0.01543
41.92	0.015422
41.93	0.015415
41.94	0.015407
41.95	0.015399
41.96	0.015391
41.97	0.015384
41.98	0.015376
41.99	0.015368
42.0	0.01536
42.01	0.015353
42.02	0.015345
42.03	0.015337
42.04	0.015329
42.05	0.015322
42.06	0.015314
42.07	0.015306
42.08	0.015298
42.09	0.015291
42.1	0.015283
42.11	0.015275
42.12	0.015268
42.13	0.01526
42.14	0.015252
42.15	0.015245
42.16	0.015237
42.17	0.015229
42.18	0.015222
42.19	0.015214
42.2	0.015206
42.21	0.015199
42.22	0.015191
42.23	0.015184
42.24	0.015176
42.25	0.015168
42.26	0.015161
42.27	0.015153
42.28	0.015146
42.29	0.015138
42.3	0.01513
42.31	0.015123
42.32	0.015115
42.33	0.015108
42.34	0.0151
42.35	0.015093
42.36	0.015085
42.37	0.015078
42.38	0.01507
42.39	0.015062
42.4	0.015055
42.41	0.015047
42.42	0.01504
42.43	0.015032
42.44	0.015025
42.45	0.015017
42.46	0.01501
42.47	0.015002
42.48	0.014995
42.49	0.014988
42.5	0.01498
42.51	0.014973
42.52	0.014965
42.53	0.014958
42.54	0.01495
42.55	0.014943
42.56	0.014935
42.57	0.014928
42.58	0.01492
42.59	0.014913
42.6	0.014906
42.61	0.014898
42.62	0.014891
42.63	0.014883
42.64	0.014876
42.65	0.014869
42.66	0.014861
42.67	0.014854
42.68	0.014847
42.69	0.014839
42.7	0.014832
42.71	0.014825
42.72	0.014817
42.73	0.01481
42.74	0.014802
42.75	0.014795
42.76	0.014788
42.77	0.014781
42.78	0.014773
42.79	0.014766
42.8	0.014759
42.81	0.014751
42.82	0.014744
42.83	0.014737
42.84	0.014729
42.85	0.014722
42.86	0.014715
42.87	0.014708
42.88	0.0147
42.89	0.014693
42.9	0.014686
42.91	0.014679
42.92	0.014671
42.93	0.014664
42.94	0.014657
42.95	0.01465
42.96	0.014642
42.97	0.014635
42.98	0.014628
42.99	0.014621
43.0	0.014614
43.01	0.014606
43.02	0.014599
43.03	0.014592
43.04	0.014585
43.05	0.014578
43.06	0.014571
43.07	0.014563
43.08	0.014556
43.09	0.014549
43.1	0.014542
43.11	0.014535
43.12	0.014528
43.13	0.014521
43.14	0.014513
43.15	0.014506
43.16	0.014499
43.17	0.014492
43.18	0.014485
43.19	0.014478
43.2	0.014471
43.21	0.014464
43.22	0.014457
43.23	0.01445
43.24	0.014443
43.25	0.014435
43.26	0.014428
43.27	0.014421
43.28	0.014414
43.29	0.014407
43.3	0.0144
43.31	0.014393
43.32	0.014386
43.33	0.014379
43.34	0.014372
43.35	0.014365
43.36	0.014358
43.37	0.014351
43.38	0.014344
43.39	0.014337
43.4	0.01433
43.41	0.014323
43.42	0.014316
43.43	0.014309
43.44	0.014302
43.45	0.014295
43.46	0.014288
43.47	0.014281
43.48	0.014274
43.49	0.014267
43.5	0.01426
43.51	0.014254
43.52	0.014247
43.53	0.01424
43.54	0.014233
43.55	0.014226
43.56	0.014219
43.57	0.014212
43.58	0.014205
43.59	0.014198
43.6	0.014191
43.61	0.014184
43.62	0.014178
43.63	0.014171
43.64	0.014164
43.65	0.014157
43.66	0.01415
43.67	0.014143
43.68	0.014136
43.69	0.01413
43.7	0.014123
43.71	0.014116
43.72	0.014109
43.73	0.014102
43.74	0.014095
43.75	0.014089
43.76	0.014082
43.77	0.014075
43.78	0.014068
43.79	0.014061
43.8	0.014055
43.81	0.014048
43.82	0.014041
43.83	0.014034
43.84	0.014028
43.85	0.014021
43.86	0.014014
43.87	0.014007
43.88	0.014
43.89	0.013994
43.9	0.013987
43.91	0.01398
43.92	0.013974
43.93	0.013967
43.94	0.01396
43.95	0.013953
43.96	0.013947
43.97	0.01394
43.98	0.013933
43.99	0.013927
44.0	0.01392
44.01	0.013913
44.02	0.013906
44.03	0.0139
44.04	0.013893
44.05	0.013886
44.06	0.01388
44.07	0.013873
44.08	0.013866
44.09	0.01386
44.1	0.013853
44.11	0.013847
44.12	0.01384
44.13	0.013833
44.14	0.013827
44.15	0.01382
44.16	0.013813
44.17	0.013807
44.18	0.0138
44.19	0.013794
44.2	0.013787
44.21	0.01378
44.22	0.013774
44.23	0.013767
44.24	0.013761
44.25	0.013754
44.26	0.013747
44.27	0.013741
44.28	0.013734
44.29	0.013728
44.3	0.013721
44.31	0.013715
44.32	0.013708
44.33	0.013702
44.34	0.013695
44.35	0.013689
44.36	0.013682
44.37	0.013676
44.38	0.013669
44.39	0.013663
44.4	0.013656
44.41	0.01365
44.42	0.013643
44.43	0.013637
44.44	0.01363
44.45	0.013624
44.46	0.013617
44.47	0.013611
44.48	0.013604
44.49	0.013598
44.5	0.013591
44.51	0.013585
44.52	0.013578
44.53	0.013572
44.54	0.013565
44.55	0.013559
44.56	0.013553
44.57	0.013546
44.58	0.01354
44.59	0.013533
44.6	0.013527
44.61	0.01352
44.62	0.013514
44.63	0.013508
44.64	0.013501
44.65	0.013495
44.66	0.013488
44.67	0.013482
44.68	0.013476
44.69	0.013469
44.7	0.013463
44.71	0.013457
44.72	0.01345
44.73	0.013444
44.74	0.013438
44.75	0.013431
44.76	0.013425
44.77	0.013419
44.78	0.013412
44.79	0.013406
44.8	0.0134
44.81	0.013393
44.82	0.013387
44.83	0.013381
44.84	0.013374
44.85	0.013368
44.86	0.013362
44.87	0.013355
44.88	0.013349
44.89	0.013343
44.9	0.013337
44.91	0.01333
44.92	0.013324
44.93	0.013318
44.94	0.013311
44.95	0.013305
44.96	0.013299
44.97	0.013293
44.98	0.013286
44.99	0.01328
45.0	0.013274
45.01	0.013268
45.02	0.013262
45.03	0.013255
45.04	0.013249
45.05	0.013243
45.06	0.013237
45.07	0.01323
45.08	0.013224
45.09	0.013218
45.1	0.013212
45.11	0.013206
45.12	0.0132
45.13	0.013193
45.14	0.013187
45.15	0.013181
45.16	0.013175
45.17	0.013169
45.18	0.013163
45.19	0.013156
45.2	0.01315
45.21	0.013144
45.22	0.013138
45.23	0.013132
45.24	0.013126
45.25	0.01312
45.26	0.013113
45.27	0.013107
45.28	0.013101
45.29	0.013095
45.3	0.013089
45.31	0.013083
45.32	0.013077
45.33	0.013071
45.34	0.013065
45.35	0.013058
45.36	0.013052
45.37	0.013046
45.38	0.01304
45.39	0.013034
45.4	0.013028
45.41	0.013022
45.42	0.013016
45.43	0.01301
45.44	0.013004
45.45	0.012998
45.46	0.012992
45.47	0.012986
45.48	0.01298
45.49	0.012974
45.5	0.012968
45.51	0.012962
45.52	0.012956
45.53	0.01295
45.54	0.012944
45.55	0.012938
45.56	0.012932
45.57	0.012926
45.58	0.01292
45.59	0.012914
45.6	0.012908
45.61	0.012902
45.62	0.012896
45.63	0.01289
45.64	0.012884
45.65	0.012878
45.66	0.012872
45.67	0.012866
45.68	0.01286
45.69	0.012854
45.7	0.012848
45.71	0.012842
45.72	0.012836
45.73	0.01283
45.74	0.012824
45.75	0.012819
45.76	0.012813
45.77	0.012807
45.78	0.012801
45.79	0.012795
45.8	0.012789
45.81	0.012783
45.82	0.012777
45.83	0.012771
45.84	0.012765
45.85	0.01276
45.86	0.012754
45.87	0.012748
45.88	0.012742
45.89	0.012736
45.9	0.01273
45.91	0.012724
45.92	0.012719
45.93	0.012713
45.94	0.012707
45.95	0.012701
45.96	0.012695
45.97	0.012689
45.98	0.012684
45.99	0.012678
46.0	0.012672
46.01	0.012666
46.02	0.01266
46.03	0.012654
46.04	0.012649
46.05	0.012643
46.06	0.012637
46.07	0.012631
46.08	0.012625
46.09	0.01262
46.1	0.012614
46.11	0.012608
46.12	0.012602
46.13	0.012597
46.14	0.012591
46.15	0.012585
46.16	0.012579
46.17	0.012574
46.18	0.012568
46.19	0.012562
46.2	0.012556
46.21	0.012551
46.22	0.012545
46.23	0.012539
46.24	0.012533
46.25	0.012528
46.26	0.012522
46.27	0.012516
46.28	0.012511
46.29	0.012505
46.3	0.012499
46.31	0.012493
46.32	0.012488
46.33	0.012482
46.34	0.012476
46.35	0.012471
46.36	0.012465
46.37	0.012459
46.38	0.012454
46.39	0.012448
46.4	0.012442
46.41	0.012437
46.42	0.012431
46.43	0.012425
46.44	0.01242
46.45	0.012414
46.46	0.012408
46.47	0.012403
46.48	0.012397
46.49	0.012392
46.5	0.012386
46.51	0.01238
46.52	0.012375
46.53	0.012369
46.54	0.012364
46.55	0.012358
46.56	0.012352
46.57	0.012347
46.58	0.012341
46.59	0.012336
46.6	0.01233
46.61	0.012324
46.62	0.012319
46.63	0.012313
46.64	0.012308
46.65	0.012302
46.66	0.012296
46.67	0.012291
46.68	0.012285
46.69	0.01228
46.7	0.012274
46.71	0.012269
46.72	0.012263
46.73	0.012258
46.74	0.012252
46.75	0.012247
46.76	0.012241
46.77	0.012236
46.78	0.01223
46.79	0.012225
46.8	0.012219
46.81	0.012213
46.82	0.012208
46.83	0.012202
46.84	0.012197
46.85	0.012192
46.86	0.012186
46.87	0.012181
46.88	0.012175
46.89	0.01217
46.9	0.012164
46.91	0.012159
46.92	0.012153
46.93	0.012148
46.94	0.012142
46.95	0.012137
46.96	0.012131
46.97	0.012126
46.98	0.01212
46.99	0.012115
47.0	0.01211
47.01	0.012104
47.02	0.012099
47.03	0.012093
47.04	0.012088
47.05	0.012082
47.06	0.012077
47.07	0.012072
47.08	0.012066
47.09	0.012061
47.1	0.012055
47.11	0.01205
47.12	0.012045
47.13	0.012039
47.14	0.012034
47.15	0.012028
47.16	0.012023
47.17	0.012018
47.18	0.012012
47.19	0.012007
47.2	0.012002
47.21	0.011996
47.22	0.011991
47.23	0.011986
47.24	0.01198
47.25	0.011975
47.26	0.011969
47.27	0.011964
47.28	0.011959
47.29	0.011953
47.3	0.011948
47.31	0.011943
47.32	0.011937
47.33	0.011932
47.34	0.011927
47.35	0.011922
47.36	0.011916
47.37	0.011911
47.38	0.011906
47.39	0.0119
47.4	0.011895
47.41	0.01189
47.42	0.011884
47.43	0.011879
47.44	0.011874
47.45	0.011869
47.46	0.011863
47.47	0.011858
47.48	0.011853
47.49	0.011848
47.5	0.011842
47.51	0.011837
47.52	0.011832
47.53	0.011827
47.54	0.011821
47.55	0.011816
47.56	0.011811
47.57	0.011806
47.58	0.0118
47.59	0.011795
47.6	0.01179
47.61	0.011785
47.62	0.011779
47.63	0.011774
47.64	0.011769
47.65	0.011764
47.66	0.011759
47.67	0.011753
47.68	0.011748
47.69	0.011743
47.7	0.011738
47.71	0.011733
47.72	0.011727
47.73	0.011722
47.74	0.011717
47.75	0.011712
47.76	0.011707
47.77	0.011702
47.78	0.011696
47.79	0.011691
47.8	0.011686
47.81	0.011681
47.82	0.011676
47.83	0.011671
47.84	0.011666
47.85	0.01166
47.86	0.011655
47.87	0.01165
47.88	0.011645
47.89	0.01164
47.9	0.011635
47.91	0.01163
47.92	0.011624
47.93	0.011619
47.94	0.011614
47.95	0.011609
47.96	0.011604
47.97	0.011599
47.98	0.011594
47.99	0.011589
48.0	0.011584
48.01	0.011579
48.02	0.011574
48.03	0.011568
48.04	0.011563
48.05	0.011558
48.06	0.011553
48.07	0.011548
48.08	0.011543
48.09	0.011538
48.1	0.011533
48.11	0.011528
48.12	0.011523
48.13	0.011518
48.14	0.011513
48.15	0.011508
48.16	0.011503
48.17	0.011498
48.18	0.011493
48.19	0.011488
48.2	0.011483
48.21	0.011478
48.22	0.011473
48.23	0.011468
48.24	0.011463
48.25	0.011458
48.26	0.011453
48.27	0.011448
48.28	0.011443
48.29	0.011438
48.3	0.011433
48.31	0.011428
48.32	0.011423
48.33	0.011418
48.34	0.011413
48.35	0.011408
48.36	0.011403
48.37	0.011398
48.38	0.011393
48.39	0.011388
48.4	0.011383
48.41	0.011378
48.42	0.011373
48.43	0.011368
48.44	0.011363
48.45	0.011358
48.46	0.011353
48.47	0.011348
48.48	0.011343
48.49	0.011338
48.5	0.011333
48.51	0.011329
48.52	0.011324
48.53	0.011319
48.54	0.011314
48.55	0.011309
48.56	0.011304
48.57	0.011299
48.58	0.011294
48.59	0.011289
48.6	0.011284
48.61	0.011279
48.62	0.011275
48.63	0.01127
48.64	0.011265
48.65	0.01126
48.66	0.011255
48.67	0.01125
48.68	0.011245
48.69	0.01124
48.7	0.011236
48.71	0.011231
48.72	0.011226
48.73	0.011221
48.74	0.011216
48.75	0.011211
48.76	0.011207
48.77	0.011202
48.78	0.011197
48.79	0.011192
48.8	0.011187
48.81	0.011182
48.82	0.011178
48.83	0.011173
48.84	0.011168
48.85	0.011163
48.86	0.011158
48.87	0.011153
48.88	0.011149
48.89	0.011144
48.9	0.011139
48.91	0.011134
48.92	0.011129
48.93	0.011125
48.94	0.01112
48.95	0.011115
48.96	0.01111
48.97	0.011106
48.98	0.011101
48.99	0.011096
49.0	0.011091
49.01	0.011086
49.02	0.011082
49.03	0.011077
49.04	0.011072
49.05	0.011067
49.06	0.011063
49.07	0.011058
49.08	0.011053
49.09	0.011048
49.1	0.011044
49.11	0.011039
49.12	0.011034
49.13	0.011029
49.14	0.011025
49.15	0.01102
49.16	0.011015
49.17	0.011011
49.18	0.011006
49.19	0.011001
49.2	0.010996
49.21	0.010992
49.22	0.010987
49.23	0.010982
49.24	0.010978
49.25	0.010973
49.26	0.010968
49.27	0.010964
49.28	0.010959
49.29	0.010954
49.3	0.01095
49.31	0.010945
49.32	0.01094
49.33	0.010936
49.34	0.010931
49.35	0.010926
49.36	0.010922
49.37	0.010917
49.38	0.010912
49.39	0.010908
49.4	0.010903
49.41	0.010898
49.42	0.010894
49.43	0.010889
49.44	0.010884
49.45	0.01088
49.46	0.010875
49.47	0.01087
49.48	0.010866
49.49	0.010861
49.5	0.010857
49.51	0.010852
49.52	0.010847
49.53	0.010843
49.54	0.010838
49.55	0.010834
49.56	0.010829
49.57	0.010824
49.58	0.01082
49.59	0.010815
49.6	0.010811
49.61	0.010806
49.62	0.010801
49.63	0.010797
49.64	0.010792
49.65	0.010788
49.66	0.010783
49.67	0.010779
49.68	0.010774
49.69	0.010769
49.7	0.010765
49.71	0.01076
49.72	0.010756
49.73	0.010751
49.74	0.010747
49.75	0.010742
49.76	0.010738
49.77	0.010733
49.78	0.010728
49.79	0.010724
49.8	0.010719
49.81	0.010715
49.82	0.01071
49.83	0.010706
49.84	0.010701
49.85	0.010697
49.86	0.010692
49.87	0.010688
49.88	0.010683
49.89	0.010679
49.9	0.010674
49.91	0.01067
49.92	0.010665
49.93	0.010661
49.94	0.010656
49.95	0.010652
49.96	0.010647
49.97	0.010643
49.98	0.010638
49.99	0.010634
50.0	0.010629
