eng	y_fit
0.01	12.686
0.02	8.0706
0.03	5.657
0.04	3.9653
0.05	2.6567
0.06	1.6311
0.07	1.6250923076923076
0.08	1.6190846153846152
0.09	1.6130769230769233
0.1	1.607069230769231
0.11	1.6010615384615385
0.12	1.5950538461538462
0.13	1.5890461538461538
0.14	1.5830384615384616
0.15	1.577030769230769
0.16	1.571023076923077
0.17	1.5650153846153847
0.18	1.5590076923076923
0.19	1.5530000000000002
0.2	1.5469923076923076
0.21	1.5409846153846156
0.22	1.5349769230769232
0.23	1.5289692307692309
0.24	1.5229615384615385
0.25	1.516953846153846
0.26	1.510946153846154
0.27	1.5049384615384616
0.28	1.4989307692307694
0.29	1.492923076923077
0.3	1.4869153846153846
0.31	1.4809076923076923
0.32	1.4749
0.33	1.4688923076923077
0.34	1.4628846153846153
0.35	1.4568769230769232
0.36	1.4508692307692308
0.37	1.4448615384615384
0.38	1.4388538461538463
0.39	1.4328461538461539
0.4	1.4268384615384615
0.41	1.4208307692307693
0.42	1.414823076923077
0.43	1.4088153846153846
0.44	1.4028076923076924
0.45	1.3968
0.46	1.3983
0.47	1.3970500000000001
0.48	1.3958
0.49	1.39505
0.5	1.3943
0.51	1.3924
0.52	1.3921
0.53	1.3916
0.54	1.3907
0.55	1.392
0.56	1.3918
0.57	1.3923
0.58	1.3933
0.59	1.3929
0.6	1.3934
0.61	1.3944
0.62	1.3946
0.63	1.3955
0.64	1.397
0.65	1.3977
0.66	1.3984
0.67	1.3997
0.68	1.4007
0.69	1.4013
0.7	1.4027
0.71	1.4044
0.72	1.4057
0.73	1.407
0.74	1.4087
0.75	1.4104
0.76	1.4116
0.77	1.4127
0.78	1.4142
0.79	1.4157
0.8	1.4169
0.81	1.4183
0.82	1.42
0.83	1.4219
0.84	1.4236
0.85	1.4252
0.86	1.427
0.87	1.4289
0.88	1.4306
0.89	1.432
0.9	1.4334
0.91	1.4351
0.92	1.4367
0.93	1.4382
0.94	1.4397
0.95	1.4413
0.96	1.4431
0.97	1.4449
0.98	1.4466
0.99	1.4482
1.0	1.4499
1.01	1.4517
1.02	1.4533
1.03	1.4548
1.04	1.4563
1.05	1.4577
1.06	1.4593
1.07	1.4608
1.08	1.4622
1.09	1.4635
1.1	1.4649
1.11	1.4664
1.12	1.4678
1.13	1.4692
1.14	1.4706
1.15	1.4719
1.16	1.4732
1.17	1.4746
1.18	1.4759
1.19	1.4771
1.2	1.4782
1.21	1.4794
1.22	1.4806
1.23	1.4817
1.24	1.4828
1.25	1.4838
1.26	1.4847
1.27	1.4857
1.28	1.4867
1.29	1.4877
1.3	1.4886
1.31	1.4894
1.32	1.4902
1.33	1.491
1.34	1.4918
1.35	1.4927
1.36	1.4934
1.37	1.4941
1.38	1.4947
1.39	1.4953
1.4	1.4959
1.41	1.4965
1.42	1.497
1.43	1.4975
1.44	1.4979
1.45	1.4983
1.46	1.4986
1.47	1.499
1.48	1.4993
1.49	1.4996
1.5	1.4998
1.51	1.5
1.52	1.5001
1.53	1.5002
1.54	1.5004
1.55	1.5004
1.56	1.5004
1.57	1.5004
1.58	1.5003
1.59	1.5002
1.6	1.5001
1.61	1.4999
1.62	1.4997
1.63	1.4995
1.64	1.4992
1.65	1.4989
1.66	1.4985
1.67	1.4981
1.68	1.4977
1.69	1.4972
1.7	1.4967
1.71	1.4962
1.72	1.4956
1.73	1.495
1.74	1.4944
1.75	1.4937
1.76	1.493
1.77	1.4922
1.78	1.4914
1.79	1.4906
1.8	1.4897
1.81	1.4888
1.82	1.4879
1.83	1.4869
1.84	1.4859
1.85	1.4849
1.86	1.4838
1.87	1.4827
1.88	1.4815
1.89	1.4804
1.9	1.4792
1.91	1.4779
1.92	1.4766
1.93	1.4753
1.94	1.474
1.95	1.4726
1.96	1.4712
1.97	1.4698
1.98	1.4684
1.99	1.4669
2.0	1.4653
2.01	1.4638
2.02	1.4622
2.03	1.4606
2.04	1.4589
2.05	1.4572
2.06	1.4555
2.07	1.4538
2.08	1.452
2.09	1.4503
2.1	1.4484
2.11	1.4466
2.12	1.4447
2.13	1.4428
2.14	1.4409
2.15	1.439
2.16	1.437
2.17	1.435
2.18	1.433
2.19	1.431
2.2	1.429
2.21	1.4269
2.22	1.4248
2.23	1.4227
2.24	1.4205
2.25	1.4184
2.26	1.4162
2.27	1.414
2.28	1.4118
2.29	1.4095
2.3	1.4073
2.31	1.405
2.32	1.4027
2.33	1.4004
2.34	1.3981
2.35	1.3958
2.36	1.3934
2.37	1.3911
2.38	1.3887
2.39	1.3863
2.4	1.3839
2.41	1.3815
2.42	1.3791
2.43	1.3767
2.44	1.3742
2.45	1.3718
2.46	1.3693
2.47	1.3669
2.48	1.3644
2.49	1.3619
2.5	1.3594
2.51	1.3569
2.52	1.3544
2.53	1.3519
2.54	1.3494
2.55	1.3468
2.56	1.3443
2.57	1.3418
2.58	1.3392
2.59	1.3367
2.6	1.3341
2.61	1.3316
2.62	1.329
2.63	1.3265
2.64	1.3239
2.65	1.3214
2.66	1.3188
2.67	1.3162
2.68	1.3137
2.69	1.3111
2.7	1.3085499999999999
2.71	1.306
2.72	1.3034
2.73	1.3009
2.74	1.2983
2.75	1.29575
2.76	1.2932
2.77	1.2906
2.78	1.2880500000000001
2.79	1.2855
2.8	1.28295
2.81	1.2804
2.82	1.27785
2.83	1.2753
2.84	1.27275
2.85	1.2702
2.86	1.2676666666666667
2.87	1.2651333333333332
2.88	1.2626
2.89	1.260075
2.9	1.25755
2.91	1.2550249999999998
2.92	1.2525
2.93	1.25
2.94	1.2475111111111112
2.95	1.2450222222222223
2.96	1.2425333333333335
2.97	1.2400444444444445
2.98	1.2375555555555557
2.99	1.2350666666666668
3.0	1.2325777777777778
3.01	1.230088888888889
3.02	1.2276
3.03	1.22515
3.04	1.2227
3.05	1.22025
3.06	1.2178
3.07	1.21535
3.08	1.2129
3.09	1.210475
3.1	1.20805
3.11	1.2056250000000002
3.12	1.2032
3.13	1.2008
3.14	1.1984200000000003
3.15	1.19604
3.16	1.19366
3.17	1.1912800000000001
3.18	1.1889
3.19	1.1865
3.2	1.18415
3.21	1.1818
3.22	1.17945
3.23	1.1771
3.24	1.1747666666666667
3.25	1.1724333333333332
3.26	1.1701
3.27	1.1678
3.28	1.1655
3.29	1.1632
3.3	1.1609
3.31	1.1586
3.32	1.1563333333333334
3.33	1.1540666666666666
3.34	1.1518
3.35	1.1495
3.36	1.14725
3.37	1.145
3.38	1.14275
3.39	1.1405
3.4	1.1383
3.41	1.1361
3.42	1.1339
3.43	1.1317
3.44	1.1295
3.45	1.1273
3.46	1.1251
3.47	1.1229
3.48	1.1207500000000001
3.49	1.1186
3.5	1.1164
3.51	1.1143
3.52	1.1121
3.53	1.11
3.54	1.10785
3.55	1.1057
3.56	1.1036
3.57	1.1015
3.58	1.0994
3.59	1.0973
3.6	1.0952
3.61	1.0931
3.62	1.091
3.63	1.089
3.64	1.0869
3.65	1.0849
3.66	1.0828
3.67	1.0808
3.68	1.0787
3.69	1.0767
3.7	1.0747
3.71	1.0727
3.72	1.0707
3.73	1.0687
3.74	1.0667
3.75	1.0647
3.76	1.0627
3.77	1.0607
3.78	1.0587
3.79	1.0568
3.8	1.0548
3.81	1.0528
3.82	1.0509
3.83	1.049
3.84	1.047
3.85	1.0451
3.86	1.0432
3.87	1.0412
3.88	1.0393
3.89	1.0374
3.9	1.0355
3.91	1.0336
3.92	1.0317
3.93	1.0298
3.94	1.0279
3.95	1.0261
3.96	1.0242
3.97	1.0223
3.98	1.0205
3.99	1.0186
4.0	1.0168
4.01	1.0149
4.02	1.0131
4.03	1.0112
4.04	1.0094
4.05	1.0076
4.06	1.0057
4.07	1.0039
4.08	1.0021
4.09	1.0003
4.1	0.99849
4.11	0.99669
4.12	0.99489
4.13	0.9931
4.14	0.99131
4.15	0.98952
4.16	0.98774
4.17	0.98597
4.18	0.98419
4.19	0.98242
4.2	0.98066
4.21	0.9789
4.22	0.97714
4.23	0.97538
4.24	0.97363
4.25	0.97189
4.26	0.97015
4.27	0.96841
4.28	0.96667
4.29	0.96494
4.3	0.96321
4.31	0.96148
4.32	0.95976
4.33	0.95804
4.34	0.95633
4.35	0.95462
4.36	0.95291
4.37	0.9512
4.38	0.9495
4.39	0.9478
4.4	0.94611
4.41	0.94441
4.42	0.94272
4.43	0.94104
4.44	0.93936
4.45	0.93767
4.46	0.936
4.47	0.93432
4.48	0.93265
4.49	0.93098
4.5	0.92932
4.51	0.92766
4.52	0.926
4.53	0.92434
4.54	0.92269
4.55	0.92104
4.56	0.91939
4.57	0.91774
4.58	0.9161
4.59	0.91446
4.6	0.91282
4.61	0.91119
4.62	0.90956
4.63	0.90793
4.64	0.9063
4.65	0.90468
4.66	0.90306
4.67	0.90144
4.68	0.89982
4.69	0.89821
4.7	0.8966
4.71	0.89499
4.72	0.89339
4.73	0.89178
4.74	0.89018
4.75	0.88858
4.76	0.88699
4.77	0.8854
4.78	0.88381
4.79	0.88222
4.8	0.88063
4.81	0.87905
4.82	0.87747
4.83	0.87589
4.84	0.87432
4.85	0.87274
4.86	0.87117
4.87	0.86961
4.88	0.86804
4.89	0.86648
4.9	0.86492
4.91	0.86336
4.92	0.8618
4.93	0.86025
4.94	0.8587
4.95	0.85715
4.96	0.8556
4.97	0.85405
4.98	0.85251
4.99	0.85097
5.0	0.84943
5.01	0.8479
5.02	0.84637
5.03	0.84484
5.04	0.84331
5.05	0.84178
5.06	0.84026
5.07	0.83874
5.08	0.83722
5.09	0.8357
5.1	0.83418
5.11	0.83267
5.12	0.83116
5.13	0.82965
5.14	0.82815
5.15	0.82664
5.16	0.82514
5.17	0.82364
5.18	0.82214
5.19	0.82065
5.2	0.81916
5.21	0.81767
5.22	0.81618
5.23	0.81469
5.24	0.81321
5.25	0.81173
5.26	0.81025
5.27	0.80877
5.28	0.80729
5.29	0.80582
5.3	0.80435
5.31	0.80288
5.32	0.80141
5.33	0.79995
5.34	0.79849
5.35	0.79703
5.36	0.79557
5.37	0.79411
5.38	0.79266
5.39	0.79121
5.4	0.78976
5.41	0.78831
5.42	0.78687
5.43	0.78543
5.44	0.78399
5.45	0.78255
5.46	0.78111
5.47	0.77968
5.48	0.77825
5.49	0.77682
5.5	0.77539
5.51	0.77396
5.52	0.77254
5.53	0.77112
5.54	0.7697
5.55	0.76829
5.56	0.76687
5.57	0.76546
5.58	0.76405
5.59	0.76264
5.6	0.76124
5.61	0.75984
5.62	0.75844
5.63	0.75704
5.64	0.75564
5.65	0.75425
5.66	0.75286
5.67	0.75147
5.68	0.75008
5.69	0.7487
5.7	0.74731
5.71	0.74593
5.72	0.74456
5.73	0.74318
5.74	0.74181
5.75	0.74044
5.76	0.73907
5.77	0.7377
5.78	0.73634
5.79	0.73498
5.8	0.73362
5.81	0.73226
5.82	0.7309
5.83	0.72955
5.84	0.7282
5.85	0.72685
5.86	0.72551
5.87	0.72416
5.88	0.72282
5.89	0.72148
5.9	0.72015
5.91	0.71881
5.92	0.71748
5.93	0.71615
5.94	0.71482
5.95	0.7135
5.96	0.71218
5.97	0.71086
5.98	0.70954
5.99	0.70822
6.0	0.70691
6.01	0.7056
6.02	0.70429
6.03	0.70298
6.04	0.70168
6.05	0.70038
6.06	0.69908
6.07	0.69778
6.08	0.69648
6.09	0.69519
6.1	0.6939
6.11	0.69261
6.12	0.69133
6.13	0.69004
6.14	0.68876
6.15	0.68748
6.16	0.68621
6.17	0.68493
6.18	0.68366
6.19	0.68239
6.2	0.68112
6.21	0.67986
6.22	0.6786
6.23	0.67733
6.24	0.67608
6.25	0.67482
6.26	0.67357
6.27	0.67231
6.28	0.67107
6.29	0.66982
6.3	0.66857
6.31	0.66733
6.32	0.66609
6.33	0.66485
6.34	0.66362
6.35	0.66238
6.36	0.66115
6.37	0.65992
6.38	0.6587
6.39	0.65747
6.4	0.65625
6.41	0.65503
6.42	0.65381
6.43	0.65259
6.44	0.65138
6.45	0.65017
6.46	0.64896
6.47	0.64775
6.48	0.64655
6.49	0.64535
6.5	0.64414
6.51	0.64295
6.52	0.64175
6.53	0.64056
6.54	0.63936
6.55	0.63818
6.56	0.63699
6.57	0.6358
6.58	0.63462
6.59	0.63344
6.6	0.63226
6.61	0.63108
6.62	0.62991
6.63	0.62874
6.64	0.62757
6.65	0.6264
6.66	0.62523
6.67	0.62407
6.68	0.62291
6.69	0.62175
6.7	0.62059
6.71	0.61943
6.72	0.61828
6.73	0.61713
6.74	0.61598
6.75	0.61483
6.76	0.61369
6.77	0.61255
6.78	0.61141
6.79	0.61027
6.8	0.60913
6.81	0.608
6.82	0.60686
6.83	0.60573
6.84	0.60461
6.85	0.60348
6.86	0.60236
6.87	0.60123
6.88	0.60012
6.89	0.599
6.9	0.59788
6.91	0.59677
6.92	0.59566
6.93	0.59455
6.94	0.59344
6.95	0.59234
6.96	0.59123
6.97	0.59013
6.98	0.58903
6.99	0.58794
7.0	0.58684
7.01	0.58575
7.02	0.58466
7.03	0.58357
7.04	0.58249
7.05	0.5814
7.06	0.58032
7.07	0.57924
7.08	0.57816
7.09	0.57708
7.1	0.57601
7.11	0.57494
7.12	0.57387
7.13	0.5728
7.14	0.57174
7.15	0.57067
7.16	0.56961
7.17	0.56855
7.18	0.56749
7.19	0.56644
7.2	0.56538
7.21	0.56433
7.22	0.56328
7.23	0.56223
7.24	0.56119
7.25	0.56015
7.26	0.5591
7.27	0.55807
7.28	0.55703
7.29	0.55599
7.3	0.55496
7.31	0.55393
7.32	0.5529
7.33	0.55187
7.34	0.55085
7.35	0.54982
7.36	0.5488
7.37	0.54778
7.38	0.54676
7.39	0.54575
7.4	0.54474
7.41	0.54372
7.42	0.54272
7.43	0.54171
7.44	0.5407
7.45	0.5397
7.46	0.5387
7.47	0.5377
7.48	0.5367
7.49	0.5357
7.5	0.53471
7.51	0.53372
7.52	0.53273
7.53	0.53174
7.54	0.53076
7.55	0.52977
7.56	0.52879
7.57	0.52781
7.58	0.52683
7.59	0.52586
7.6	0.52488
7.61	0.52391
7.62	0.52294
7.63	0.52197
7.64	0.521
7.65	0.52004
7.66	0.51908
7.67	0.51812
7.68	0.51716
7.69	0.5162
7.7	0.51524
7.71	0.51429
7.72	0.51334
7.73	0.51239
7.74	0.51144
7.75	0.5105
7.76	0.50955
7.77	0.50861
7.78	0.50767
7.79	0.50673
7.8	0.5058
7.81	0.50486
7.82	0.50393
7.83	0.503
7.84	0.50207
7.85	0.50114
7.86	0.50021
7.87	0.49929
7.88	0.49837
7.89	0.49745
7.9	0.49653
7.91	0.49562
7.92	0.4947
7.93	0.49379
7.94	0.49288
7.95	0.49197
7.96	0.49106
7.97	0.49016
7.98	0.48925
7.99	0.48835
8.0	0.48745
8.01	0.48655
8.02	0.48565
8.03	0.48476
8.04	0.48387
8.05	0.48298
8.06	0.48209
8.07	0.4812
8.08	0.48031
8.09	0.47943
8.1	0.47855
8.11	0.47767
8.12	0.47679
8.13	0.47591
8.14	0.47503
8.15	0.47416
8.16	0.47329
8.17	0.47242
8.18	0.47155
8.19	0.47068
8.2	0.46982
8.21	0.46896
8.22	0.4681
8.23	0.46724
8.24	0.46638
8.25	0.46552
8.26	0.46467
8.27	0.46382
8.28	0.46296
8.29	0.46212
8.3	0.46127
8.31	0.46042
8.32	0.45958
8.33	0.45874
8.34	0.4579
8.35	0.45706
8.36	0.45622
8.37	0.45539
8.38	0.45455
8.39	0.45372
8.4	0.45289
8.41	0.45206
8.42	0.45124
8.43	0.45041
8.44	0.44959
8.45	0.44877
8.46	0.44795
8.47	0.44713
8.48	0.44632
8.49	0.44551
8.5	0.44469
8.51	0.44388
8.52	0.44308
8.53	0.44227
8.54	0.44147
8.55	0.44067
8.56	0.43987
8.57	0.43905
8.58	0.43825
8.59	0.43745
8.6	0.43666
8.61	0.43587
8.62	0.43508
8.63	0.4343
8.64	0.43352
8.65	0.43274
8.66	0.43196
8.67	0.43118
8.68	0.43041
8.69	0.42964
8.7	0.42888
8.71	0.42812
8.72	0.42737
8.73	0.42662
8.74	0.42588
8.75	0.42515
8.76	0.42444
8.77	0.42375
8.78	0.42309
8.79	0.42247
8.8	0.42193
8.81	0.42151
8.82	0.4213
8.83	0.42128
8.84	0.420215
8.85	0.41915
8.86	0.41812142857142864
8.87	0.41709285714285715
8.88	0.41606428571428566
8.89	0.4150357142857143
8.9	0.41400714285714285
8.91	0.4129785714285714
8.92	0.41195
8.93	0.41123
8.94	0.41052
8.95	0.40983
8.96	0.40915
8.97	0.40849
8.98	0.40785
8.99	0.40724
9.0	0.40668
9.01	0.40618
9.02	0.40576
9.03	0.40549
9.04	0.406852
9.05	0.408214
9.06	0.409576
9.07	0.410938
9.08	0.4123
9.09	0.4110852380952381
9.1	0.4098704761904762
9.11	0.40865571428571434
9.12	0.40744095238095235
9.13	0.40622619047619046
9.14	0.4050114285714286
9.15	0.4037966666666667
9.16	0.4025819047619048
9.17	0.4013671428571428
9.18	0.4001523809523809
9.19	0.39893761904761904
9.2	0.39772285714285716
9.21	0.39650809523809527
9.22	0.39529333333333333
9.23	0.3940785714285714
9.24	0.39286380952380956
9.25	0.3916490476190477
9.26	0.39043428571428573
9.27	0.38921952380952385
9.28	0.3880047619047619
9.29	0.38679
9.3	0.38614
9.31	0.3855
9.32	0.38488
9.33	0.38421
9.34	0.38343
9.35	0.38246
9.36	0.3816171428571429
9.37	0.38077428571428573
9.38	0.3799314285714286
9.39	0.37908857142857144
9.4	0.3782457142857143
9.41	0.37740285714285715
9.42	0.37656
9.43	0.37589
9.44	0.37522
9.45	0.37456
9.46	0.37389
9.47	0.37323
9.48	0.37257
9.49	0.37191
9.5	0.37125
9.51	0.3706
9.52	0.36994
9.53	0.36929
9.54	0.36865
9.55	0.36802
9.56	0.3674
9.57	0.3668
9.58	0.36622
9.59	0.36564
9.6	0.36506
9.61	0.36444
9.62	0.3638
9.63	0.36315
9.64	0.36249
9.65	0.36183
9.66	0.36117
9.67	0.36052
9.68	0.35987
9.69	0.35923
9.7	0.35859
9.71	0.35796
9.72	0.35733
9.73	0.3567
9.74	0.35608
9.75	0.35546
9.76	0.35484
9.77	0.35423
9.78	0.35362
9.79	0.35301
9.8	0.35241
9.81	0.35179
9.82	0.35117
9.83	0.35052
9.84	0.34986
9.85	0.3492
9.86	0.34854
9.87	0.3479
9.88	0.34727
9.89	0.34665
9.9	0.34604
9.91	0.34543
9.92	0.34483
9.93	0.34423
9.94	0.34364
9.95	0.34304
9.96	0.34245
9.97	0.34187
9.98	0.34129
9.99	0.34071
10.0	0.34013
10.01	0.33957
10.02	0.339
10.03	0.33843
10.04	0.33786
10.05	0.33726
10.06	0.33663
10.07	0.336
10.08	0.33536
10.09	0.33474
10.1	0.33413
10.11	0.33354
10.12	0.33295
10.13	0.33236
10.14	0.33178
10.15	0.3312
10.16	0.33063
10.17	0.33006
10.18	0.32949
10.19	0.32892
10.2	0.32835
10.21	0.32778
10.22	0.32722
10.23	0.32665
10.24	0.32609
10.25	0.32552
10.26	0.32495
10.27	0.32439
10.28	0.32382
10.29	0.32327
10.3	0.32271
10.31	0.32215
10.32	0.3216
10.33	0.32104
10.34	0.32049
10.35	0.31994
10.36	0.31939
10.37	0.31884
10.38	0.31829
10.39	0.31775
10.4	0.31721
10.41	0.31667
10.42	0.31613
10.43	0.31558
10.44	0.31504
10.45	0.3145
10.46	0.31396
10.47	0.31342
10.48	0.31288
10.49	0.31235
10.5	0.31182
10.51	0.31129
10.52	0.31077
10.53	0.31025
10.54	0.30971
10.55	0.30918
10.56	0.30865
10.57	0.30812
10.58	0.30761
10.59	0.30708
10.6	0.30656
10.61	0.30604
10.62	0.30552
10.63	0.305
10.64	0.30449
10.65	0.30397
10.66	0.30345
10.67	0.30294
10.68	0.30243
10.69	0.30192
10.7	0.3014
10.71	0.30089
10.72	0.30038
10.73	0.29988
10.74	0.29937
10.75	0.29886
10.76	0.29836
10.77	0.29785
10.78	0.29735
10.79	0.29685
10.8	0.29635
10.81	0.29585
10.82	0.29535
10.83	0.29485
10.84	0.29435
10.85	0.29386
10.86	0.29336
10.87	0.29287
10.88	0.29237
10.89	0.29188
10.9	0.29139
10.91	0.2909
10.92	0.29041
10.93	0.28992
10.94	0.28943
10.95	0.28895
10.96	0.28846
10.97	0.28798
10.98	0.28749
10.99	0.28701
11.0	0.28653
11.01	0.28605
11.02	0.28557
11.03	0.28509
11.04	0.28461
11.05	0.28414
11.06	0.28366
11.07	0.28319
11.08	0.28271
11.09	0.28224
11.1	0.28177
11.11	0.2813
11.12	0.28083
11.13	0.28036
11.14	0.27989
11.15	0.27943
11.16	0.27896
11.17	0.2785
11.18	0.27803
11.19	0.27757
11.2	0.27711
11.21	0.27665
11.22	0.27619
11.23	0.27573
11.24	0.27527
11.25	0.27481
11.26	0.27436
11.27	0.2739
11.28	0.27345
11.29	0.273
11.3	0.27255
11.31	0.27209
11.32	0.27164
11.33	0.2712
11.34	0.27075
11.35	0.2703
11.36	0.26986
11.37	0.26941
11.38	0.26897
11.39	0.26852
11.4	0.26808
11.41	0.26764
11.42	0.2672
11.43	0.26676
11.44	0.26633
11.45	0.26589
11.46	0.26545
11.47	0.26502
11.48	0.26458
11.49	0.26415
11.5	0.26372
11.51	0.26329
11.52	0.26286
11.53	0.26243
11.54	0.262
11.55	0.26157
11.56	0.26114
11.57	0.26072
11.58	0.26029
11.59	0.25987
11.6	0.25945
11.61	0.25903
11.62	0.25861
11.63	0.25819
11.64	0.25777
11.65	0.25735
11.66	0.25693
11.67	0.25652
11.68	0.2561
11.69	0.25569
11.7	0.25527
11.71	0.25486
11.72	0.25445
11.73	0.25404
11.74	0.25363
11.75	0.25322
11.76	0.25281
11.77	0.2524
11.78	0.252
11.79	0.25159
11.8	0.25119
11.81	0.25078
11.82	0.25038
11.83	0.24998
11.84	0.24958
11.85	0.24918
11.86	0.24878
11.87	0.24838
11.88	0.24798
11.89	0.24758
11.9	0.24719
11.91	0.24679
11.92	0.2464
11.93	0.24601
11.94	0.24561
11.95	0.24522
11.96	0.24483
11.97	0.24444
11.98	0.24405
11.99	0.24366
12.0	0.24328
12.01	0.24289
12.02	0.2425
12.03	0.24212
12.04	0.24173
12.05	0.24135
12.06	0.24097
12.07	0.24059
12.08	0.24021
12.09	0.23982
12.1	0.23945
12.11	0.23907
12.12	0.23869
12.13	0.23831
12.14	0.23794
12.15	0.23756
12.16	0.23719
12.17	0.23681
12.18	0.23644
12.19	0.23607
12.2	0.23569
12.21	0.23532
12.22	0.23495
12.23	0.23458
12.24	0.23422
12.25	0.23385
12.26	0.23348
12.27	0.23311
12.28	0.23275
12.29	0.23238
12.3	0.23202
12.31	0.23166
12.32	0.2313
12.33	0.23093
12.34	0.23057
12.35	0.23021
12.36	0.22985
12.37	0.22949
12.38	0.22914
12.39	0.22878
12.4	0.22842
12.41	0.22807
12.42	0.22771
12.43	0.22736
12.44	0.227
12.45	0.22665
12.46	0.2263
12.47	0.22595
12.48	0.2256
12.49	0.22524
12.5	0.2249
12.51	0.22455
12.52	0.2242
12.53	0.22385
12.54	0.2235
12.55	0.22316
12.56	0.22281
12.57	0.22247
12.58	0.22213
12.59	0.22178
12.6	0.22144
12.61	0.2211
12.62	0.22076
12.63	0.22042
12.64	0.22008
12.65	0.21974
12.66	0.2194
12.67	0.21906
12.68	0.21872
12.69	0.21839
12.7	0.21805
12.71	0.21772
12.72	0.21738
12.73	0.21705
12.74	0.21672
12.75	0.21638
12.76	0.21605
12.77	0.21572
12.78	0.21539
12.79	0.21506
12.8	0.21473
12.81	0.2144
12.82	0.21408
12.83	0.21375
12.84	0.21342
12.85	0.2131
12.86	0.21277
12.87	0.21245
12.88	0.21212
12.89	0.2118
12.9	0.21148
12.91	0.21116
12.92	0.21083
12.93	0.21051
12.94	0.21019
12.95	0.20987
12.96	0.20955
12.97	0.20924
12.98	0.20892
12.99	0.2086
13.0	0.20829
13.01	0.20797
13.02	0.20765
13.03	0.20734
13.04	0.20703
13.05	0.20671
13.06	0.2064
13.07	0.20609
13.08	0.20578
13.09	0.20547
13.1	0.20516
13.11	0.20485
13.12	0.20454
13.13	0.20423
13.14	0.20392
13.15	0.20361
13.16	0.20331
13.17	0.203
13.18	0.2027
13.19	0.20239
13.2	0.20209
13.21	0.20178
13.22	0.20148
13.23	0.20118
13.24	0.20088
13.25	0.20058
13.26	0.20028
13.27	0.19998
13.28	0.19968
13.29	0.19938
13.3	0.19908
13.31	0.19878
13.32	0.19848
13.33	0.19819
13.34	0.19789
13.35	0.1976
13.36	0.1973
13.37	0.19701
13.38	0.19671
13.39	0.19642
13.4	0.19613
13.41	0.19584
13.42	0.19554
13.43	0.19525
13.44	0.19496
13.45	0.19467
13.46	0.19438
13.47	0.1941
13.48	0.19381
13.49	0.19352
13.5	0.19323
13.51	0.19295
13.52	0.19266
13.53	0.19238
13.54	0.19209
13.55	0.19181
13.56	0.19152
13.57	0.19124
13.58	0.19096
13.59	0.19068
13.6	0.1904
13.61	0.19012
13.62	0.18984
13.63	0.18956
13.64	0.18928
13.65	0.189
13.66	0.18872
13.67	0.18844
13.68	0.18817
13.69	0.18789
13.7	0.18761
13.71	0.18734
13.72	0.18706
13.73	0.18679
13.74	0.18651
13.75	0.18624
13.76	0.18597
13.77	0.1857
13.78	0.18542
13.79	0.18515
13.8	0.18488
13.81	0.18461
13.82	0.18434
13.83	0.18407
13.84	0.18381
13.85	0.18354
13.86	0.18327
13.87	0.183
13.88	0.18274
13.89	0.18247
13.9	0.18221
13.91	0.18194
13.92	0.18168
13.93	0.18141
13.94	0.18115
13.95	0.18089
13.96	0.18062
13.97	0.18036
13.98	0.1801
13.99	0.17984
14.0	0.17958
14.01	0.17932
14.02	0.17906
14.03	0.1788
14.04	0.17854
14.05	0.17829
14.06	0.17803
14.07	0.17777
14.08	0.17752
14.09	0.17726
14.1	0.177
14.11	0.17675
14.12	0.17649
14.13	0.17624
14.14	0.17599
14.15	0.17573
14.16	0.17548
14.17	0.17523
14.18	0.17498
14.19	0.17473
14.2	0.17448
14.21	0.17423
14.22	0.17398
14.23	0.17373
14.24	0.17348
14.25	0.17323
14.26	0.17299
14.27	0.17274
14.28	0.17249
14.29	0.17225
14.3	0.172
14.31	0.17175
14.32	0.17151
14.33	0.17127
14.34	0.17102
14.35	0.17078
14.36	0.17054
14.37	0.17029
14.38	0.17005
14.39	0.16981
14.4	0.16957
14.41	0.16933
14.42	0.16909
14.43	0.16885
14.44	0.16861
14.45	0.16837
14.46	0.16813
14.47	0.1679
14.48	0.16766
14.49	0.16742
14.5	0.16719
14.51	0.16695
14.52	0.16671
14.53	0.16648
14.54	0.16624
14.55	0.16601
14.56	0.16578
14.57	0.16554
14.58	0.16531
14.59	0.16508
14.6	0.16485
14.61	0.16462
14.62	0.16438
14.63	0.16415
14.64	0.16392
14.65	0.16369
14.66	0.16346
14.67	0.16324
14.68	0.16301
14.69	0.16278
14.7	0.16255
14.71	0.16233
14.72	0.1621
14.73	0.16187
14.74	0.16165
14.75	0.16142
14.76	0.1612
14.77	0.16097
14.78	0.16075
14.79	0.16053
14.8	0.1603
14.81	0.16008
14.82	0.15986
14.83	0.15964
14.84	0.15941
14.85	0.15919
14.86	0.15897
14.87	0.15875
14.88	0.15853
14.89	0.15831
14.9	0.15809
14.91	0.15788
14.92	0.15766
14.93	0.15744
14.94	0.15722
14.95	0.15701
14.96	0.15679
14.97	0.15657
14.98	0.15636
14.99	0.15614
15.0	0.15593
15.01	0.15571
15.02	0.1555
15.03	0.15529
15.04	0.15507
15.05	0.15486
15.06	0.15465
15.07	0.15444
15.08	0.15423
15.09	0.15401
15.1	0.1538
15.11	0.15359
15.12	0.15338
15.13	0.15317
15.14	0.15296
15.15	0.15276
15.16	0.15255
15.17	0.15234
15.18	0.15213
15.19	0.15193
15.2	0.15172
15.21	0.15151
15.22	0.15131
15.23	0.1511
15.24	0.1509
15.25	0.15069
15.26	0.15049
15.27	0.15028
15.28	0.15008
15.29	0.14988
15.3	0.14967
15.31	0.14947
15.32	0.14927
15.33	0.14907
15.34	0.14887
15.35	0.14866
15.36	0.14846
15.37	0.14826
15.38	0.14806
15.39	0.14786
15.4	0.14767
15.41	0.14747
15.42	0.14727
15.43	0.14707
15.44	0.14687
15.45	0.14668
15.46	0.14648
15.47	0.14628
15.48	0.14609
15.49	0.14589
15.5	0.1457
15.51	0.1455
15.52	0.14531
15.53	0.14511
15.54	0.14492
15.55	0.14472
15.56	0.14453
15.57	0.14434
15.58	0.14415
15.59	0.14395
15.6	0.14376
15.61	0.14357
15.62	0.14338
15.63	0.14319
15.64	0.143
15.65	0.14281
15.66	0.14262
15.67	0.14243
15.68	0.14224
15.69	0.14205
15.7	0.14186
15.71	0.14168
15.72	0.14149
15.73	0.1413
15.74	0.14112
15.75	0.14093
15.76	0.14074
15.77	0.14056
15.78	0.14037
15.79	0.14019
15.8	0.14
15.81	0.13982
15.82	0.13963
15.83	0.13945
15.84	0.13927
15.85	0.13908
15.86	0.1389
15.87	0.13872
15.88	0.13854
15.89	0.13835
15.9	0.13817
15.91	0.13799
15.92	0.13781
15.93	0.13763
15.94	0.13745
15.95	0.13727
15.96	0.13709
15.97	0.13691
15.98	0.13673
15.99	0.13656
16.0	0.13638
16.01	0.1362
16.02	0.13602
16.03	0.13585
16.04	0.13567
16.05	0.13549
16.06	0.13532
16.07	0.13514
16.08	0.13497
16.09	0.13479
16.1	0.13462
16.11	0.13444
16.12	0.13427
16.13	0.13409
16.14	0.13392
16.15	0.13375
16.16	0.13357
16.17	0.1334
16.18	0.13323
16.19	0.13306
16.2	0.13289
16.21	0.13271
16.22	0.13254
16.23	0.13237
16.24	0.1322
16.25	0.13203
16.26	0.13186
16.27	0.13169
16.28	0.13152
16.29	0.13135
16.3	0.13119
16.31	0.13102
16.32	0.13085
16.33	0.13068
16.34	0.13052
16.35	0.13035
16.36	0.13018
16.37	0.13002
16.38	0.12985
16.39	0.12968
16.4	0.12952
16.41	0.12935
16.42	0.12919
16.43	0.12902
16.44	0.12886
16.45	0.12869
16.46	0.12853
16.47	0.12837
16.48	0.1282
16.49	0.12804
16.5	0.12788
16.51	0.12772
16.52	0.12755
16.53	0.12739
16.54	0.12723
16.55	0.12707
16.56	0.12691
16.57	0.12675
16.58	0.12659
16.59	0.12643
16.6	0.12627
16.61	0.12611
16.62	0.12595
16.63	0.12579
16.64	0.12563
16.65	0.12547
16.66	0.12532
16.67	0.12516
16.68	0.125
16.69	0.12484
16.7	0.12469
16.71	0.12453
16.72	0.12437
16.73	0.12422
16.74	0.12406
16.75	0.12391
16.76	0.12375
16.77	0.1236
16.78	0.12344
16.79	0.12329
16.8	0.12313
16.81	0.12298
16.82	0.12283
16.83	0.12267
16.84	0.12252
16.85	0.12237
16.86	0.12222
16.87	0.12206
16.88	0.12191
16.89	0.12176
16.9	0.12161
16.91	0.12146
16.92	0.12131
16.93	0.12116
16.94	0.12101
16.95	0.12086
16.96	0.12071
16.97	0.12056
16.98	0.12041
16.99	0.12026
17.0	0.12011
17.01	0.11996
17.02	0.11981
17.03	0.11966
17.04	0.11952
17.05	0.11937
17.06	0.11922
17.07	0.11907
17.08	0.11893
17.09	0.11878
17.1	0.11864
17.11	0.11849
17.12	0.11834
17.13	0.1182
17.14	0.11805
17.15	0.11791
17.16	0.11776
17.17	0.11762
17.18	0.11747
17.19	0.11733
17.2	0.11719
17.21	0.11704
17.22	0.1169
17.23	0.11676
17.24	0.11661
17.25	0.11647
17.26	0.11633
17.27	0.11619
17.28	0.11605
17.29	0.11591
17.3	0.11576
17.31	0.11562
17.32	0.11548
17.33	0.11534
17.34	0.1152
17.35	0.11506
17.36	0.11492
17.37	0.11478
17.38	0.11464
17.39	0.1145
17.4	0.11437
17.41	0.11423
17.42	0.11409
17.43	0.11395
17.44	0.11381
17.45	0.11367
17.46	0.11354
17.47	0.1134
17.48	0.11326
17.49	0.11313
17.5	0.11299
17.51	0.11285
17.52	0.11272
17.53	0.11258
17.54	0.11245
17.55	0.11231
17.56	0.11218
17.57	0.11204
17.58	0.11191
17.59	0.11177
17.6	0.11164
17.61	0.1115
17.62	0.11137
17.63	0.11124
17.64	0.1111
17.65	0.11097
17.66	0.11084
17.67	0.11071
17.68	0.11057
17.69	0.11044
17.7	0.11031
17.71	0.11018
17.72	0.11005
17.73	0.10992
17.74	0.10978
17.75	0.10965
17.76	0.10952
17.77	0.10939
17.78	0.10926
17.79	0.10913
17.8	0.109
17.81	0.10887
17.82	0.10875
17.83	0.10862
17.84	0.10849
17.85	0.10836
17.86	0.10823
17.87	0.1081
17.88	0.10797
17.89	0.10785
17.9	0.10772
17.91	0.10759
17.92	0.10746
17.93	0.10734
17.94	0.10721
17.95	0.10709
17.96	0.10696
17.97	0.10683
17.98	0.10671
17.99	0.10658
18.0	0.10646
18.01	0.10633
18.02	0.10621
18.03	0.10608
18.04	0.10596
18.05	0.10583
18.06	0.10571
18.07	0.10558
18.08	0.10546
18.09	0.10534
18.1	0.10521
18.11	0.10509
18.12	0.10497
18.13	0.10485
18.14	0.10472
18.15	0.1046
18.16	0.10448
18.17	0.10436
18.18	0.10424
18.19	0.10411
18.2	0.10399
18.21	0.10387
18.22	0.10375
18.23	0.10363
18.24	0.10351
18.25	0.10339
18.26	0.10327
18.27	0.10315
18.28	0.10303
18.29	0.10291
18.3	0.10279
18.31	0.10267
18.32	0.10255
18.33	0.10243
18.34	0.10232
18.35	0.1022
18.36	0.10208
18.37	0.10196
18.38	0.10184
18.39	0.10173
18.4	0.10161
18.41	0.10149
18.42	0.10138
18.43	0.10126
18.44	0.10114
18.45	0.10103
18.46	0.10091
18.47	0.10079
18.48	0.10068
18.49	0.10056
18.5	0.10045
18.51	0.10033
18.52	0.10022
18.53	0.1001
18.54	0.099988
18.55	0.099873
18.56	0.099759
18.57	0.099645
18.58	0.099531
18.59	0.099417
18.6	0.099304
18.61	0.099191
18.62	0.099077
18.63	0.098964
18.64	0.098852
18.65	0.098739
18.66	0.098627
18.67	0.098514
18.68	0.098402
18.69	0.098291
18.7	0.098179
18.71	0.098067
18.72	0.097956
18.73	0.097845
18.74	0.097734
18.75	0.097623
18.76	0.097513
18.77	0.097402
18.78	0.097292
18.79	0.097182
18.8	0.097072
18.81	0.096962
18.82	0.096853
18.83	0.096743
18.84	0.096634
18.85	0.096525
18.86	0.096416
18.87	0.096308
18.88	0.096199
18.89	0.096091
18.9	0.095983
18.91	0.095875
18.92	0.095767
18.93	0.09566
18.94	0.095552
18.95	0.095445
18.96	0.095338
18.97	0.095231
18.98	0.095124
18.99	0.095018
19.0	0.094911
19.01	0.094805
19.02	0.094699
19.03	0.094593
19.04	0.094487
19.05	0.094382
19.06	0.094276
19.07	0.094171
19.08	0.094066
19.09	0.093961
19.1	0.093857
19.11	0.093752
19.12	0.093648
19.13	0.093544
19.14	0.09344
19.15	0.093336
19.16	0.093232
19.17	0.093128
19.18	0.093025
19.19	0.092922
19.2	0.092819
19.21	0.092716
19.22	0.092613
19.23	0.092511
19.24	0.092408
19.25	0.092306
19.26	0.092204
19.27	0.092102
19.28	0.092
19.29	0.091899
19.3	0.091797
19.31	0.091696
19.32	0.091595
19.33	0.091494
19.34	0.091393
19.35	0.091292
19.36	0.091192
19.37	0.091092
19.38	0.090992
19.39	0.090892
19.4	0.090792
19.41	0.090692
19.42	0.090593
19.43	0.090493
19.44	0.090394
19.45	0.090295
19.46	0.090196
19.47	0.090097
19.48	0.089999
19.49	0.0899
19.5	0.089802
19.51	0.089704
19.52	0.089606
19.53	0.089508
19.54	0.08941
19.55	0.089313
19.56	0.089216
19.57	0.089118
19.58	0.089021
19.59	0.088924
19.6	0.088828
19.61	0.088731
19.62	0.088635
19.63	0.088538
19.64	0.088442
19.65	0.088346
19.66	0.08825
19.67	0.088155
19.68	0.088059
19.69	0.087964
19.7	0.087868
19.71	0.087773
19.72	0.087678
19.73	0.087584
19.74	0.087489
19.75	0.087394
19.76	0.0873
19.77	0.087206
19.78	0.087112
19.79	0.087018
19.8	0.086924
19.81	0.08683
19.82	0.086737
19.83	0.086644
19.84	0.08655
19.85	0.086457
19.86	0.086364
19.87	0.086272
19.88	0.086179
19.89	0.086087
19.9	0.085994
19.91	0.085902
19.92	0.08581
19.93	0.085718
19.94	0.085626
19.95	0.085535
19.96	0.085443
19.97	0.085352
19.98	0.085261
19.99	0.08517
20.0	0.085079
20.01	0.084988
20.02	0.084897
20.03	0.084807
20.04	0.084716
20.05	0.084626
20.06	0.084536
20.07	0.084446
20.08	0.084356
20.09	0.084266
20.1	0.084177
20.11	0.084088
20.12	0.083998
20.13	0.083909
20.14	0.08382
20.15	0.083731
20.16	0.083643
20.17	0.083554
20.18	0.083466
20.19	0.083377
20.2	0.083289
20.21	0.083201
20.22	0.083113
20.23	0.083025
20.24	0.082938
20.25	0.08285
20.26	0.082763
20.27	0.082675
20.28	0.082588
20.29	0.082501
20.3	0.082414
20.31	0.082328
20.32	0.082241
20.33	0.082155
20.34	0.082068
20.35	0.081982
20.36	0.081896
20.37	0.08181
20.38	0.081724
20.39	0.081639
20.4	0.081553
20.41	0.081468
20.42	0.081382
20.43	0.081297
20.44	0.081212
20.45	0.081127
20.46	0.081043
20.47	0.080958
20.48	0.080873
20.49	0.080789
20.5	0.080705
20.51	0.080621
20.52	0.080537
20.53	0.080453
20.54	0.080369
20.55	0.080285
20.56	0.080202
20.57	0.080118
20.58	0.080035
20.59	0.079952
20.6	0.079869
20.61	0.079786
20.62	0.079703
20.63	0.079621
20.64	0.079538
20.65	0.079456
20.66	0.079374
20.67	0.079291
20.68	0.079209
20.69	0.079127
20.7	0.079046
20.71	0.078964
20.72	0.078882
20.73	0.078801
20.74	0.07872
20.75	0.078639
20.76	0.078558
20.77	0.078477
20.78	0.078396
20.79	0.078315
20.8	0.078235
20.81	0.078154
20.82	0.078074
20.83	0.077994
20.84	0.077913
20.85	0.077834
20.86	0.077754
20.87	0.077674
20.88	0.077594
20.89	0.077515
20.9	0.077435
20.91	0.077356
20.92	0.077277
20.93	0.077198
20.94	0.077119
20.95	0.07704
20.96	0.076962
20.97	0.076883
20.98	0.076805
20.99	0.076726
21.0	0.076648
21.01	0.07657
21.02	0.076492
21.03	0.076414
21.04	0.076336
21.05	0.076259
21.06	0.076181
21.07	0.076104
21.08	0.076026
21.09	0.075949
21.1	0.075872
21.11	0.075795
21.12	0.075718
21.13	0.075642
21.14	0.075565
21.15	0.075488
21.16	0.075412
21.17	0.075336
21.18	0.07526
21.19	0.075184
21.2	0.075108
21.21	0.075032
21.22	0.074956
21.23	0.07488
21.24	0.074805
21.25	0.074729
21.26	0.074654
21.27	0.074579
21.28	0.074504
21.29	0.074429
21.3	0.074354
21.31	0.074279
21.32	0.074205
21.33	0.07413
21.34	0.074056
21.35	0.073982
21.36	0.073907
21.37	0.073833
21.38	0.073759
21.39	0.073685
21.4	0.073612
21.41	0.073538
21.42	0.073464
21.43	0.073391
21.44	0.073318
21.45	0.073244
21.46	0.073171
21.47	0.073098
21.48	0.073025
21.49	0.072952
21.5	0.07288
21.51	0.072807
21.52	0.072735
21.53	0.072662
21.54	0.07259
21.55	0.072518
21.56	0.072446
21.57	0.072374
21.58	0.072302
21.59	0.07223
21.6	0.072158
21.61	0.072087
21.62	0.072015
21.63	0.071944
21.64	0.071873
21.65	0.071801
21.66	0.07173
21.67	0.071659
21.68	0.071589
21.69	0.071518
21.7	0.071447
21.71	0.071377
21.72	0.071306
21.73	0.071236
21.74	0.071166
21.75	0.071095
21.76	0.071025
21.77	0.070956
21.78	0.070886
21.79	0.070816
21.8	0.070746
21.81	0.070677
21.82	0.070607
21.83	0.070538
21.84	0.070469
21.85	0.0704
21.86	0.07033
21.87	0.070262
21.88	0.070193
21.89	0.070124
21.9	0.070055
21.91	0.069987
21.92	0.069918
21.93	0.06985
21.94	0.069782
21.95	0.069713
21.96	0.069645
21.97	0.069577
21.98	0.069509
21.99	0.069442
22.0	0.069374
22.01	0.069306
22.02	0.069239
22.03	0.069171
22.04	0.069104
22.05	0.069037
22.06	0.06897
22.07	0.068903
22.08	0.068836
22.09	0.068769
22.1	0.068702
22.11	0.068636
22.12	0.068569
22.13	0.068503
22.14	0.068436
22.15	0.06837
22.16	0.068304
22.17	0.068238
22.18	0.068172
22.19	0.068106
22.2	0.06804
22.21	0.067974
22.22	0.067909
22.23	0.067843
22.24	0.067778
22.25	0.067712
22.26	0.067647
22.27	0.067582
22.28	0.067517
22.29	0.067452
22.3	0.067387
22.31	0.067322
22.32	0.067257
22.33	0.067193
22.34	0.067128
22.35	0.067064
22.36	0.066999
22.37	0.066935
22.38	0.066871
22.39	0.066807
22.4	0.066743
22.41	0.066679
22.42	0.066615
22.43	0.066551
22.44	0.066488
22.45	0.066424
22.46	0.066361
22.47	0.066297
22.48	0.066234
22.49	0.066171
22.5	0.066108
22.51	0.066045
22.52	0.065982
22.53	0.065919
22.54	0.065856
22.55	0.065794
22.56	0.065731
22.57	0.065668
22.58	0.065606
22.59	0.065544
22.6	0.065481
22.61	0.065419
22.62	0.065357
22.63	0.065295
22.64	0.065233
22.65	0.065171
22.66	0.06511
22.67	0.065048
22.68	0.064987
22.69	0.064925
22.7	0.064864
22.71	0.064802
22.72	0.064741
22.73	0.06468
22.74	0.064619
22.75	0.064558
22.76	0.064497
22.77	0.064436
22.78	0.064376
22.79	0.064315
22.8	0.064254
22.81	0.064194
22.82	0.064133
22.83	0.064073
22.84	0.064013
22.85	0.063953
22.86	0.063893
22.87	0.063833
22.88	0.063773
22.89	0.063713
22.9	0.063653
22.91	0.063594
22.92	0.063534
22.93	0.063475
22.94	0.063415
22.95	0.063356
22.96	0.063297
22.97	0.063237
22.98	0.063178
22.99	0.063119
23.0	0.06306
23.01	0.063002
23.02	0.062943
23.03	0.062884
23.04	0.062826
23.05	0.062767
23.06	0.062709
23.07	0.06265
23.08	0.062592
23.09	0.062534
23.1	0.062476
23.11	0.062418
23.12	0.06236
23.13	0.062302
23.14	0.062244
23.15	0.062186
23.16	0.062128
23.17	0.062071
23.18	0.062013
23.19	0.061956
23.2	0.061899
23.21	0.061841
23.22	0.061784
23.23	0.061727
23.24	0.06167
23.25	0.061613
23.26	0.061556
23.27	0.061499
23.28	0.061443
23.29	0.061386
23.3	0.061329
23.31	0.061273
23.32	0.061216
23.33	0.06116
23.34	0.061104
23.35	0.061048
23.36	0.060991
23.37	0.060935
23.38	0.060879
23.39	0.060823
23.4	0.060768
23.41	0.060712
23.42	0.060656
23.43	0.060601
23.44	0.060545
23.45	0.06049
23.46	0.060434
23.47	0.060379
23.48	0.060324
23.49	0.060269
23.5	0.060213
23.51	0.060158
23.52	0.060104
23.53	0.060049
23.54	0.059994
23.55	0.059939
23.56	0.059884
23.57	0.05983
23.58	0.059775
23.59	0.059721
23.6	0.059667
23.61	0.059612
23.62	0.059558
23.63	0.059504
23.64	0.05945
23.65	0.059396
23.66	0.059342
23.67	0.059288
23.68	0.059234
23.69	0.059181
23.7	0.059127
23.71	0.059073
23.72	0.05902
23.73	0.058966
23.74	0.058913
23.75	0.05886
23.76	0.058807
23.77	0.058753
23.78	0.0587
23.79	0.058647
23.8	0.058594
23.81	0.058542
23.82	0.058489
23.83	0.058436
23.84	0.058383
23.85	0.058331
23.86	0.058278
23.87	0.058226
23.88	0.058173
23.89	0.058121
23.9	0.058069
23.91	0.058017
23.92	0.057965
23.93	0.057912
23.94	0.057861
23.95	0.057809
23.96	0.057757
23.97	0.057705
23.98	0.057653
23.99	0.057602
24.0	0.05755
24.01	0.057499
24.02	0.057447
24.03	0.057396
24.04	0.057345
24.05	0.057293
24.06	0.057242
24.07	0.057191
24.08	0.05714
24.09	0.057089
24.1	0.057038
24.11	0.056987
24.12	0.056937
24.13	0.056886
24.14	0.056835
24.15	0.056785
24.16	0.056734
24.17	0.056684
24.18	0.056633
24.19	0.056583
24.2	0.056533
24.21	0.056483
24.22	0.056432
24.23	0.056382
24.24	0.056332
24.25	0.056283
24.26	0.056233
24.27	0.056183
24.28	0.056133
24.29	0.056084
24.3	0.056034
24.31	0.055984
24.32	0.055935
24.33	0.055886
24.34	0.055836
24.35	0.055787
24.36	0.055738
24.37	0.055689
24.38	0.055639
24.39	0.05559
24.4	0.055541
24.41	0.055493
24.42	0.055444
24.43	0.055395
24.44	0.055346
24.45	0.055298
24.46	0.055249
24.47	0.055201
24.48	0.055152
24.49	0.055104
24.5	0.055055
24.51	0.055007
24.52	0.054959
24.53	0.054911
24.54	0.054863
24.55	0.054815
24.56	0.054767
24.57	0.054719
24.58	0.054671
24.59	0.054623
24.6	0.054575
24.61	0.054528
24.62	0.05448
24.63	0.054433
24.64	0.054385
24.65	0.054338
24.66	0.05429
24.67	0.054243
24.68	0.054196
24.69	0.054149
24.7	0.054102
24.71	0.054055
24.72	0.054008
24.73	0.053961
24.74	0.053914
24.75	0.053867
24.76	0.05382
24.77	0.053773
24.78	0.053727
24.79	0.05368
24.8	0.053634
24.81	0.053587
24.82	0.053541
24.83	0.053495
24.84	0.053448
24.85	0.053402
24.86	0.053356
24.87	0.05331
24.88	0.053264
24.89	0.053218
24.9	0.053172
24.91	0.053126
24.92	0.05308
24.93	0.053034
24.94	0.052989
24.95	0.052943
24.96	0.052897
24.97	0.052852
24.98	0.052806
24.99	0.052761
25.0	0.052716
25.01	0.05267
25.02	0.052625
25.03	0.05258
25.04	0.052535
25.05	0.05249
25.06	0.052445
25.07	0.0524
25.08	0.052355
25.09	0.05231
25.1	0.052265
25.11	0.05222
25.12	0.052176
25.13	0.052131
25.14	0.052087
25.15	0.052042
25.16	0.051998
25.17	0.051953
25.18	0.051909
25.19	0.051865
25.2	0.05182
25.21	0.051776
25.22	0.051732
25.23	0.051688
25.24	0.051644
25.25	0.0516
25.26	0.051556
25.27	0.051512
25.28	0.051468
25.29	0.051425
25.3	0.051381
25.31	0.051337
25.32	0.051294
25.33	0.05125
25.34	0.051207
25.35	0.051163
25.36	0.05112
25.37	0.051077
25.38	0.051033
25.39	0.05099
25.4	0.050947
25.41	0.050904
25.42	0.050861
25.43	0.050818
25.44	0.050775
25.45	0.050732
25.46	0.050689
25.47	0.050647
25.48	0.050604
25.49	0.050561
25.5	0.050519
25.51	0.050476
25.52	0.050434
25.53	0.050391
25.54	0.050349
25.55	0.050306
25.56	0.050264
25.57	0.050222
25.58	0.05018
25.59	0.050137
25.6	0.050095
25.61	0.050053
25.62	0.050011
25.63	0.049969
25.64	0.049927
25.65	0.049886
25.66	0.049844
25.67	0.049802
25.68	0.04976
25.69	0.049719
25.7	0.049677
25.71	0.049636
25.72	0.049594
25.73	0.049553
25.74	0.049511
25.75	0.04947
25.76	0.049429
25.77	0.049388
25.78	0.049346
25.79	0.049305
25.8	0.049264
25.81	0.049223
25.82	0.049182
25.83	0.049141
25.84	0.0491
25.85	0.04906
25.86	0.049019
25.87	0.048978
25.88	0.048937
25.89	0.048897
25.9	0.048856
25.91	0.048816
25.92	0.048775
25.93	0.048735
25.94	0.048694
25.95	0.048654
25.96	0.048614
25.97	0.048574
25.98	0.048533
25.99	0.048493
26.0	0.048453
26.01	0.048413
26.02	0.048373
26.03	0.048333
26.04	0.048293
26.05	0.048254
26.06	0.048214
26.07	0.048174
26.08	0.048134
26.09	0.048095
26.1	0.048055
26.11	0.048015
26.12	0.047976
26.13	0.047937
26.14	0.047897
26.15	0.047858
26.16	0.047818
26.17	0.047779
26.18	0.04774
26.19	0.047701
26.2	0.047662
26.21	0.047623
26.22	0.047584
26.23	0.047545
26.24	0.047506
26.25	0.047467
26.26	0.047428
26.27	0.047389
26.28	0.04735
26.29	0.047312
26.3	0.047273
26.31	0.047234
26.32	0.047196
26.33	0.047157
26.34	0.047119
26.35	0.04708
26.36	0.047042
26.37	0.047004
26.38	0.046965
26.39	0.046927
26.4	0.046889
26.41	0.046851
26.42	0.046813
26.43	0.046775
26.44	0.046737
26.45	0.046699
26.46	0.046661
26.47	0.046623
26.48	0.046585
26.49	0.046547
26.5	0.046509
26.51	0.046472
26.52	0.046434
26.53	0.046396
26.54	0.046359
26.55	0.046321
26.56	0.046284
26.57	0.046246
26.58	0.046209
26.59	0.046172
26.6	0.046134
26.61	0.046097
26.62	0.04606
26.63	0.046023
26.64	0.045986
26.65	0.045949
26.66	0.045912
26.67	0.045875
26.68	0.045838
26.69	0.045801
26.7	0.045764
26.71	0.045727
26.72	0.04569
26.73	0.045654
26.74	0.045617
26.75	0.04558
26.76	0.045544
26.77	0.045507
26.78	0.045471
26.79	0.045434
26.8	0.045398
26.81	0.045361
26.82	0.045325
26.83	0.045289
26.84	0.045252
26.85	0.045216
26.86	0.04518
26.87	0.045144
26.88	0.045108
26.89	0.045072
26.9	0.045036
26.91	0.045
26.92	0.044964
26.93	0.044928
26.94	0.044892
26.95	0.044856
26.96	0.044821
26.97	0.044785
26.98	0.044749
26.99	0.044714
27.0	0.044678
27.01	0.044642
27.02	0.044607
27.03	0.044572
27.04	0.044536
27.05	0.044501
27.06	0.044465
27.07	0.04443
27.08	0.044395
27.09	0.04436
27.1	0.044324
27.11	0.044289
27.12	0.044254
27.13	0.044219
27.14	0.044184
27.15	0.044149
27.16	0.044114
27.17	0.044079
27.18	0.044045
27.19	0.04401
27.2	0.043975
27.21	0.04394
27.22	0.043906
27.23	0.043871
27.24	0.043836
27.25	0.043802
27.26	0.043767
27.27	0.043733
27.28	0.043698
27.29	0.043664
27.3	0.04363
27.31	0.043595
27.32	0.043561
27.33	0.043527
27.34	0.043493
27.35	0.043458
27.36	0.043424
27.37	0.04339
27.38	0.043356
27.39	0.043322
27.4	0.043288
27.41	0.043254
27.42	0.04322
27.43	0.043187
27.44	0.043153
27.45	0.043119
27.46	0.043085
27.47	0.043052
27.48	0.043018
27.49	0.042984
27.5	0.042951
27.51	0.042917
27.52	0.042884
27.53	0.04285
27.54	0.042817
27.55	0.042783
27.56	0.04275
27.57	0.042717
27.58	0.042683
27.59	0.04265
27.6	0.042617
27.61	0.042584
27.62	0.042551
27.63	0.042518
27.64	0.042485
27.65	0.042452
27.66	0.042419
27.67	0.042386
27.68	0.042353
27.69	0.04232
27.7	0.042287
27.71	0.042254
27.72	0.042222
27.73	0.042189
27.74	0.042156
27.75	0.042124
27.76	0.042091
27.77	0.042058
27.78	0.042026
27.79	0.041993
27.8	0.041961
27.81	0.041929
27.82	0.041896
27.83	0.041864
27.84	0.041832
27.85	0.041799
27.86	0.041767
27.87	0.041735
27.88	0.041703
27.89	0.041671
27.9	0.041639
27.91	0.041607
27.92	0.041575
27.93	0.041543
27.94	0.041511
27.95	0.041479
27.96	0.041447
27.97	0.041415
27.98	0.041383
27.99	0.041352
28.0	0.04132
28.01	0.041288
28.02	0.041256
28.03	0.041225
28.04	0.041193
28.05	0.041162
28.06	0.04113
28.07	0.041099
28.08	0.041067
28.09	0.041036
28.1	0.041005
28.11	0.040973
28.12	0.040942
28.13	0.040911
28.14	0.040879
28.15	0.040848
28.16	0.040817
28.17	0.040786
28.18	0.040755
28.19	0.040724
28.2	0.040693
28.21	0.040662
28.22	0.040631
28.23	0.0406
28.24	0.040569
28.25	0.040538
28.26	0.040508
28.27	0.040477
28.28	0.040446
28.29	0.040415
28.3	0.040385
28.31	0.040354
28.32	0.040323
28.33	0.040293
28.34	0.040262
28.35	0.040232
28.36	0.040201
28.37	0.040171
28.38	0.040141
28.39	0.04011
28.4	0.04008
28.41	0.04005
28.42	0.040019
28.43	0.039989
28.44	0.039959
28.45	0.039929
28.46	0.039899
28.47	0.039869
28.48	0.039839
28.49	0.039808
28.5	0.039779
28.51	0.039749
28.52	0.039719
28.53	0.039689
28.54	0.039659
28.55	0.039629
28.56	0.039599
28.57	0.03957
28.58	0.03954
28.59	0.03951
28.6	0.03948
28.61	0.039451
28.62	0.039421
28.63	0.039392
28.64	0.039362
28.65	0.039333
28.66	0.039303
28.67	0.039274
28.68	0.039244
28.69	0.039215
28.7	0.039186
28.71	0.039156
28.72	0.039127
28.73	0.039098
28.74	0.039069
28.75	0.039039
28.76	0.03901
28.77	0.038981
28.78	0.038952
28.79	0.038923
28.8	0.038894
28.81	0.038865
28.82	0.038836
28.83	0.038807
28.84	0.038778
28.85	0.038749
28.86	0.038721
28.87	0.038692
28.88	0.038663
28.89	0.038634
28.9	0.038606
28.91	0.038577
28.92	0.038548
28.93	0.03852
28.94	0.038491
28.95	0.038463
28.96	0.038434
28.97	0.038406
28.98	0.038377
28.99	0.038349
29.0	0.03832
29.01	0.038292
29.02	0.038264
29.03	0.038235
29.04	0.038207
29.05	0.038179
29.06	0.038151
29.07	0.038123
29.08	0.038094
29.09	0.038066
29.1	0.038038
29.11	0.03801
29.12	0.037982
29.13	0.037954
29.14	0.037926
29.15	0.037898
29.16	0.03787
29.17	0.037843
29.18	0.037815
29.19	0.037787
29.2	0.037759
29.21	0.037731
29.22	0.037704
29.23	0.037676
29.24	0.037648
29.25	0.037621
29.26	0.037593
29.27	0.037566
29.28	0.037538
29.29	0.037511
29.3	0.037483
29.31	0.037456
29.32	0.037428
29.33	0.037401
29.34	0.037374
29.35	0.037346
29.36	0.037319
29.37	0.037292
29.38	0.037264
29.39	0.037237
29.4	0.03721
29.41	0.037183
29.42	0.037156
29.43	0.037129
29.44	0.037102
29.45	0.037075
29.46	0.037048
29.47	0.037021
29.48	0.036994
29.49	0.036967
29.5	0.03694
29.51	0.036913
29.52	0.036886
29.53	0.036859
29.54	0.036833
29.55	0.036806
29.56	0.036779
29.57	0.036752
29.58	0.036726
29.59	0.036699
29.6	0.036673
29.61	0.036646
29.62	0.036619
29.63	0.036593
29.64	0.036566
29.65	0.03654
29.66	0.036514
29.67	0.036487
29.68	0.036461
29.69	0.036434
29.7	0.036408
29.71	0.036382
29.72	0.036356
29.73	0.036329
29.74	0.036303
29.75	0.036277
29.76	0.036251
29.77	0.036225
29.78	0.036199
29.79	0.036172
29.8	0.036146
29.81	0.03612
29.82	0.036094
29.83	0.036068
29.84	0.036043
29.85	0.036017
29.86	0.035991
29.87	0.035965
29.88	0.035939
29.89	0.035913
29.9	0.035888
29.91	0.035862
29.92	0.035836
29.93	0.03581
29.94	0.035785
29.95	0.035759
29.96	0.035734
29.97	0.035708
29.98	0.035682
29.99	0.035657
30.0	0.035631
30.01	0.035606
30.02	0.03558
30.03	0.035555
30.04	0.03553
30.05	0.035504
30.06	0.035479
30.07	0.035454
30.08	0.035428
30.09	0.035403
30.1	0.035378
30.11	0.035353
30.12	0.035328
30.13	0.035302
30.14	0.035277
30.15	0.035252
30.16	0.035227
30.17	0.035202
30.18	0.035177
30.19	0.035152
30.2	0.035127
30.21	0.035102
30.22	0.035077
30.23	0.035052
30.24	0.035028
30.25	0.035003
30.26	0.034978
30.27	0.034953
30.28	0.034928
30.29	0.034904
30.3	0.034879
30.31	0.034854
30.32	0.03483
30.33	0.034805
30.34	0.03478
30.35	0.034756
30.36	0.034731
30.37	0.034707
30.38	0.034682
30.39	0.034658
30.4	0.034633
30.41	0.034609
30.42	0.034584
30.43	0.03456
30.44	0.034536
30.45	0.034511
30.46	0.034487
30.47	0.034463
30.48	0.034439
30.49	0.034414
30.5	0.03439
30.51	0.034366
30.52	0.034342
30.53	0.034318
30.54	0.034294
30.55	0.03427
30.56	0.034246
30.57	0.034222
30.58	0.034198
30.59	0.034174
30.6	0.03415
30.61	0.034126
30.62	0.034102
30.63	0.034078
30.64	0.034054
30.65	0.03403
30.66	0.034007
30.67	0.033983
30.68	0.033959
30.69	0.033935
30.7	0.033912
30.71	0.033888
30.72	0.033864
30.73	0.033841
30.74	0.033817
30.75	0.033793
30.76	0.03377
30.77	0.033746
30.78	0.033723
30.79	0.033699
30.8	0.033676
30.81	0.033653
30.82	0.033629
30.83	0.033606
30.84	0.033582
30.85	0.033559
30.86	0.033536
30.87	0.033512
30.88	0.033489
30.89	0.033466
30.9	0.033443
30.91	0.03342
30.92	0.033396
30.93	0.033373
30.94	0.03335
30.95	0.033327
30.96	0.033304
30.97	0.033281
30.98	0.033258
30.99	0.033235
31.0	0.033212
31.01	0.033189
31.02	0.033166
31.03	0.033143
31.04	0.03312
31.05	0.033097
31.06	0.033075
31.07	0.033052
31.08	0.033029
31.09	0.033006
31.1	0.032983
31.11	0.032961
31.12	0.032938
31.13	0.032915
31.14	0.032893
31.15	0.03287
31.16	0.032847
31.17	0.032825
31.18	0.032802
31.19	0.03278
31.2	0.032757
31.21	0.032735
31.22	0.032712
31.23	0.03269
31.24	0.032667
31.25	0.032645
31.26	0.032623
31.27	0.0326
31.28	0.032578
31.29	0.032556
31.3	0.032533
31.31	0.032511
31.32	0.032489
31.33	0.032467
31.34	0.032444
31.35	0.032422
31.36	0.0324
31.37	0.032378
31.38	0.032356
31.39	0.032334
31.4	0.032312
31.41	0.03229
31.42	0.032268
31.43	0.032246
31.44	0.032224
31.45	0.032202
31.46	0.03218
31.47	0.032158
31.48	0.032136
31.49	0.032114
31.5	0.032092
31.51	0.03207
31.52	0.032049
31.53	0.032027
31.54	0.032005
31.55	0.031983
31.56	0.031962
31.57	0.03194
31.58	0.031918
31.59	0.031897
31.6	0.031875
31.61	0.031853
31.62	0.031832
31.63	0.03181
31.64	0.031789
31.65	0.031767
31.66	0.031746
31.67	0.031724
31.68	0.031703
31.69	0.031681
31.7	0.03166
31.71	0.031639
31.72	0.031617
31.73	0.031596
31.74	0.031575
31.75	0.031553
31.76	0.031532
31.77	0.031511
31.78	0.03149
31.79	0.031468
31.8	0.031447
31.81	0.031426
31.82	0.031405
31.83	0.031384
31.84	0.031363
31.85	0.031341
31.86	0.03132
31.87	0.031299
31.88	0.031278
31.89	0.031257
31.9	0.031236
31.91	0.031215
31.92	0.031194
31.93	0.031173
31.94	0.031153
31.95	0.031132
31.96	0.031111
31.97	0.03109
31.98	0.031069
31.99	0.031048
32.0	0.031028
32.01	0.031007
32.02	0.030986
32.03	0.030965
32.04	0.030945
32.05	0.030924
32.06	0.030903
32.07	0.030883
32.08	0.030862
32.09	0.030842
32.1	0.030821
32.11	0.0308
32.12	0.03078
32.13	0.030759
32.14	0.030739
32.15	0.030718
32.16	0.030698
32.17	0.030678
32.18	0.030657
32.19	0.030637
32.2	0.030616
32.21	0.030596
32.22	0.030576
32.23	0.030555
32.24	0.030535
32.25	0.030515
32.26	0.030495
32.27	0.030474
32.28	0.030454
32.29	0.030434
32.3	0.030414
32.31	0.030394
32.32	0.030373
32.33	0.030353
32.34	0.030333
32.35	0.030313
32.36	0.030293
32.37	0.030273
32.38	0.030253
32.39	0.030233
32.4	0.030213
32.41	0.030193
32.42	0.030173
32.43	0.030153
32.44	0.030133
32.45	0.030113
32.46	0.030094
32.47	0.030074
32.48	0.030054
32.49	0.030034
32.5	0.030014
32.51	0.029995
32.52	0.029975
32.53	0.029955
32.54	0.029935
32.55	0.029916
32.56	0.029896
32.57	0.029876
32.58	0.029857
32.59	0.029837
32.6	0.029818
32.61	0.029798
32.62	0.029778
32.63	0.029759
32.64	0.029739
32.65	0.02972
32.66	0.0297
32.67	0.029681
32.68	0.029662
32.69	0.029642
32.7	0.029623
32.71	0.029603
32.72	0.029584
32.73	0.029565
32.74	0.029545
32.75	0.029526
32.76	0.029507
32.77	0.029487
32.78	0.029468
32.79	0.029449
32.8	0.02943
32.81	0.029411
32.82	0.029391
32.83	0.029372
32.84	0.029353
32.85	0.029334
32.86	0.029315
32.87	0.029296
32.88	0.029277
32.89	0.029258
32.9	0.029239
32.91	0.02922
32.92	0.029201
32.93	0.029182
32.94	0.029163
32.95	0.029144
32.96	0.029125
32.97	0.029106
32.98	0.029087
32.99	0.029068
33.0	0.029049
33.01	0.029031
33.02	0.029012
33.03	0.028993
33.04	0.028974
33.05	0.028955
33.06	0.028937
33.07	0.028918
33.08	0.028899
33.09	0.028881
33.1	0.028862
33.11	0.028843
33.12	0.028825
33.13	0.028806
33.14	0.028787
33.15	0.028769
33.16	0.02875
33.17	0.028732
33.18	0.028713
33.19	0.028695
33.2	0.028676
33.21	0.028658
33.22	0.028639
33.23	0.028621
33.24	0.028602
33.25	0.028584
33.26	0.028566
33.27	0.028547
33.28	0.028529
33.29	0.028511
33.3	0.028492
33.31	0.028474
33.32	0.028456
33.33	0.028437
33.34	0.028419
33.35	0.028401
33.36	0.028383
33.37	0.028365
33.38	0.028346
33.39	0.028328
33.4	0.02831
33.41	0.028292
33.42	0.028274
33.43	0.028256
33.44	0.028238
33.45	0.02822
33.46	0.028202
33.47	0.028184
33.48	0.028166
33.49	0.028148
33.5	0.02813
33.51	0.028112
33.52	0.028094
33.53	0.028076
33.54	0.028058
33.55	0.02804
33.56	0.028022
33.57	0.028004
33.58	0.027986
33.59	0.027969
33.6	0.027951
33.61	0.027933
33.62	0.027915
33.63	0.027898
33.64	0.02788
33.65	0.027862
33.66	0.027844
33.67	0.027827
33.68	0.027809
33.69	0.027791
33.7	0.027774
33.71	0.027756
33.72	0.027739
33.73	0.027721
33.74	0.027703
33.75	0.027686
33.76	0.027668
33.77	0.027651
33.78	0.027633
33.79	0.027616
33.8	0.027598
33.81	0.027581
33.82	0.027563
33.83	0.027546
33.84	0.027529
33.85	0.027511
33.86	0.027494
33.87	0.027477
33.88	0.027459
33.89	0.027442
33.9	0.027425
33.91	0.027407
33.92	0.02739
33.93	0.027373
33.94	0.027355
33.95	0.027338
33.96	0.027321
33.97	0.027304
33.98	0.027287
33.99	0.02727
34.0	0.027252
34.01	0.027235
34.02	0.027218
34.03	0.027201
34.04	0.027184
34.05	0.027167
34.06	0.02715
34.07	0.027133
34.08	0.027116
34.09	0.027099
34.1	0.027082
34.11	0.027065
34.12	0.027048
34.13	0.027031
34.14	0.027014
34.15	0.026997
34.16	0.02698
34.17	0.026963
34.18	0.026946
34.19	0.02693
34.2	0.026913
34.21	0.026896
34.22	0.026879
34.23	0.026862
34.24	0.026846
34.25	0.026829
34.26	0.026812
34.27	0.026795
34.28	0.026779
34.29	0.026762
34.3	0.026745
34.31	0.026729
34.32	0.026712
34.33	0.026695
34.34	0.026679
34.35	0.026662
34.36	0.026646
34.37	0.026629
34.38	0.026613
34.39	0.026596
34.4	0.026579
34.41	0.026563
34.42	0.026546
34.43	0.02653
34.44	0.026514
34.45	0.026497
34.46	0.026481
34.47	0.026464
34.48	0.026448
34.49	0.026431
34.5	0.026415
34.51	0.026399
34.52	0.026382
34.53	0.026366
34.54	0.02635
34.55	0.026333
34.56	0.026317
34.57	0.026301
34.58	0.026285
34.59	0.026268
34.6	0.026252
34.61	0.026236
34.62	0.02622
34.63	0.026204
34.64	0.026187
34.65	0.026171
34.66	0.026155
34.67	0.026139
34.68	0.026123
34.69	0.026107
34.7	0.026091
34.71	0.026075
34.72	0.026059
34.73	0.026043
34.74	0.026027
34.75	0.026011
34.76	0.025995
34.77	0.025979
34.78	0.025963
34.79	0.025947
34.8	0.025931
34.81	0.025915
34.82	0.025899
34.83	0.025883
34.84	0.025867
34.85	0.025851
34.86	0.025836
34.87	0.02582
34.88	0.025804
34.89	0.025788
34.9	0.025772
34.91	0.025757
34.92	0.025741
34.93	0.025725
34.94	0.025709
34.95	0.025694
34.96	0.025678
34.97	0.025662
34.98	0.025647
34.99	0.025631
35.0	0.025615
35.01	0.0256
35.02	0.025584
35.03	0.025569
35.04	0.025553
35.05	0.025537
35.06	0.025522
35.07	0.025506
35.08	0.025491
35.09	0.025475
35.1	0.02546
35.11	0.025444
35.12	0.025429
35.13	0.025413
35.14	0.025398
35.15	0.025382
35.16	0.025367
35.17	0.025352
35.18	0.025336
35.19	0.025321
35.2	0.025306
35.21	0.02529
35.22	0.025275
35.23	0.02526
35.24	0.025244
35.25	0.025229
35.26	0.025214
35.27	0.025198
35.28	0.025183
35.29	0.025168
35.3	0.025153
35.31	0.025137
35.32	0.025122
35.33	0.025107
35.34	0.025092
35.35	0.025077
35.36	0.025062
35.37	0.025046
35.38	0.025031
35.39	0.025016
35.4	0.025001
35.41	0.024986
35.42	0.024971
35.43	0.024956
35.44	0.024941
35.45	0.024926
35.46	0.024911
35.47	0.024896
35.48	0.024881
35.49	0.024866
35.5	0.024851
35.51	0.024836
35.52	0.024821
35.53	0.024806
35.54	0.024791
35.55	0.024776
35.56	0.024762
35.57	0.024747
35.58	0.024732
35.59	0.024717
35.6	0.024702
35.61	0.024687
35.62	0.024673
35.63	0.024658
35.64	0.024643
35.65	0.024628
35.66	0.024614
35.67	0.024599
35.68	0.024584
35.69	0.024569
35.7	0.024555
35.71	0.02454
35.72	0.024525
35.73	0.024511
35.74	0.024496
35.75	0.024482
35.76	0.024467
35.77	0.024452
35.78	0.024438
35.79	0.024423
35.8	0.024409
35.81	0.024394
35.82	0.02438
35.83	0.024365
35.84	0.024351
35.85	0.024336
35.86	0.024322
35.87	0.024307
35.88	0.024293
35.89	0.024278
35.9	0.024264
35.91	0.024249
35.92	0.024235
35.93	0.024221
35.94	0.024206
35.95	0.024192
35.96	0.024177
35.97	0.024163
35.98	0.024149
35.99	0.024134
36.0	0.02412
36.01	0.024106
36.02	0.024092
36.03	0.024077
36.04	0.024063
36.05	0.024049
36.06	0.024035
36.07	0.02402
36.08	0.024006
36.09	0.023992
36.1	0.023978
36.11	0.023964
36.12	0.023949
36.13	0.023935
36.14	0.023921
36.15	0.023907
36.16	0.023893
36.17	0.023879
36.18	0.023865
36.19	0.023851
36.2	0.023837
36.21	0.023823
36.22	0.023809
36.23	0.023795
36.24	0.023781
36.25	0.023767
36.26	0.023753
36.27	0.023739
36.28	0.023725
36.29	0.023711
36.3	0.023697
36.31	0.023683
36.32	0.023669
36.33	0.023655
36.34	0.023641
36.35	0.023627
36.36	0.023613
36.37	0.0236
36.38	0.023586
36.39	0.023572
36.4	0.023558
36.41	0.023544
36.42	0.023531
36.43	0.023517
36.44	0.023503
36.45	0.023489
36.46	0.023475
36.47	0.023462
36.48	0.023448
36.49	0.023434
36.5	0.023421
36.51	0.023407
36.52	0.023393
36.53	0.02338
36.54	0.023366
36.55	0.023352
36.56	0.023339
36.57	0.023325
36.58	0.023312
36.59	0.023298
36.6	0.023284
36.61	0.023271
36.62	0.023257
36.63	0.023244
36.64	0.02323
36.65	0.023217
36.66	0.023203
36.67	0.02319
36.68	0.023176
36.69	0.023163
36.7	0.023149
36.71	0.023136
36.72	0.023122
36.73	0.023109
36.74	0.023096
36.75	0.023082
36.76	0.023069
36.77	0.023055
36.78	0.023042
36.79	0.023029
36.8	0.023015
36.81	0.023002
36.82	0.022989
36.83	0.022975
36.84	0.022962
36.85	0.022949
36.86	0.022936
36.87	0.022922
36.88	0.022909
36.89	0.022896
36.9	0.022883
36.91	0.022869
36.92	0.022856
36.93	0.022843
36.94	0.02283
36.95	0.022817
36.96	0.022803
36.97	0.02279
36.98	0.022777
36.99	0.022764
37.0	0.022751
37.01	0.022738
37.02	0.022725
37.03	0.022712
37.04	0.022699
37.05	0.022685
37.06	0.022672
37.07	0.022659
37.08	0.022646
37.09	0.022633
37.1	0.02262
37.11	0.022607
37.12	0.022594
37.13	0.022581
37.14	0.022568
37.15	0.022555
37.16	0.022543
37.17	0.02253
37.18	0.022517
37.19	0.022504
37.2	0.022491
37.21	0.022478
37.22	0.022465
37.23	0.022452
37.24	0.022439
37.25	0.022427
37.26	0.022414
37.27	0.022401
37.28	0.022388
37.29	0.022375
37.3	0.022363
37.31	0.02235
37.32	0.022337
37.33	0.022324
37.34	0.022312
37.35	0.022299
37.36	0.022286
37.37	0.022273
37.38	0.022261
37.39	0.022248
37.4	0.022235
37.41	0.022223
37.42	0.02221
37.43	0.022197
37.44	0.022185
37.45	0.022172
37.46	0.02216
37.47	0.022147
37.48	0.022134
37.49	0.022122
37.5	0.022109
37.51	0.022097
37.52	0.022084
37.53	0.022072
37.54	0.022059
37.55	0.022046
37.56	0.022034
37.57	0.022021
37.58	0.022009
37.59	0.021997
37.6	0.021984
37.61	0.021972
37.62	0.021959
37.63	0.021947
37.64	0.021934
37.65	0.021922
37.66	0.02191
37.67	0.021897
37.68	0.021885
37.69	0.021872
37.7	0.02186
37.71	0.021848
37.72	0.021835
37.73	0.021823
37.74	0.021811
37.75	0.021798
37.76	0.021786
37.77	0.021774
37.78	0.021762
37.79	0.021749
37.8	0.021737
37.81	0.021725
37.82	0.021713
37.83	0.0217
37.84	0.021688
37.85	0.021676
37.86	0.021664
37.87	0.021651
37.88	0.021639
37.89	0.021627
37.9	0.021615
37.91	0.021603
37.92	0.021591
37.93	0.021579
37.94	0.021566
37.95	0.021554
37.96	0.021542
37.97	0.02153
37.98	0.021518
37.99	0.021506
38.0	0.021494
38.01	0.021482
38.02	0.02147
38.03	0.021458
38.04	0.021446
38.05	0.021434
38.06	0.021422
38.07	0.02141
38.08	0.021398
38.09	0.021386
38.1	0.021374
38.11	0.021362
38.12	0.02135
38.13	0.021338
38.14	0.021326
38.15	0.021314
38.16	0.021303
38.17	0.021291
38.18	0.021279
38.19	0.021267
38.2	0.021255
38.21	0.021243
38.22	0.021231
38.23	0.02122
38.24	0.021208
38.25	0.021196
38.26	0.021184
38.27	0.021172
38.28	0.021161
38.29	0.021149
38.3	0.021137
38.31	0.021125
38.32	0.021114
38.33	0.021102
38.34	0.02109
38.35	0.021078
38.36	0.021067
38.37	0.021055
38.38	0.021043
38.39	0.021032
38.4	0.02102
38.41	0.021008
38.42	0.020997
38.43	0.020985
38.44	0.020973
38.45	0.020962
38.46	0.02095
38.47	0.020939
38.48	0.020927
38.49	0.020916
38.5	0.020904
38.51	0.020892
38.52	0.020881
38.53	0.020869
38.54	0.020858
38.55	0.020846
38.56	0.020835
38.57	0.020823
38.58	0.020812
38.59	0.0208
38.6	0.020789
38.61	0.020777
38.62	0.020766
38.63	0.020754
38.64	0.020743
38.65	0.020732
38.66	0.02072
38.67	0.020709
38.68	0.020697
38.69	0.020686
38.7	0.020675
38.71	0.020663
38.72	0.020652
38.73	0.020641
38.74	0.020629
38.75	0.020618
38.76	0.020607
38.77	0.020595
38.78	0.020584
38.79	0.020573
38.8	0.020561
38.81	0.02055
38.82	0.020539
38.83	0.020528
38.84	0.020516
38.85	0.020505
38.86	0.020494
38.87	0.020483
38.88	0.020471
38.89	0.02046
38.9	0.020449
38.91	0.020438
38.92	0.020427
38.93	0.020416
38.94	0.020404
38.95	0.020393
38.96	0.020382
38.97	0.020371
38.98	0.02036
38.99	0.020349
39.0	0.020338
39.01	0.020327
39.02	0.020315
39.03	0.020304
39.04	0.020293
39.05	0.020282
39.06	0.020271
39.07	0.02026
39.08	0.020249
39.09	0.020238
39.1	0.020227
39.11	0.020216
39.12	0.020205
39.13	0.020194
39.14	0.020183
39.15	0.020172
39.16	0.020161
39.17	0.02015
39.18	0.020139
39.19	0.020128
39.2	0.020117
39.21	0.020107
39.22	0.020096
39.23	0.020085
39.24	0.020074
39.25	0.020063
39.26	0.020052
39.27	0.020041
39.28	0.02003
39.29	0.02002
39.3	0.020009
39.31	0.019998
39.32	0.019987
39.33	0.019976
39.34	0.019965
39.35	0.019955
39.36	0.019944
39.37	0.019933
39.38	0.019922
39.39	0.019912
39.4	0.019901
39.41	0.01989
39.42	0.019879
39.43	0.019869
39.44	0.019858
39.45	0.019847
39.46	0.019837
39.47	0.019826
39.48	0.019815
39.49	0.019805
39.5	0.019794
39.51	0.019783
39.52	0.019773
39.53	0.019762
39.54	0.019751
39.55	0.019741
39.56	0.01973
39.57	0.019719
39.58	0.019709
39.59	0.019698
39.6	0.019688
39.61	0.019677
39.62	0.019667
39.63	0.019656
39.64	0.019645
39.65	0.019635
39.66	0.019624
39.67	0.019614
39.68	0.019603
39.69	0.019593
39.7	0.019582
39.71	0.019572
39.72	0.019561
39.73	0.019551
39.74	0.019541
39.75	0.01953
39.76	0.01952
39.77	0.019509
39.78	0.019499
39.79	0.019488
39.8	0.019478
39.81	0.019468
39.82	0.019457
39.83	0.019447
39.84	0.019436
39.85	0.019426
39.86	0.019416
39.87	0.019405
39.88	0.019395
39.89	0.019385
39.9	0.019374
39.91	0.019364
39.92	0.019354
39.93	0.019343
39.94	0.019333
39.95	0.019323
39.96	0.019312
39.97	0.019302
39.98	0.019292
39.99	0.019282
40.0	0.019271
40.01	0.019261
40.02	0.019251
40.03	0.019241
40.04	0.019231
40.05	0.01922
40.06	0.01921
40.07	0.0192
40.08	0.01919
40.09	0.01918
40.1	0.019169
40.11	0.019159
40.12	0.019149
40.13	0.019139
40.14	0.019129
40.15	0.019119
40.16	0.019109
40.17	0.019098
40.18	0.019088
40.19	0.019078
40.2	0.019068
40.21	0.019058
40.22	0.019048
40.23	0.019038
40.24	0.019028
40.25	0.019018
40.26	0.019008
40.27	0.018998
40.28	0.018988
40.29	0.018978
40.3	0.018968
40.31	0.018958
40.32	0.018948
40.33	0.018938
40.34	0.018928
40.35	0.018918
40.36	0.018908
40.37	0.018898
40.38	0.018888
40.39	0.018878
40.4	0.018868
40.41	0.018858
40.42	0.018848
40.43	0.018838
40.44	0.018828
40.45	0.018819
40.46	0.018809
40.47	0.018799
40.48	0.018789
40.49	0.018779
40.5	0.018769
40.51	0.018759
40.52	0.01875
40.53	0.01874
40.54	0.01873
40.55	0.01872
40.56	0.01871
40.57	0.018701
40.58	0.018691
40.59	0.018681
40.6	0.018671
40.61	0.018661
40.62	0.018652
40.63	0.018642
40.64	0.018632
40.65	0.018622
40.66	0.018613
40.67	0.018603
40.68	0.018593
40.69	0.018584
40.7	0.018574
40.71	0.018564
40.72	0.018554
40.73	0.018545
40.74	0.018535
40.75	0.018525
40.76	0.018516
40.77	0.018506
40.78	0.018497
40.79	0.018487
40.8	0.018477
40.81	0.018468
40.82	0.018458
40.83	0.018448
40.84	0.018439
40.85	0.018429
40.86	0.01842
40.87	0.01841
40.88	0.018401
40.89	0.018391
40.9	0.018381
40.91	0.018372
40.92	0.018362
40.93	0.018353
40.94	0.018343
40.95	0.018334
40.96	0.018324
40.97	0.018315
40.98	0.018305
40.99	0.018296
41.0	0.018286
41.01	0.018277
41.02	0.018267
41.03	0.018258
41.04	0.018248
41.05	0.018239
41.06	0.01823
41.07	0.01822
41.08	0.018211
41.09	0.018201
41.1	0.018192
41.11	0.018183
41.12	0.018173
41.13	0.018164
41.14	0.018154
41.15	0.018145
41.16	0.018136
41.17	0.018126
41.18	0.018117
41.19	0.018108
41.2	0.018098
41.21	0.018089
41.22	0.01808
41.23	0.01807
41.24	0.018061
41.25	0.018052
41.26	0.018042
41.27	0.018033
41.28	0.018024
41.29	0.018015
41.3	0.018005
41.31	0.017996
41.32	0.017987
41.33	0.017978
41.34	0.017968
41.35	0.017959
41.36	0.01795
41.37	0.017941
41.38	0.017932
41.39	0.017922
41.4	0.017913
41.41	0.017904
41.42	0.017895
41.43	0.017886
41.44	0.017876
41.45	0.017867
41.46	0.017858
41.47	0.017849
41.48	0.01784
41.49	0.017831
41.5	0.017822
41.51	0.017813
41.52	0.017803
41.53	0.017794
41.54	0.017785
41.55	0.017776
41.56	0.017767
41.57	0.017758
41.58	0.017749
41.59	0.01774
41.6	0.017731
41.61	0.017722
41.62	0.017713
41.63	0.017704
41.64	0.017695
41.65	0.017686
41.66	0.017677
41.67	0.017668
41.68	0.017659
41.69	0.01765
41.7	0.017641
41.71	0.017632
41.72	0.017623
41.73	0.017614
41.74	0.017605
41.75	0.017596
41.76	0.017587
41.77	0.017578
41.78	0.017569
41.79	0.01756
41.8	0.017551
41.81	0.017542
41.82	0.017533
41.83	0.017525
41.84	0.017516
41.85	0.017507
41.86	0.017498
41.87	0.017489
41.88	0.01748
41.89	0.017471
41.9	0.017462
41.91	0.017454
41.92	0.017445
41.93	0.017436
41.94	0.017427
41.95	0.017418
41.96	0.01741
41.97	0.017401
41.98	0.017392
41.99	0.017383
42.0	0.017374
42.01	0.017366
42.02	0.017357
42.03	0.017348
42.04	0.017339
42.05	0.017331
42.06	0.017322
42.07	0.017313
42.08	0.017304
42.09	0.017296
42.1	0.017287
42.11	0.017278
42.12	0.017269
42.13	0.017261
42.14	0.017252
42.15	0.017243
42.16	0.017235
42.17	0.017226
42.18	0.017217
42.19	0.017209
42.2	0.0172
42.21	0.017191
42.22	0.017183
42.23	0.017174
42.24	0.017166
42.25	0.017157
42.26	0.017148
42.27	0.01714
42.28	0.017131
42.29	0.017123
42.3	0.017114
42.31	0.017105
42.32	0.017097
42.33	0.017088
42.34	0.01708
42.35	0.017071
42.36	0.017063
42.37	0.017054
42.38	0.017045
42.39	0.017037
42.4	0.017028
42.41	0.01702
42.42	0.017011
42.43	0.017003
42.44	0.016994
42.45	0.016986
42.46	0.016977
42.47	0.016969
42.48	0.01696
42.49	0.016952
42.5	0.016944
42.51	0.016935
42.52	0.016927
42.53	0.016918
42.54	0.01691
42.55	0.016901
42.56	0.016893
42.57	0.016885
42.58	0.016876
42.59	0.016868
42.6	0.016859
42.61	0.016851
42.62	0.016843
42.63	0.016834
42.64	0.016826
42.65	0.016817
42.66	0.016809
42.67	0.016801
42.68	0.016792
42.69	0.016784
42.7	0.016776
42.71	0.016767
42.72	0.016759
42.73	0.016751
42.74	0.016742
42.75	0.016734
42.76	0.016726
42.77	0.016718
42.78	0.016709
42.79	0.016701
42.8	0.016693
42.81	0.016684
42.82	0.016676
42.83	0.016668
42.84	0.01666
42.85	0.016651
42.86	0.016643
42.87	0.016635
42.88	0.016627
42.89	0.016619
42.9	0.01661
42.91	0.016602
42.92	0.016594
42.93	0.016586
42.94	0.016578
42.95	0.016569
42.96	0.016561
42.97	0.016553
42.98	0.016545
42.99	0.016537
43.0	0.016529
43.01	0.01652
43.02	0.016512
43.03	0.016504
43.04	0.016496
43.05	0.016488
43.06	0.01648
43.07	0.016472
43.08	0.016464
43.09	0.016455
43.1	0.016447
43.11	0.016439
43.12	0.016431
43.13	0.016423
43.14	0.016415
43.15	0.016407
43.16	0.016399
43.17	0.016391
43.18	0.016383
43.19	0.016375
43.2	0.016367
43.21	0.016359
43.22	0.016351
43.23	0.016343
43.24	0.016335
43.25	0.016327
43.26	0.016319
43.27	0.016311
43.28	0.016303
43.29	0.016295
43.3	0.016287
43.31	0.016279
43.32	0.016271
43.33	0.016263
43.34	0.016255
43.35	0.016247
43.36	0.016239
43.37	0.016231
43.38	0.016223
43.39	0.016215
43.4	0.016207
43.41	0.016199
43.42	0.016191
43.43	0.016184
43.44	0.016176
43.45	0.016168
43.46	0.01616
43.47	0.016152
43.48	0.016144
43.49	0.016136
43.5	0.016128
43.51	0.016121
43.52	0.016113
43.53	0.016105
43.54	0.016097
43.55	0.016089
43.56	0.016081
43.57	0.016074
43.58	0.016066
43.59	0.016058
43.6	0.01605
43.61	0.016042
43.62	0.016035
43.63	0.016027
43.64	0.016019
43.65	0.016011
43.66	0.016003
43.67	0.015996
43.68	0.015988
43.69	0.01598
43.7	0.015972
43.71	0.015965
43.72	0.015957
43.73	0.015949
43.74	0.015941
43.75	0.015934
43.76	0.015926
43.77	0.015918
43.78	0.015911
43.79	0.015903
43.8	0.015895
43.81	0.015888
43.82	0.01588
43.83	0.015872
43.84	0.015865
43.85	0.015857
43.86	0.015849
43.87	0.015842
43.88	0.015834
43.89	0.015826
43.9	0.015819
43.91	0.015811
43.92	0.015803
43.93	0.015796
43.94	0.015788
43.95	0.015781
43.96	0.015773
43.97	0.015765
43.98	0.015758
43.99	0.01575
44.0	0.015743
44.01	0.015735
44.02	0.015727
44.03	0.01572
44.04	0.015712
44.05	0.015705
44.06	0.015697
44.07	0.01569
44.08	0.015682
44.09	0.015675
44.1	0.015667
44.11	0.01566
44.12	0.015652
44.13	0.015645
44.14	0.015637
44.15	0.01563
44.16	0.015622
44.17	0.015615
44.18	0.015607
44.19	0.0156
44.2	0.015592
44.21	0.015585
44.22	0.015577
44.23	0.01557
44.24	0.015562
44.25	0.015555
44.26	0.015547
44.27	0.01554
44.28	0.015532
44.29	0.015525
44.3	0.015518
44.31	0.01551
44.32	0.015503
44.33	0.015495
44.34	0.015488
44.35	0.015481
44.36	0.015473
44.37	0.015466
44.38	0.015458
44.39	0.015451
44.4	0.015444
44.41	0.015436
44.42	0.015429
44.43	0.015422
44.44	0.015414
44.45	0.015407
44.46	0.0154
44.47	0.015392
44.48	0.015385
44.49	0.015378
44.5	0.01537
44.51	0.015363
44.52	0.015356
44.53	0.015348
44.54	0.015341
44.55	0.015334
44.56	0.015327
44.57	0.015319
44.58	0.015312
44.59	0.015305
44.6	0.015297
44.61	0.01529
44.62	0.015283
44.63	0.015276
44.64	0.015268
44.65	0.015261
44.66	0.015254
44.67	0.015247
44.68	0.01524
44.69	0.015232
44.7	0.015225
44.71	0.015218
44.72	0.015211
44.73	0.015204
44.74	0.015196
44.75	0.015189
44.76	0.015182
44.77	0.015175
44.78	0.015168
44.79	0.01516
44.8	0.015153
44.81	0.015146
44.82	0.015139
44.83	0.015132
44.84	0.015125
44.85	0.015118
44.86	0.01511
44.87	0.015103
44.88	0.015096
44.89	0.015089
44.9	0.015082
44.91	0.015075
44.92	0.015068
44.93	0.015061
44.94	0.015054
44.95	0.015046
44.96	0.015039
44.97	0.015032
44.98	0.015025
44.99	0.015018
45.0	0.015011
45.01	0.015004
45.02	0.014997
45.03	0.01499
45.04	0.014983
45.05	0.014976
45.06	0.014969
45.07	0.014962
45.08	0.014955
45.09	0.014948
45.1	0.014941
45.11	0.014934
45.12	0.014927
45.13	0.01492
45.14	0.014913
45.15	0.014906
45.16	0.014899
45.17	0.014892
45.18	0.014885
45.19	0.014878
45.2	0.014871
45.21	0.014864
45.22	0.014857
45.23	0.01485
45.24	0.014843
45.25	0.014836
45.26	0.014829
45.27	0.014822
45.28	0.014815
45.29	0.014808
45.3	0.014801
45.31	0.014795
45.32	0.014788
45.33	0.014781
45.34	0.014774
45.35	0.014767
45.36	0.01476
45.37	0.014753
45.38	0.014746
45.39	0.014739
45.4	0.014733
45.41	0.014726
45.42	0.014719
45.43	0.014712
45.44	0.014705
45.45	0.014698
45.46	0.014691
45.47	0.014685
45.48	0.014678
45.49	0.014671
45.5	0.014664
45.51	0.014657
45.52	0.014651
45.53	0.014644
45.54	0.014637
45.55	0.01463
45.56	0.014623
45.57	0.014617
45.58	0.01461
45.59	0.014603
45.6	0.014596
45.61	0.014589
45.62	0.014583
45.63	0.014576
45.64	0.014569
45.65	0.014562
45.66	0.014556
45.67	0.014549
45.68	0.014542
45.69	0.014536
45.7	0.014529
45.71	0.014522
45.72	0.014515
45.73	0.014509
45.74	0.014502
45.75	0.014495
45.76	0.014489
45.77	0.014482
45.78	0.014475
45.79	0.014468
45.8	0.014462
45.81	0.014455
45.82	0.014448
45.83	0.014442
45.84	0.014435
45.85	0.014428
45.86	0.014422
45.87	0.014415
45.88	0.014408
45.89	0.014402
45.9	0.014395
45.91	0.014389
45.92	0.014382
45.93	0.014375
45.94	0.014369
45.95	0.014362
45.96	0.014356
45.97	0.014349
45.98	0.014342
45.99	0.014336
46.0	0.014329
46.01	0.014323
46.02	0.014316
46.03	0.014309
46.04	0.014303
46.05	0.014296
46.06	0.01429
46.07	0.014283
46.08	0.014277
46.09	0.01427
46.1	0.014263
46.11	0.014257
46.12	0.01425
46.13	0.014244
46.14	0.014237
46.15	0.014231
46.16	0.014224
46.17	0.014218
46.18	0.014211
46.19	0.014205
46.2	0.014198
46.21	0.014192
46.22	0.014185
46.23	0.014179
46.24	0.014172
46.25	0.014166
46.26	0.014159
46.27	0.014153
46.28	0.014146
46.29	0.01414
46.3	0.014134
46.31	0.014127
46.32	0.014121
46.33	0.014114
46.34	0.014108
46.35	0.014101
46.36	0.014095
46.37	0.014088
46.38	0.014082
46.39	0.014076
46.4	0.014069
46.41	0.014063
46.42	0.014056
46.43	0.01405
46.44	0.014044
46.45	0.014037
46.46	0.014031
46.47	0.014024
46.48	0.014018
46.49	0.014012
46.5	0.014005
46.51	0.013999
46.52	0.013993
46.53	0.013986
46.54	0.01398
46.55	0.013974
46.56	0.013967
46.57	0.013961
46.58	0.013955
46.59	0.013948
46.6	0.013942
46.61	0.013936
46.62	0.013929
46.63	0.013923
46.64	0.013917
46.65	0.01391
46.66	0.013904
46.67	0.013898
46.68	0.013891
46.69	0.013885
46.7	0.013879
46.71	0.013873
46.72	0.013866
46.73	0.01386
46.74	0.013854
46.75	0.013848
46.76	0.013841
46.77	0.013835
46.78	0.013829
46.79	0.013823
46.8	0.013816
46.81	0.01381
46.82	0.013804
46.83	0.013798
46.84	0.013791
46.85	0.013785
46.86	0.013779
46.87	0.013773
46.88	0.013767
46.89	0.01376
46.9	0.013754
46.91	0.013748
46.92	0.013742
46.93	0.013736
46.94	0.013729
46.95	0.013723
46.96	0.013717
46.97	0.013711
46.98	0.013705
46.99	0.013699
47.0	0.013692
47.01	0.013686
47.02	0.01368
47.03	0.013674
47.04	0.013668
47.05	0.013662
47.06	0.013656
47.07	0.013649
47.08	0.013643
47.09	0.013637
47.1	0.013631
47.11	0.013625
47.12	0.013619
47.13	0.013613
47.14	0.013607
47.15	0.013601
47.16	0.013594
47.17	0.013588
47.18	0.013582
47.19	0.013576
47.2	0.01357
47.21	0.013564
47.22	0.013558
47.23	0.013552
47.24	0.013546
47.25	0.01354
47.26	0.013534
47.27	0.013528
47.28	0.013522
47.29	0.013516
47.3	0.01351
47.31	0.013504
47.32	0.013498
47.33	0.013491
47.34	0.013485
47.35	0.013479
47.36	0.013473
47.37	0.013467
47.38	0.013461
47.39	0.013455
47.4	0.013449
47.41	0.013443
47.42	0.013437
47.43	0.013431
47.44	0.013425
47.45	0.01342
47.46	0.013414
47.47	0.013408
47.48	0.013402
47.49	0.013396
47.5	0.01339
47.51	0.013384
47.52	0.013378
47.53	0.013372
47.54	0.013366
47.55	0.01336
47.56	0.013354
47.57	0.013348
47.58	0.013342
47.59	0.013336
47.6	0.01333
47.61	0.013324
47.62	0.013319
47.63	0.013313
47.64	0.013307
47.65	0.013301
47.66	0.013295
47.67	0.013289
47.68	0.013283
47.69	0.013277
47.7	0.013271
47.71	0.013266
47.72	0.01326
47.73	0.013254
47.74	0.013248
47.75	0.013242
47.76	0.013236
47.77	0.01323
47.78	0.013225
47.79	0.013219
47.8	0.013213
47.81	0.013207
47.82	0.013201
47.83	0.013195
47.84	0.01319
47.85	0.013184
47.86	0.013178
47.87	0.013172
47.88	0.013166
47.89	0.013161
47.9	0.013155
47.91	0.013149
47.92	0.013143
47.93	0.013137
47.94	0.013132
47.95	0.013126
47.96	0.01312
47.97	0.013114
47.98	0.013108
47.99	0.013103
48.0	0.013097
48.01	0.013091
48.02	0.013085
48.03	0.01308
48.04	0.013074
48.05	0.013068
48.06	0.013062
48.07	0.013057
48.08	0.013051
48.09	0.013045
48.1	0.01304
48.11	0.013034
48.12	0.013028
48.13	0.013022
48.14	0.013017
48.15	0.013011
48.16	0.013005
48.17	0.013
48.18	0.012994
48.19	0.012988
48.2	0.012982
48.21	0.012977
48.22	0.012971
48.23	0.012965
48.24	0.01296
48.25	0.012954
48.26	0.012948
48.27	0.012943
48.28	0.012937
48.29	0.012931
48.3	0.012926
48.31	0.01292
48.32	0.012915
48.33	0.012909
48.34	0.012903
48.35	0.012898
48.36	0.012892
48.37	0.012886
48.38	0.012881
48.39	0.012875
48.4	0.01287
48.41	0.012864
48.42	0.012858
48.43	0.012853
48.44	0.012847
48.45	0.012842
48.46	0.012836
48.47	0.01283
48.48	0.012825
48.49	0.012819
48.5	0.012814
48.51	0.012808
48.52	0.012802
48.53	0.012797
48.54	0.012791
48.55	0.012786
48.56	0.01278
48.57	0.012775
48.58	0.012769
48.59	0.012764
48.6	0.012758
48.61	0.012752
48.62	0.012747
48.63	0.012741
48.64	0.012736
48.65	0.01273
48.66	0.012725
48.67	0.012719
48.68	0.012714
48.69	0.012708
48.7	0.012703
48.71	0.012697
48.72	0.012692
48.73	0.012686
48.74	0.012681
48.75	0.012675
48.76	0.01267
48.77	0.012664
48.78	0.012659
48.79	0.012653
48.8	0.012648
48.81	0.012642
48.82	0.012637
48.83	0.012632
48.84	0.012626
48.85	0.012621
48.86	0.012615
48.87	0.01261
48.88	0.012604
48.89	0.012599
48.9	0.012593
48.91	0.012588
48.92	0.012583
48.93	0.012577
48.94	0.012572
48.95	0.012566
48.96	0.012561
48.97	0.012556
48.98	0.01255
48.99	0.012545
49.0	0.012539
49.01	0.012534
49.02	0.012529
49.03	0.012523
49.04	0.012518
49.05	0.012512
49.06	0.012507
49.07	0.012502
49.08	0.012496
49.09	0.012491
49.1	0.012486
49.11	0.01248
49.12	0.012475
49.13	0.012469
49.14	0.012464
49.15	0.012459
49.16	0.012453
49.17	0.012448
49.18	0.012443
49.19	0.012437
49.2	0.012432
49.21	0.012427
49.22	0.012421
49.23	0.012416
49.24	0.012411
49.25	0.012405
49.26	0.0124
49.27	0.012395
49.28	0.01239
49.29	0.012384
49.3	0.012379
49.31	0.012374
49.32	0.012368
49.33	0.012363
49.34	0.012358
49.35	0.012353
49.36	0.012347
49.37	0.012342
49.38	0.012337
49.39	0.012331
49.4	0.012326
49.41	0.012321
49.42	0.012316
49.43	0.01231
49.44	0.012305
49.45	0.0123
49.46	0.012295
49.47	0.012289
49.48	0.012284
49.49	0.012279
49.5	0.012274
49.51	0.012268
49.52	0.012263
49.53	0.012258
49.54	0.012253
49.55	0.012248
49.56	0.012242
49.57	0.012237
49.58	0.012232
49.59	0.012227
49.6	0.012222
49.61	0.012216
49.62	0.012211
49.63	0.012206
49.64	0.012201
49.65	0.012196
49.66	0.01219
49.67	0.012185
49.68	0.01218
49.69	0.012175
49.7	0.01217
49.71	0.012165
49.72	0.012159
49.73	0.012154
49.74	0.012149
49.75	0.012144
49.76	0.012139
49.77	0.012134
49.78	0.012129
49.79	0.012123
49.8	0.012118
49.81	0.012113
49.82	0.012108
49.83	0.012103
49.84	0.012098
49.85	0.012093
49.86	0.012088
49.87	0.012083
49.88	0.012077
49.89	0.012072
49.9	0.012067
49.91	0.012062
49.92	0.012057
49.93	0.012052
49.94	0.012047
49.95	0.012042
49.96	0.012037
49.97	0.012032
49.98	0.012027
49.99	0.012021
50.0	0.012016
