eng	y_fit
0.01	5.0423
0.02	3.6575
0.03	3.0605
0.04	2.7138
0.05	2.4832
0.06	2.3175
0.07	2.1921
0.08	2.0934
0.09	2.0135
0.1	1.9477
0.11	1.8926
0.12	1.8455
0.13	1.8049
0.14	1.7696
0.15	1.7388
0.16	1.7116
0.17	1.6874
0.18	1.6658
0.19	1.6464
0.2	1.6291
0.21	1.6135
0.22	1.5991
0.23	1.586
0.24	1.5741
0.25	1.5632
0.26	1.5532
0.27	1.5438
0.28	1.5351
0.29	1.5272
0.3	1.5198
0.31	1.513
0.32	1.5066
0.33	1.5007
0.34	1.4951
0.35	1.49
0.36	1.4853
0.37	1.4808
0.38	1.4766
0.39	1.4726
0.4	1.4688
0.41	1.4654
0.42	1.4621
0.43	1.4589
0.44	1.4558
0.45	1.4529
0.46	1.4501
0.47	1.4475
0.48	1.445
0.49	1.4425
0.5	1.44
0.51	1.4377
0.52	1.4355
0.53	1.4334
0.54	1.4313
0.55	1.4293
0.56	1.4272
0.57	1.4252
0.58	1.4233
0.59	1.4214
0.6	1.4195
0.61	1.4175
0.62	1.4156
0.63	1.4136
0.64	1.4117
0.65	1.4097
0.66	1.4078
0.67	1.4057
0.68	1.4036
0.69	1.4015
0.7	1.3994
0.71	1.3973
0.72	1.3952
0.73	1.393
0.74	1.3908
0.75	1.3885
0.76	1.3861
0.77	1.3838
0.78	1.3815
0.79	1.3791
0.8	1.3766
0.81	1.3741
0.82	1.3715
0.83	1.369
0.84	1.3664
0.85	1.3637
0.86	1.3611
0.87	1.3583
0.88	1.3556
0.89	1.3528
0.9	1.3499
0.91	1.3471
0.92	1.3442
0.93	1.3413
0.94	1.3383
0.95	1.3353
0.96	1.3323
0.97	1.3293
0.98	1.3262
0.99	1.3231
1.0	1.32
1.01	1.3169
1.02	1.3137
1.03	1.3105
1.04	1.3072
1.05	1.304
1.06	1.3007
1.07	1.2975
1.08	1.2942
1.09	1.2908
1.1	1.2875
1.11	1.2841
1.12	1.2807
1.13	1.2773
1.14	1.2739
1.15	1.2705
1.16	1.2671
1.17	1.2636
1.18	1.2602
1.19	1.2567
1.2	1.2532
1.21	1.2497
1.22	1.2462
1.23	1.2426
1.24	1.2391
1.25	1.2355
1.26	1.2319
1.27	1.2283
1.28	1.2246
1.29	1.221
1.3	1.2174
1.31	1.2137
1.32	1.21
1.33	1.2063
1.34	1.2026
1.35	1.1989
1.36	1.1951
1.37	1.1914
1.38	1.1877
1.39	1.1839
1.4	1.1802
1.41	1.1764
1.42	1.1726
1.43	1.1688
1.44	1.165
1.45	1.1612
1.46	1.1574
1.47	1.1535
1.48	1.1497
1.49	1.1459
1.5	1.142
1.51	1.1381
1.52	1.1342
1.53	1.1304
1.54	1.1265
1.55	1.1226
1.56	1.1187
1.57	1.1148
1.58	1.1109
1.59	1.107
1.6	1.1031
1.61	1.0992
1.62	1.0953
1.63	1.0914
1.64	1.0875
1.65	1.0836
1.66	1.0797
1.67	1.0758
1.68	1.0719
1.69	1.068
1.7	1.0641
1.71	1.0602
1.72	1.0563
1.73	1.0525
1.74	1.0486
1.75	1.0447
1.76	1.0409
1.77	1.037
1.78	1.0332
1.79	1.0293
1.8	1.0255
1.81	1.0217
1.82	1.0179
1.83	1.0141
1.84	1.0103
1.85	1.0065
1.86	1.0027
1.87	0.99893
1.88	0.99518
1.89	0.99144
1.9	0.98771
1.91	0.984
1.92	0.9803
1.93	0.97662
1.94	0.97294
1.95	0.96928
1.96	0.96563
1.97	0.96201
1.98	0.95839
1.99	0.9548
2.0	0.95122
2.01	0.94766
2.02	0.94411
2.03	0.94057
2.04	0.93705
2.05	0.93354
2.06	0.93006
2.07	0.92659
2.08	0.92313
2.09	0.9197
2.1	0.91629
2.11	0.91289
2.12	0.9095
2.13	0.90614
2.14	0.90279
2.15	0.89946
2.16	0.89615
2.17	0.89287
2.18	0.8896
2.19	0.88635
2.2	0.88313
2.21	0.87992
2.22	0.87673
2.23	0.87356
2.24	0.87042
2.25	0.86729
2.26	0.86418
2.27	0.8611
2.28	0.85804
2.29	0.855
2.3	0.85198
2.31	0.84898
2.32	0.846
2.33	0.84304
2.34	0.84011
2.35	0.83719
2.36	0.8343
2.37	0.83142
2.38	0.82857
2.39	0.82574
2.4	0.82293
2.41	0.82015
2.42	0.81738
2.43	0.81463
2.44	0.81191
2.45	0.80921
2.46	0.80653
2.47	0.80387
2.48	0.80123
2.49	0.79861
2.5	0.79602
2.51	0.79345
2.52	0.79089
2.53	0.78836
2.54	0.78585
2.55	0.78336
2.56	0.78089
2.57	0.77845
2.58	0.77602
2.59	0.77362
2.6	0.77123
2.61	0.76887
2.62	0.76652
2.63	0.7642
2.64	0.76189
2.65	0.75961
2.66	0.75734
2.67	0.7551
2.68	0.75287
2.69	0.75066
2.7	0.74848
2.71	0.74631
2.72	0.74416
2.73	0.74203
2.74	0.73992
2.75	0.73782
2.76	0.73575
2.77	0.73369
2.78	0.73165
2.79	0.72963
2.8	0.72763
2.81	0.72564
2.82	0.72367
2.83	0.72172
2.84	0.71979
2.85	0.71787
2.86	0.71597
2.87	0.71409
2.88	0.71222
2.89	0.71037
2.9	0.70853
2.91	0.70671
2.92	0.7049
2.93	0.70312
2.94	0.70134
2.95	0.69958
2.96	0.69784
2.97	0.69611
2.98	0.69439
2.99	0.69269
3.0	0.691
3.01	0.68933
3.02	0.68767
3.03	0.68602
3.04	0.68439
3.05	0.68277
3.06	0.68116
3.07	0.67957
3.08	0.67799
3.09	0.67642
3.1	0.67486
3.11	0.67331
3.12	0.67178
3.13	0.67026
3.14	0.66875
3.15	0.66725
3.16	0.66576
3.17	0.66428
3.18	0.66282
3.19	0.66136
3.2	0.65992
3.21	0.65848
3.22	0.65706
3.23	0.65564
3.24	0.65423
3.25	0.65284
3.26	0.65145
3.27	0.65007
3.28	0.6487
3.29	0.64734
3.3	0.64599
3.31	0.64465
3.32	0.64331
3.33	0.64199
3.34	0.64067
3.35	0.63936
3.36	0.63806
3.37	0.63676
3.38	0.63547
3.39	0.63419
3.4	0.63292
3.41	0.63165
3.42	0.63039
3.43	0.62913
3.44	0.62789
3.45	0.62664
3.46	0.62541
3.47	0.62418
3.48	0.62296
3.49	0.62174
3.5	0.62053
3.51	0.61932
3.52	0.61812
3.53	0.61692
3.54	0.61573
3.55	0.61455
3.56	0.61337
3.57	0.61219
3.58	0.61102
3.59	0.60985
3.6	0.60869
3.61	0.60753
3.62	0.60637
3.63	0.60522
3.64	0.60408
3.65	0.60294
3.66	0.6018
3.67	0.60066
3.68	0.59953
3.69	0.5984
3.7	0.59728
3.71	0.59616
3.72	0.59504
3.73	0.59392
3.74	0.59281
3.75	0.5917
3.76	0.59059
3.77	0.58949
3.78	0.58839
3.79	0.58729
3.8	0.5862
3.81	0.5851
3.82	0.58401
3.83	0.58293
3.84	0.58184
3.85	0.58076
3.86	0.57967
3.87	0.5786
3.88	0.57752
3.89	0.57644
3.9	0.57537
3.91	0.5743
3.92	0.57323
3.93	0.57216
3.94	0.5711
3.95	0.57004
3.96	0.56897
3.97	0.56791
3.98	0.56686
3.99	0.5658
4.0	0.56474
4.01	0.56369
4.02	0.56264
4.03	0.56159
4.04	0.56054
4.05	0.55949
4.06	0.55845
4.07	0.5574
4.08	0.55636
4.09	0.55532
4.1	0.55428
4.11	0.55324
4.12	0.5522
4.13	0.55117
4.14	0.55013
4.15	0.5491
4.16	0.54806
4.17	0.54703
4.18	0.546
4.19	0.54497
4.2	0.54395
4.21	0.54292
4.22	0.5419
4.23	0.54087
4.24	0.53985
4.25	0.53883
4.26	0.53781
4.27	0.53679
4.28	0.53577
4.29	0.53475
4.3	0.53374
4.31	0.53272
4.32	0.53171
4.33	0.5307
4.34	0.52969
4.35	0.52868
4.36	0.52767
4.37	0.52666
4.38	0.52566
4.39	0.52465
4.4	0.52365
4.41	0.52265
4.42	0.52164
4.43	0.52064
4.44	0.51965
4.45	0.51865
4.46	0.51765
4.47	0.51666
4.48	0.51566
4.49	0.51467
4.5	0.51368
4.51	0.51269
4.52	0.5117
4.53	0.51071
4.54	0.50973
4.55	0.50874
4.56	0.50776
4.57	0.50678
4.58	0.5058
4.59	0.50482
4.6	0.50384
4.61	0.50286
4.62	0.50189
4.63	0.50091
4.64	0.49994
4.65	0.49897
4.66	0.498
4.67	0.49703
4.68	0.49607
4.69	0.4951
4.7	0.49414
4.71	0.49318
4.72	0.49221
4.73	0.49126
4.74	0.4903
4.75	0.48934
4.76	0.48839
4.77	0.48744
4.78	0.48648
4.79	0.48554
4.8	0.48459
4.81	0.48364
4.82	0.4827
4.83	0.48175
4.84	0.48081
4.85	0.47987
4.86	0.47894
4.87	0.478
4.88	0.47707
4.89	0.47613
4.9	0.4752
4.91	0.47427
4.92	0.47335
4.93	0.47242
4.94	0.4715
4.95	0.47057
4.96	0.46965
4.97	0.46874
4.98	0.46782
4.99	0.4669
5.0	0.46599
5.01	0.46508
5.02	0.46417
5.03	0.46326
5.04	0.46236
5.05	0.46146
5.06	0.46055
5.07	0.45965
5.08	0.45876
5.09	0.45786
5.1	0.45697
5.11	0.45607
5.12	0.45518
5.13	0.4543
5.14	0.45341
5.15	0.45253
5.16	0.45164
5.17	0.45076
5.18	0.44989
5.19	0.44901
5.2	0.44813
5.21	0.44726
5.22	0.44639
5.23	0.44552
5.24	0.44466
5.25	0.44379
5.26	0.44293
5.27	0.44207
5.28	0.44121
5.29	0.44035
5.3	0.4395
5.31	0.43865
5.32	0.43779
5.33	0.43695
5.34	0.4361
5.35	0.43525
5.36	0.43441
5.37	0.43357
5.38	0.43273
5.39	0.43189
5.4	0.43106
5.41	0.43023
5.42	0.4294
5.43	0.42857
5.44	0.42774
5.45	0.42691
5.46	0.42609
5.47	0.42527
5.48	0.42445
5.49	0.42363
5.5	0.42282
5.51	0.422
5.52	0.42119
5.53	0.42038
5.54	0.41957
5.55	0.41877
5.56	0.41796
5.57	0.41716
5.58	0.41636
5.59	0.41556
5.6	0.41476
5.61	0.41397
5.62	0.41318
5.63	0.41239
5.64	0.4116
5.65	0.41081
5.66	0.41002
5.67	0.40924
5.68	0.40846
5.69	0.40768
5.7	0.4069
5.71	0.40612
5.72	0.40535
5.73	0.40458
5.74	0.4038
5.75	0.40303
5.76	0.40227
5.77	0.4015
5.78	0.40074
5.79	0.39998
5.8	0.39921
5.81	0.39846
5.82	0.3977
5.83	0.39694
5.84	0.39619
5.85	0.39544
5.86	0.39469
5.87	0.39394
5.88	0.39319
5.89	0.39245
5.9	0.3917
5.91	0.39096
5.92	0.39022
5.93	0.38948
5.94	0.38875
5.95	0.38801
5.96	0.38728
5.97	0.38655
5.98	0.38582
5.99	0.38509
6.0	0.38436
6.01	0.38363
6.02	0.38291
6.03	0.38219
6.04	0.38147
6.05	0.38075
6.06	0.38003
6.07	0.37932
6.08	0.3786
6.09	0.37789
6.1	0.37718
6.11	0.37647
6.12	0.37576
6.13	0.37505
6.14	0.37435
6.15	0.37364
6.16	0.37294
6.17	0.37224
6.18	0.37154
6.19	0.37085
6.2	0.37015
6.21	0.36945
6.22	0.36876
6.23	0.36807
6.24	0.36738
6.25	0.36669
6.26	0.366
6.27	0.36532
6.28	0.36463
6.29	0.36395
6.3	0.36327
6.31	0.36259
6.32	0.36191
6.33	0.36123
6.34	0.36056
6.35	0.35988
6.36	0.35921
6.37	0.35854
6.38	0.35787
6.39	0.3572
6.4	0.35653
6.41	0.35586
6.42	0.3552
6.43	0.35454
6.44	0.35387
6.45	0.35321
6.46	0.35255
6.47	0.3519
6.48	0.35124
6.49	0.35058
6.5	0.34993
6.51	0.34928
6.52	0.34863
6.53	0.34798
6.54	0.34733
6.55	0.34668
6.56	0.34603
6.57	0.34539
6.58	0.34474
6.59	0.3441
6.6	0.34346
6.61	0.34282
6.62	0.34218
6.63	0.34154
6.64	0.34091
6.65	0.34027
6.66	0.33964
6.67	0.33901
6.68	0.33838
6.69	0.33775
6.7	0.33712
6.71	0.33649
6.72	0.33586
6.73	0.33524
6.74	0.33461
6.75	0.33399
6.76	0.33337
6.77	0.33275
6.78	0.33213
6.79	0.33151
6.8	0.3309
6.81	0.33028
6.82	0.32967
6.83	0.32905
6.84	0.32844
6.85	0.32783
6.86	0.32722
6.87	0.32661
6.88	0.32601
6.89	0.3254
6.9	0.3248
6.91	0.32419
6.92	0.32359
6.93	0.32299
6.94	0.32239
6.95	0.32179
6.96	0.32119
6.97	0.3206
6.98	0.32
6.99	0.31941
7.0	0.31881
7.01	0.31822
7.02	0.31763
7.03	0.31704
7.04	0.31645
7.05	0.31586
7.06	0.31528
7.07	0.31469
7.08	0.31411
7.09	0.31353
7.1	0.31294
7.11	0.31236
7.12	0.31178
7.13	0.3112
7.14	0.31063
7.15	0.31005
7.16	0.30948
7.17	0.3089
7.18	0.30833
7.19	0.30776
7.2	0.30719
7.21	0.30662
7.22	0.30605
7.23	0.30548
7.24	0.30491
7.25	0.30435
7.26	0.30379
7.27	0.30322
7.28	0.30266
7.29	0.3021
7.3	0.30154
7.31	0.30098
7.32	0.30042
7.33	0.29987
7.34	0.29931
7.35	0.29876
7.36	0.29821
7.37	0.29765
7.38	0.2971
7.39	0.29655
7.4	0.296
7.41	0.29546
7.42	0.29491
7.43	0.29437
7.44	0.29382
7.45	0.29328
7.46	0.29274
7.47	0.29219
7.48	0.29165
7.49	0.29112
7.5	0.29058
7.51	0.29004
7.52	0.28951
7.53	0.28897
7.54	0.28844
7.55	0.2879
7.56	0.28737
7.57	0.28684
7.58	0.28631
7.59	0.28579
7.6	0.28526
7.61	0.28473
7.62	0.28421
7.63	0.28368
7.64	0.28316
7.65	0.28264
7.66	0.28212
7.67	0.2816
7.68	0.28108
7.69	0.28056
7.7	0.28005
7.71	0.27953
7.72	0.27902
7.73	0.2785
7.74	0.27799
7.75	0.27748
7.76	0.27697
7.77	0.27646
7.78	0.27595
7.79	0.27544
7.8	0.27494
7.81	0.27443
7.82	0.27393
7.83	0.27343
7.84	0.27292
7.85	0.27242
7.86	0.27192
7.87	0.27143
7.88	0.27093
7.89	0.27043
7.9	0.26993
7.91	0.26944
7.92	0.26895
7.93	0.26845
7.94	0.26796
7.95	0.26747
7.96	0.26698
7.97	0.26649
7.98	0.26601
7.99	0.26552
8.0	0.26503
8.01	0.26455
8.02	0.26406
8.03	0.26358
8.04	0.2631
8.05	0.26262
8.06	0.26214
8.07	0.26166
8.08	0.26118
8.09	0.26071
8.1	0.26023
8.11	0.25976
8.12	0.25928
8.13	0.25881
8.14	0.25834
8.15	0.25787
8.16	0.2574
8.17	0.25693
8.18	0.25646
8.19	0.25599
8.2	0.25553
8.21	0.25506
8.22	0.2546
8.23	0.25414
8.24	0.25367
8.25	0.25321
8.26	0.25275
8.27	0.25229
8.28	0.25183
8.29	0.25138
8.3	0.25092
8.31	0.25047
8.32	0.25001
8.33	0.24956
8.34	0.24911
8.35	0.24865
8.36	0.2482
8.37	0.24775
8.38	0.2473
8.39	0.24686
8.4	0.24641
8.41	0.24596
8.42	0.24552
8.43	0.24507
8.44	0.24463
8.45	0.24419
8.46	0.24375
8.47	0.24331
8.48	0.24287
8.49	0.24243
8.5	0.24199
8.51	0.24155
8.52	0.24111
8.53	0.24068
8.54	0.24024
8.55	0.23981
8.56	0.23938
8.57	0.23895
8.58	0.23852
8.59	0.23811
8.6	0.2377
8.61	0.23728
8.62	0.23687
8.63	0.23645
8.64	0.23602
8.65	0.2356
8.66	0.23518
8.67	0.23476
8.68	0.23434
8.69	0.23392
8.7	0.2335
8.71	0.23309
8.72	0.23267
8.73	0.23226
8.74	0.23185
8.75	0.23144
8.76	0.23104
8.77	0.23063
8.78	0.23022
8.79	0.22982
8.8	0.22941
8.81	0.229
8.82	0.22857
8.83	0.22813
8.84	0.22768
8.85	0.22724
8.86	0.22681
8.87	0.2264
8.88	0.22601
8.89	0.22564
8.9	0.22527
8.91	0.22491
8.92	0.22456
8.93	0.22422
8.94	0.22388
8.95	0.22356
8.96	0.22326
8.97	0.22298
8.98	0.22274
8.99	0.22253
9.0	0.22238
9.01	0.2223
9.02	0.22233
9.03	0.2225
9.04	0.22284
9.05	0.22337
9.06	0.22404
9.07	0.22469
9.08	0.22501
9.09	0.22475
9.1	0.22392
9.11	0.22277
9.12	0.22155
9.13	0.2204
9.14	0.21938
9.15	0.21848
9.16	0.2177
9.17	0.217
9.18	0.21638
9.19	0.2158
9.2	0.21528
9.21	0.21479
9.22	0.21433
9.23	0.2139
9.24	0.21349
9.25	0.2131
9.26	0.21272
9.27	0.21234
9.28	0.21191
9.29	0.21141
9.3	0.21081
9.31	0.21014
9.32	0.20949
9.33	0.2089
9.34	0.2084
9.35	0.20796
9.36	0.20755
9.37	0.20717
9.38	0.2068
9.39	0.20643
9.4	0.20607
9.41	0.20571
9.42	0.20535
9.43	0.20499
9.44	0.20463
9.45	0.20427
9.46	0.20392
9.47	0.20356
9.48	0.20321
9.49	0.20286
9.5	0.20251
9.51	0.20216
9.52	0.20181
9.53	0.20146
9.54	0.20111
9.55	0.20077
9.56	0.20042
9.57	0.20007
9.58	0.19972
9.59	0.19937
9.6	0.19903
9.61	0.19868
9.62	0.19834
9.63	0.198
9.64	0.19766
9.65	0.19733
9.66	0.19698
9.67	0.19664
9.68	0.1963
9.69	0.19596
9.7	0.19562
9.71	0.19528
9.72	0.19495
9.73	0.19462
9.74	0.19429
9.75	0.19396
9.76	0.19361
9.77	0.19325
9.78	0.1929
9.79	0.19257
9.8	0.19225
9.81	0.19194
9.82	0.19164
9.83	0.19123
9.84	0.19093
9.85	0.19059
9.86	0.19026
9.87	0.18993
9.88	0.1896
9.89	0.18927
9.9	0.18894
9.91	0.18861
9.92	0.18829
9.93	0.18796
9.94	0.18763
9.95	0.18731
9.96	0.18698
9.97	0.18666
9.98	0.18634
9.99	0.18601
10.0	0.18569
10.01	0.18537
10.02	0.18505
10.03	0.18473
10.04	0.18441
10.05	0.18409
10.06	0.18378
10.07	0.18346
10.08	0.18314
10.09	0.18283
10.1	0.18251
10.11	0.1822
10.12	0.18188
10.13	0.18157
10.14	0.18126
10.15	0.18095
10.16	0.18064
10.17	0.18033
10.18	0.18002
10.19	0.17971
10.2	0.1794
10.21	0.17909
10.22	0.17879
10.23	0.17848
10.24	0.17818
10.25	0.17787
10.26	0.17757
10.27	0.17727
10.28	0.17696
10.29	0.17666
10.3	0.17636
10.31	0.17606
10.32	0.17576
10.33	0.17546
10.34	0.17516
10.35	0.17487
10.36	0.17457
10.37	0.17427
10.38	0.17398
10.39	0.17368
10.4	0.17339
10.41	0.1731
10.42	0.1728
10.43	0.17251
10.44	0.17222
10.45	0.17193
10.46	0.17164
10.47	0.17135
10.48	0.17106
10.49	0.17077
10.5	0.17048
10.51	0.1702
10.52	0.16991
10.53	0.16962
10.54	0.16934
10.55	0.16906
10.56	0.16877
10.57	0.16849
10.58	0.16821
10.59	0.16792
10.6	0.16764
10.61	0.16736
10.62	0.16708
10.63	0.1668
10.64	0.16652
10.65	0.16625
10.66	0.16597
10.67	0.16569
10.68	0.16541
10.69	0.16514
10.7	0.16486
10.71	0.16459
10.72	0.16431
10.73	0.16404
10.74	0.16377
10.75	0.16349
10.76	0.16322
10.77	0.16295
10.78	0.16268
10.79	0.16241
10.8	0.16214
10.81	0.16187
10.82	0.1616
10.83	0.16133
10.84	0.16106
10.85	0.1608
10.86	0.16053
10.87	0.16026
10.88	0.16
10.89	0.15973
10.9	0.15947
10.91	0.15921
10.92	0.15894
10.93	0.15868
10.94	0.15842
10.95	0.15815
10.96	0.15789
10.97	0.15763
10.98	0.15737
10.99	0.15711
11.0	0.15685
11.01	0.15659
11.02	0.15633
11.03	0.15608
11.04	0.15582
11.05	0.15556
11.06	0.15531
11.07	0.15505
11.08	0.15479
11.09	0.15454
11.1	0.15428
11.11	0.15403
11.12	0.15378
11.13	0.15352
11.14	0.15327
11.15	0.15302
11.16	0.15277
11.17	0.15252
11.18	0.15227
11.19	0.15202
11.2	0.15177
11.21	0.15152
11.22	0.15127
11.23	0.15103
11.24	0.15078
11.25	0.15053
11.26	0.15029
11.27	0.15004
11.28	0.14979
11.29	0.14955
11.3	0.14931
11.31	0.14906
11.32	0.14882
11.33	0.14858
11.34	0.14834
11.35	0.14809
11.36	0.14785
11.37	0.14761
11.38	0.14737
11.39	0.14713
11.4	0.14689
11.41	0.14666
11.42	0.14642
11.43	0.14618
11.44	0.14594
11.45	0.14571
11.46	0.14547
11.47	0.14524
11.48	0.145
11.49	0.14477
11.5	0.14453
11.51	0.1443
11.52	0.14407
11.53	0.14383
11.54	0.1436
11.55	0.14337
11.56	0.14314
11.57	0.14291
11.58	0.14268
11.59	0.14245
11.6	0.14222
11.61	0.14199
11.62	0.14177
11.63	0.14154
11.64	0.14131
11.65	0.14109
11.66	0.14086
11.67	0.14063
11.68	0.14041
11.69	0.14018
11.7	0.13996
11.71	0.13974
11.72	0.13951
11.73	0.13929
11.74	0.13907
11.75	0.13885
11.76	0.13863
11.77	0.13841
11.78	0.13819
11.79	0.13797
11.8	0.13775
11.81	0.13753
11.82	0.13731
11.83	0.13709
11.84	0.13687
11.85	0.13666
11.86	0.13644
11.87	0.13623
11.88	0.13601
11.89	0.13579
11.9	0.13558
11.91	0.13537
11.92	0.13515
11.93	0.13494
11.94	0.13473
11.95	0.13451
11.96	0.1343
11.97	0.13409
11.98	0.13388
11.99	0.13367
12.0	0.13346
12.01	0.13325
12.02	0.13304
12.03	0.13283
12.04	0.13262
12.05	0.13241
12.06	0.13221
12.07	0.132
12.08	0.13179
12.09	0.13159
12.1	0.13138
12.11	0.13118
12.12	0.13097
12.13	0.13077
12.14	0.13056
12.15	0.13036
12.16	0.13016
12.17	0.12995
12.18	0.12975
12.19	0.12955
12.2	0.12935
12.21	0.12915
12.22	0.12895
12.23	0.12875
12.24	0.12855
12.25	0.12835
12.26	0.12815
12.27	0.12795
12.28	0.12775
12.29	0.12755
12.3	0.12736
12.31	0.12716
12.32	0.12696
12.33	0.12677
12.34	0.12657
12.35	0.12638
12.36	0.12618
12.37	0.12599
12.38	0.12579
12.39	0.1256
12.4	0.12541
12.41	0.12521
12.42	0.12502
12.43	0.12483
12.44	0.12464
12.45	0.12445
12.46	0.12425
12.47	0.12406
12.48	0.12387
12.49	0.12368
12.5	0.12349
12.51	0.12331
12.52	0.12312
12.53	0.12293
12.54	0.12274
12.55	0.12255
12.56	0.12237
12.57	0.12218
12.58	0.12199
12.59	0.12181
12.6	0.12162
12.61	0.12144
12.62	0.12125
12.63	0.12107
12.64	0.12088
12.65	0.1207
12.66	0.12052
12.67	0.12033
12.68	0.12015
12.69	0.11997
12.7	0.11979
12.71	0.1196
12.72	0.11942
12.73	0.11924
12.74	0.11906
12.75	0.11888
12.76	0.1187
12.77	0.11852
12.78	0.11834
12.79	0.11816
12.8	0.11799
12.81	0.11781
12.82	0.11763
12.83	0.11745
12.84	0.11728
12.85	0.1171
12.86	0.11692
12.87	0.11675
12.88	0.11657
12.89	0.1164
12.9	0.11622
12.91	0.11605
12.92	0.11587
12.93	0.1157
12.94	0.11553
12.95	0.11535
12.96	0.11518
12.97	0.11501
12.98	0.11483
12.99	0.11466
13.0	0.11449
13.01	0.11432
13.02	0.11415
13.03	0.11398
13.04	0.11381
13.05	0.11364
13.06	0.11347
13.07	0.1133
13.08	0.11313
13.09	0.11296
13.1	0.11279
13.11	0.11263
13.12	0.11246
13.13	0.11229
13.14	0.11213
13.15	0.11196
13.16	0.11179
13.17	0.11163
13.18	0.11146
13.19	0.1113
13.2	0.11113
13.21	0.11097
13.22	0.1108
13.23	0.11064
13.24	0.11047
13.25	0.11031
13.26	0.11015
13.27	0.10998
13.28	0.10982
13.29	0.10966
13.3	0.1095
13.31	0.10934
13.32	0.10918
13.33	0.10902
13.34	0.10885
13.35	0.10869
13.36	0.10853
13.37	0.10837
13.38	0.10822
13.39	0.10806
13.4	0.1079
13.41	0.10774
13.42	0.10758
13.43	0.10742
13.44	0.10727
13.45	0.10711
13.46	0.10695
13.47	0.10679
13.48	0.10664
13.49	0.10648
13.5	0.10633
13.51	0.10617
13.52	0.10602
13.53	0.10586
13.54	0.10571
13.55	0.10555
13.56	0.1054
13.57	0.10525
13.58	0.10509
13.59	0.10494
13.6	0.10479
13.61	0.10463
13.62	0.10448
13.63	0.10433
13.64	0.10418
13.65	0.10403
13.66	0.10388
13.67	0.10372
13.68	0.10357
13.69	0.10342
13.7	0.10327
13.71	0.10312
13.72	0.10298
13.73	0.10283
13.74	0.10268
13.75	0.10253
13.76	0.10238
13.77	0.10223
13.78	0.10209
13.79	0.10194
13.8	0.10179
13.81	0.10164
13.82	0.1015
13.83	0.10135
13.84	0.10121
13.85	0.10106
13.86	0.10091
13.87	0.10077
13.88	0.10062
13.89	0.10048
13.9	0.10034
13.91	0.10019
13.92	0.10005
13.93	0.099904
13.94	0.099761
13.95	0.099618
13.96	0.099476
13.97	0.099333
13.98	0.099191
13.99	0.099049
14.0	0.098908
14.01	0.098766
14.02	0.098625
14.03	0.098485
14.04	0.098344
14.05	0.098204
14.06	0.098064
14.07	0.097924
14.08	0.097785
14.09	0.097646
14.1	0.097507
14.11	0.097368
14.12	0.09723
14.13	0.097092
14.14	0.096954
14.15	0.096816
14.16	0.096679
14.17	0.096542
14.18	0.096405
14.19	0.096269
14.2	0.096132
14.21	0.095996
14.22	0.09586
14.23	0.095725
14.24	0.09559
14.25	0.095455
14.26	0.09532
14.27	0.095186
14.28	0.095051
14.29	0.094917
14.3	0.094784
14.31	0.09465
14.32	0.094517
14.33	0.094384
14.34	0.094251
14.35	0.094119
14.36	0.093987
14.37	0.093855
14.38	0.093723
14.39	0.093592
14.4	0.09346
14.41	0.093329
14.42	0.093199
14.43	0.093068
14.44	0.092938
14.45	0.092808
14.46	0.092678
14.47	0.092549
14.48	0.09242
14.49	0.092291
14.5	0.092162
14.51	0.092033
14.52	0.091905
14.53	0.091777
14.54	0.091649
14.55	0.091522
14.56	0.091395
14.57	0.091267
14.58	0.091141
14.59	0.091014
14.6	0.090888
14.61	0.090762
14.62	0.090636
14.63	0.09051
14.64	0.090385
14.65	0.09026
14.66	0.090135
14.67	0.09001
14.68	0.089886
14.69	0.089762
14.7	0.089638
14.71	0.089514
14.72	0.08939
14.73	0.089267
14.74	0.089144
14.75	0.089021
14.76	0.088899
14.77	0.088776
14.78	0.088654
14.79	0.088532
14.8	0.088411
14.81	0.088289
14.82	0.088168
14.83	0.088047
14.84	0.087927
14.85	0.087806
14.86	0.087686
14.87	0.087566
14.88	0.087446
14.89	0.087326
14.9	0.087207
14.91	0.087088
14.92	0.086969
14.93	0.08685
14.94	0.086732
14.95	0.086613
14.96	0.086495
14.97	0.086378
14.98	0.08626
14.99	0.086143
15.0	0.086026
15.01	0.085909
15.02	0.085792
15.03	0.085675
15.04	0.085559
15.05	0.085443
15.06	0.085327
15.07	0.085212
15.08	0.085096
15.09	0.084981
15.1	0.084866
15.11	0.084751
15.12	0.084637
15.13	0.084523
15.14	0.084408
15.15	0.084295
15.16	0.084181
15.17	0.084067
15.18	0.083954
15.19	0.083841
15.2	0.083728
15.21	0.083616
15.22	0.083503
15.23	0.083391
15.24	0.083279
15.25	0.083167
15.26	0.083056
15.27	0.082944
15.28	0.082833
15.29	0.082722
15.3	0.082612
15.31	0.082501
15.32	0.082391
15.33	0.082281
15.34	0.082171
15.35	0.082061
15.36	0.081952
15.37	0.081842
15.38	0.081733
15.39	0.081624
15.4	0.081516
15.41	0.081407
15.42	0.081299
15.43	0.081191
15.44	0.081083
15.45	0.080975
15.46	0.080868
15.47	0.08076
15.48	0.080653
15.49	0.080546
15.5	0.08044
15.51	0.080333
15.52	0.080227
15.53	0.080121
15.54	0.080015
15.55	0.079909
15.56	0.079804
15.57	0.079698
15.58	0.079593
15.59	0.079488
15.6	0.079384
15.61	0.079279
15.62	0.079175
15.63	0.079071
15.64	0.078967
15.65	0.078863
15.66	0.078759
15.67	0.078656
15.68	0.078553
15.69	0.07845
15.7	0.078347
15.71	0.078244
15.72	0.078142
15.73	0.07804
15.74	0.077938
15.75	0.077836
15.76	0.077734
15.77	0.077633
15.78	0.077531
15.79	0.07743
15.8	0.077329
15.81	0.077228
15.82	0.077128
15.83	0.077027
15.84	0.076927
15.85	0.076827
15.86	0.076727
15.87	0.076628
15.88	0.076528
15.89	0.076429
15.9	0.07633
15.91	0.076231
15.92	0.076132
15.93	0.076033
15.94	0.075935
15.95	0.075837
15.96	0.075739
15.97	0.075641
15.98	0.075543
15.99	0.075446
16.0	0.075348
16.01	0.075251
16.02	0.075154
16.03	0.075058
16.04	0.074961
16.05	0.074864
16.06	0.074768
16.07	0.074672
16.08	0.074576
16.09	0.07448
16.1	0.074385
16.11	0.074289
16.12	0.074194
16.13	0.074099
16.14	0.074004
16.15	0.073909
16.16	0.073815
16.17	0.073721
16.18	0.073626
16.19	0.073532
16.2	0.073438
16.21	0.073345
16.22	0.073251
16.23	0.073158
16.24	0.073065
16.25	0.072972
16.26	0.072879
16.27	0.072786
16.28	0.072693
16.29	0.072601
16.3	0.072509
16.31	0.072417
16.32	0.072325
16.33	0.072233
16.34	0.072142
16.35	0.07205
16.36	0.071959
16.37	0.071868
16.38	0.071777
16.39	0.071686
16.4	0.071596
16.41	0.071505
16.42	0.071415
16.43	0.071325
16.44	0.071235
16.45	0.071145
16.46	0.071056
16.47	0.070966
16.48	0.070877
16.49	0.070788
16.5	0.070699
16.51	0.07061
16.52	0.070521
16.53	0.070433
16.54	0.070345
16.55	0.070256
16.56	0.070168
16.57	0.07008
16.58	0.069993
16.59	0.069905
16.6	0.069818
16.61	0.06973
16.62	0.069643
16.63	0.069556
16.64	0.06947
16.65	0.069383
16.66	0.069296
16.67	0.06921
16.68	0.069124
16.69	0.069038
16.7	0.068952
16.71	0.068866
16.72	0.068781
16.73	0.068695
16.74	0.06861
16.75	0.068525
16.76	0.06844
16.77	0.068355
16.78	0.06827
16.79	0.068186
16.8	0.068101
16.81	0.068017
16.82	0.067933
16.83	0.067849
16.84	0.067765
16.85	0.067681
16.86	0.067598
16.87	0.067515
16.88	0.067431
16.89	0.067348
16.9	0.067265
16.91	0.067182
16.92	0.0671
16.93	0.067017
16.94	0.066935
16.95	0.066853
16.96	0.066771
16.97	0.066689
16.98	0.066607
16.99	0.066525
17.0	0.066444
17.01	0.066362
17.02	0.066281
17.03	0.0662
17.04	0.066119
17.05	0.066038
17.06	0.065958
17.07	0.065877
17.08	0.065797
17.09	0.065716
17.1	0.065636
17.11	0.065556
17.12	0.065477
17.13	0.065397
17.14	0.065317
17.15	0.065238
17.16	0.065159
17.17	0.065079
17.18	0.065
17.19	0.064922
17.2	0.064843
17.21	0.064764
17.22	0.064686
17.23	0.064607
17.24	0.064529
17.25	0.064451
17.26	0.064373
17.27	0.064295
17.28	0.064218
17.29	0.06414
17.3	0.064063
17.31	0.063985
17.32	0.063908
17.33	0.063831
17.34	0.063754
17.35	0.063678
17.36	0.063601
17.37	0.063525
17.38	0.063448
17.39	0.063372
17.4	0.063296
17.41	0.06322
17.42	0.063144
17.43	0.063068
17.44	0.062993
17.45	0.062917
17.46	0.062842
17.47	0.062767
17.48	0.062692
17.49	0.062617
17.5	0.062542
17.51	0.062467
17.52	0.062393
17.53	0.062318
17.54	0.062244
17.55	0.06217
17.56	0.062096
17.57	0.062022
17.58	0.061948
17.59	0.061874
17.6	0.061801
17.61	0.061727
17.62	0.061654
17.63	0.061581
17.64	0.061508
17.65	0.061435
17.66	0.061362
17.67	0.061289
17.68	0.061217
17.69	0.061144
17.7	0.061072
17.71	0.061
17.72	0.060927
17.73	0.060855
17.74	0.060784
17.75	0.060712
17.76	0.06064
17.77	0.060569
17.78	0.060497
17.79	0.060426
17.8	0.060355
17.81	0.060284
17.82	0.060213
17.83	0.060142
17.84	0.060072
17.85	0.060001
17.86	0.059931
17.87	0.05986
17.88	0.05979
17.89	0.05972
17.9	0.05965
17.91	0.05958
17.92	0.059511
17.93	0.059441
17.94	0.059372
17.95	0.059302
17.96	0.059233
17.97	0.059164
17.98	0.059095
17.99	0.059026
18.0	0.058957
18.01	0.058888
18.02	0.05882
18.03	0.058751
18.04	0.058683
18.05	0.058615
18.06	0.058547
18.07	0.058479
18.08	0.058411
18.09	0.058343
18.1	0.058275
18.11	0.058208
18.12	0.05814
18.13	0.058073
18.14	0.058006
18.15	0.057938
18.16	0.057871
18.17	0.057805
18.18	0.057738
18.19	0.057671
18.2	0.057605
18.21	0.057538
18.22	0.057472
18.23	0.057406
18.24	0.057339
18.25	0.057273
18.26	0.057207
18.27	0.057142
18.28	0.057076
18.29	0.05701
18.3	0.056945
18.31	0.056879
18.32	0.056814
18.33	0.056749
18.34	0.056684
18.35	0.056619
18.36	0.056554
18.37	0.056489
18.38	0.056425
18.39	0.05636
18.4	0.056296
18.41	0.056232
18.42	0.056167
18.43	0.056103
18.44	0.056039
18.45	0.055975
18.46	0.055912
18.47	0.055848
18.48	0.055784
18.49	0.055721
18.5	0.055657
18.51	0.055594
18.52	0.055531
18.53	0.055468
18.54	0.055405
18.55	0.055342
18.56	0.055279
18.57	0.055217
18.58	0.055154
18.59	0.055092
18.6	0.055029
18.61	0.054967
18.62	0.054905
18.63	0.054843
18.64	0.054781
18.65	0.054719
18.66	0.054657
18.67	0.054595
18.68	0.054534
18.69	0.054472
18.7	0.054411
18.71	0.05435
18.72	0.054289
18.73	0.054228
18.74	0.054167
18.75	0.054106
18.76	0.054045
18.77	0.053984
18.78	0.053924
18.79	0.053863
18.8	0.053803
18.81	0.053743
18.82	0.053682
18.83	0.053622
18.84	0.053562
18.85	0.053502
18.86	0.053442
18.87	0.053383
18.88	0.053323
18.89	0.053264
18.9	0.053204
18.91	0.053145
18.92	0.053086
18.93	0.053026
18.94	0.052967
18.95	0.052908
18.96	0.05285
18.97	0.052791
18.98	0.052732
18.99	0.052674
19.0	0.052615
19.01	0.052557
19.02	0.052498
19.03	0.05244
19.04	0.052382
19.05	0.052324
19.06	0.052266
19.07	0.052208
19.08	0.052151
19.09	0.052093
19.1	0.052035
19.11	0.051978
19.12	0.05192
19.13	0.051863
19.14	0.051806
19.15	0.051749
19.16	0.051692
19.17	0.051635
19.18	0.051578
19.19	0.051521
19.2	0.051465
19.21	0.051408
19.22	0.051351
19.23	0.051295
19.24	0.051239
19.25	0.051183
19.26	0.051126
19.27	0.05107
19.28	0.051014
19.29	0.050959
19.3	0.050903
19.31	0.050847
19.32	0.050791
19.33	0.050736
19.34	0.050681
19.35	0.050625
19.36	0.05057
19.37	0.050515
19.38	0.05046
19.39	0.050405
19.4	0.05035
19.41	0.050295
19.42	0.05024
19.43	0.050186
19.44	0.050131
19.45	0.050076
19.46	0.050022
19.47	0.049968
19.48	0.049913
19.49	0.049859
19.5	0.049805
19.51	0.049751
19.52	0.049697
19.53	0.049644
19.54	0.04959
19.55	0.049536
19.56	0.049483
19.57	0.049429
19.58	0.049376
19.59	0.049322
19.6	0.049269
19.61	0.049216
19.62	0.049163
19.63	0.04911
19.64	0.049057
19.65	0.049004
19.66	0.048952
19.67	0.048899
19.68	0.048846
19.69	0.048794
19.7	0.048741
19.71	0.048689
19.72	0.048637
19.73	0.048585
19.74	0.048533
19.75	0.048481
19.76	0.048429
19.77	0.048377
19.78	0.048325
19.79	0.048273
19.8	0.048222
19.81	0.04817
19.82	0.048119
19.83	0.048067
19.84	0.048016
19.85	0.047965
19.86	0.047914
19.87	0.047863
19.88	0.047812
19.89	0.047761
19.9	0.04771
19.91	0.047659
19.92	0.047608
19.93	0.047558
19.94	0.047507
19.95	0.047457
19.96	0.047407
19.97	0.047356
19.98	0.047306
19.99	0.047256
20.0	0.047206
20.01	0.047156
20.02	0.047106
20.03	0.047056
20.04	0.047006
20.05	0.046957
20.06	0.046907
20.07	0.046858
20.08	0.046808
20.09	0.046759
20.1	0.046709
20.11	0.04666
20.12	0.046611
20.13	0.046562
20.14	0.046513
20.15	0.046464
20.16	0.046415
20.17	0.046366
20.18	0.046318
20.19	0.046269
20.2	0.046221
20.21	0.046172
20.22	0.046124
20.23	0.046075
20.24	0.046027
20.25	0.045979
20.26	0.045931
20.27	0.045883
20.28	0.045835
20.29	0.045787
20.3	0.045739
20.31	0.045691
20.32	0.045643
20.33	0.045596
20.34	0.045548
20.35	0.045501
20.36	0.045453
20.37	0.045406
20.38	0.045359
20.39	0.045312
20.4	0.045265
20.41	0.045217
20.42	0.04517
20.43	0.045124
20.44	0.045077
20.45	0.04503
20.46	0.044983
20.47	0.044937
20.48	0.04489
20.49	0.044844
20.5	0.044797
20.51	0.044751
20.52	0.044705
20.53	0.044658
20.54	0.044612
20.55	0.044566
20.56	0.04452
20.57	0.044474
20.58	0.044428
20.59	0.044382
20.6	0.044337
20.61	0.044291
20.62	0.044245
20.63	0.0442
20.64	0.044155
20.65	0.044109
20.66	0.044064
20.67	0.044019
20.68	0.043973
20.69	0.043928
20.7	0.043883
20.71	0.043838
20.72	0.043793
20.73	0.043748
20.74	0.043704
20.75	0.043659
20.76	0.043614
20.77	0.04357
20.78	0.043525
20.79	0.043481
20.8	0.043436
20.81	0.043392
20.82	0.043348
20.83	0.043303
20.84	0.043259
20.85	0.043215
20.86	0.043171
20.87	0.043127
20.88	0.043083
20.89	0.04304
20.9	0.042996
20.91	0.042952
20.92	0.042908
20.93	0.042865
20.94	0.042821
20.95	0.042778
20.96	0.042735
20.97	0.042691
20.98	0.042648
20.99	0.042605
21.0	0.042562
21.01	0.042519
21.02	0.042476
21.03	0.042433
21.04	0.04239
21.05	0.042347
21.06	0.042304
21.07	0.042262
21.08	0.042219
21.09	0.042177
21.1	0.042134
21.11	0.042092
21.12	0.042049
21.13	0.042007
21.14	0.041965
21.15	0.041923
21.16	0.04188
21.17	0.041838
21.18	0.041796
21.19	0.041754
21.2	0.041713
21.21	0.041671
21.22	0.041629
21.23	0.041587
21.24	0.041546
21.25	0.041504
21.26	0.041463
21.27	0.041421
21.28	0.04138
21.29	0.041338
21.3	0.041297
21.31	0.041256
21.32	0.041215
21.33	0.041174
21.34	0.041133
21.35	0.041092
21.36	0.041051
21.37	0.04101
21.38	0.040969
21.39	0.040928
21.4	0.040888
21.41	0.040847
21.42	0.040807
21.43	0.040766
21.44	0.040726
21.45	0.040685
21.46	0.040645
21.47	0.040605
21.48	0.040564
21.49	0.040524
21.5	0.040484
21.51	0.040444
21.52	0.040404
21.53	0.040364
21.54	0.040324
21.55	0.040284
21.56	0.040245
21.57	0.040205
21.58	0.040165
21.59	0.040126
21.6	0.040086
21.61	0.040047
21.62	0.040007
21.63	0.039968
21.64	0.039929
21.65	0.039889
21.66	0.03985
21.67	0.039811
21.68	0.039772
21.69	0.039733
21.7	0.039694
21.71	0.039655
21.72	0.039616
21.73	0.039577
21.74	0.039539
21.75	0.0395
21.76	0.039461
21.77	0.039423
21.78	0.039384
21.79	0.039346
21.8	0.039307
21.81	0.039269
21.82	0.039231
21.83	0.039192
21.84	0.039154
21.85	0.039116
21.86	0.039078
21.87	0.03904
21.88	0.039002
21.89	0.038964
21.9	0.038926
21.91	0.038888
21.92	0.03885
21.93	0.038813
21.94	0.038775
21.95	0.038737
21.96	0.0387
21.97	0.038662
21.98	0.038625
21.99	0.038587
22.0	0.03855
22.01	0.038513
22.02	0.038476
22.03	0.038438
22.04	0.038401
22.05	0.038364
22.06	0.038327
22.07	0.03829
22.08	0.038253
22.09	0.038216
22.1	0.038179
22.11	0.038143
22.12	0.038106
22.13	0.038069
22.14	0.038033
22.15	0.037996
22.16	0.037959
22.17	0.037923
22.18	0.037887
22.19	0.03785
22.2	0.037814
22.21	0.037778
22.22	0.037741
22.23	0.037705
22.24	0.037669
22.25	0.037633
22.26	0.037597
22.27	0.037561
22.28	0.037525
22.29	0.037489
22.3	0.037453
22.31	0.037418
22.32	0.037382
22.33	0.037346
22.34	0.037311
22.35	0.037275
22.36	0.037239
22.37	0.037204
22.38	0.037169
22.39	0.037133
22.4	0.037098
22.41	0.037063
22.42	0.037027
22.43	0.036992
22.44	0.036957
22.45	0.036922
22.46	0.036887
22.47	0.036852
22.48	0.036817
22.49	0.036782
22.5	0.036747
22.51	0.036712
22.52	0.036678
22.53	0.036643
22.54	0.036608
22.55	0.036574
22.56	0.036539
22.57	0.036505
22.58	0.03647
22.59	0.036436
22.6	0.036401
22.61	0.036367
22.62	0.036333
22.63	0.036299
22.64	0.036264
22.65	0.03623
22.66	0.036196
22.67	0.036162
22.68	0.036128
22.69	0.036094
22.7	0.03606
22.71	0.036026
22.72	0.035993
22.73	0.035959
22.74	0.035925
22.75	0.035892
22.76	0.035858
22.77	0.035824
22.78	0.035791
22.79	0.035757
22.8	0.035724
22.81	0.03569
22.82	0.035657
22.83	0.035624
22.84	0.035591
22.85	0.035557
22.86	0.035524
22.87	0.035491
22.88	0.035458
22.89	0.035425
22.9	0.035392
22.91	0.035359
22.92	0.035326
22.93	0.035293
22.94	0.03526
22.95	0.035228
22.96	0.035195
22.97	0.035162
22.98	0.03513
22.99	0.035097
23.0	0.035064
23.01	0.035032
23.02	0.034999
23.03	0.034967
23.04	0.034935
23.05	0.034902
23.06	0.03487
23.07	0.034838
23.08	0.034806
23.09	0.034773
23.1	0.034741
23.11	0.034709
23.12	0.034677
23.13	0.034645
23.14	0.034613
23.15	0.034581
23.16	0.03455
23.17	0.034518
23.18	0.034486
23.19	0.034454
23.2	0.034423
23.21	0.034391
23.22	0.034359
23.23	0.034328
23.24	0.034296
23.25	0.034265
23.26	0.034233
23.27	0.034202
23.28	0.034171
23.29	0.034139
23.3	0.034108
23.31	0.034077
23.32	0.034046
23.33	0.034015
23.34	0.033983
23.35	0.033952
23.36	0.033921
23.37	0.03389
23.38	0.033859
23.39	0.033829
23.4	0.033798
23.41	0.033767
23.42	0.033736
23.43	0.033705
23.44	0.033675
23.45	0.033644
23.46	0.033613
23.47	0.033583
23.48	0.033552
23.49	0.033522
23.5	0.033491
23.51	0.033461
23.52	0.033431
23.53	0.0334
23.54	0.03337
23.55	0.03334
23.56	0.03331
23.57	0.033279
23.58	0.033249
23.59	0.033219
23.6	0.033189
23.61	0.033159
23.62	0.033129
23.63	0.033099
23.64	0.033069
23.65	0.03304
23.66	0.03301
23.67	0.03298
23.68	0.03295
23.69	0.032921
23.7	0.032891
23.71	0.032861
23.72	0.032832
23.73	0.032802
23.74	0.032773
23.75	0.032743
23.76	0.032714
23.77	0.032684
23.78	0.032655
23.79	0.032626
23.8	0.032597
23.81	0.032567
23.82	0.032538
23.83	0.032509
23.84	0.03248
23.85	0.032451
23.86	0.032422
23.87	0.032393
23.88	0.032364
23.89	0.032335
23.9	0.032306
23.91	0.032277
23.92	0.032248
23.93	0.03222
23.94	0.032191
23.95	0.032162
23.96	0.032134
23.97	0.032105
23.98	0.032076
23.99	0.032048
24.0	0.032019
24.01	0.031991
24.02	0.031962
24.03	0.031934
24.04	0.031906
24.05	0.031877
24.06	0.031849
24.07	0.031821
24.08	0.031793
24.09	0.031764
24.1	0.031736
24.11	0.031708
24.12	0.03168
24.13	0.031652
24.14	0.031624
24.15	0.031596
24.16	0.031568
24.17	0.03154
24.18	0.031512
24.19	0.031485
24.2	0.031457
24.21	0.031429
24.22	0.031401
24.23	0.031374
24.24	0.031346
24.25	0.031318
24.26	0.031291
24.27	0.031263
24.28	0.031236
24.29	0.031208
24.3	0.031181
24.31	0.031153
24.32	0.031126
24.33	0.031099
24.34	0.031072
24.35	0.031044
24.36	0.031017
24.37	0.03099
24.38	0.030963
24.39	0.030936
24.4	0.030909
24.41	0.030881
24.42	0.030854
24.43	0.030828
24.44	0.030801
24.45	0.030774
24.46	0.030747
24.47	0.03072
24.48	0.030693
24.49	0.030666
24.5	0.03064
24.51	0.030613
24.52	0.030586
24.53	0.03056
24.54	0.030533
24.55	0.030506
24.56	0.03048
24.57	0.030453
24.58	0.030427
24.59	0.030401
24.6	0.030374
24.61	0.030348
24.62	0.030321
24.63	0.030295
24.64	0.030269
24.65	0.030243
24.66	0.030217
24.67	0.03019
24.68	0.030164
24.69	0.030138
24.7	0.030112
24.71	0.030086
24.72	0.03006
24.73	0.030034
24.74	0.030008
24.75	0.029982
24.76	0.029956
24.77	0.029931
24.78	0.029905
24.79	0.029879
24.8	0.029853
24.81	0.029828
24.82	0.029802
24.83	0.029776
24.84	0.029751
24.85	0.029725
24.86	0.029699
24.87	0.029674
24.88	0.029649
24.89	0.029623
24.9	0.029598
24.91	0.029572
24.92	0.029547
24.93	0.029522
24.94	0.029496
24.95	0.029471
24.96	0.029446
24.97	0.029421
24.98	0.029395
24.99	0.02937
25.0	0.029345
25.01	0.02932
25.02	0.029295
25.03	0.02927
25.04	0.029245
25.05	0.02922
25.06	0.029195
25.07	0.02917
25.08	0.029146
25.09	0.029121
25.1	0.029096
25.11	0.029071
25.12	0.029047
25.13	0.029022
25.14	0.028997
25.15	0.028973
25.16	0.028948
25.17	0.028923
25.18	0.028899
25.19	0.028874
25.2	0.02885
25.21	0.028825
25.22	0.028801
25.23	0.028777
25.24	0.028752
25.25	0.028728
25.26	0.028704
25.27	0.028679
25.28	0.028655
25.29	0.028631
25.3	0.028607
25.31	0.028583
25.32	0.028558
25.33	0.028534
25.34	0.02851
25.35	0.028486
25.36	0.028462
25.37	0.028438
25.38	0.028414
25.39	0.02839
25.4	0.028367
25.41	0.028343
25.42	0.028319
25.43	0.028295
25.44	0.028271
25.45	0.028248
25.46	0.028224
25.47	0.0282
25.48	0.028177
25.49	0.028153
25.5	0.028129
25.51	0.028106
25.52	0.028082
25.53	0.028059
25.54	0.028035
25.55	0.028012
25.56	0.027988
25.57	0.027965
25.58	0.027942
25.59	0.027918
25.6	0.027895
25.61	0.027872
25.62	0.027848
25.63	0.027825
25.64	0.027802
25.65	0.027779
25.66	0.027756
25.67	0.027733
25.68	0.02771
25.69	0.027687
25.7	0.027664
25.71	0.027641
25.72	0.027618
25.73	0.027595
25.74	0.027572
25.75	0.027549
25.76	0.027526
25.77	0.027503
25.78	0.02748
25.79	0.027458
25.8	0.027435
25.81	0.027412
25.82	0.027389
25.83	0.027367
25.84	0.027344
25.85	0.027322
25.86	0.027299
25.87	0.027276
25.88	0.027254
25.89	0.027231
25.9	0.027209
25.91	0.027187
25.92	0.027164
25.93	0.027142
25.94	0.027119
25.95	0.027097
25.96	0.027075
25.97	0.027052
25.98	0.02703
25.99	0.027008
26.0	0.026986
26.01	0.026964
26.02	0.026942
26.03	0.026919
26.04	0.026897
26.05	0.026875
26.06	0.026853
26.07	0.026831
26.08	0.026809
26.09	0.026787
26.1	0.026765
26.11	0.026743
26.12	0.026722
26.13	0.0267
26.14	0.026678
26.15	0.026656
26.16	0.026634
26.17	0.026613
26.18	0.026591
26.19	0.026569
26.2	0.026547
26.21	0.026526
26.22	0.026504
26.23	0.026483
26.24	0.026461
26.25	0.026439
26.26	0.026418
26.27	0.026396
26.28	0.026375
26.29	0.026354
26.3	0.026332
26.31	0.026311
26.32	0.026289
26.33	0.026268
26.34	0.026247
26.35	0.026225
26.36	0.026204
26.37	0.026183
26.38	0.026162
26.39	0.026141
26.4	0.026119
26.41	0.026098
26.42	0.026077
26.43	0.026056
26.44	0.026035
26.45	0.026014
26.46	0.025993
26.47	0.025972
26.48	0.025951
26.49	0.02593
26.5	0.025909
26.51	0.025888
26.52	0.025867
26.53	0.025847
26.54	0.025826
26.55	0.025805
26.56	0.025784
26.57	0.025764
26.58	0.025743
26.59	0.025722
26.6	0.025701
26.61	0.025681
26.62	0.02566
26.63	0.02564
26.64	0.025619
26.65	0.025599
26.66	0.025578
26.67	0.025558
26.68	0.025537
26.69	0.025517
26.7	0.025496
26.71	0.025476
26.72	0.025455
26.73	0.025435
26.74	0.025415
26.75	0.025394
26.76	0.025374
26.77	0.025354
26.78	0.025334
26.79	0.025313
26.8	0.025293
26.81	0.025273
26.82	0.025253
26.83	0.025233
26.84	0.025213
26.85	0.025193
26.86	0.025173
26.87	0.025153
26.88	0.025133
26.89	0.025113
26.9	0.025093
26.91	0.025073
26.92	0.025053
26.93	0.025033
26.94	0.025013
26.95	0.024993
26.96	0.024974
26.97	0.024954
26.98	0.024934
26.99	0.024914
27.0	0.024895
27.01	0.024875
27.02	0.024855
27.03	0.024835
27.04	0.024816
27.05	0.024796
27.06	0.024777
27.07	0.024757
27.08	0.024738
27.09	0.024718
27.1	0.024699
27.11	0.024679
27.12	0.02466
27.13	0.02464
27.14	0.024621
27.15	0.024601
27.16	0.024582
27.17	0.024563
27.18	0.024543
27.19	0.024524
27.2	0.024505
27.21	0.024486
27.22	0.024466
27.23	0.024447
27.24	0.024428
27.25	0.024409
27.26	0.02439
27.27	0.024371
27.28	0.024352
27.29	0.024333
27.3	0.024313
27.31	0.024294
27.32	0.024275
27.33	0.024256
27.34	0.024238
27.35	0.024219
27.36	0.0242
27.37	0.024181
27.38	0.024162
27.39	0.024143
27.4	0.024124
27.41	0.024105
27.42	0.024087
27.43	0.024068
27.44	0.024049
27.45	0.02403
27.46	0.024012
27.47	0.023993
27.48	0.023974
27.49	0.023956
27.5	0.023937
27.51	0.023919
27.52	0.0239
27.53	0.023881
27.54	0.023863
27.55	0.023844
27.56	0.023826
27.57	0.023807
27.58	0.023789
27.59	0.023771
27.6	0.023752
27.61	0.023734
27.62	0.023715
27.63	0.023697
27.64	0.023679
27.65	0.023661
27.66	0.023642
27.67	0.023624
27.68	0.023606
27.69	0.023588
27.7	0.023569
27.71	0.023551
27.72	0.023533
27.73	0.023515
27.74	0.023497
27.75	0.023479
27.76	0.023461
27.77	0.023443
27.78	0.023425
27.79	0.023407
27.8	0.023389
27.81	0.023371
27.82	0.023353
27.83	0.023335
27.84	0.023317
27.85	0.023299
27.86	0.023281
27.87	0.023263
27.88	0.023245
27.89	0.023228
27.9	0.02321
27.91	0.023192
27.92	0.023174
27.93	0.023157
27.94	0.023139
27.95	0.023121
27.96	0.023103
27.97	0.023086
27.98	0.023068
27.99	0.023051
28.0	0.023033
28.01	0.023015
28.02	0.022998
28.03	0.02298
28.04	0.022963
28.05	0.022945
28.06	0.022928
28.07	0.02291
28.08	0.022893
28.09	0.022876
28.1	0.022858
28.11	0.022841
28.12	0.022823
28.13	0.022806
28.14	0.022789
28.15	0.022772
28.16	0.022754
28.17	0.022737
28.18	0.02272
28.19	0.022703
28.2	0.022685
28.21	0.022668
28.22	0.022651
28.23	0.022634
28.24	0.022617
28.25	0.0226
28.26	0.022583
28.27	0.022565
28.28	0.022548
28.29	0.022531
28.3	0.022514
28.31	0.022497
28.32	0.02248
28.33	0.022464
28.34	0.022447
28.35	0.02243
28.36	0.022413
28.37	0.022396
28.38	0.022379
28.39	0.022362
28.4	0.022345
28.41	0.022329
28.42	0.022312
28.43	0.022295
28.44	0.022278
28.45	0.022262
28.46	0.022245
28.47	0.022228
28.48	0.022211
28.49	0.022195
28.5	0.022178
28.51	0.022162
28.52	0.022145
28.53	0.022128
28.54	0.022112
28.55	0.022095
28.56	0.022079
28.57	0.022062
28.58	0.022046
28.59	0.022029
28.6	0.022013
28.61	0.021996
28.62	0.02198
28.63	0.021964
28.64	0.021947
28.65	0.021931
28.66	0.021915
28.67	0.021898
28.68	0.021882
28.69	0.021866
28.7	0.021849
28.71	0.021833
28.72	0.021817
28.73	0.021801
28.74	0.021784
28.75	0.021768
28.76	0.021752
28.77	0.021736
28.78	0.02172
28.79	0.021704
28.8	0.021688
28.81	0.021672
28.82	0.021655
28.83	0.021639
28.84	0.021623
28.85	0.021607
28.86	0.021591
28.87	0.021575
28.88	0.021559
28.89	0.021544
28.9	0.021528
28.91	0.021512
28.92	0.021496
28.93	0.02148
28.94	0.021464
28.95	0.021448
28.96	0.021432
28.97	0.021417
28.98	0.021401
28.99	0.021385
29.0	0.021369
29.01	0.021354
29.02	0.021338
29.03	0.021322
29.04	0.021307
29.05	0.021291
29.06	0.021275
29.07	0.02126
29.08	0.021244
29.09	0.021228
29.1	0.021213
29.11	0.021197
29.12	0.021182
29.13	0.021166
29.14	0.021151
29.15	0.021135
29.16	0.02112
29.17	0.021104
29.18	0.021089
29.19	0.021073
29.2	0.021058
29.21	0.021043
29.22	0.021027
29.23	0.021012
29.24	0.020996
29.25	0.020981
29.26	0.020966
29.27	0.020951
29.28	0.020935
29.29	0.02092
29.3	0.020905
29.31	0.02089
29.32	0.020874
29.33	0.020859
29.34	0.020844
29.35	0.020829
29.36	0.020814
29.37	0.020798
29.38	0.020783
29.39	0.020768
29.4	0.020753
29.41	0.020738
29.42	0.020723
29.43	0.020708
29.44	0.020693
29.45	0.020678
29.46	0.020663
29.47	0.020648
29.48	0.020633
29.49	0.020618
29.5	0.020603
29.51	0.020588
29.52	0.020573
29.53	0.020559
29.54	0.020544
29.55	0.020529
29.56	0.020514
29.57	0.020499
29.58	0.020484
29.59	0.02047
29.6	0.020455
29.61	0.02044
29.62	0.020425
29.63	0.020411
29.64	0.020396
29.65	0.020381
29.66	0.020367
29.67	0.020352
29.68	0.020337
29.69	0.020323
29.7	0.020308
29.71	0.020294
29.72	0.020279
29.73	0.020264
29.74	0.02025
29.75	0.020235
29.76	0.020221
29.77	0.020206
29.78	0.020192
29.79	0.020177
29.8	0.020163
29.81	0.020148
29.82	0.020134
29.83	0.02012
29.84	0.020105
29.85	0.020091
29.86	0.020076
29.87	0.020062
29.88	0.020048
29.89	0.020033
29.9	0.020019
29.91	0.020005
29.92	0.019991
29.93	0.019976
29.94	0.019962
29.95	0.019948
29.96	0.019934
29.97	0.019919
29.98	0.019905
29.99	0.019891
30.0	0.019877
30.01	0.019863
30.02	0.019849
30.03	0.019835
30.04	0.019821
30.05	0.019806
30.06	0.019792
30.07	0.019778
30.08	0.019764
30.09	0.01975
30.1	0.019736
30.11	0.019722
30.12	0.019708
30.13	0.019694
30.14	0.01968
30.15	0.019666
30.16	0.019653
30.17	0.019639
30.18	0.019625
30.19	0.019611
30.2	0.019597
30.21	0.019583
30.22	0.019569
30.23	0.019556
30.24	0.019542
30.25	0.019528
30.26	0.019514
30.27	0.0195
30.28	0.019487
30.29	0.019473
30.3	0.019459
30.31	0.019446
30.32	0.019432
30.33	0.019418
30.34	0.019405
30.35	0.019391
30.36	0.019377
30.37	0.019364
30.38	0.01935
30.39	0.019336
30.4	0.019323
30.41	0.019309
30.42	0.019296
30.43	0.019282
30.44	0.019269
30.45	0.019255
30.46	0.019242
30.47	0.019228
30.48	0.019215
30.49	0.019201
30.5	0.019188
30.51	0.019174
30.52	0.019161
30.53	0.019148
30.54	0.019134
30.55	0.019121
30.56	0.019108
30.57	0.019094
30.58	0.019081
30.59	0.019068
30.6	0.019054
30.61	0.019041
30.62	0.019028
30.63	0.019014
30.64	0.019001
30.65	0.018988
30.66	0.018975
30.67	0.018962
30.68	0.018948
30.69	0.018935
30.7	0.018922
30.71	0.018909
30.72	0.018896
30.73	0.018883
30.74	0.01887
30.75	0.018856
30.76	0.018843
30.77	0.01883
30.78	0.018817
30.79	0.018804
30.8	0.018791
30.81	0.018778
30.82	0.018765
30.83	0.018752
30.84	0.018739
30.85	0.018726
30.86	0.018713
30.87	0.0187
30.88	0.018688
30.89	0.018675
30.9	0.018662
30.91	0.018649
30.92	0.018636
30.93	0.018623
30.94	0.01861
30.95	0.018597
30.96	0.018585
30.97	0.018572
30.98	0.018559
30.99	0.018546
31.0	0.018533
31.01	0.018521
31.02	0.018508
31.03	0.018495
31.04	0.018483
31.05	0.01847
31.06	0.018457
31.07	0.018445
31.08	0.018432
31.09	0.018419
31.1	0.018407
31.11	0.018394
31.12	0.018381
31.13	0.018369
31.14	0.018356
31.15	0.018344
31.16	0.018331
31.17	0.018319
31.18	0.018306
31.19	0.018293
31.2	0.018281
31.21	0.018268
31.22	0.018256
31.23	0.018244
31.24	0.018231
31.25	0.018219
31.26	0.018206
31.27	0.018194
31.28	0.018181
31.29	0.018169
31.3	0.018157
31.31	0.018144
31.32	0.018132
31.33	0.01812
31.34	0.018107
31.35	0.018095
31.36	0.018083
31.37	0.01807
31.38	0.018058
31.39	0.018046
31.4	0.018033
31.41	0.018021
31.42	0.018009
31.43	0.017997
31.44	0.017985
31.45	0.017972
31.46	0.01796
31.47	0.017948
31.48	0.017936
31.49	0.017924
31.5	0.017912
31.51	0.017899
31.52	0.017887
31.53	0.017875
31.54	0.017863
31.55	0.017851
31.56	0.017839
31.57	0.017827
31.58	0.017815
31.59	0.017803
31.6	0.017791
31.61	0.017779
31.62	0.017767
31.63	0.017755
31.64	0.017743
31.65	0.017731
31.66	0.017719
31.67	0.017707
31.68	0.017695
31.69	0.017683
31.7	0.017671
31.71	0.01766
31.72	0.017648
31.73	0.017636
31.74	0.017624
31.75	0.017612
31.76	0.0176
31.77	0.017588
31.78	0.017577
31.79	0.017565
31.8	0.017553
31.81	0.017541
31.82	0.01753
31.83	0.017518
31.84	0.017506
31.85	0.017494
31.86	0.017483
31.87	0.017471
31.88	0.017459
31.89	0.017448
31.9	0.017436
31.91	0.017424
31.92	0.017413
31.93	0.017401
31.94	0.017389
31.95	0.017378
31.96	0.017366
31.97	0.017355
31.98	0.017343
31.99	0.017332
32.0	0.01732
32.01	0.017308
32.02	0.017297
32.03	0.017285
32.04	0.017274
32.05	0.017262
32.06	0.017251
32.07	0.01724
32.08	0.017228
32.09	0.017217
32.1	0.017205
32.11	0.017194
32.12	0.017182
32.13	0.017171
32.14	0.01716
32.15	0.017148
32.16	0.017137
32.17	0.017125
32.18	0.017114
32.19	0.017103
32.2	0.017091
32.21	0.01708
32.22	0.017069
32.23	0.017058
32.24	0.017046
32.25	0.017035
32.26	0.017024
32.27	0.017013
32.28	0.017001
32.29	0.01699
32.3	0.016979
32.31	0.016968
32.32	0.016956
32.33	0.016945
32.34	0.016934
32.35	0.016923
32.36	0.016912
32.37	0.016901
32.38	0.01689
32.39	0.016878
32.4	0.016867
32.41	0.016856
32.42	0.016845
32.43	0.016834
32.44	0.016823
32.45	0.016812
32.46	0.016801
32.47	0.01679
32.48	0.016779
32.49	0.016768
32.5	0.016757
32.51	0.016746
32.52	0.016735
32.53	0.016724
32.54	0.016713
32.55	0.016702
32.56	0.016691
32.57	0.01668
32.58	0.016669
32.59	0.016658
32.6	0.016648
32.61	0.016637
32.62	0.016626
32.63	0.016615
32.64	0.016604
32.65	0.016593
32.66	0.016582
32.67	0.016572
32.68	0.016561
32.69	0.01655
32.7	0.016539
32.71	0.016528
32.72	0.016518
32.73	0.016507
32.74	0.016496
32.75	0.016485
32.76	0.016475
32.77	0.016464
32.78	0.016453
32.79	0.016443
32.8	0.016432
32.81	0.016421
32.82	0.016411
32.83	0.0164
32.84	0.016389
32.85	0.016379
32.86	0.016368
32.87	0.016357
32.88	0.016347
32.89	0.016336
32.9	0.016326
32.91	0.016315
32.92	0.016305
32.93	0.016294
32.94	0.016284
32.95	0.016273
32.96	0.016262
32.97	0.016252
32.98	0.016241
32.99	0.016231
33.0	0.01622
33.01	0.01621
33.02	0.0162
33.03	0.016189
33.04	0.016179
33.05	0.016168
33.06	0.016158
33.07	0.016147
33.08	0.016137
33.09	0.016127
33.1	0.016116
33.11	0.016106
33.12	0.016096
33.13	0.016085
33.14	0.016075
33.15	0.016065
33.16	0.016054
33.17	0.016044
33.18	0.016034
33.19	0.016023
33.2	0.016013
33.21	0.016003
33.22	0.015993
33.23	0.015982
33.24	0.015972
33.25	0.015962
33.26	0.015952
33.27	0.015941
33.28	0.015931
33.29	0.015921
33.3	0.015911
33.31	0.015901
33.32	0.01589
33.33	0.01588
33.34	0.01587
33.35	0.01586
33.36	0.01585
33.37	0.01584
33.38	0.01583
33.39	0.01582
33.4	0.015809
33.41	0.015799
33.42	0.015789
33.43	0.015779
33.44	0.015769
33.45	0.015759
33.46	0.015749
33.47	0.015739
33.48	0.015729
33.49	0.015719
33.5	0.015709
33.51	0.015699
33.52	0.015689
33.53	0.015679
33.54	0.015669
33.55	0.015659
33.56	0.015649
33.57	0.015639
33.58	0.01563
33.59	0.01562
33.6	0.01561
33.61	0.0156
33.62	0.01559
33.63	0.01558
33.64	0.01557
33.65	0.01556
33.66	0.015551
33.67	0.015541
33.68	0.015531
33.69	0.015521
33.7	0.015511
33.71	0.015501
33.72	0.015492
33.73	0.015482
33.74	0.015472
33.75	0.015462
33.76	0.015453
33.77	0.015443
33.78	0.015433
33.79	0.015423
33.8	0.015414
33.81	0.015404
33.82	0.015394
33.83	0.015385
33.84	0.015375
33.85	0.015365
33.86	0.015356
33.87	0.015346
33.88	0.015336
33.89	0.015327
33.9	0.015317
33.91	0.015307
33.92	0.015298
33.93	0.015288
33.94	0.015279
33.95	0.015269
33.96	0.015259
33.97	0.01525
33.98	0.01524
33.99	0.015231
34.0	0.015221
34.01	0.015212
34.02	0.015202
34.03	0.015193
34.04	0.015183
34.05	0.015174
34.06	0.015164
34.07	0.015155
34.08	0.015145
34.09	0.015136
34.1	0.015126
34.11	0.015117
34.12	0.015108
34.13	0.015098
34.14	0.015089
34.15	0.015079
34.16	0.01507
34.17	0.015061
34.18	0.015051
34.19	0.015042
34.2	0.015032
34.21	0.015023
34.22	0.015014
34.23	0.015004
34.24	0.014995
34.25	0.014986
34.26	0.014976
34.27	0.014967
34.28	0.014958
34.29	0.014949
34.3	0.014939
34.31	0.01493
34.32	0.014921
34.33	0.014912
34.34	0.014902
34.35	0.014893
34.36	0.014884
34.37	0.014875
34.38	0.014865
34.39	0.014856
34.4	0.014847
34.41	0.014838
34.42	0.014829
34.43	0.014819
34.44	0.01481
34.45	0.014801
34.46	0.014792
34.47	0.014783
34.48	0.014774
34.49	0.014765
34.5	0.014756
34.51	0.014746
34.52	0.014737
34.53	0.014728
34.54	0.014719
34.55	0.01471
34.56	0.014701
34.57	0.014692
34.58	0.014683
34.59	0.014674
34.6	0.014665
34.61	0.014656
34.62	0.014647
34.63	0.014638
34.64	0.014629
34.65	0.01462
34.66	0.014611
34.67	0.014602
34.68	0.014593
34.69	0.014584
34.7	0.014575
34.71	0.014566
34.72	0.014557
34.73	0.014548
34.74	0.01454
34.75	0.014531
34.76	0.014522
34.77	0.014513
34.78	0.014504
34.79	0.014495
34.8	0.014486
34.81	0.014477
34.82	0.014469
34.83	0.01446
34.84	0.014451
34.85	0.014442
34.86	0.014433
34.87	0.014424
34.88	0.014416
34.89	0.014407
34.9	0.014398
34.91	0.014389
34.92	0.014381
34.93	0.014372
34.94	0.014363
34.95	0.014354
34.96	0.014346
34.97	0.014337
34.98	0.014328
34.99	0.014319
35.0	0.014311
35.01	0.014302
35.02	0.014293
35.03	0.014285
35.04	0.014276
35.05	0.014267
35.06	0.014259
35.07	0.01425
35.08	0.014241
35.09	0.014233
35.1	0.014224
35.11	0.014215
35.12	0.014207
35.13	0.014198
35.14	0.01419
35.15	0.014181
35.16	0.014173
35.17	0.014164
35.18	0.014155
35.19	0.014147
35.2	0.014138
35.21	0.01413
35.22	0.014121
35.23	0.014113
35.24	0.014104
35.25	0.014096
35.26	0.014087
35.27	0.014079
35.28	0.01407
35.29	0.014062
35.3	0.014053
35.31	0.014045
35.32	0.014036
35.33	0.014028
35.34	0.014019
35.35	0.014011
35.36	0.014003
35.37	0.013994
35.38	0.013986
35.39	0.013977
35.4	0.013969
35.41	0.013961
35.42	0.013952
35.43	0.013944
35.44	0.013935
35.45	0.013927
35.46	0.013919
35.47	0.01391
35.48	0.013902
35.49	0.013894
35.5	0.013885
35.51	0.013877
35.52	0.013869
35.53	0.01386
35.54	0.013852
35.55	0.013844
35.56	0.013836
35.57	0.013827
35.58	0.013819
35.59	0.013811
35.6	0.013803
35.61	0.013794
35.62	0.013786
35.63	0.013778
35.64	0.01377
35.65	0.013761
35.66	0.013753
35.67	0.013745
35.68	0.013737
35.69	0.013729
35.7	0.013721
35.71	0.013712
35.72	0.013704
35.73	0.013696
35.74	0.013688
35.75	0.01368
35.76	0.013672
35.77	0.013664
35.78	0.013655
35.79	0.013647
35.8	0.013639
35.81	0.013631
35.82	0.013623
35.83	0.013615
35.84	0.013607
35.85	0.013599
35.86	0.013591
35.87	0.013583
35.88	0.013575
35.89	0.013567
35.9	0.013559
35.91	0.013551
35.92	0.013543
35.93	0.013534
35.94	0.013526
35.95	0.013518
35.96	0.013511
35.97	0.013503
35.98	0.013495
35.99	0.013487
36.0	0.013479
36.01	0.013471
36.02	0.013463
36.03	0.013455
36.04	0.013447
36.05	0.013439
36.06	0.013431
36.07	0.013423
36.08	0.013415
36.09	0.013407
36.1	0.013399
36.11	0.013391
36.12	0.013384
36.13	0.013376
36.14	0.013368
36.15	0.01336
36.16	0.013352
36.17	0.013344
36.18	0.013336
36.19	0.013329
36.2	0.013321
36.21	0.013313
36.22	0.013305
36.23	0.013297
36.24	0.01329
36.25	0.013282
36.26	0.013274
36.27	0.013266
36.28	0.013258
36.29	0.013251
36.3	0.013243
36.31	0.013235
36.32	0.013227
36.33	0.01322
36.34	0.013212
36.35	0.013204
36.36	0.013197
36.37	0.013189
36.38	0.013181
36.39	0.013173
36.4	0.013166
36.41	0.013158
36.42	0.01315
36.43	0.013143
36.44	0.013135
36.45	0.013127
36.46	0.01312
36.47	0.013112
36.48	0.013105
36.49	0.013097
36.5	0.013089
36.51	0.013082
36.52	0.013074
36.53	0.013066
36.54	0.013059
36.55	0.013051
36.56	0.013044
36.57	0.013036
36.58	0.013029
36.59	0.013021
36.6	0.013013
36.61	0.013006
36.62	0.012998
36.63	0.012991
36.64	0.012983
36.65	0.012976
36.66	0.012968
36.67	0.012961
36.68	0.012953
36.69	0.012946
36.7	0.012938
36.71	0.012931
36.72	0.012923
36.73	0.012916
36.74	0.012908
36.75	0.012901
36.76	0.012893
36.77	0.012886
36.78	0.012878
36.79	0.012871
36.8	0.012864
36.81	0.012856
36.82	0.012849
36.83	0.012841
36.84	0.012834
36.85	0.012827
36.86	0.012819
36.87	0.012812
36.88	0.012804
36.89	0.012797
36.9	0.01279
36.91	0.012782
36.92	0.012775
36.93	0.012768
36.94	0.01276
36.95	0.012753
36.96	0.012746
36.97	0.012738
36.98	0.012731
36.99	0.012724
37.0	0.012716
37.01	0.012709
37.02	0.012702
37.03	0.012695
37.04	0.012687
37.05	0.01268
37.06	0.012673
37.07	0.012665
37.08	0.012658
37.09	0.012651
37.1	0.012644
37.11	0.012636
37.12	0.012629
37.13	0.012622
37.14	0.012615
37.15	0.012608
37.16	0.0126
37.17	0.012593
37.18	0.012586
37.19	0.012579
37.2	0.012572
37.21	0.012564
37.22	0.012557
37.23	0.01255
37.24	0.012543
37.25	0.012536
37.26	0.012529
37.27	0.012522
37.28	0.012514
37.29	0.012507
37.3	0.0125
37.31	0.012493
37.32	0.012486
37.33	0.012479
37.34	0.012472
37.35	0.012465
37.36	0.012458
37.37	0.012451
37.38	0.012443
37.39	0.012436
37.4	0.012429
37.41	0.012422
37.42	0.012415
37.43	0.012408
37.44	0.012401
37.45	0.012394
37.46	0.012387
37.47	0.01238
37.48	0.012373
37.49	0.012366
37.5	0.012359
37.51	0.012352
37.52	0.012345
37.53	0.012338
37.54	0.012331
37.55	0.012324
37.56	0.012317
37.57	0.01231
37.58	0.012303
37.59	0.012296
37.6	0.012289
37.61	0.012282
37.62	0.012276
37.63	0.012269
37.64	0.012262
37.65	0.012255
37.66	0.012248
37.67	0.012241
37.68	0.012234
37.69	0.012227
37.7	0.01222
37.71	0.012213
37.72	0.012207
37.73	0.0122
37.74	0.012193
37.75	0.012186
37.76	0.012179
37.77	0.012172
37.78	0.012165
37.79	0.012159
37.8	0.012152
37.81	0.012145
37.82	0.012138
37.83	0.012131
37.84	0.012125
37.85	0.012118
37.86	0.012111
37.87	0.012104
37.88	0.012097
37.89	0.012091
37.9	0.012084
37.91	0.012077
37.92	0.01207
37.93	0.012064
37.94	0.012057
37.95	0.01205
37.96	0.012043
37.97	0.012037
37.98	0.01203
37.99	0.012023
38.0	0.012017
38.01	0.01201
38.02	0.012003
38.03	0.011996
38.04	0.01199
38.05	0.011983
38.06	0.011976
38.07	0.01197
38.08	0.011963
38.09	0.011956
38.1	0.01195
38.11	0.011943
38.12	0.011936
38.13	0.01193
38.14	0.011923
38.15	0.011916
38.16	0.01191
38.17	0.011903
38.18	0.011897
38.19	0.01189
38.2	0.011883
38.21	0.011877
38.22	0.01187
38.23	0.011864
38.24	0.011857
38.25	0.01185
38.26	0.011844
38.27	0.011837
38.28	0.011831
38.29	0.011824
38.3	0.011818
38.31	0.011811
38.32	0.011805
38.33	0.011798
38.34	0.011792
38.35	0.011785
38.36	0.011779
38.37	0.011772
38.38	0.011765
38.39	0.011759
38.4	0.011752
38.41	0.011746
38.42	0.01174
38.43	0.011733
38.44	0.011727
38.45	0.01172
38.46	0.011714
38.47	0.011707
38.48	0.011701
38.49	0.011694
38.5	0.011688
38.51	0.011681
38.52	0.011675
38.53	0.011669
38.54	0.011662
38.55	0.011656
38.56	0.011649
38.57	0.011643
38.58	0.011636
38.59	0.01163
38.6	0.011624
38.61	0.011617
38.62	0.011611
38.63	0.011605
38.64	0.011598
38.65	0.011592
38.66	0.011585
38.67	0.011579
38.68	0.011573
38.69	0.011566
38.7	0.01156
38.71	0.011554
38.72	0.011547
38.73	0.011541
38.74	0.011535
38.75	0.011528
38.76	0.011522
38.77	0.011516
38.78	0.01151
38.79	0.011503
38.8	0.011497
38.81	0.011491
38.82	0.011484
38.83	0.011478
38.84	0.011472
38.85	0.011466
38.86	0.011459
38.87	0.011453
38.88	0.011447
38.89	0.011441
38.9	0.011434
38.91	0.011428
38.92	0.011422
38.93	0.011416
38.94	0.01141
38.95	0.011403
38.96	0.011397
38.97	0.011391
38.98	0.011385
38.99	0.011379
39.0	0.011372
39.01	0.011366
39.02	0.01136
39.03	0.011354
39.04	0.011348
39.05	0.011342
39.06	0.011335
39.07	0.011329
39.08	0.011323
39.09	0.011317
39.1	0.011311
39.11	0.011305
39.12	0.011299
39.13	0.011292
39.14	0.011286
39.15	0.01128
39.16	0.011274
39.17	0.011268
39.18	0.011262
39.19	0.011256
39.2	0.01125
39.21	0.011244
39.22	0.011238
39.23	0.011231
39.24	0.011225
39.25	0.011219
39.26	0.011213
39.27	0.011207
39.28	0.011201
39.29	0.011195
39.3	0.011189
39.31	0.011183
39.32	0.011177
39.33	0.011171
39.34	0.011165
39.35	0.011159
39.36	0.011153
39.37	0.011147
39.38	0.011141
39.39	0.011135
39.4	0.011129
39.41	0.011123
39.42	0.011117
39.43	0.011111
39.44	0.011105
39.45	0.011099
39.46	0.011093
39.47	0.011087
39.48	0.011081
39.49	0.011075
39.5	0.011069
39.51	0.011063
39.52	0.011058
39.53	0.011052
39.54	0.011046
39.55	0.01104
39.56	0.011034
39.57	0.011028
39.58	0.011022
39.59	0.011016
39.6	0.01101
39.61	0.011004
39.62	0.010998
39.63	0.010993
39.64	0.010987
39.65	0.010981
39.66	0.010975
39.67	0.010969
39.68	0.010963
39.69	0.010957
39.7	0.010952
39.71	0.010946
39.72	0.01094
39.73	0.010934
39.74	0.010928
39.75	0.010922
39.76	0.010917
39.77	0.010911
39.78	0.010905
39.79	0.010899
39.8	0.010893
39.81	0.010888
39.82	0.010882
39.83	0.010876
39.84	0.01087
39.85	0.010864
39.86	0.010859
39.87	0.010853
39.88	0.010847
39.89	0.010841
39.9	0.010836
39.91	0.01083
39.92	0.010824
39.93	0.010818
39.94	0.010813
39.95	0.010807
39.96	0.010801
39.97	0.010795
39.98	0.01079
39.99	0.010784
40.0	0.010778
40.01	0.010773
40.02	0.010767
40.03	0.010761
40.04	0.010755
40.05	0.01075
40.06	0.010744
40.07	0.010738
40.08	0.010733
40.09	0.010727
40.1	0.010721
40.11	0.010716
40.12	0.01071
40.13	0.010704
40.14	0.010699
40.15	0.010693
40.16	0.010688
40.17	0.010682
40.18	0.010676
40.19	0.010671
40.2	0.010665
40.21	0.010659
40.22	0.010654
40.23	0.010648
40.24	0.010643
40.25	0.010637
40.26	0.010631
40.27	0.010626
40.28	0.01062
40.29	0.010615
40.3	0.010609
40.31	0.010603
40.32	0.010598
40.33	0.010592
40.34	0.010587
40.35	0.010581
40.36	0.010576
40.37	0.01057
40.38	0.010565
40.39	0.010559
40.4	0.010554
40.41	0.010548
40.42	0.010542
40.43	0.010537
40.44	0.010531
40.45	0.010526
40.46	0.01052
40.47	0.010515
40.48	0.010509
40.49	0.010504
40.5	0.010498
40.51	0.010493
40.52	0.010487
40.53	0.010482
40.54	0.010476
40.55	0.010471
40.56	0.010466
40.57	0.01046
40.58	0.010455
40.59	0.010449
40.6	0.010444
40.61	0.010438
40.62	0.010433
40.63	0.010427
40.64	0.010422
40.65	0.010417
40.66	0.010411
40.67	0.010406
40.68	0.0104
40.69	0.010395
40.7	0.010389
40.71	0.010384
40.72	0.010379
40.73	0.010373
40.74	0.010368
40.75	0.010363
40.76	0.010357
40.77	0.010352
40.78	0.010346
40.79	0.010341
40.8	0.010336
40.81	0.01033
40.82	0.010325
40.83	0.01032
40.84	0.010314
40.85	0.010309
40.86	0.010304
40.87	0.010298
40.88	0.010293
40.89	0.010288
40.9	0.010282
40.91	0.010277
40.92	0.010272
40.93	0.010266
40.94	0.010261
40.95	0.010256
40.96	0.01025
40.97	0.010245
40.98	0.01024
40.99	0.010234
41.0	0.010229
41.01	0.010224
41.02	0.010219
41.03	0.010213
41.04	0.010208
41.05	0.010203
41.06	0.010198
41.07	0.010192
41.08	0.010187
41.09	0.010182
41.1	0.010177
41.11	0.010171
41.12	0.010166
41.13	0.010161
41.14	0.010156
41.15	0.01015
41.16	0.010145
41.17	0.01014
41.18	0.010135
41.19	0.01013
41.2	0.010124
41.21	0.010119
41.22	0.010114
41.23	0.010109
41.24	0.010104
41.25	0.010098
41.26	0.010093
41.27	0.010088
41.28	0.010083
41.29	0.010078
41.3	0.010073
41.31	0.010067
41.32	0.010062
41.33	0.010057
41.34	0.010052
41.35	0.010047
41.36	0.010042
41.37	0.010037
41.38	0.010031
41.39	0.010026
41.4	0.010021
41.41	0.010016
41.42	0.010011
41.43	0.010006
41.44	0.010001
41.45	0.0099956
41.46	0.0099905
41.47	0.0099854
41.48	0.0099803
41.49	0.0099753
41.5	0.0099702
41.51	0.0099651
41.52	0.00996
41.53	0.0099549
41.54	0.0099499
41.55	0.0099448
41.56	0.0099397
41.57	0.0099347
41.58	0.0099296
41.59	0.0099246
41.6	0.0099195
41.61	0.0099145
41.62	0.0099095
41.63	0.0099044
41.64	0.0098994
41.65	0.0098944
41.66	0.0098893
41.67	0.0098843
41.68	0.0098793
41.69	0.0098743
41.7	0.0098693
41.71	0.0098643
41.72	0.0098593
41.73	0.0098543
41.74	0.0098493
41.75	0.0098443
41.76	0.0098393
41.77	0.0098343
41.78	0.0098294
41.79	0.0098244
41.8	0.0098194
41.81	0.0098144
41.82	0.0098095
41.83	0.0098045
41.84	0.0097996
41.85	0.0097946
41.86	0.0097897
41.87	0.0097847
41.88	0.0097798
41.89	0.0097748
41.9	0.0097699
41.91	0.009765
41.92	0.0097601
41.93	0.0097551
41.94	0.0097502
41.95	0.0097453
41.96	0.0097404
41.97	0.0097355
41.98	0.0097306
41.99	0.0097257
42.0	0.0097208
42.01	0.0097159
42.02	0.009711
42.03	0.0097061
42.04	0.0097012
42.05	0.0096964
42.06	0.0096915
42.07	0.0096866
42.08	0.0096817
42.09	0.0096769
42.1	0.009672
42.11	0.0096672
42.12	0.0096623
42.13	0.0096575
42.14	0.0096526
42.15	0.0096478
42.16	0.0096429
42.17	0.0096381
42.18	0.0096333
42.19	0.0096284
42.2	0.0096236
42.21	0.0096188
42.22	0.009614
42.23	0.0096092
42.24	0.0096044
42.25	0.0095996
42.26	0.0095948
42.27	0.00959
42.28	0.0095852
42.29	0.0095804
42.3	0.0095756
42.31	0.0095708
42.32	0.009566
42.33	0.0095612
42.34	0.0095565
42.35	0.0095517
42.36	0.0095469
42.37	0.0095422
42.38	0.0095374
42.39	0.0095326
42.4	0.0095279
42.41	0.0095231
42.42	0.0095184
42.43	0.0095137
42.44	0.0095089
42.45	0.0095042
42.46	0.0094995
42.47	0.0094947
42.48	0.00949
42.49	0.0094853
42.5	0.0094806
42.51	0.0094759
42.52	0.0094711
42.53	0.0094664
42.54	0.0094617
42.55	0.009457
42.56	0.0094523
42.57	0.0094476
42.58	0.009443
42.59	0.0094383
42.6	0.0094336
42.61	0.0094289
42.62	0.0094242
42.63	0.0094196
42.64	0.0094149
42.65	0.0094102
42.66	0.0094056
42.67	0.0094009
42.68	0.0093963
42.69	0.0093916
42.7	0.009387
42.71	0.0093823
42.72	0.0093777
42.73	0.009373
42.74	0.0093684
42.75	0.0093638
42.76	0.0093591
42.77	0.0093545
42.78	0.0093499
42.79	0.0093453
42.8	0.0093407
42.81	0.009336
42.82	0.0093314
42.83	0.0093268
42.84	0.0093222
42.85	0.0093176
42.86	0.009313
42.87	0.0093085
42.88	0.0093039
42.89	0.0092993
42.9	0.0092947
42.91	0.0092901
42.92	0.0092856
42.93	0.009281
42.94	0.0092764
42.95	0.0092719
42.96	0.0092673
42.97	0.0092627
42.98	0.0092582
42.99	0.0092536
43.0	0.0092491
43.01	0.0092445
43.02	0.00924
43.03	0.0092355
43.04	0.0092309
43.05	0.0092264
43.06	0.0092219
43.07	0.0092174
43.08	0.0092128
43.09	0.0092083
43.1	0.0092038
43.11	0.0091993
43.12	0.0091948
43.13	0.0091903
43.14	0.0091858
43.15	0.0091813
43.16	0.0091768
43.17	0.0091723
43.18	0.0091678
43.19	0.0091633
43.2	0.0091589
43.21	0.0091544
43.22	0.0091499
43.23	0.0091454
43.24	0.009141
43.25	0.0091365
43.26	0.009132
43.27	0.0091276
43.28	0.0091231
43.29	0.0091187
43.3	0.0091142
43.31	0.0091098
43.32	0.0091053
43.33	0.0091009
43.34	0.0090965
43.35	0.009092
43.36	0.0090876
43.37	0.0090832
43.38	0.0090788
43.39	0.0090743
43.4	0.0090699
43.41	0.0090655
43.42	0.0090611
43.43	0.0090567
43.44	0.0090523
43.45	0.0090479
43.46	0.0090435
43.47	0.0090391
43.48	0.0090347
43.49	0.0090303
43.5	0.0090259
43.51	0.0090216
43.52	0.0090172
43.53	0.0090128
43.54	0.0090084
43.55	0.0090041
43.56	0.0089997
43.57	0.0089953
43.58	0.008991
43.59	0.0089866
43.6	0.0089823
43.61	0.0089779
43.62	0.0089736
43.63	0.0089692
43.64	0.0089649
43.65	0.0089606
43.66	0.0089562
43.67	0.0089519
43.68	0.0089476
43.69	0.0089432
43.7	0.0089389
43.71	0.0089346
43.72	0.0089303
43.73	0.008926
43.74	0.0089217
43.75	0.0089174
43.76	0.0089131
43.77	0.0089088
43.78	0.0089045
43.79	0.0089002
43.8	0.0088959
43.81	0.0088916
43.82	0.0088873
43.83	0.008883
43.84	0.0088787
43.85	0.0088745
43.86	0.0088702
43.87	0.0088659
43.88	0.0088617
43.89	0.0088574
43.9	0.0088531
43.91	0.0088489
43.92	0.0088446
43.93	0.0088404
43.94	0.0088361
43.95	0.0088319
43.96	0.0088276
43.97	0.0088234
43.98	0.0088192
43.99	0.0088149
44.0	0.0088107
44.01	0.0088065
44.02	0.0088023
44.03	0.008798
44.04	0.0087938
44.05	0.0087896
44.06	0.0087854
44.07	0.0087812
44.08	0.008777
44.09	0.0087728
44.1	0.0087686
44.11	0.0087644
44.12	0.0087602
44.13	0.008756
44.14	0.0087518
44.15	0.0087476
44.16	0.0087435
44.17	0.0087393
44.18	0.0087351
44.19	0.0087309
44.2	0.0087268
44.21	0.0087226
44.22	0.0087184
44.23	0.0087143
44.24	0.0087101
44.25	0.008706
44.26	0.0087018
44.27	0.0086977
44.28	0.0086935
44.29	0.0086894
44.3	0.0086852
44.31	0.0086811
44.32	0.008677
44.33	0.0086728
44.34	0.0086687
44.35	0.0086646
44.36	0.0086604
44.37	0.0086563
44.38	0.0086522
44.39	0.0086481
44.4	0.008644
44.41	0.0086399
44.42	0.0086358
44.43	0.0086317
44.44	0.0086276
44.45	0.0086235
44.46	0.0086194
44.47	0.0086153
44.48	0.0086112
44.49	0.0086071
44.5	0.008603
44.51	0.008599
44.52	0.0085949
44.53	0.0085908
44.54	0.0085867
44.55	0.0085827
44.56	0.0085786
44.57	0.0085746
44.58	0.0085705
44.59	0.0085664
44.6	0.0085624
44.61	0.0085583
44.62	0.0085543
44.63	0.0085502
44.64	0.0085462
44.65	0.0085422
44.66	0.0085381
44.67	0.0085341
44.68	0.0085301
44.69	0.008526
44.7	0.008522
44.71	0.008518
44.72	0.008514
44.73	0.00851
44.74	0.0085059
44.75	0.0085019
44.76	0.0084979
44.77	0.0084939
44.78	0.0084899
44.79	0.0084859
44.8	0.0084819
44.81	0.0084779
44.82	0.0084739
44.83	0.00847
44.84	0.008466
44.85	0.008462
44.86	0.008458
44.87	0.008454
44.88	0.0084501
44.89	0.0084461
44.9	0.0084421
44.91	0.0084382
44.92	0.0084342
44.93	0.0084302
44.94	0.0084263
44.95	0.0084223
44.96	0.0084184
44.97	0.0084144
44.98	0.0084105
44.99	0.0084065
45.0	0.0084026
45.01	0.0083987
45.02	0.0083947
45.03	0.0083908
45.04	0.0083869
45.05	0.0083829
45.06	0.008379
45.07	0.0083751
45.08	0.0083712
45.09	0.0083673
45.1	0.0083633
45.11	0.0083594
45.12	0.0083555
45.13	0.0083516
45.14	0.0083477
45.15	0.0083438
45.16	0.0083399
45.17	0.008336
45.18	0.0083321
45.19	0.0083282
45.2	0.0083244
45.21	0.0083205
45.22	0.0083166
45.23	0.0083127
45.24	0.0083088
45.25	0.008305
45.26	0.0083011
45.27	0.0082972
45.28	0.0082934
45.29	0.0082895
45.3	0.0082856
45.31	0.0082818
45.32	0.0082779
45.33	0.0082741
45.34	0.0082702
45.35	0.0082664
45.36	0.0082625
45.37	0.0082587
45.38	0.0082549
45.39	0.008251
45.4	0.0082472
45.41	0.0082434
45.42	0.0082395
45.43	0.0082357
45.44	0.0082319
45.45	0.0082281
45.46	0.0082243
45.47	0.0082205
45.48	0.0082166
45.49	0.0082128
45.5	0.008209
45.51	0.0082052
45.52	0.0082014
45.53	0.0081976
45.54	0.0081938
45.55	0.00819
45.56	0.0081862
45.57	0.0081825
45.58	0.0081787
45.59	0.0081749
45.6	0.0081711
45.61	0.0081673
45.62	0.0081636
45.63	0.0081598
45.64	0.008156
45.65	0.0081523
45.66	0.0081485
45.67	0.0081447
45.68	0.008141
45.69	0.0081372
45.7	0.0081335
45.71	0.0081297
45.72	0.008126
45.73	0.0081222
45.74	0.0081185
45.75	0.0081147
45.76	0.008111
45.77	0.0081073
45.78	0.0081035
45.79	0.0080998
45.8	0.0080961
45.81	0.0080923
45.82	0.0080886
45.83	0.0080849
45.84	0.0080812
45.85	0.0080775
45.86	0.0080737
45.87	0.00807
45.88	0.0080663
45.89	0.0080626
45.9	0.0080589
45.91	0.0080552
45.92	0.0080515
45.93	0.0080478
45.94	0.0080441
45.95	0.0080404
45.96	0.0080368
45.97	0.0080331
45.98	0.0080294
45.99	0.0080257
46.0	0.008022
46.01	0.0080184
46.02	0.0080147
46.03	0.008011
46.04	0.0080074
46.05	0.0080037
46.06	0.008
46.07	0.0079964
46.08	0.0079927
46.09	0.0079891
46.1	0.0079854
46.11	0.0079818
46.12	0.0079781
46.13	0.0079745
46.14	0.0079708
46.15	0.0079672
46.16	0.0079635
46.17	0.0079599
46.18	0.0079563
46.19	0.0079526
46.2	0.007949
46.21	0.0079454
46.22	0.0079418
46.23	0.0079381
46.24	0.0079345
46.25	0.0079309
46.26	0.0079273
46.27	0.0079237
46.28	0.0079201
46.29	0.0079165
46.3	0.0079129
46.31	0.0079093
46.32	0.0079057
46.33	0.0079021
46.34	0.0078985
46.35	0.0078949
46.36	0.0078913
46.37	0.0078877
46.38	0.0078841
46.39	0.0078806
46.4	0.007877
46.41	0.0078734
46.42	0.0078698
46.43	0.0078663
46.44	0.0078627
46.45	0.0078591
46.46	0.0078556
46.47	0.007852
46.48	0.0078484
46.49	0.0078449
46.5	0.0078413
46.51	0.0078378
46.52	0.0078342
46.53	0.0078307
46.54	0.0078271
46.55	0.0078236
46.56	0.0078201
46.57	0.0078165
46.58	0.007813
46.59	0.0078094
46.6	0.0078059
46.61	0.0078024
46.62	0.0077989
46.63	0.0077953
46.64	0.0077918
46.65	0.0077883
46.66	0.0077848
46.67	0.0077813
46.68	0.0077778
46.69	0.0077742
46.7	0.0077707
46.71	0.0077672
46.72	0.0077637
46.73	0.0077602
46.74	0.0077567
46.75	0.0077532
46.76	0.0077497
46.77	0.0077463
46.78	0.0077428
46.79	0.0077393
46.8	0.0077358
46.81	0.0077323
46.82	0.0077288
46.83	0.0077254
46.84	0.0077219
46.85	0.0077184
46.86	0.007715
46.87	0.0077115
46.88	0.007708
46.89	0.0077046
46.9	0.0077011
46.91	0.0076976
46.92	0.0076942
46.93	0.0076907
46.94	0.0076873
46.95	0.0076838
46.96	0.0076804
46.97	0.0076769
46.98	0.0076735
46.99	0.0076701
47.0	0.0076666
47.01	0.0076632
47.02	0.0076598
47.03	0.0076563
47.04	0.0076529
47.05	0.0076495
47.06	0.0076461
47.07	0.0076426
47.08	0.0076392
47.09	0.0076358
47.1	0.0076324
47.11	0.007629
47.12	0.0076256
47.13	0.0076222
47.14	0.0076187
47.15	0.0076153
47.16	0.0076119
47.17	0.0076085
47.18	0.0076052
47.19	0.0076018
47.2	0.0075984
47.21	0.007595
47.22	0.0075916
47.23	0.0075882
47.24	0.0075848
47.25	0.0075814
47.26	0.0075781
47.27	0.0075747
47.28	0.0075713
47.29	0.0075679
47.3	0.0075646
47.31	0.0075612
47.32	0.0075578
47.33	0.0075545
47.34	0.0075511
47.35	0.0075478
47.36	0.0075444
47.37	0.0075411
47.38	0.0075377
47.39	0.0075344
47.4	0.007531
47.41	0.0075277
47.42	0.0075243
47.43	0.007521
47.44	0.0075176
47.45	0.0075143
47.46	0.007511
47.47	0.0075076
47.48	0.0075043
47.49	0.007501
47.5	0.0074977
47.51	0.0074943
47.52	0.007491
47.53	0.0074877
47.54	0.0074844
47.55	0.0074811
47.56	0.0074778
47.57	0.0074745
47.58	0.0074711
47.59	0.0074678
47.6	0.0074645
47.61	0.0074612
47.62	0.0074579
47.63	0.0074546
47.64	0.0074514
47.65	0.0074481
47.66	0.0074448
47.67	0.0074415
47.68	0.0074382
47.69	0.0074349
47.7	0.0074316
47.71	0.0074284
47.72	0.0074251
47.73	0.0074218
47.74	0.0074185
47.75	0.0074153
47.76	0.007412
47.77	0.0074087
47.78	0.0074055
47.79	0.0074022
47.8	0.0073989
47.81	0.0073957
47.82	0.0073924
47.83	0.0073892
47.84	0.0073859
47.85	0.0073827
47.86	0.0073794
47.87	0.0073762
47.88	0.0073729
47.89	0.0073697
47.9	0.0073665
47.91	0.0073632
47.92	0.00736
47.93	0.0073568
47.94	0.0073535
47.95	0.0073503
47.96	0.0073471
47.97	0.0073439
47.98	0.0073406
47.99	0.0073374
48.0	0.0073342
48.01	0.007331
48.02	0.0073278
48.03	0.0073246
48.04	0.0073214
48.05	0.0073182
48.06	0.0073149
48.07	0.0073117
48.08	0.0073085
48.09	0.0073053
48.1	0.0073022
48.11	0.007299
48.12	0.0072958
48.13	0.0072926
48.14	0.0072894
48.15	0.0072862
48.16	0.007283
48.17	0.0072798
48.18	0.0072767
48.19	0.0072735
48.2	0.0072703
48.21	0.0072671
48.22	0.007264
48.23	0.0072608
48.24	0.0072576
48.25	0.0072545
48.26	0.0072513
48.27	0.0072481
48.28	0.007245
48.29	0.0072418
48.3	0.0072387
48.31	0.0072355
48.32	0.0072324
48.33	0.0072292
48.34	0.0072261
48.35	0.0072229
48.36	0.0072198
48.37	0.0072166
48.38	0.0072135
48.39	0.0072104
48.4	0.0072072
48.41	0.0072041
48.42	0.007201
48.43	0.0071978
48.44	0.0071947
48.45	0.0071916
48.46	0.0071885
48.47	0.0071854
48.48	0.0071822
48.49	0.0071791
48.5	0.007176
48.51	0.0071729
48.52	0.0071698
48.53	0.0071667
48.54	0.0071636
48.55	0.0071605
48.56	0.0071574
48.57	0.0071543
48.58	0.0071512
48.59	0.0071481
48.6	0.007145
48.61	0.0071419
48.62	0.0071388
48.63	0.0071357
48.64	0.0071326
48.65	0.0071295
48.66	0.0071265
48.67	0.0071234
48.68	0.0071203
48.69	0.0071172
48.7	0.0071141
48.71	0.0071111
48.72	0.007108
48.73	0.0071049
48.74	0.0071019
48.75	0.0070988
48.76	0.0070957
48.77	0.0070927
48.78	0.0070896
48.79	0.0070866
48.8	0.0070835
48.81	0.0070805
48.82	0.0070774
48.83	0.0070744
48.84	0.0070713
48.85	0.0070683
48.86	0.0070652
48.87	0.0070622
48.88	0.0070592
48.89	0.0070561
48.9	0.0070531
48.91	0.0070501
48.92	0.007047
48.93	0.007044
48.94	0.007041
48.95	0.0070379
48.96	0.0070349
48.97	0.0070319
48.98	0.0070289
48.99	0.0070259
49.0	0.0070228
49.01	0.0070198
49.02	0.0070168
49.03	0.0070138
49.04	0.0070108
49.05	0.0070078
49.06	0.0070048
49.07	0.0070018
49.08	0.0069988
49.09	0.0069958
49.1	0.0069928
49.11	0.0069898
49.12	0.0069868
49.13	0.0069838
49.14	0.0069808
49.15	0.0069778
49.16	0.0069749
49.17	0.0069719
49.18	0.0069689
49.19	0.0069659
49.2	0.0069629
49.21	0.00696
49.22	0.006957
49.23	0.006954
49.24	0.0069511
49.25	0.0069481
49.26	0.0069451
49.27	0.0069422
49.28	0.0069392
49.29	0.0069362
49.3	0.0069333
49.31	0.0069303
49.32	0.0069274
49.33	0.0069244
49.34	0.0069215
49.35	0.0069185
49.36	0.0069156
49.37	0.0069126
49.38	0.0069097
49.39	0.0069067
49.4	0.0069038
49.41	0.0069009
49.42	0.0068979
49.43	0.006895
49.44	0.0068921
49.45	0.0068891
49.46	0.0068862
49.47	0.0068833
49.48	0.0068804
49.49	0.0068774
49.5	0.0068745
49.51	0.0068716
49.52	0.0068687
49.53	0.0068658
49.54	0.0068629
49.55	0.0068599
49.56	0.006857
49.57	0.0068541
49.58	0.0068512
49.59	0.0068483
49.6	0.0068454
49.61	0.0068425
49.62	0.0068396
49.63	0.0068367
49.64	0.0068338
49.65	0.0068309
49.66	0.006828
49.67	0.0068251
49.68	0.0068223
49.69	0.0068194
49.7	0.0068165
49.71	0.0068136
49.72	0.0068107
49.73	0.0068078
49.74	0.006805
49.75	0.0068021
49.76	0.0067992
49.77	0.0067964
49.78	0.0067935
49.79	0.0067906
49.8	0.0067878
49.81	0.0067849
49.82	0.006782
49.83	0.0067792
49.84	0.0067763
49.85	0.0067735
49.86	0.0067706
49.87	0.0067677
49.88	0.0067649
49.89	0.006762
49.9	0.0067592
49.91	0.0067563
49.92	0.0067535
49.93	0.0067507
49.94	0.0067478
49.95	0.006745
49.96	0.0067421
49.97	0.0067393
49.98	0.0067365
49.99	0.0067336
50.0	0.0067308
