eng	y_fit
0.17	0.0
0.18	0.1025
0.19	0.20055
0.2	0.25955
0.21	0.3038
0.22	0.33958
0.23	0.36971
0.24	0.39576
0.25	0.41867
0.26	0.43911
0.27	0.45756
0.28	0.47439
0.29	0.48987
0.3	0.50419
0.31	0.5175
0.32	0.52997
0.33	0.54174
0.34	0.55289
0.35	0.5635
0.36	0.57364
0.37	0.58337
0.38	0.59277
0.39	0.60188
0.4	0.61071
0.41	0.61925
0.42	0.62747
0.43	0.63536
0.44	0.64296
0.45	0.65022
0.46	0.65708
0.47	0.66358
0.48	0.66976
0.49	0.67557
0.5	0.68107
0.51	0.68633
0.52	0.69135
0.53	0.69605
0.54	0.7005
0.55	0.7048
0.56	0.70895
0.57	0.71289
0.58	0.71662
0.59	0.72021
0.6	0.72365
0.61	0.72691
0.62	0.72999
0.63	0.73294
0.64	0.73577
0.65	0.73846
0.66	0.74095
0.67	0.74327
0.68	0.74549
0.69	0.74762
0.7	0.74962
0.71	0.75147
0.72	0.75318
0.73	0.75479
0.74	0.75633
0.75	0.75779
0.76	0.75914
0.77	0.76041
0.78	0.76159
0.79	0.76271
0.8	0.76375
0.81	0.76474
0.82	0.76566
0.83	0.76654
0.84	0.76738
0.85	0.76816
0.86	0.76889
0.87	0.76956
0.88	0.7702
0.89	0.77081
0.9	0.7714
0.91	0.77195
0.92	0.77245
0.93	0.77291
0.94	0.77333
0.95	0.77372
0.96	0.7741
0.97	0.77445
0.98	0.77477
0.99	0.77505
1.0	0.77529
1.01	0.77549
1.02	0.77567
1.03	0.77582
1.04	0.77596
1.05	0.77606
1.06	0.77613
1.07	0.77616
1.08	0.77615
1.09	0.77611
1.1	0.77605
1.11	0.77597
1.12	0.77585
1.13	0.77571
1.14	0.77552
1.15	0.77529
1.16	0.77503
1.17	0.77473
1.18	0.77441
1.19	0.77405
1.2	0.77367
1.21	0.77324
1.22	0.77278
1.23	0.77227
1.24	0.77173
1.25	0.77116
1.26	0.77056
1.27	0.76994
1.28	0.76929
1.29	0.7686
1.3	0.76787
1.31	0.76712
1.32	0.76633
1.33	0.76551
1.34	0.76467
1.35	0.76381
1.36	0.76292
1.37	0.762
1.38	0.76104
1.39	0.76005
1.4	0.75904
1.41	0.75799
1.42	0.75692
1.43	0.75583
1.44	0.75472
1.45	0.75357
1.46	0.7524
1.47	0.75119
1.48	0.74996
1.49	0.7487
1.5	0.74743
1.51	0.74613
1.52	0.74481
1.53	0.74348
1.54	0.74212
1.55	0.74073
1.56	0.73932
1.57	0.73789
1.58	0.73644
1.59	0.73498
1.6	0.7335
1.61	0.73201
1.62	0.73049
1.63	0.72896
1.64	0.7274
1.65	0.72583
1.66	0.72424
1.67	0.72263
1.68	0.721
1.69	0.71937
1.7	0.71771
1.71	0.71604
1.72	0.71436
1.73	0.71265
1.74	0.71093
1.75	0.70919
1.76	0.70744
1.77	0.70567
1.78	0.7039
1.79	0.70212
1.8	0.70032
1.81	0.69851
1.82	0.69669
1.83	0.69486
1.84	0.69301
1.85	0.69116
1.86	0.6893
1.87	0.68744
1.88	0.68556
1.89	0.68368
1.9	0.68179
1.91	0.67989
1.92	0.67798
1.93	0.67606
1.94	0.67414
1.95	0.67221
1.96	0.67028
1.97	0.66834
1.98	0.6664
1.99	0.66445
2.0	0.66249
2.01	0.66053
2.02	0.65856
2.03	0.65659
2.04	0.65461
2.05	0.65264
2.06	0.65066
2.07	0.64868
2.08	0.6467
2.09	0.64471
2.1	0.64272
2.11	0.64074
2.12	0.63875
2.13	0.63676
2.14	0.63477
2.15	0.63278
2.16	0.6308
2.17	0.62881
2.18	0.62683
2.19	0.62485
2.2	0.62287
2.21	0.62088
2.22	0.61891
2.23	0.61693
2.24	0.61496
2.25	0.61299
2.26	0.61102
2.27	0.60906
2.28	0.6071
2.29	0.60514
2.3	0.60319
2.31	0.60123
2.32	0.59929
2.33	0.59734
2.34	0.59541
2.35	0.59347
2.36	0.59155
2.37	0.58962
2.38	0.58771
2.39	0.58579
2.4	0.58389
2.41	0.58199
2.42	0.58009
2.43	0.5782
2.44	0.57632
2.45	0.57444
2.46	0.57258
2.47	0.57072
2.48	0.56886
2.49	0.56702
2.5	0.56518
2.51	0.56334
2.52	0.56152
2.53	0.5597
2.54	0.55789
2.55	0.55609
2.56	0.5543
2.57	0.55252
2.58	0.55074
2.59	0.54897
2.6	0.54721
2.61	0.54546
2.62	0.54372
2.63	0.54198
2.64	0.54026
2.65	0.53854
2.66	0.53683
2.67	0.53513
2.68	0.53344
2.69	0.53177
2.7	0.53009
2.71	0.52843
2.72	0.52678
2.73	0.52514
2.74	0.5235
2.75	0.52188
2.76	0.52027
2.77	0.51866
2.78	0.51707
2.79	0.51548
2.8	0.51391
2.81	0.51234
2.82	0.51079
2.83	0.50924
2.84	0.50771
2.85	0.50618
2.86	0.50466
2.87	0.50316
2.88	0.50166
2.89	0.50017
2.9	0.4987
2.91	0.49723
2.92	0.49577
2.93	0.49432
2.94	0.49289
2.95	0.49146
2.96	0.49004
2.97	0.48863
2.98	0.48723
2.99	0.48584
3.0	0.48446
3.01	0.48309
3.02	0.48173
3.03	0.48038
3.04	0.47904
3.05	0.4777
3.06	0.47638
3.07	0.47507
3.08	0.47376
3.09	0.47247
3.1	0.47118
3.11	0.46991
3.12	0.46864
3.13	0.46738
3.14	0.46614
3.15	0.4649
3.16	0.46366
3.17	0.46244
3.18	0.46123
3.19	0.46002
3.2	0.45883
3.21	0.45764
3.22	0.45646
3.23	0.45529
3.24	0.45413
3.25	0.45298
3.26	0.45183
3.27	0.4507
3.28	0.44957
3.29	0.44845
3.3	0.44734
3.31	0.44623
3.32	0.44514
3.33	0.44405
3.34	0.44297
3.35	0.44189
3.36	0.44083
3.37	0.43977
3.38	0.43872
3.39	0.43768
3.4	0.43664
3.41	0.43561
3.42	0.43459
3.43	0.43358
3.44	0.43257
3.45	0.43157
3.46	0.43058
3.47	0.42959
3.48	0.42861
3.49	0.42764
3.5	0.42667
3.51	0.42571
3.52	0.42476
3.53	0.42381
3.54	0.42287
3.55	0.42194
3.56	0.42101
3.57	0.42008
3.58	0.41917
3.59	0.41826
3.6	0.41735
3.61	0.41645
3.62	0.41556
3.63	0.41467
3.64	0.41378
3.65	0.41291
3.66	0.41203
3.67	0.41116
3.68	0.4103
3.69	0.40945
3.7	0.40859
3.71	0.40774
3.72	0.4069
3.73	0.40606
3.74	0.40523
3.75	0.4044
3.76	0.40358
3.77	0.40276
3.78	0.40194
3.79	0.40113
3.8	0.40032
3.81	0.39952
3.82	0.39872
3.83	0.39793
3.84	0.39714
3.85	0.39635
3.86	0.39556
3.87	0.39479
3.88	0.39401
3.89	0.39324
3.9	0.39247
3.91	0.3917
3.92	0.39094
3.93	0.39018
3.94	0.38943
3.95	0.38867
3.96	0.38792
3.97	0.38718
3.98	0.38644
3.99	0.3857
4.0	0.38496
4.01	0.38422
4.02	0.38349
4.03	0.38276
4.04	0.38204
4.05	0.38132
4.06	0.38059
4.07	0.37988
4.08	0.37916
4.09	0.37845
4.1	0.37774
4.11	0.37703
4.12	0.37632
4.13	0.37562
4.14	0.37492
4.15	0.37422
4.16	0.37352
4.17	0.37283
4.18	0.37213
4.19	0.37144
4.2	0.37075
4.21	0.37007
4.22	0.36938
4.23	0.3687
4.24	0.36801
4.25	0.36734
4.26	0.36666
4.27	0.36598
4.28	0.36531
4.29	0.36463
4.3	0.36396
4.31	0.36329
4.32	0.36262
4.33	0.36196
4.34	0.36129
4.35	0.36063
4.36	0.35997
4.37	0.35931
4.38	0.35865
4.39	0.35799
4.4	0.35733
4.41	0.35668
4.42	0.35603
4.43	0.35537
4.44	0.35472
4.45	0.35407
4.46	0.35342
4.47	0.35278
4.48	0.35213
4.49	0.35149
4.5	0.35084
4.51	0.3502
4.52	0.34956
4.53	0.34892
4.54	0.34828
4.55	0.34764
4.56	0.347
4.57	0.34637
4.58	0.34573
4.59	0.3451
4.6	0.34446
4.61	0.34383
4.62	0.3432
4.63	0.34257
4.64	0.34194
4.65	0.34131
4.66	0.34069
4.67	0.34006
4.68	0.33944
4.69	0.33881
4.7	0.33819
4.71	0.33757
4.72	0.33694
4.73	0.33632
4.74	0.3357
4.75	0.33509
4.76	0.33447
4.77	0.33385
4.78	0.33323
4.79	0.33262
4.8	0.332
4.81	0.33139
4.82	0.33078
4.83	0.33017
4.84	0.32956
4.85	0.32895
4.86	0.32834
4.87	0.32773
4.88	0.32712
4.89	0.32651
4.9	0.32591
4.91	0.3253
4.92	0.3247
4.93	0.3241
4.94	0.32349
4.95	0.32289
4.96	0.32229
4.97	0.32169
4.98	0.32109
4.99	0.32049
5.0	0.3199
5.01	0.3193
5.02	0.31871
5.03	0.31811
5.04	0.31752
5.05	0.31692
5.06	0.31633
5.07	0.31574
5.08	0.31515
5.09	0.31456
5.1	0.31397
5.11	0.31339
5.12	0.3128
5.13	0.31221
5.14	0.31163
5.15	0.31105
5.16	0.31046
5.17	0.30988
5.18	0.3093
5.19	0.30872
5.2	0.30814
5.21	0.30756
5.22	0.30698
5.23	0.30641
5.24	0.30583
5.25	0.30526
5.26	0.30468
5.27	0.30411
5.28	0.30354
5.29	0.30297
5.3	0.3024
5.31	0.30183
5.32	0.30126
5.33	0.30069
5.34	0.30013
5.35	0.29956
5.36	0.299
5.37	0.29844
5.38	0.29787
5.39	0.29731
5.4	0.29675
5.41	0.29619
5.42	0.29564
5.43	0.29508
5.44	0.29452
5.45	0.29397
5.46	0.29341
5.47	0.29286
5.48	0.29231
5.49	0.29176
5.5	0.29121
5.51	0.29066
5.52	0.29011
5.53	0.28957
5.54	0.28902
5.55	0.28847
5.56	0.28793
5.57	0.28739
5.58	0.28685
5.59	0.28631
5.6	0.28577
5.61	0.28523
5.62	0.28469
5.63	0.28415
5.64	0.28362
5.65	0.28309
5.66	0.28255
5.67	0.28202
5.68	0.28149
5.69	0.28096
5.7	0.28043
5.71	0.2799
5.72	0.27938
5.73	0.27885
5.74	0.27832
5.75	0.2778
5.76	0.27728
5.77	0.27676
5.78	0.27624
5.79	0.27572
5.8	0.2752
5.81	0.27468
5.82	0.27417
5.83	0.27365
5.84	0.27314
5.85	0.27262
5.86	0.27211
5.87	0.2716
5.88	0.27109
5.89	0.27058
5.9	0.27007
5.91	0.26957
5.92	0.26906
5.93	0.26856
5.94	0.26805
5.95	0.26755
5.96	0.26705
5.97	0.26655
5.98	0.26605
5.99	0.26555
6.0	0.26505
6.01	0.26456
6.02	0.26406
6.03	0.26357
6.04	0.26307
6.05	0.26258
6.06	0.26209
6.07	0.2616
6.08	0.26111
6.09	0.26062
6.1	0.26014
6.11	0.25965
6.12	0.25917
6.13	0.25868
6.14	0.2582
6.15	0.25772
6.16	0.25724
6.17	0.25676
6.18	0.25628
6.19	0.2558
6.2	0.25532
6.21	0.25485
6.22	0.25437
6.23	0.2539
6.24	0.25342
6.25	0.25295
6.26	0.25248
6.27	0.25201
6.28	0.25154
6.29	0.25108
6.3	0.25061
6.31	0.25014
6.32	0.24968
6.33	0.24921
6.34	0.24875
6.35	0.24829
6.36	0.24783
6.37	0.24737
6.38	0.24691
6.39	0.24645
6.4	0.24599
6.41	0.24554
6.42	0.24508
6.43	0.24463
6.44	0.24417
6.45	0.24372
6.46	0.24327
6.47	0.24282
6.48	0.24237
6.49	0.24192
6.5	0.24147
6.51	0.24103
6.52	0.24058
6.53	0.24014
6.54	0.23969
6.55	0.23925
6.56	0.23881
6.57	0.23837
6.58	0.23793
6.59	0.23749
6.6	0.23705
6.61	0.23661
6.62	0.23617
6.63	0.23574
6.64	0.2353
6.65	0.23487
6.66	0.23444
6.67	0.23401
6.68	0.23357
6.69	0.23314
6.7	0.23271
6.71	0.23229
6.72	0.23186
6.73	0.23143
6.74	0.23101
6.75	0.23058
6.76	0.23016
6.77	0.22973
6.78	0.22931
6.79	0.22889
6.8	0.22847
6.81	0.22805
6.82	0.22763
6.83	0.22721
6.84	0.22679
6.85	0.22638
6.86	0.22596
6.87	0.22555
6.88	0.22513
6.89	0.22472
6.9	0.22431
6.91	0.2239
6.92	0.22348
6.93	0.22307
6.94	0.22267
6.95	0.22226
6.96	0.22185
6.97	0.22144
6.98	0.22104
6.99	0.22063
7.0	0.22023
7.01	0.21982
7.02	0.21942
7.03	0.21902
7.04	0.21862
7.05	0.21822
7.06	0.21782
7.07	0.21742
7.08	0.21702
7.09	0.21663
7.1	0.21623
7.11	0.21583
7.12	0.21544
7.13	0.21504
7.14	0.21465
7.15	0.21426
7.16	0.21387
7.17	0.21348
7.18	0.21309
7.19	0.2127
7.2	0.21231
7.21	0.21192
7.22	0.21153
7.23	0.21115
7.24	0.21076
7.25	0.21038
7.26	0.20999
7.27	0.20961
7.28	0.20922
7.29	0.20884
7.3	0.20846
7.31	0.20808
7.32	0.2077
7.33	0.20732
7.34	0.20694
7.35	0.20657
7.36	0.20619
7.37	0.20581
7.38	0.20544
7.39	0.20506
7.4	0.20469
7.41	0.20432
7.42	0.20394
7.43	0.20357
7.44	0.2032
7.45	0.20283
7.46	0.20246
7.47	0.20209
7.48	0.20172
7.49	0.20136
7.5	0.20099
7.51	0.20062
7.52	0.20026
7.53	0.19989
7.54	0.19953
7.55	0.19917
7.56	0.1988
7.57	0.19844
7.58	0.19808
7.59	0.19772
7.6	0.19736
7.61	0.197
7.62	0.19664
7.63	0.19629
7.64	0.19593
7.65	0.19557
7.66	0.19522
7.67	0.19486
7.68	0.19451
7.69	0.19416
7.7	0.1938
7.71	0.19345
7.72	0.1931
7.73	0.19275
7.74	0.1924
7.75	0.19205
7.76	0.1917
7.77	0.19135
7.78	0.19101
7.79	0.19066
7.8	0.19031
7.81	0.18997
7.82	0.18962
7.83	0.18928
7.84	0.18894
7.85	0.1886
7.86	0.18825
7.87	0.18791
7.88	0.18757
7.89	0.18723
7.9	0.18689
7.91	0.18656
7.92	0.18622
7.93	0.18588
7.94	0.18554
7.95	0.18521
7.96	0.18487
7.97	0.18454
7.98	0.18421
7.99	0.18387
8.0	0.18354
8.01	0.18321
8.02	0.18288
8.03	0.18255
8.04	0.18222
8.05	0.18189
8.06	0.18156
8.07	0.18123
8.08	0.18091
8.09	0.18058
8.1	0.18025
8.11	0.17993
8.12	0.1796
8.13	0.17928
8.14	0.17896
8.15	0.17863
8.16	0.17831
8.17	0.17799
8.18	0.17767
8.19	0.17735
8.2	0.17703
8.21	0.17671
8.22	0.17639
8.23	0.17608
8.24	0.17576
8.25	0.17544
8.26	0.17513
8.27	0.17481
8.28	0.1745
8.29	0.17419
8.3	0.17387
8.31	0.17356
8.32	0.17325
8.33	0.17294
8.34	0.17263
8.35	0.17232
8.36	0.17201
8.37	0.1717
8.38	0.17139
8.39	0.17109
8.4	0.17078
8.41	0.17047
8.42	0.17017
8.43	0.16986
8.44	0.16956
8.45	0.16925
8.46	0.16895
8.47	0.16865
8.48	0.16835
8.49	0.16805
8.5	0.16774
8.51	0.16744
8.52	0.16715
8.53	0.16685
8.54	0.16655
8.55	0.16625
8.56	0.16595
8.57	0.16566
8.58	0.16536
8.59	0.16507
8.6	0.16477
8.61	0.16448
8.62	0.16419
8.63	0.16389
8.64	0.1636
8.65	0.16331
8.66	0.16302
8.67	0.16273
8.68	0.16244
8.69	0.16215
8.7	0.16186
8.71	0.16157
8.72	0.16129
8.73	0.161
8.74	0.16071
8.75	0.16043
8.76	0.16014
8.77	0.15986
8.78	0.15957
8.79	0.15929
8.8	0.15901
8.81	0.15873
8.82	0.15844
8.83	0.15816
8.84	0.15788
8.85	0.1576
8.86	0.15732
8.87	0.15704
8.88	0.15676
8.89	0.15648
8.9	0.15621
8.91	0.15593
8.92	0.15566
8.93	0.15539
8.94	0.15512
8.95	0.15485
8.96	0.15458
8.97	0.15431
8.98	0.15405
8.99	0.15379
9.0	0.15354
9.01	0.15329
9.02	0.15305
9.03	0.15283
9.04	0.15263
9.05	0.15244
9.06	0.15229
9.07	0.15214
9.08	0.15198
9.09	0.15178
9.1	0.15153
9.11	0.15124
9.12	0.15093
9.13	0.15062
9.14	0.15032
9.15	0.15003
9.16	0.14976
9.17	0.1495
9.18	0.14925
9.19	0.14902
9.2	0.1488
9.21	0.1486
9.22	0.14844
9.23	0.1483
9.24	0.14822
9.25	0.1482
9.26	0.14826
9.27	0.14841
9.28	0.14866
9.29	0.1489
9.3	0.14898
9.31	0.14872
9.32	0.14814
9.33	0.14742
9.34	0.14671
9.35	0.14608
9.36	0.14553
9.37	0.14506
9.38	0.14466
9.39	0.14429
9.4	0.14396
9.41	0.14366
9.42	0.14339
9.43	0.14314
9.44	0.14291
9.45	0.1427
9.46	0.1425
9.47	0.1423
9.48	0.14205
9.49	0.14171
9.5	0.14127
9.51	0.1408
9.52	0.14038
9.53	0.14002
9.54	0.1397
9.55	0.13942
9.56	0.13915
9.57	0.13889
9.58	0.13864
9.59	0.13839
9.6	0.13815
9.61	0.13791
9.62	0.13767
9.63	0.13743
9.64	0.13719
9.65	0.13695
9.66	0.13671
9.67	0.13648
9.68	0.13624
9.69	0.13601
9.7	0.13577
9.71	0.13554
9.72	0.1353
9.73	0.13507
9.74	0.13484
9.75	0.13461
9.76	0.13438
9.77	0.13415
9.78	0.13392
9.79	0.13369
9.8	0.13346
9.81	0.13323
9.82	0.133
9.83	0.13278
9.84	0.13255
9.85	0.13232
9.86	0.1321
9.87	0.13187
9.88	0.13165
9.89	0.13142
9.9	0.1312
9.91	0.13097
9.92	0.13075
9.93	0.13053
9.94	0.1303
9.95	0.13008
9.96	0.12986
9.97	0.12964
9.98	0.12942
9.99	0.12919
10.0	0.12897
10.01	0.12875
10.02	0.12853
10.03	0.12831
10.04	0.12809
10.05	0.12788
10.06	0.12766
10.07	0.12744
10.08	0.12722
10.09	0.127
10.1	0.12679
10.11	0.12657
10.12	0.12636
10.13	0.12614
10.14	0.12593
10.15	0.12571
10.16	0.1255
10.17	0.12528
10.18	0.12507
10.19	0.12486
10.2	0.12464
10.21	0.12443
10.22	0.12422
10.23	0.12401
10.24	0.1238
10.25	0.12359
10.26	0.12338
10.27	0.12317
10.28	0.12296
10.29	0.12275
10.3	0.12254
10.31	0.12234
10.32	0.12213
10.33	0.12192
10.34	0.12172
10.35	0.12151
10.36	0.1213
10.37	0.1211
10.38	0.12089
10.39	0.12069
10.4	0.12049
10.41	0.12028
10.42	0.12008
10.43	0.11988
10.44	0.11968
10.45	0.11947
10.46	0.11927
10.47	0.11907
10.48	0.11887
10.49	0.11867
10.5	0.11847
10.51	0.11827
10.52	0.11807
10.53	0.11788
10.54	0.11768
10.55	0.11748
10.56	0.11728
10.57	0.11709
10.58	0.11689
10.59	0.1167
10.6	0.1165
10.61	0.11631
10.62	0.11611
10.63	0.11592
10.64	0.11572
10.65	0.11553
10.66	0.11534
10.67	0.11515
10.68	0.11495
10.69	0.11476
10.7	0.11457
10.71	0.11438
10.72	0.11419
10.73	0.114
10.74	0.11381
10.75	0.11362
10.76	0.11343
10.77	0.11324
10.78	0.11306
10.79	0.11287
10.8	0.11268
10.81	0.1125
10.82	0.11231
10.83	0.11212
10.84	0.11194
10.85	0.11175
10.86	0.11157
10.87	0.11138
10.88	0.1112
10.89	0.11102
10.9	0.11083
10.91	0.11065
10.92	0.11047
10.93	0.11029
10.94	0.11011
10.95	0.10992
10.96	0.10974
10.97	0.10956
10.98	0.10938
10.99	0.1092
11.0	0.10902
11.01	0.10885
11.02	0.10867
11.03	0.10849
11.04	0.10831
11.05	0.10813
11.06	0.10796
11.07	0.10778
11.08	0.1076
11.09	0.10743
11.1	0.10725
11.11	0.10708
11.12	0.1069
11.13	0.10673
11.14	0.10655
11.15	0.10638
11.16	0.10621
11.17	0.10603
11.18	0.10586
11.19	0.10569
11.2	0.10551
11.21	0.10534
11.22	0.10517
11.23	0.105
11.24	0.10483
11.25	0.10466
11.26	0.10449
11.27	0.10432
11.28	0.10415
11.29	0.10398
11.3	0.10381
11.31	0.10364
11.32	0.10347
11.33	0.10331
11.34	0.10314
11.35	0.10297
11.36	0.1028
11.37	0.10264
11.38	0.10247
11.39	0.10231
11.4	0.10214
11.41	0.10197
11.42	0.10181
11.43	0.10164
11.44	0.10148
11.45	0.10132
11.46	0.10115
11.47	0.10099
11.48	0.10083
11.49	0.10066
11.5	0.1005
11.51	0.10034
11.52	0.10018
11.53	0.10002
11.54	0.099857
11.55	0.099696
11.56	0.099536
11.57	0.099376
11.58	0.099216
11.59	0.099057
11.6	0.098898
11.61	0.09874
11.62	0.098581
11.63	0.098423
11.64	0.098266
11.65	0.098109
11.66	0.097952
11.67	0.097795
11.68	0.097639
11.69	0.097483
11.7	0.097327
11.71	0.097172
11.72	0.097017
11.73	0.096862
11.74	0.096708
11.75	0.096554
11.76	0.0964
11.77	0.096247
11.78	0.096094
11.79	0.095941
11.8	0.095789
11.81	0.095637
11.82	0.095485
11.83	0.095334
11.84	0.095183
11.85	0.095032
11.86	0.094881
11.87	0.094731
11.88	0.094581
11.89	0.094432
11.9	0.094283
11.91	0.094134
11.92	0.093985
11.93	0.093837
11.94	0.093689
11.95	0.093541
11.96	0.093394
11.97	0.093247
11.98	0.0931
11.99	0.092954
12.0	0.092808
12.01	0.092662
12.02	0.092516
12.03	0.092371
12.04	0.092226
12.05	0.092082
12.06	0.091937
12.07	0.091793
12.08	0.09165
12.09	0.091506
12.1	0.091363
12.11	0.09122
12.12	0.091078
12.13	0.090936
12.14	0.090794
12.15	0.090652
12.16	0.090511
12.17	0.09037
12.18	0.090229
12.19	0.090089
12.2	0.089949
12.21	0.089809
12.22	0.089669
12.23	0.08953
12.24	0.089391
12.25	0.089253
12.26	0.089114
12.27	0.088976
12.28	0.088838
12.29	0.088701
12.3	0.088564
12.31	0.088427
12.32	0.08829
12.33	0.088154
12.34	0.088018
12.35	0.087882
12.36	0.087746
12.37	0.087611
12.38	0.087476
12.39	0.087341
12.4	0.087207
12.41	0.087073
12.42	0.086939
12.43	0.086805
12.44	0.086672
12.45	0.086539
12.46	0.086406
12.47	0.086274
12.48	0.086142
12.49	0.08601
12.5	0.085878
12.51	0.085747
12.52	0.085616
12.53	0.085485
12.54	0.085354
12.55	0.085224
12.56	0.085094
12.57	0.084964
12.58	0.084835
12.59	0.084705
12.6	0.084576
12.61	0.084448
12.62	0.084319
12.63	0.084191
12.64	0.084063
12.65	0.083935
12.66	0.083808
12.67	0.083681
12.68	0.083554
12.69	0.083427
12.7	0.083301
12.71	0.083175
12.72	0.083049
12.73	0.082923
12.74	0.082798
12.75	0.082672
12.76	0.082548
12.77	0.082423
12.78	0.082298
12.79	0.082174
12.8	0.08205
12.81	0.081927
12.82	0.081803
12.83	0.08168
12.84	0.081557
12.85	0.081435
12.86	0.081312
12.87	0.08119
12.88	0.081068
12.89	0.080946
12.9	0.080825
12.91	0.080704
12.92	0.080583
12.93	0.080462
12.94	0.080341
12.95	0.080221
12.96	0.080101
12.97	0.079981
12.98	0.079862
12.99	0.079742
13.0	0.079623
13.01	0.079504
13.02	0.079386
13.03	0.079267
13.04	0.079149
13.05	0.079031
13.06	0.078913
13.07	0.078796
13.08	0.078679
13.09	0.078562
13.1	0.078445
13.11	0.078328
13.12	0.078212
13.13	0.078096
13.14	0.07798
13.15	0.077864
13.16	0.077749
13.17	0.077634
13.18	0.077519
13.19	0.077404
13.2	0.077289
13.21	0.077175
13.22	0.077061
13.23	0.076947
13.24	0.076833
13.25	0.07672
13.26	0.076607
13.27	0.076494
13.28	0.076381
13.29	0.076268
13.3	0.076156
13.31	0.076044
13.32	0.075932
13.33	0.07582
13.34	0.075709
13.35	0.075597
13.36	0.075486
13.37	0.075376
13.38	0.075265
13.39	0.075155
13.4	0.075044
13.41	0.074934
13.42	0.074825
13.43	0.074715
13.44	0.074606
13.45	0.074497
13.46	0.074388
13.47	0.074279
13.48	0.07417
13.49	0.074062
13.5	0.073954
13.51	0.073846
13.52	0.073738
13.53	0.073631
13.54	0.073524
13.55	0.073417
13.56	0.07331
13.57	0.073203
13.58	0.073097
13.59	0.07299
13.6	0.072884
13.61	0.072778
13.62	0.072673
13.63	0.072567
13.64	0.072462
13.65	0.072357
13.66	0.072252
13.67	0.072147
13.68	0.072043
13.69	0.071939
13.7	0.071834
13.71	0.071731
13.72	0.071627
13.73	0.071523
13.74	0.07142
13.75	0.071317
13.76	0.071214
13.77	0.071111
13.78	0.071009
13.79	0.070906
13.8	0.070804
13.81	0.070702
13.82	0.070601
13.83	0.070499
13.84	0.070398
13.85	0.070296
13.86	0.070195
13.87	0.070095
13.88	0.069994
13.89	0.069893
13.9	0.069793
13.91	0.069693
13.92	0.069593
13.93	0.069494
13.94	0.069394
13.95	0.069295
13.96	0.069196
13.97	0.069097
13.98	0.068998
13.99	0.068899
14.0	0.068801
14.01	0.068703
14.02	0.068605
14.03	0.068507
14.04	0.068409
14.05	0.068312
14.06	0.068214
14.07	0.068117
14.08	0.06802
14.09	0.067923
14.1	0.067827
14.11	0.06773
14.12	0.067634
14.13	0.067538
14.14	0.067442
14.15	0.067347
14.16	0.067251
14.17	0.067156
14.18	0.067061
14.19	0.066966
14.2	0.066871
14.21	0.066776
14.22	0.066682
14.23	0.066588
14.24	0.066494
14.25	0.0664
14.26	0.066306
14.27	0.066212
14.28	0.066119
14.29	0.066026
14.3	0.065933
14.31	0.06584
14.32	0.065747
14.33	0.065655
14.34	0.065563
14.35	0.06547
14.36	0.065378
14.37	0.065287
14.38	0.065195
14.39	0.065103
14.4	0.065012
14.41	0.064921
14.42	0.06483
14.43	0.064739
14.44	0.064649
14.45	0.064558
14.46	0.064468
14.47	0.064378
14.48	0.064288
14.49	0.064198
14.5	0.064109
14.51	0.064019
14.52	0.06393
14.53	0.063841
14.54	0.063752
14.55	0.063663
14.56	0.063575
14.57	0.063486
14.58	0.063398
14.59	0.06331
14.6	0.063222
14.61	0.063134
14.62	0.063047
14.63	0.062959
14.64	0.062872
14.65	0.062785
14.66	0.062698
14.67	0.062611
14.68	0.062525
14.69	0.062438
14.7	0.062352
14.71	0.062266
14.72	0.06218
14.73	0.062094
14.74	0.062008
14.75	0.061923
14.76	0.061838
14.77	0.061752
14.78	0.061667
14.79	0.061583
14.8	0.061498
14.81	0.061413
14.82	0.061329
14.83	0.061245
14.84	0.061161
14.85	0.061077
14.86	0.060993
14.87	0.06091
14.88	0.060826
14.89	0.060743
14.9	0.06066
14.91	0.060577
14.92	0.060494
14.93	0.060412
14.94	0.060329
14.95	0.060247
14.96	0.060165
14.97	0.060083
14.98	0.060001
14.99	0.059919
15.0	0.059837
15.01	0.059756
15.02	0.059675
15.03	0.059594
15.04	0.059513
15.05	0.059432
15.06	0.059351
15.07	0.059271
15.08	0.05919
15.09	0.05911
15.1	0.05903
15.11	0.05895
15.12	0.05887
15.13	0.058791
15.14	0.058711
15.15	0.058632
15.16	0.058553
15.17	0.058474
15.18	0.058395
15.19	0.058316
15.2	0.058238
15.21	0.058159
15.22	0.058081
15.23	0.058003
15.24	0.057925
15.25	0.057847
15.26	0.057769
15.27	0.057692
15.28	0.057614
15.29	0.057537
15.3	0.05746
15.31	0.057383
15.32	0.057306
15.33	0.057229
15.34	0.057153
15.35	0.057076
15.36	0.057
15.37	0.056924
15.38	0.056848
15.39	0.056772
15.4	0.056696
15.41	0.056621
15.42	0.056545
15.43	0.05647
15.44	0.056395
15.45	0.05632
15.46	0.056245
15.47	0.05617
15.48	0.056096
15.49	0.056021
15.5	0.055947
15.51	0.055873
15.52	0.055798
15.53	0.055725
15.54	0.055651
15.55	0.055577
15.56	0.055504
15.57	0.05543
15.58	0.055357
15.59	0.055284
15.6	0.055211
15.61	0.055138
15.62	0.055065
15.63	0.054993
15.64	0.05492
15.65	0.054848
15.66	0.054776
15.67	0.054704
15.68	0.054632
15.69	0.05456
15.7	0.054488
15.71	0.054417
15.72	0.054346
15.73	0.054274
15.74	0.054203
15.75	0.054132
15.76	0.054061
15.77	0.053991
15.78	0.05392
15.79	0.05385
15.8	0.053779
15.81	0.053709
15.82	0.053639
15.83	0.053569
15.84	0.053499
15.85	0.053429
15.86	0.05336
15.87	0.05329
15.88	0.053221
15.89	0.053152
15.9	0.053083
15.91	0.053014
15.92	0.052945
15.93	0.052876
15.94	0.052808
15.95	0.052739
15.96	0.052671
15.97	0.052603
15.98	0.052535
15.99	0.052467
16.0	0.052399
16.01	0.052331
16.02	0.052264
16.03	0.052196
16.04	0.052129
16.05	0.052062
16.06	0.051995
16.07	0.051928
16.08	0.051861
16.09	0.051794
16.1	0.051727
16.11	0.051661
16.12	0.051595
16.13	0.051528
16.14	0.051462
16.15	0.051396
16.16	0.05133
16.17	0.051265
16.18	0.051199
16.19	0.051133
16.2	0.051068
16.21	0.051003
16.22	0.050938
16.23	0.050873
16.24	0.050808
16.25	0.050743
16.26	0.050678
16.27	0.050613
16.28	0.050549
16.29	0.050485
16.3	0.05042
16.31	0.050356
16.32	0.050292
16.33	0.050228
16.34	0.050165
16.35	0.050101
16.36	0.050037
16.37	0.049974
16.38	0.049911
16.39	0.049847
16.4	0.049784
16.41	0.049721
16.42	0.049658
16.43	0.049596
16.44	0.049533
16.45	0.04947
16.46	0.049408
16.47	0.049346
16.48	0.049283
16.49	0.049221
16.5	0.049159
16.51	0.049097
16.52	0.049036
16.53	0.048974
16.54	0.048912
16.55	0.048851
16.56	0.04879
16.57	0.048728
16.58	0.048667
16.59	0.048606
16.6	0.048545
16.61	0.048485
16.62	0.048424
16.63	0.048363
16.64	0.048303
16.65	0.048242
16.66	0.048182
16.67	0.048122
16.68	0.048062
16.69	0.048002
16.7	0.047942
16.71	0.047882
16.72	0.047823
16.73	0.047763
16.74	0.047704
16.75	0.047644
16.76	0.047585
16.77	0.047526
16.78	0.047467
16.79	0.047408
16.8	0.047349
16.81	0.047291
16.82	0.047232
16.83	0.047174
16.84	0.047115
16.85	0.047057
16.86	0.046999
16.87	0.046941
16.88	0.046883
16.89	0.046825
16.9	0.046767
16.91	0.046709
16.92	0.046652
16.93	0.046594
16.94	0.046537
16.95	0.046479
16.96	0.046422
16.97	0.046365
16.98	0.046308
16.99	0.046251
17.0	0.046195
17.01	0.046138
17.02	0.046081
17.03	0.046025
17.04	0.045968
17.05	0.045912
17.06	0.045856
17.07	0.0458
17.08	0.045744
17.09	0.045688
17.1	0.045632
17.11	0.045576
17.12	0.045521
17.13	0.045465
17.14	0.04541
17.15	0.045354
17.16	0.045299
17.17	0.045244
17.18	0.045189
17.19	0.045134
17.2	0.045079
17.21	0.045024
17.22	0.04497
17.23	0.044915
17.24	0.044861
17.25	0.044806
17.26	0.044752
17.27	0.044698
17.28	0.044644
17.29	0.044589
17.3	0.044536
17.31	0.044482
17.32	0.044428
17.33	0.044374
17.34	0.044321
17.35	0.044267
17.36	0.044214
17.37	0.044161
17.38	0.044107
17.39	0.044054
17.4	0.044001
17.41	0.043948
17.42	0.043895
17.43	0.043843
17.44	0.04379
17.45	0.043737
17.46	0.043685
17.47	0.043633
17.48	0.04358
17.49	0.043528
17.5	0.043476
17.51	0.043424
17.52	0.043372
17.53	0.04332
17.54	0.043268
17.55	0.043217
17.56	0.043165
17.57	0.043114
17.58	0.043062
17.59	0.043011
17.6	0.04296
17.61	0.042908
17.62	0.042857
17.63	0.042806
17.64	0.042755
17.65	0.042705
17.66	0.042654
17.67	0.042603
17.68	0.042553
17.69	0.042502
17.7	0.042452
17.71	0.042401
17.72	0.042351
17.73	0.042301
17.74	0.042251
17.75	0.042201
17.76	0.042151
17.77	0.042101
17.78	0.042052
17.79	0.042002
17.8	0.041952
17.81	0.041903
17.82	0.041854
17.83	0.041804
17.84	0.041755
17.85	0.041706
17.86	0.041657
17.87	0.041608
17.88	0.041559
17.89	0.04151
17.9	0.041461
17.91	0.041413
17.92	0.041364
17.93	0.041316
17.94	0.041267
17.95	0.041219
17.96	0.041171
17.97	0.041122
17.98	0.041074
17.99	0.041026
18.0	0.040978
18.01	0.040931
18.02	0.040883
18.03	0.040835
18.04	0.040788
18.05	0.04074
18.06	0.040693
18.07	0.040645
18.08	0.040598
18.09	0.040551
18.1	0.040503
18.11	0.040456
18.12	0.040409
18.13	0.040363
18.14	0.040316
18.15	0.040269
18.16	0.040222
18.17	0.040176
18.18	0.040129
18.19	0.040083
18.2	0.040036
18.21	0.03999
18.22	0.039944
18.23	0.039898
18.24	0.039852
18.25	0.039806
18.26	0.03976
18.27	0.039714
18.28	0.039668
18.29	0.039622
18.3	0.039577
18.31	0.039531
18.32	0.039486
18.33	0.03944
18.34	0.039395
18.35	0.03935
18.36	0.039305
18.37	0.039259
18.38	0.039214
18.39	0.039169
18.4	0.039125
18.41	0.03908
18.42	0.039035
18.43	0.03899
18.44	0.038946
18.45	0.038901
18.46	0.038857
18.47	0.038813
18.48	0.038768
18.49	0.038724
18.5	0.03868
18.51	0.038636
18.52	0.038592
18.53	0.038548
18.54	0.038504
18.55	0.03846
18.56	0.038416
18.57	0.038373
18.58	0.038329
18.59	0.038286
18.6	0.038242
18.61	0.038199
18.62	0.038156
18.63	0.038112
18.64	0.038069
18.65	0.038026
18.66	0.037983
18.67	0.03794
18.68	0.037897
18.69	0.037854
18.7	0.037812
18.71	0.037769
18.72	0.037726
18.73	0.037684
18.74	0.037641
18.75	0.037599
18.76	0.037557
18.77	0.037514
18.78	0.037472
18.79	0.03743
18.8	0.037388
18.81	0.037346
18.82	0.037304
18.83	0.037262
18.84	0.03722
18.85	0.037179
18.86	0.037137
18.87	0.037095
18.88	0.037054
18.89	0.037012
18.9	0.036971
18.91	0.03693
18.92	0.036888
18.93	0.036847
18.94	0.036806
18.95	0.036765
18.96	0.036724
18.97	0.036683
18.98	0.036642
18.99	0.036601
19.0	0.036561
19.01	0.03652
19.02	0.036479
19.03	0.036439
19.04	0.036398
19.05	0.036358
19.06	0.036318
19.07	0.036277
19.08	0.036237
19.09	0.036197
19.1	0.036157
19.11	0.036117
19.12	0.036077
19.13	0.036037
19.14	0.035997
19.15	0.035957
19.16	0.035917
19.17	0.035878
19.18	0.035838
19.19	0.035799
19.2	0.035759
19.21	0.03572
19.22	0.03568
19.23	0.035641
19.24	0.035602
19.25	0.035563
19.26	0.035524
19.27	0.035485
19.28	0.035446
19.29	0.035407
19.3	0.035368
19.31	0.035329
19.32	0.03529
19.33	0.035252
19.34	0.035213
19.35	0.035175
19.36	0.035136
19.37	0.035098
19.38	0.035059
19.39	0.035021
19.4	0.034983
19.41	0.034945
19.42	0.034906
19.43	0.034868
19.44	0.03483
19.45	0.034792
19.46	0.034754
19.47	0.034717
19.48	0.034679
19.49	0.034641
19.5	0.034604
19.51	0.034566
19.52	0.034528
19.53	0.034491
19.54	0.034453
19.55	0.034416
19.56	0.034379
19.57	0.034342
19.58	0.034304
19.59	0.034267
19.6	0.03423
19.61	0.034193
19.62	0.034156
19.63	0.034119
19.64	0.034082
19.65	0.034046
19.66	0.034009
19.67	0.033972
19.68	0.033936
19.69	0.033899
19.7	0.033863
19.71	0.033826
19.72	0.03379
19.73	0.033753
19.74	0.033717
19.75	0.033681
19.76	0.033645
19.77	0.033609
19.78	0.033573
19.79	0.033537
19.8	0.033501
19.81	0.033465
19.82	0.033429
19.83	0.033393
19.84	0.033357
19.85	0.033322
19.86	0.033286
19.87	0.033251
19.88	0.033215
19.89	0.03318
19.9	0.033144
19.91	0.033109
19.92	0.033074
19.93	0.033038
19.94	0.033003
19.95	0.032968
19.96	0.032933
19.97	0.032898
19.98	0.032863
19.99	0.032828
20.0	0.032793
20.01	0.032758
20.02	0.032724
20.03	0.032689
20.04	0.032654
20.05	0.03262
20.06	0.032585
20.07	0.032551
20.08	0.032516
20.09	0.032482
20.1	0.032447
20.11	0.032413
20.12	0.032379
20.13	0.032345
20.14	0.032311
20.15	0.032277
20.16	0.032243
20.17	0.032209
20.18	0.032175
20.19	0.032141
20.2	0.032107
20.21	0.032073
20.22	0.032039
20.23	0.032006
20.24	0.031972
20.25	0.031939
20.26	0.031905
20.27	0.031872
20.28	0.031838
20.29	0.031805
20.3	0.031772
20.31	0.031738
20.32	0.031705
20.33	0.031672
20.34	0.031639
20.35	0.031606
20.36	0.031573
20.37	0.03154
20.38	0.031507
20.39	0.031474
20.4	0.031441
20.41	0.031408
20.42	0.031376
20.43	0.031343
20.44	0.03131
20.45	0.031278
20.46	0.031245
20.47	0.031213
20.48	0.03118
20.49	0.031148
20.5	0.031116
20.51	0.031084
20.52	0.031051
20.53	0.031019
20.54	0.030987
20.55	0.030955
20.56	0.030923
20.57	0.030891
20.58	0.030859
20.59	0.030827
20.6	0.030795
20.61	0.030763
20.62	0.030732
20.63	0.0307
20.64	0.030668
20.65	0.030637
20.66	0.030605
20.67	0.030574
20.68	0.030542
20.69	0.030511
20.7	0.030479
20.71	0.030448
20.72	0.030417
20.73	0.030385
20.74	0.030354
20.75	0.030323
20.76	0.030292
20.77	0.030261
20.78	0.03023
20.79	0.030199
20.8	0.030168
20.81	0.030137
20.82	0.030106
20.83	0.030076
20.84	0.030045
20.85	0.030014
20.86	0.029984
20.87	0.029953
20.88	0.029922
20.89	0.029892
20.9	0.029861
20.91	0.029831
20.92	0.029801
20.93	0.02977
20.94	0.02974
20.95	0.02971
20.96	0.02968
20.97	0.029649
20.98	0.029619
20.99	0.029589
21.0	0.029559
21.01	0.029529
21.02	0.029499
21.03	0.02947
21.04	0.02944
21.05	0.02941
21.06	0.02938
21.07	0.02935
21.08	0.029321
21.09	0.029291
21.1	0.029262
21.11	0.029232
21.12	0.029202
21.13	0.029173
21.14	0.029144
21.15	0.029114
21.16	0.029085
21.17	0.029056
21.18	0.029026
21.19	0.028997
21.2	0.028968
21.21	0.028939
21.22	0.02891
21.23	0.028881
21.24	0.028852
21.25	0.028823
21.26	0.028794
21.27	0.028765
21.28	0.028736
21.29	0.028708
21.3	0.028679
21.31	0.02865
21.32	0.028621
21.33	0.028593
21.34	0.028564
21.35	0.028536
21.36	0.028507
21.37	0.028479
21.38	0.02845
21.39	0.028422
21.4	0.028394
21.41	0.028365
21.42	0.028337
21.43	0.028309
21.44	0.028281
21.45	0.028253
21.46	0.028225
21.47	0.028197
21.48	0.028169
21.49	0.028141
21.5	0.028113
21.51	0.028085
21.52	0.028057
21.53	0.028029
21.54	0.028001
21.55	0.027974
21.56	0.027946
21.57	0.027918
21.58	0.027891
21.59	0.027863
21.6	0.027836
21.61	0.027808
21.62	0.027781
21.63	0.027753
21.64	0.027726
21.65	0.027699
21.66	0.027671
21.67	0.027644
21.68	0.027617
21.69	0.02759
21.7	0.027563
21.71	0.027536
21.72	0.027509
21.73	0.027482
21.74	0.027455
21.75	0.027428
21.76	0.027401
21.77	0.027374
21.78	0.027347
21.79	0.02732
21.8	0.027294
21.81	0.027267
21.82	0.02724
21.83	0.027213
21.84	0.027187
21.85	0.02716
21.86	0.027134
21.87	0.027107
21.88	0.027081
21.89	0.027054
21.9	0.027028
21.91	0.027002
21.92	0.026975
21.93	0.026949
21.94	0.026923
21.95	0.026897
21.96	0.026871
21.97	0.026845
21.98	0.026818
21.99	0.026792
22.0	0.026766
22.01	0.02674
22.02	0.026715
22.03	0.026689
22.04	0.026663
22.05	0.026637
22.06	0.026611
22.07	0.026585
22.08	0.02656
22.09	0.026534
22.1	0.026508
22.11	0.026483
22.12	0.026457
22.13	0.026432
22.14	0.026406
22.15	0.026381
22.16	0.026355
22.17	0.02633
22.18	0.026305
22.19	0.026279
22.2	0.026254
22.21	0.026229
22.22	0.026204
22.23	0.026178
22.24	0.026153
22.25	0.026128
22.26	0.026103
22.27	0.026078
22.28	0.026053
22.29	0.026028
22.3	0.026003
22.31	0.025978
22.32	0.025953
22.33	0.025928
22.34	0.025904
22.35	0.025879
22.36	0.025854
22.37	0.025829
22.38	0.025805
22.39	0.02578
22.4	0.025756
22.41	0.025731
22.42	0.025707
22.43	0.025682
22.44	0.025658
22.45	0.025633
22.46	0.025609
22.47	0.025584
22.48	0.02556
22.49	0.025536
22.5	0.025512
22.51	0.025487
22.52	0.025463
22.53	0.025439
22.54	0.025415
22.55	0.025391
22.56	0.025367
22.57	0.025343
22.58	0.025319
22.59	0.025295
22.6	0.025271
22.61	0.025247
22.62	0.025223
22.63	0.025199
22.64	0.025176
22.65	0.025152
22.66	0.025128
22.67	0.025104
22.68	0.025081
22.69	0.025057
22.7	0.025033
22.71	0.02501
22.72	0.024986
22.73	0.024963
22.74	0.024939
22.75	0.024916
22.76	0.024893
22.77	0.024869
22.78	0.024846
22.79	0.024823
22.8	0.024799
22.81	0.024776
22.82	0.024753
22.83	0.02473
22.84	0.024707
22.85	0.024683
22.86	0.02466
22.87	0.024637
22.88	0.024614
22.89	0.024591
22.9	0.024568
22.91	0.024545
22.92	0.024522
22.93	0.0245
22.94	0.024477
22.95	0.024454
22.96	0.024431
22.97	0.024408
22.98	0.024386
22.99	0.024363
23.0	0.02434
23.01	0.024318
23.02	0.024295
23.03	0.024273
23.04	0.02425
23.05	0.024228
23.06	0.024205
23.07	0.024183
23.08	0.02416
23.09	0.024138
23.1	0.024116
23.11	0.024093
23.12	0.024071
23.13	0.024049
23.14	0.024026
23.15	0.024004
23.16	0.023982
23.17	0.02396
23.18	0.023938
23.19	0.023916
23.2	0.023894
23.21	0.023872
23.22	0.02385
23.23	0.023828
23.24	0.023806
23.25	0.023784
23.26	0.023762
23.27	0.02374
23.28	0.023718
23.29	0.023697
23.3	0.023675
23.31	0.023653
23.32	0.023631
23.33	0.02361
23.34	0.023588
23.35	0.023567
23.36	0.023545
23.37	0.023523
23.38	0.023502
23.39	0.02348
23.4	0.023459
23.41	0.023437
23.42	0.023416
23.43	0.023395
23.44	0.023373
23.45	0.023352
23.46	0.023331
23.47	0.023309
23.48	0.023288
23.49	0.023267
23.5	0.023246
23.51	0.023225
23.52	0.023204
23.53	0.023182
23.54	0.023161
23.55	0.02314
23.56	0.023119
23.57	0.023098
23.58	0.023077
23.59	0.023056
23.6	0.023036
23.61	0.023015
23.62	0.022994
23.63	0.022973
23.64	0.022952
23.65	0.022931
23.66	0.022911
23.67	0.02289
23.68	0.022869
23.69	0.022849
23.7	0.022828
23.71	0.022807
23.72	0.022787
23.73	0.022766
23.74	0.022746
23.75	0.022725
23.76	0.022705
23.77	0.022684
23.78	0.022664
23.79	0.022644
23.8	0.022623
23.81	0.022603
23.82	0.022583
23.83	0.022562
23.84	0.022542
23.85	0.022522
23.86	0.022502
23.87	0.022481
23.88	0.022461
23.89	0.022441
23.9	0.022421
23.91	0.022401
23.92	0.022381
23.93	0.022361
23.94	0.022341
23.95	0.022321
23.96	0.022301
23.97	0.022281
23.98	0.022261
23.99	0.022241
24.0	0.022221
24.01	0.022202
24.02	0.022182
24.03	0.022162
24.04	0.022142
24.05	0.022123
24.06	0.022103
24.07	0.022083
24.08	0.022064
24.09	0.022044
24.1	0.022025
24.11	0.022005
24.12	0.021985
24.13	0.021966
24.14	0.021946
24.15	0.021927
24.16	0.021908
24.17	0.021888
24.18	0.021869
24.19	0.021849
24.2	0.02183
24.21	0.021811
24.22	0.021792
24.23	0.021772
24.24	0.021753
24.25	0.021734
24.26	0.021715
24.27	0.021696
24.28	0.021676
24.29	0.021657
24.3	0.021638
24.31	0.021619
24.32	0.0216
24.33	0.021581
24.34	0.021562
24.35	0.021543
24.36	0.021524
24.37	0.021505
24.38	0.021486
24.39	0.021468
24.4	0.021449
24.41	0.02143
24.42	0.021411
24.43	0.021392
24.44	0.021374
24.45	0.021355
24.46	0.021336
24.47	0.021318
24.48	0.021299
24.49	0.02128
24.5	0.021262
24.51	0.021243
24.52	0.021225
24.53	0.021206
24.54	0.021188
24.55	0.021169
24.56	0.021151
24.57	0.021132
24.58	0.021114
24.59	0.021095
24.6	0.021077
24.61	0.021059
24.62	0.02104
24.63	0.021022
24.64	0.021004
24.65	0.020986
24.66	0.020967
24.67	0.020949
24.68	0.020931
24.69	0.020913
24.7	0.020895
24.71	0.020877
24.72	0.020858
24.73	0.02084
24.74	0.020822
24.75	0.020804
24.76	0.020786
24.77	0.020768
24.78	0.02075
24.79	0.020733
24.8	0.020715
24.81	0.020697
24.82	0.020679
24.83	0.020661
24.84	0.020643
24.85	0.020625
24.86	0.020608
24.87	0.02059
24.88	0.020572
24.89	0.020555
24.9	0.020537
24.91	0.020519
24.92	0.020502
24.93	0.020484
24.94	0.020466
24.95	0.020449
24.96	0.020431
24.97	0.020414
24.98	0.020396
24.99	0.020379
25.0	0.020361
25.01	0.020344
25.02	0.020326
25.03	0.020309
25.04	0.020292
25.05	0.020274
25.06	0.020257
25.07	0.02024
25.08	0.020222
25.09	0.020205
25.1	0.020188
25.11	0.020171
25.12	0.020154
25.13	0.020136
25.14	0.020119
25.15	0.020102
25.16	0.020085
25.17	0.020068
25.18	0.020051
25.19	0.020034
25.2	0.020017
25.21	0.02
25.22	0.019983
25.23	0.019966
25.24	0.019949
25.25	0.019932
25.26	0.019915
25.27	0.019898
25.28	0.019881
25.29	0.019864
25.3	0.019848
25.31	0.019831
25.32	0.019814
25.33	0.019797
25.34	0.019781
25.35	0.019764
25.36	0.019747
25.37	0.01973
25.38	0.019714
25.39	0.019697
25.4	0.019681
25.41	0.019664
25.42	0.019647
25.43	0.019631
25.44	0.019614
25.45	0.019598
25.46	0.019581
25.47	0.019565
25.48	0.019548
25.49	0.019532
25.5	0.019516
25.51	0.019499
25.52	0.019483
25.53	0.019467
25.54	0.01945
25.55	0.019434
25.56	0.019418
25.57	0.019401
25.58	0.019385
25.59	0.019369
25.6	0.019353
25.61	0.019336
25.62	0.01932
25.63	0.019304
25.64	0.019288
25.65	0.019272
25.66	0.019256
25.67	0.01924
25.68	0.019224
25.69	0.019208
25.7	0.019192
25.71	0.019176
25.72	0.01916
25.73	0.019144
25.74	0.019128
25.75	0.019112
25.76	0.019096
25.77	0.01908
25.78	0.019064
25.79	0.019048
25.8	0.019033
25.81	0.019017
25.82	0.019001
25.83	0.018985
25.84	0.01897
25.85	0.018954
25.86	0.018938
25.87	0.018923
25.88	0.018907
25.89	0.018891
25.9	0.018876
25.91	0.01886
25.92	0.018844
25.93	0.018829
25.94	0.018813
25.95	0.018798
25.96	0.018782
25.97	0.018767
25.98	0.018751
25.99	0.018736
26.0	0.01872
26.01	0.018705
26.02	0.01869
26.03	0.018674
26.04	0.018659
26.05	0.018643
26.06	0.018628
26.07	0.018613
26.08	0.018598
26.09	0.018582
26.1	0.018567
26.11	0.018552
26.12	0.018537
26.13	0.018521
26.14	0.018506
26.15	0.018491
26.16	0.018476
26.17	0.018461
26.18	0.018446
26.19	0.018431
26.2	0.018416
26.21	0.0184
26.22	0.018385
26.23	0.01837
26.24	0.018355
26.25	0.01834
26.26	0.018326
26.27	0.018311
26.28	0.018296
26.29	0.018281
26.3	0.018266
26.31	0.018251
26.32	0.018236
26.33	0.018221
26.34	0.018206
26.35	0.018192
26.36	0.018177
26.37	0.018162
26.38	0.018147
26.39	0.018133
26.4	0.018118
26.41	0.018103
26.42	0.018089
26.43	0.018074
26.44	0.018059
26.45	0.018045
26.46	0.01803
26.47	0.018015
26.48	0.018001
26.49	0.017986
26.5	0.017972
26.51	0.017957
26.52	0.017943
26.53	0.017928
26.54	0.017914
26.55	0.017899
26.56	0.017885
26.57	0.01787
26.58	0.017856
26.59	0.017842
26.6	0.017827
26.61	0.017813
26.62	0.017799
26.63	0.017784
26.64	0.01777
26.65	0.017756
26.66	0.017741
26.67	0.017727
26.68	0.017713
26.69	0.017699
26.7	0.017685
26.71	0.01767
26.72	0.017656
26.73	0.017642
26.74	0.017628
26.75	0.017614
26.76	0.0176
26.77	0.017586
26.78	0.017572
26.79	0.017558
26.8	0.017544
26.81	0.01753
26.82	0.017516
26.83	0.017502
26.84	0.017488
26.85	0.017474
26.86	0.01746
26.87	0.017446
26.88	0.017432
26.89	0.017418
26.9	0.017404
26.91	0.01739
26.92	0.017376
26.93	0.017363
26.94	0.017349
26.95	0.017335
26.96	0.017321
26.97	0.017307
26.98	0.017294
26.99	0.01728
27.0	0.017266
27.01	0.017253
27.02	0.017239
27.03	0.017225
27.04	0.017212
27.05	0.017198
27.06	0.017184
27.07	0.017171
27.08	0.017157
27.09	0.017144
27.1	0.01713
27.11	0.017117
27.12	0.017103
27.13	0.01709
27.14	0.017076
27.15	0.017063
27.16	0.017049
27.17	0.017036
27.18	0.017022
27.19	0.017009
27.2	0.016995
27.21	0.016982
27.22	0.016969
27.23	0.016955
27.24	0.016942
27.25	0.016929
27.26	0.016915
27.27	0.016902
27.28	0.016889
27.29	0.016876
27.3	0.016862
27.31	0.016849
27.32	0.016836
27.33	0.016823
27.34	0.01681
27.35	0.016796
27.36	0.016783
27.37	0.01677
27.38	0.016757
27.39	0.016744
27.4	0.016731
27.41	0.016718
27.42	0.016705
27.43	0.016692
27.44	0.016679
27.45	0.016666
27.46	0.016653
27.47	0.01664
27.48	0.016627
27.49	0.016614
27.5	0.016601
27.51	0.016588
27.52	0.016575
27.53	0.016562
27.54	0.016549
27.55	0.016536
27.56	0.016523
27.57	0.016511
27.58	0.016498
27.59	0.016485
27.6	0.016472
27.61	0.016459
27.62	0.016447
27.63	0.016434
27.64	0.016421
27.65	0.016408
27.66	0.016396
27.67	0.016383
27.68	0.01637
27.69	0.016358
27.7	0.016345
27.71	0.016332
27.72	0.01632
27.73	0.016307
27.74	0.016295
27.75	0.016282
27.76	0.016269
27.77	0.016257
27.78	0.016244
27.79	0.016232
27.8	0.016219
27.81	0.016207
27.82	0.016194
27.83	0.016182
27.84	0.01617
27.85	0.016157
27.86	0.016145
27.87	0.016132
27.88	0.01612
27.89	0.016108
27.9	0.016095
27.91	0.016083
27.92	0.01607
27.93	0.016058
27.94	0.016046
27.95	0.016034
27.96	0.016021
27.97	0.016009
27.98	0.015997
27.99	0.015985
28.0	0.015972
28.01	0.01596
28.02	0.015948
28.03	0.015936
28.04	0.015924
28.05	0.015911
28.06	0.015899
28.07	0.015887
28.08	0.015875
28.09	0.015863
28.1	0.015851
28.11	0.015839
28.12	0.015827
28.13	0.015815
28.14	0.015803
28.15	0.015791
28.16	0.015779
28.17	0.015767
28.18	0.015755
28.19	0.015743
28.2	0.015731
28.21	0.015719
28.22	0.015707
28.23	0.015695
28.24	0.015683
28.25	0.015671
28.26	0.015659
28.27	0.015647
28.28	0.015636
28.29	0.015624
28.3	0.015612
28.31	0.0156
28.32	0.015588
28.33	0.015576
28.34	0.015565
28.35	0.015553
28.36	0.015541
28.37	0.015529
28.38	0.015518
28.39	0.015506
28.4	0.015494
28.41	0.015483
28.42	0.015471
28.43	0.015459
28.44	0.015448
28.45	0.015436
28.46	0.015425
28.47	0.015413
28.48	0.015401
28.49	0.01539
28.5	0.015378
28.51	0.015367
28.52	0.015355
28.53	0.015344
28.54	0.015332
28.55	0.015321
28.56	0.015309
28.57	0.015298
28.58	0.015286
28.59	0.015275
28.6	0.015263
28.61	0.015252
28.62	0.01524
28.63	0.015229
28.64	0.015218
28.65	0.015206
28.66	0.015195
28.67	0.015184
28.68	0.015172
28.69	0.015161
28.7	0.01515
28.71	0.015138
28.72	0.015127
28.73	0.015116
28.74	0.015105
28.75	0.015093
28.76	0.015082
28.77	0.015071
28.78	0.01506
28.79	0.015048
28.8	0.015037
28.81	0.015026
28.82	0.015015
28.83	0.015004
28.84	0.014993
28.85	0.014982
28.86	0.01497
28.87	0.014959
28.88	0.014948
28.89	0.014937
28.9	0.014926
28.91	0.014915
28.92	0.014904
28.93	0.014893
28.94	0.014882
28.95	0.014871
28.96	0.01486
28.97	0.014849
28.98	0.014838
28.99	0.014827
29.0	0.014816
29.01	0.014805
29.02	0.014794
29.03	0.014783
29.04	0.014772
29.05	0.014762
29.06	0.014751
29.07	0.01474
29.08	0.014729
29.09	0.014718
29.1	0.014707
29.11	0.014696
29.12	0.014686
29.13	0.014675
29.14	0.014664
29.15	0.014653
29.16	0.014643
29.17	0.014632
29.18	0.014621
29.19	0.01461
29.2	0.0146
29.21	0.014589
29.22	0.014578
29.23	0.014568
29.24	0.014557
29.25	0.014546
29.26	0.014536
29.27	0.014525
29.28	0.014514
29.29	0.014504
29.3	0.014493
29.31	0.014483
29.32	0.014472
29.33	0.014462
29.34	0.014451
29.35	0.01444
29.36	0.01443
29.37	0.014419
29.38	0.014409
29.39	0.014398
29.4	0.014388
29.41	0.014377
29.42	0.014367
29.43	0.014357
29.44	0.014346
29.45	0.014336
29.46	0.014325
29.47	0.014315
29.48	0.014305
29.49	0.014294
29.5	0.014284
29.51	0.014273
29.52	0.014263
29.53	0.014253
29.54	0.014242
29.55	0.014232
29.56	0.014222
29.57	0.014211
29.58	0.014201
29.59	0.014191
29.6	0.014181
29.61	0.01417
29.62	0.01416
29.63	0.01415
29.64	0.01414
29.65	0.01413
29.66	0.014119
29.67	0.014109
29.68	0.014099
29.69	0.014089
29.7	0.014079
29.71	0.014069
29.72	0.014058
29.73	0.014048
29.74	0.014038
29.75	0.014028
29.76	0.014018
29.77	0.014008
29.78	0.013998
29.79	0.013988
29.8	0.013978
29.81	0.013968
29.82	0.013958
29.83	0.013948
29.84	0.013938
29.85	0.013928
29.86	0.013918
29.87	0.013908
29.88	0.013898
29.89	0.013888
29.9	0.013878
29.91	0.013868
29.92	0.013858
29.93	0.013848
29.94	0.013838
29.95	0.013828
29.96	0.013819
29.97	0.013809
29.98	0.013799
29.99	0.013789
30.0	0.013779
30.01	0.013769
30.02	0.01376
30.03	0.01375
30.04	0.01374
30.05	0.01373
30.06	0.01372
30.07	0.013711
30.08	0.013701
30.09	0.013691
30.1	0.013681
30.11	0.013672
30.12	0.013662
30.13	0.013652
30.14	0.013643
30.15	0.013633
30.16	0.013623
30.17	0.013614
30.18	0.013604
30.19	0.013594
30.2	0.013585
30.21	0.013575
30.22	0.013565
30.23	0.013556
30.24	0.013546
30.25	0.013537
30.26	0.013527
30.27	0.013518
30.28	0.013508
30.29	0.013498
30.3	0.013489
30.31	0.013479
30.32	0.01347
30.33	0.01346
30.34	0.013451
30.35	0.013441
30.36	0.013432
30.37	0.013423
30.38	0.013413
30.39	0.013404
30.4	0.013394
30.41	0.013385
30.42	0.013375
30.43	0.013366
30.44	0.013357
30.45	0.013347
30.46	0.013338
30.47	0.013328
30.48	0.013319
30.49	0.01331
30.5	0.0133
30.51	0.013291
30.52	0.013282
30.53	0.013273
30.54	0.013263
30.55	0.013254
30.56	0.013245
30.57	0.013235
30.58	0.013226
30.59	0.013217
30.6	0.013208
30.61	0.013198
30.62	0.013189
30.63	0.01318
30.64	0.013171
30.65	0.013162
30.66	0.013152
30.67	0.013143
30.68	0.013134
30.69	0.013125
30.7	0.013116
30.71	0.013107
30.72	0.013098
30.73	0.013088
30.74	0.013079
30.75	0.01307
30.76	0.013061
30.77	0.013052
30.78	0.013043
30.79	0.013034
30.8	0.013025
30.81	0.013016
30.82	0.013007
30.83	0.012998
30.84	0.012989
30.85	0.01298
30.86	0.012971
30.87	0.012962
30.88	0.012953
30.89	0.012944
30.9	0.012935
30.91	0.012926
30.92	0.012917
30.93	0.012908
30.94	0.012899
30.95	0.01289
30.96	0.012881
30.97	0.012873
30.98	0.012864
30.99	0.012855
31.0	0.012846
31.01	0.012837
31.02	0.012828
31.03	0.012819
31.04	0.012811
31.05	0.012802
31.06	0.012793
31.07	0.012784
31.08	0.012775
31.09	0.012767
31.1	0.012758
31.11	0.012749
31.12	0.01274
31.13	0.012731
31.14	0.012723
31.15	0.012714
31.16	0.012705
31.17	0.012697
31.18	0.012688
31.19	0.012679
31.2	0.01267
31.21	0.012662
31.22	0.012653
31.23	0.012644
31.24	0.012636
31.25	0.012627
31.26	0.012619
31.27	0.01261
31.28	0.012601
31.29	0.012593
31.3	0.012584
31.31	0.012575
31.32	0.012567
31.33	0.012558
31.34	0.01255
31.35	0.012541
31.36	0.012533
31.37	0.012524
31.38	0.012516
31.39	0.012507
31.4	0.012499
31.41	0.01249
31.42	0.012482
31.43	0.012473
31.44	0.012465
31.45	0.012456
31.46	0.012448
31.47	0.012439
31.48	0.012431
31.49	0.012422
31.5	0.012414
31.51	0.012405
31.52	0.012397
31.53	0.012389
31.54	0.01238
31.55	0.012372
31.56	0.012364
31.57	0.012355
31.58	0.012347
31.59	0.012338
31.6	0.01233
31.61	0.012322
31.62	0.012313
31.63	0.012305
31.64	0.012297
31.65	0.012289
31.66	0.01228
31.67	0.012272
31.68	0.012264
31.69	0.012255
31.7	0.012247
31.71	0.012239
31.72	0.012231
31.73	0.012222
31.74	0.012214
31.75	0.012206
31.76	0.012198
31.77	0.01219
31.78	0.012181
31.79	0.012173
31.8	0.012165
31.81	0.012157
31.82	0.012149
31.83	0.01214
31.84	0.012132
31.85	0.012124
31.86	0.012116
31.87	0.012108
31.88	0.0121
31.89	0.012092
31.9	0.012084
31.91	0.012076
31.92	0.012067
31.93	0.012059
31.94	0.012051
31.95	0.012043
31.96	0.012035
31.97	0.012027
31.98	0.012019
31.99	0.012011
32.0	0.012003
32.01	0.011995
32.02	0.011987
32.03	0.011979
32.04	0.011971
32.05	0.011963
32.06	0.011955
32.07	0.011947
32.08	0.011939
32.09	0.011931
32.1	0.011923
32.11	0.011915
32.12	0.011907
32.13	0.0119
32.14	0.011892
32.15	0.011884
32.16	0.011876
32.17	0.011868
32.18	0.01186
32.19	0.011852
32.2	0.011844
32.21	0.011837
32.22	0.011829
32.23	0.011821
32.24	0.011813
32.25	0.011805
32.26	0.011797
32.27	0.01179
32.28	0.011782
32.29	0.011774
32.3	0.011766
32.31	0.011758
32.32	0.011751
32.33	0.011743
32.34	0.011735
32.35	0.011727
32.36	0.01172
32.37	0.011712
32.38	0.011704
32.39	0.011696
32.4	0.011689
32.41	0.011681
32.42	0.011673
32.43	0.011666
32.44	0.011658
32.45	0.01165
32.46	0.011643
32.47	0.011635
32.48	0.011627
32.49	0.01162
32.5	0.011612
32.51	0.011604
32.52	0.011597
32.53	0.011589
32.54	0.011582
32.55	0.011574
32.56	0.011566
32.57	0.011559
32.58	0.011551
32.59	0.011544
32.6	0.011536
32.61	0.011529
32.62	0.011521
32.63	0.011513
32.64	0.011506
32.65	0.011498
32.66	0.011491
32.67	0.011483
32.68	0.011476
32.69	0.011468
32.7	0.011461
32.71	0.011453
32.72	0.011446
32.73	0.011438
32.74	0.011431
32.75	0.011424
32.76	0.011416
32.77	0.011409
32.78	0.011401
32.79	0.011394
32.8	0.011386
32.81	0.011379
32.82	0.011372
32.83	0.011364
32.84	0.011357
32.85	0.011349
32.86	0.011342
32.87	0.011335
32.88	0.011327
32.89	0.01132
32.9	0.011313
32.91	0.011305
32.92	0.011298
32.93	0.011291
32.94	0.011283
32.95	0.011276
32.96	0.011269
32.97	0.011261
32.98	0.011254
32.99	0.011247
33.0	0.01124
33.01	0.011232
33.02	0.011225
33.03	0.011218
33.04	0.011211
33.05	0.011203
33.06	0.011196
33.07	0.011189
33.08	0.011182
33.09	0.011174
33.1	0.011167
33.11	0.01116
33.12	0.011153
33.13	0.011146
33.14	0.011138
33.15	0.011131
33.16	0.011124
33.17	0.011117
33.18	0.01111
33.19	0.011103
33.2	0.011096
33.21	0.011088
33.22	0.011081
33.23	0.011074
33.24	0.011067
33.25	0.01106
33.26	0.011053
33.27	0.011046
33.28	0.011039
33.29	0.011032
33.3	0.011025
33.31	0.011017
33.32	0.01101
33.33	0.011003
33.34	0.010996
33.35	0.010989
33.36	0.010982
33.37	0.010975
33.38	0.010968
33.39	0.010961
33.4	0.010954
33.41	0.010947
33.42	0.01094
33.43	0.010933
33.44	0.010926
33.45	0.010919
33.46	0.010912
33.47	0.010905
33.48	0.010898
33.49	0.010891
33.5	0.010885
33.51	0.010878
33.52	0.010871
33.53	0.010864
33.54	0.010857
33.55	0.01085
33.56	0.010843
33.57	0.010836
33.58	0.010829
33.59	0.010822
33.6	0.010816
33.61	0.010809
33.62	0.010802
33.63	0.010795
33.64	0.010788
33.65	0.010781
33.66	0.010774
33.67	0.010768
33.68	0.010761
33.69	0.010754
33.7	0.010747
33.71	0.01074
33.72	0.010734
33.73	0.010727
33.74	0.01072
33.75	0.010713
33.76	0.010706
33.77	0.0107
33.78	0.010693
33.79	0.010686
33.8	0.010679
33.81	0.010673
33.82	0.010666
33.83	0.010659
33.84	0.010653
33.85	0.010646
33.86	0.010639
33.87	0.010632
33.88	0.010626
33.89	0.010619
33.9	0.010612
33.91	0.010606
33.92	0.010599
33.93	0.010592
33.94	0.010586
33.95	0.010579
33.96	0.010572
33.97	0.010566
33.98	0.010559
33.99	0.010552
34.0	0.010546
34.01	0.010539
34.02	0.010533
34.03	0.010526
34.04	0.010519
34.05	0.010513
34.06	0.010506
34.07	0.0105
34.08	0.010493
34.09	0.010487
34.1	0.01048
34.11	0.010473
34.12	0.010467
34.13	0.01046
34.14	0.010454
34.15	0.010447
34.16	0.010441
34.17	0.010434
34.18	0.010428
34.19	0.010421
34.2	0.010415
34.21	0.010408
34.22	0.010402
34.23	0.010395
34.24	0.010389
34.25	0.010382
34.26	0.010376
34.27	0.010369
34.28	0.010363
34.29	0.010357
34.3	0.01035
34.31	0.010344
34.32	0.010337
34.33	0.010331
34.34	0.010324
34.35	0.010318
34.36	0.010312
34.37	0.010305
34.38	0.010299
34.39	0.010292
34.4	0.010286
34.41	0.01028
34.42	0.010273
34.43	0.010267
34.44	0.010261
34.45	0.010254
34.46	0.010248
34.47	0.010242
34.48	0.010235
34.49	0.010229
34.5	0.010223
34.51	0.010216
34.52	0.01021
34.53	0.010204
34.54	0.010197
34.55	0.010191
34.56	0.010185
34.57	0.010178
34.58	0.010172
34.59	0.010166
34.6	0.01016
34.61	0.010153
34.62	0.010147
34.63	0.010141
34.64	0.010135
34.65	0.010128
34.66	0.010122
34.67	0.010116
34.68	0.01011
34.69	0.010104
34.7	0.010097
34.71	0.010091
34.72	0.010085
34.73	0.010079
34.74	0.010073
34.75	0.010066
34.76	0.01006
34.77	0.010054
34.78	0.010048
34.79	0.010042
34.8	0.010036
34.81	0.010029
34.82	0.010023
34.83	0.010017
34.84	0.010011
34.85	0.010005
34.86	0.0099988
34.87	0.0099927
34.88	0.0099866
34.89	0.0099805
34.9	0.0099744
34.91	0.0099683
34.92	0.0099622
34.93	0.0099562
34.94	0.0099501
34.95	0.009944
34.96	0.009938
34.97	0.0099319
34.98	0.0099259
34.99	0.0099198
35.0	0.0099138
35.01	0.0099077
35.02	0.0099017
35.03	0.0098957
35.04	0.0098897
35.05	0.0098837
35.06	0.0098776
35.07	0.0098716
35.08	0.0098656
35.09	0.0098597
35.1	0.0098537
35.11	0.0098477
35.12	0.0098417
35.13	0.0098357
35.14	0.0098298
35.15	0.0098238
35.16	0.0098179
35.17	0.0098119
35.18	0.009806
35.19	0.0098
35.2	0.0097941
35.21	0.0097882
35.22	0.0097823
35.23	0.0097763
35.24	0.0097704
35.25	0.0097645
35.26	0.0097586
35.27	0.0097527
35.28	0.0097468
35.29	0.009741
35.3	0.0097351
35.31	0.0097292
35.32	0.0097233
35.33	0.0097175
35.34	0.0097116
35.35	0.0097058
35.36	0.0096999
35.37	0.0096941
35.38	0.0096882
35.39	0.0096824
35.4	0.0096766
35.41	0.0096708
35.42	0.0096649
35.43	0.0096591
35.44	0.0096533
35.45	0.0096475
35.46	0.0096417
35.47	0.0096359
35.48	0.0096302
35.49	0.0096244
35.5	0.0096186
35.51	0.0096128
35.52	0.0096071
35.53	0.0096013
35.54	0.0095956
35.55	0.0095898
35.56	0.0095841
35.57	0.0095783
35.58	0.0095726
35.59	0.0095669
35.6	0.0095611
35.61	0.0095554
35.62	0.0095497
35.63	0.009544
35.64	0.0095383
35.65	0.0095326
35.66	0.0095269
35.67	0.0095212
35.68	0.0095155
35.69	0.0095099
35.7	0.0095042
35.71	0.0094985
35.72	0.0094928
35.73	0.0094872
35.74	0.0094815
35.75	0.0094759
35.76	0.0094702
35.77	0.0094646
35.78	0.009459
35.79	0.0094533
35.8	0.0094477
35.81	0.0094421
35.82	0.0094365
35.83	0.0094309
35.84	0.0094253
35.85	0.0094197
35.86	0.0094141
35.87	0.0094085
35.88	0.0094029
35.89	0.0093973
35.9	0.0093918
35.91	0.0093862
35.92	0.0093806
35.93	0.0093751
35.94	0.0093695
35.95	0.009364
35.96	0.0093584
35.97	0.0093529
35.98	0.0093473
35.99	0.0093418
36.0	0.0093363
36.01	0.0093308
36.02	0.0093253
36.03	0.0093197
36.04	0.0093142
36.05	0.0093087
36.06	0.0093032
36.07	0.0092978
36.08	0.0092923
36.09	0.0092868
36.1	0.0092813
36.11	0.0092758
36.12	0.0092704
36.13	0.0092649
36.14	0.0092594
36.15	0.009254
36.16	0.0092485
36.17	0.0092431
36.18	0.0092377
36.19	0.0092322
36.2	0.0092268
36.21	0.0092214
36.22	0.009216
36.23	0.0092105
36.24	0.0092051
36.25	0.0091997
36.26	0.0091943
36.27	0.0091889
36.28	0.0091835
36.29	0.0091782
36.3	0.0091728
36.31	0.0091674
36.32	0.009162
36.33	0.0091567
36.34	0.0091513
36.35	0.0091459
36.36	0.0091406
36.37	0.0091352
36.38	0.0091299
36.39	0.0091245
36.4	0.0091192
36.41	0.0091139
36.42	0.0091086
36.43	0.0091032
36.44	0.0090979
36.45	0.0090926
36.46	0.0090873
36.47	0.009082
36.48	0.0090767
36.49	0.0090714
36.5	0.0090661
36.51	0.0090608
36.52	0.0090555
36.53	0.0090503
36.54	0.009045
36.55	0.0090397
36.56	0.0090345
36.57	0.0090292
36.58	0.009024
36.59	0.0090187
36.6	0.0090135
36.61	0.0090082
36.62	0.009003
36.63	0.0089978
36.64	0.0089925
36.65	0.0089873
36.66	0.0089821
36.67	0.0089769
36.68	0.0089717
36.69	0.0089665
36.7	0.0089613
36.71	0.0089561
36.72	0.0089509
36.73	0.0089457
36.74	0.0089405
36.75	0.0089354
36.76	0.0089302
36.77	0.008925
36.78	0.0089198
36.79	0.0089147
36.8	0.0089095
36.81	0.0089044
36.82	0.0088992
36.83	0.0088941
36.84	0.008889
36.85	0.0088838
36.86	0.0088787
36.87	0.0088736
36.88	0.0088685
36.89	0.0088633
36.9	0.0088582
36.91	0.0088531
36.92	0.008848
36.93	0.0088429
36.94	0.0088378
36.95	0.0088328
36.96	0.0088277
36.97	0.0088226
36.98	0.0088175
36.99	0.0088124
37.0	0.0088074
37.01	0.0088023
37.02	0.0087973
37.03	0.0087922
37.04	0.0087872
37.05	0.0087821
37.06	0.0087771
37.07	0.008772
37.08	0.008767
37.09	0.008762
37.1	0.0087569
37.11	0.0087519
37.12	0.0087469
37.13	0.0087419
37.14	0.0087369
37.15	0.0087319
37.16	0.0087269
37.17	0.0087219
37.18	0.0087169
37.19	0.0087119
37.2	0.0087069
37.21	0.008702
37.22	0.008697
37.23	0.008692
37.24	0.0086871
37.25	0.0086821
37.26	0.0086771
37.27	0.0086722
37.28	0.0086673
37.29	0.0086623
37.3	0.0086574
37.31	0.0086524
37.32	0.0086475
37.33	0.0086426
37.34	0.0086377
37.35	0.0086327
37.36	0.0086278
37.37	0.0086229
37.38	0.008618
37.39	0.0086131
37.4	0.0086082
37.41	0.0086033
37.42	0.0085984
37.43	0.0085935
37.44	0.0085887
37.45	0.0085838
37.46	0.0085789
37.47	0.008574
37.48	0.0085692
37.49	0.0085643
37.5	0.0085595
37.51	0.0085546
37.52	0.0085498
37.53	0.0085449
37.54	0.0085401
37.55	0.0085352
37.56	0.0085304
37.57	0.0085256
37.58	0.0085208
37.59	0.0085159
37.6	0.0085111
37.61	0.0085063
37.62	0.0085015
37.63	0.0084967
37.64	0.0084919
37.65	0.0084871
37.66	0.0084823
37.67	0.0084775
37.68	0.0084727
37.69	0.008468
37.7	0.0084632
37.71	0.0084584
37.72	0.0084537
37.73	0.0084489
37.74	0.0084441
37.75	0.0084394
37.76	0.0084346
37.77	0.0084299
37.78	0.0084251
37.79	0.0084204
37.8	0.0084157
37.81	0.0084109
37.82	0.0084062
37.83	0.0084015
37.84	0.0083968
37.85	0.008392
37.86	0.0083873
37.87	0.0083826
37.88	0.0083779
37.89	0.0083732
37.9	0.0083685
37.91	0.0083638
37.92	0.0083591
37.93	0.0083545
37.94	0.0083498
37.95	0.0083451
37.96	0.0083404
37.97	0.0083358
37.98	0.0083311
37.99	0.0083264
38.0	0.0083218
38.01	0.0083171
38.02	0.0083125
38.03	0.0083078
38.04	0.0083032
38.05	0.0082986
38.06	0.0082939
38.07	0.0082893
38.08	0.0082847
38.09	0.00828
38.1	0.0082754
38.11	0.0082708
38.12	0.0082662
38.13	0.0082616
38.14	0.008257
38.15	0.0082524
38.16	0.0082478
38.17	0.0082432
38.18	0.0082386
38.19	0.008234
38.2	0.0082294
38.21	0.0082249
38.22	0.0082203
38.23	0.0082157
38.24	0.0082112
38.25	0.0082066
38.26	0.008202
38.27	0.0081975
38.28	0.0081929
38.29	0.0081884
38.3	0.0081838
38.31	0.0081793
38.32	0.0081748
38.33	0.0081702
38.34	0.0081657
38.35	0.0081612
38.36	0.0081567
38.37	0.0081522
38.38	0.0081476
38.39	0.0081431
38.4	0.0081386
38.41	0.0081341
38.42	0.0081296
38.43	0.0081251
38.44	0.0081206
38.45	0.0081162
38.46	0.0081117
38.47	0.0081072
38.48	0.0081027
38.49	0.0080982
38.5	0.0080938
38.51	0.0080893
38.52	0.0080848
38.53	0.0080804
38.54	0.0080759
38.55	0.0080715
38.56	0.008067
38.57	0.0080626
38.58	0.0080582
38.59	0.0080537
38.6	0.0080493
38.61	0.0080449
38.62	0.0080404
38.63	0.008036
38.64	0.0080316
38.65	0.0080272
38.66	0.0080228
38.67	0.0080184
38.68	0.008014
38.69	0.0080096
38.7	0.0080052
38.71	0.0080008
38.72	0.0079964
38.73	0.007992
38.74	0.0079876
38.75	0.0079832
38.76	0.0079789
38.77	0.0079745
38.78	0.0079701
38.79	0.0079658
38.8	0.0079614
38.81	0.007957
38.82	0.0079527
38.83	0.0079483
38.84	0.007944
38.85	0.0079397
38.86	0.0079353
38.87	0.007931
38.88	0.0079266
38.89	0.0079223
38.9	0.007918
38.91	0.0079137
38.92	0.0079094
38.93	0.007905
38.94	0.0079007
38.95	0.0078964
38.96	0.0078921
38.97	0.0078878
38.98	0.0078835
38.99	0.0078792
39.0	0.0078749
39.01	0.0078706
39.02	0.0078664
39.03	0.0078621
39.04	0.0078578
39.05	0.0078535
39.06	0.0078493
39.07	0.007845
39.08	0.0078407
39.09	0.0078365
39.1	0.0078322
39.11	0.007828
39.12	0.0078237
39.13	0.0078195
39.14	0.0078152
39.15	0.007811
39.16	0.0078068
39.17	0.0078025
39.18	0.0077983
39.19	0.0077941
39.2	0.0077899
39.21	0.0077856
39.22	0.0077814
39.23	0.0077772
39.24	0.007773
39.25	0.0077688
39.26	0.0077646
39.27	0.0077604
39.28	0.0077562
39.29	0.007752
39.3	0.0077478
39.31	0.0077436
39.32	0.0077395
39.33	0.0077353
39.34	0.0077311
39.35	0.0077269
39.36	0.0077228
39.37	0.0077186
39.38	0.0077145
39.39	0.0077103
39.4	0.0077061
39.41	0.007702
39.42	0.0076978
39.43	0.0076937
39.44	0.0076896
39.45	0.0076854
39.46	0.0076813
39.47	0.0076772
39.48	0.007673
39.49	0.0076689
39.5	0.0076648
39.51	0.0076607
39.52	0.0076566
39.53	0.0076524
39.54	0.0076483
39.55	0.0076442
39.56	0.0076401
39.57	0.007636
39.58	0.0076319
39.59	0.0076278
39.6	0.0076238
39.61	0.0076197
39.62	0.0076156
39.63	0.0076115
39.64	0.0076074
39.65	0.0076034
39.66	0.0075993
39.67	0.0075952
39.68	0.0075912
39.69	0.0075871
39.7	0.0075831
39.71	0.007579
39.72	0.007575
39.73	0.0075709
39.74	0.0075669
39.75	0.0075628
39.76	0.0075588
39.77	0.0075548
39.78	0.0075507
39.79	0.0075467
39.8	0.0075427
39.81	0.0075387
39.82	0.0075346
39.83	0.0075306
39.84	0.0075266
39.85	0.0075226
39.86	0.0075186
39.87	0.0075146
39.88	0.0075106
39.89	0.0075066
39.9	0.0075026
39.91	0.0074986
39.92	0.0074946
39.93	0.0074907
39.94	0.0074867
39.95	0.0074827
39.96	0.0074787
39.97	0.0074748
39.98	0.0074708
39.99	0.0074668
40.0	0.0074629
40.01	0.0074589
40.02	0.007455
40.03	0.007451
40.04	0.0074471
40.05	0.0074431
40.06	0.0074392
40.07	0.0074352
40.08	0.0074313
40.09	0.0074274
40.1	0.0074234
40.11	0.0074195
40.12	0.0074156
40.13	0.0074117
40.14	0.0074077
40.15	0.0074038
40.16	0.0073999
40.17	0.007396
40.18	0.0073921
40.19	0.0073882
40.2	0.0073843
40.21	0.0073804
40.22	0.0073765
40.23	0.0073726
40.24	0.0073687
40.25	0.0073649
40.26	0.007361
40.27	0.0073571
40.28	0.0073532
40.29	0.0073494
40.3	0.0073455
40.31	0.0073416
40.32	0.0073378
40.33	0.0073339
40.34	0.0073301
40.35	0.0073262
40.36	0.0073223
40.37	0.0073185
40.38	0.0073147
40.39	0.0073108
40.4	0.007307
40.41	0.0073031
40.42	0.0072993
40.43	0.0072955
40.44	0.0072917
40.45	0.0072878
40.46	0.007284
40.47	0.0072802
40.48	0.0072764
40.49	0.0072726
40.5	0.0072688
40.51	0.007265
40.52	0.0072612
40.53	0.0072574
40.54	0.0072536
40.55	0.0072498
40.56	0.007246
40.57	0.0072422
40.58	0.0072384
40.59	0.0072346
40.6	0.0072308
40.61	0.0072271
40.62	0.0072233
40.63	0.0072195
40.64	0.0072158
40.65	0.007212
40.66	0.0072082
40.67	0.0072045
40.68	0.0072007
40.69	0.007197
40.7	0.0071932
40.71	0.0071895
40.72	0.0071857
40.73	0.007182
40.74	0.0071783
40.75	0.0071745
40.76	0.0071708
40.77	0.0071671
40.78	0.0071633
40.79	0.0071596
40.8	0.0071559
40.81	0.0071522
40.82	0.0071485
40.83	0.0071447
40.84	0.007141
40.85	0.0071373
40.86	0.0071336
40.87	0.0071299
40.88	0.0071262
40.89	0.0071225
40.9	0.0071188
40.91	0.0071152
40.92	0.0071115
40.93	0.0071078
40.94	0.0071041
40.95	0.0071004
40.96	0.0070968
40.97	0.0070931
40.98	0.0070894
40.99	0.0070857
41.0	0.0070821
41.01	0.0070784
41.02	0.0070748
41.03	0.0070711
41.04	0.0070675
41.05	0.0070638
41.06	0.0070602
41.07	0.0070565
41.08	0.0070529
41.09	0.0070492
41.1	0.0070456
41.11	0.007042
41.12	0.0070383
41.13	0.0070347
41.14	0.0070311
41.15	0.0070275
41.16	0.0070238
41.17	0.0070202
41.18	0.0070166
41.19	0.007013
41.2	0.0070094
41.21	0.0070058
41.22	0.0070022
41.23	0.0069986
41.24	0.006995
41.25	0.0069914
41.26	0.0069878
41.27	0.0069842
41.28	0.0069806
41.29	0.0069771
41.3	0.0069735
41.31	0.0069699
41.32	0.0069663
41.33	0.0069628
41.34	0.0069592
41.35	0.0069556
41.36	0.0069521
41.37	0.0069485
41.38	0.0069449
41.39	0.0069414
41.4	0.0069378
41.41	0.0069343
41.42	0.0069307
41.43	0.0069272
41.44	0.0069236
41.45	0.0069201
41.46	0.0069166
41.47	0.006913
41.48	0.0069095
41.49	0.006906
41.5	0.0069024
41.51	0.0068989
41.52	0.0068954
41.53	0.0068919
41.54	0.0068884
41.55	0.0068849
41.56	0.0068813
41.57	0.0068778
41.58	0.0068743
41.59	0.0068708
41.6	0.0068673
41.61	0.0068638
41.62	0.0068603
41.63	0.0068569
41.64	0.0068534
41.65	0.0068499
41.66	0.0068464
41.67	0.0068429
41.68	0.0068394
41.69	0.006836
41.7	0.0068325
41.71	0.006829
41.72	0.0068256
41.73	0.0068221
41.74	0.0068186
41.75	0.0068152
41.76	0.0068117
41.77	0.0068083
41.78	0.0068048
41.79	0.0068014
41.8	0.0067979
41.81	0.0067945
41.82	0.006791
41.83	0.0067876
41.84	0.0067841
41.85	0.0067807
41.86	0.0067773
41.87	0.0067739
41.88	0.0067704
41.89	0.006767
41.9	0.0067636
41.91	0.0067602
41.92	0.0067567
41.93	0.0067533
41.94	0.0067499
41.95	0.0067465
41.96	0.0067431
41.97	0.0067397
41.98	0.0067363
41.99	0.0067329
42.0	0.0067295
42.01	0.0067261
42.02	0.0067227
42.03	0.0067193
42.04	0.006716
42.05	0.0067126
42.06	0.0067092
42.07	0.0067058
42.08	0.0067024
42.09	0.0066991
42.1	0.0066957
42.11	0.0066923
42.12	0.006689
42.13	0.0066856
42.14	0.0066822
42.15	0.0066789
42.16	0.0066755
42.17	0.0066722
42.18	0.0066688
42.19	0.0066655
42.2	0.0066621
42.21	0.0066588
42.22	0.0066555
42.23	0.0066521
42.24	0.0066488
42.25	0.0066455
42.26	0.0066421
42.27	0.0066388
42.28	0.0066355
42.29	0.0066322
42.3	0.0066288
42.31	0.0066255
42.32	0.0066222
42.33	0.0066189
42.34	0.0066156
42.35	0.0066123
42.36	0.006609
42.37	0.0066057
42.38	0.0066024
42.39	0.0065991
42.4	0.0065958
42.41	0.0065925
42.42	0.0065892
42.43	0.0065859
42.44	0.0065826
42.45	0.0065793
42.46	0.0065761
42.47	0.0065728
42.48	0.0065695
42.49	0.0065662
42.5	0.006563
42.51	0.0065597
42.52	0.0065564
42.53	0.0065532
42.54	0.0065499
42.55	0.0065466
42.56	0.0065434
42.57	0.0065401
42.58	0.0065369
42.59	0.0065336
42.6	0.0065304
42.61	0.0065271
42.62	0.0065239
42.63	0.0065207
42.64	0.0065174
42.65	0.0065142
42.66	0.006511
42.67	0.0065077
42.68	0.0065045
42.69	0.0065013
42.7	0.0064981
42.71	0.0064948
42.72	0.0064916
42.73	0.0064884
42.74	0.0064852
42.75	0.006482
42.76	0.0064788
42.77	0.0064756
42.78	0.0064724
42.79	0.0064692
42.8	0.006466
42.81	0.0064628
42.82	0.0064596
42.83	0.0064564
42.84	0.0064532
42.85	0.00645
42.86	0.0064468
42.87	0.0064436
42.88	0.0064404
42.89	0.0064373
42.9	0.0064341
42.91	0.0064309
42.92	0.0064278
42.93	0.0064246
42.94	0.0064214
42.95	0.0064183
42.96	0.0064151
42.97	0.0064119
42.98	0.0064088
42.99	0.0064056
43.0	0.0064025
43.01	0.0063993
43.02	0.0063962
43.03	0.006393
43.04	0.0063899
43.05	0.0063867
43.06	0.0063836
43.07	0.0063805
43.08	0.0063773
43.09	0.0063742
43.1	0.0063711
43.11	0.0063679
43.12	0.0063648
43.13	0.0063617
43.14	0.0063586
43.15	0.0063555
43.16	0.0063523
43.17	0.0063492
43.18	0.0063461
43.19	0.006343
43.2	0.0063399
43.21	0.0063368
43.22	0.0063337
43.23	0.0063306
43.24	0.0063275
43.25	0.0063244
43.26	0.0063213
43.27	0.0063182
43.28	0.0063151
43.29	0.006312
43.3	0.006309
43.31	0.0063059
43.32	0.0063028
43.33	0.0062997
43.34	0.0062967
43.35	0.0062936
43.36	0.0062905
43.37	0.0062874
43.38	0.0062844
43.39	0.0062813
43.4	0.0062782
43.41	0.0062752
43.42	0.0062721
43.43	0.0062691
43.44	0.006266
43.45	0.006263
43.46	0.0062599
43.47	0.0062569
43.48	0.0062538
43.49	0.0062508
43.5	0.0062478
43.51	0.0062447
43.52	0.0062417
43.53	0.0062387
43.54	0.0062356
43.55	0.0062326
43.56	0.0062296
43.57	0.0062265
43.58	0.0062235
43.59	0.0062205
43.6	0.0062175
43.61	0.0062145
43.62	0.0062115
43.63	0.0062084
43.64	0.0062054
43.65	0.0062024
43.66	0.0061994
43.67	0.0061964
43.68	0.0061934
43.69	0.0061904
43.7	0.0061874
43.71	0.0061844
43.72	0.0061814
43.73	0.0061785
43.74	0.0061755
43.75	0.0061725
43.76	0.0061695
43.77	0.0061665
43.78	0.0061635
43.79	0.0061606
43.8	0.0061576
43.81	0.0061546
43.82	0.0061516
43.83	0.0061487
43.84	0.0061457
43.85	0.0061427
43.86	0.0061398
43.87	0.0061368
43.88	0.0061339
43.89	0.0061309
43.9	0.006128
43.91	0.006125
43.92	0.0061221
43.93	0.0061191
43.94	0.0061162
43.95	0.0061132
43.96	0.0061103
43.97	0.0061074
43.98	0.0061044
43.99	0.0061015
44.0	0.0060986
44.01	0.0060956
44.02	0.0060927
44.03	0.0060898
44.04	0.0060868
44.05	0.0060839
44.06	0.006081
44.07	0.0060781
44.08	0.0060752
44.09	0.0060723
44.1	0.0060693
44.11	0.0060664
44.12	0.0060635
44.13	0.0060606
44.14	0.0060577
44.15	0.0060548
44.16	0.0060519
44.17	0.006049
44.18	0.0060461
44.19	0.0060432
44.2	0.0060404
44.21	0.0060375
44.22	0.0060346
44.23	0.0060317
44.24	0.0060288
44.25	0.0060259
44.26	0.0060231
44.27	0.0060202
44.28	0.0060173
44.29	0.0060144
44.3	0.0060116
44.31	0.0060087
44.32	0.0060058
44.33	0.006003
44.34	0.0060001
44.35	0.0059972
44.36	0.0059944
44.37	0.0059915
44.38	0.0059887
44.39	0.0059858
44.4	0.005983
44.41	0.0059801
44.42	0.0059773
44.43	0.0059744
44.44	0.0059716
44.45	0.0059688
44.46	0.0059659
44.47	0.0059631
44.48	0.0059603
44.49	0.0059574
44.5	0.0059546
44.51	0.0059518
44.52	0.0059489
44.53	0.0059461
44.54	0.0059433
44.55	0.0059405
44.56	0.0059377
44.57	0.0059348
44.58	0.005932
44.59	0.0059292
44.6	0.0059264
44.61	0.0059236
44.62	0.0059208
44.63	0.005918
44.64	0.0059152
44.65	0.0059124
44.66	0.0059096
44.67	0.0059068
44.68	0.005904
44.69	0.0059012
44.7	0.0058984
44.71	0.0058956
44.72	0.0058929
44.73	0.0058901
44.74	0.0058873
44.75	0.0058845
44.76	0.0058817
44.77	0.005879
44.78	0.0058762
44.79	0.0058734
44.8	0.0058706
44.81	0.0058679
44.82	0.0058651
44.83	0.0058623
44.84	0.0058596
44.85	0.0058568
44.86	0.0058541
44.87	0.0058513
44.88	0.0058486
44.89	0.0058458
44.9	0.005843
44.91	0.0058403
44.92	0.0058376
44.93	0.0058348
44.94	0.0058321
44.95	0.0058293
44.96	0.0058266
44.97	0.0058238
44.98	0.0058211
44.99	0.0058184
45.0	0.0058156
45.01	0.0058129
45.02	0.0058102
45.03	0.0058075
45.04	0.0058047
45.05	0.005802
45.06	0.0057993
45.07	0.0057966
45.08	0.0057939
45.09	0.0057912
45.1	0.0057884
45.11	0.0057857
45.12	0.005783
45.13	0.0057803
45.14	0.0057776
45.15	0.0057749
45.16	0.0057722
45.17	0.0057695
45.18	0.0057668
45.19	0.0057641
45.2	0.0057614
45.21	0.0057587
45.22	0.005756
45.23	0.0057533
45.24	0.0057507
45.25	0.005748
45.26	0.0057453
45.27	0.0057426
45.28	0.0057399
45.29	0.0057373
45.3	0.0057346
45.31	0.0057319
45.32	0.0057292
45.33	0.0057266
45.34	0.0057239
45.35	0.0057212
45.36	0.0057186
45.37	0.0057159
45.38	0.0057133
45.39	0.0057106
45.4	0.0057079
45.41	0.0057053
45.42	0.0057026
45.43	0.0057
45.44	0.0056973
45.45	0.0056947
45.46	0.005692
45.47	0.0056894
45.48	0.0056868
45.49	0.0056841
45.5	0.0056815
45.51	0.0056788
45.52	0.0056762
45.53	0.0056736
45.54	0.0056709
45.55	0.0056683
45.56	0.0056657
45.57	0.0056631
45.58	0.0056604
45.59	0.0056578
45.6	0.0056552
45.61	0.0056526
45.62	0.00565
45.63	0.0056474
45.64	0.0056447
45.65	0.0056421
45.66	0.0056395
45.67	0.0056369
45.68	0.0056343
45.69	0.0056317
45.7	0.0056291
45.71	0.0056265
45.72	0.0056239
45.73	0.0056213
45.74	0.0056187
45.75	0.0056161
45.76	0.0056135
45.77	0.0056109
45.78	0.0056084
45.79	0.0056058
45.8	0.0056032
45.81	0.0056006
45.82	0.005598
45.83	0.0055954
45.84	0.0055929
45.85	0.0055903
45.86	0.0055877
45.87	0.0055851
45.88	0.0055826
45.89	0.00558
45.9	0.0055774
45.91	0.0055749
45.92	0.0055723
45.93	0.0055698
45.94	0.0055672
45.95	0.0055646
45.96	0.0055621
45.97	0.0055595
45.98	0.005557
45.99	0.0055544
46.0	0.0055519
46.01	0.0055493
46.02	0.0055468
46.03	0.0055442
46.04	0.0055417
46.05	0.0055392
46.06	0.0055366
46.07	0.0055341
46.08	0.0055315
46.09	0.005529
46.1	0.0055265
46.11	0.005524
46.12	0.0055214
46.13	0.0055189
46.14	0.0055164
46.15	0.0055139
46.16	0.0055113
46.17	0.0055088
46.18	0.0055063
46.19	0.0055038
46.2	0.0055013
46.21	0.0054988
46.22	0.0054962
46.23	0.0054937
46.24	0.0054912
46.25	0.0054887
46.26	0.0054862
46.27	0.0054837
46.28	0.0054812
46.29	0.0054787
46.3	0.0054762
46.31	0.0054737
46.32	0.0054712
46.33	0.0054687
46.34	0.0054662
46.35	0.0054638
46.36	0.0054613
46.37	0.0054588
46.38	0.0054563
46.39	0.0054538
46.4	0.0054513
46.41	0.0054489
46.42	0.0054464
46.43	0.0054439
46.44	0.0054414
46.45	0.005439
46.46	0.0054365
46.47	0.005434
46.48	0.0054316
46.49	0.0054291
46.5	0.0054266
46.51	0.0054242
46.52	0.0054217
46.53	0.0054193
46.54	0.0054168
46.55	0.0054143
46.56	0.0054119
46.57	0.0054094
46.58	0.005407
46.59	0.0054045
46.6	0.0054021
46.61	0.0053996
46.62	0.0053972
46.63	0.0053948
46.64	0.0053923
46.65	0.0053899
46.66	0.0053874
46.67	0.005385
46.68	0.0053826
46.69	0.0053801
46.7	0.0053777
46.71	0.0053753
46.72	0.0053729
46.73	0.0053704
46.74	0.005368
46.75	0.0053656
46.76	0.0053632
46.77	0.0053607
46.78	0.0053583
46.79	0.0053559
46.8	0.0053535
46.81	0.0053511
46.82	0.0053487
46.83	0.0053463
46.84	0.0053439
46.85	0.0053415
46.86	0.005339
46.87	0.0053366
46.88	0.0053342
46.89	0.0053318
46.9	0.0053294
46.91	0.0053271
46.92	0.0053247
46.93	0.0053223
46.94	0.0053199
46.95	0.0053175
46.96	0.0053151
46.97	0.0053127
46.98	0.0053103
46.99	0.0053079
47.0	0.0053056
47.01	0.0053032
47.02	0.0053008
47.03	0.0052984
47.04	0.005296
47.05	0.0052937
47.06	0.0052913
47.07	0.0052889
47.08	0.0052866
47.09	0.0052842
47.1	0.0052818
47.11	0.0052795
47.12	0.0052771
47.13	0.0052747
47.14	0.0052724
47.15	0.00527
47.16	0.0052677
47.17	0.0052653
47.18	0.005263
47.19	0.0052606
47.2	0.0052583
47.21	0.0052559
47.22	0.0052536
47.23	0.0052512
47.24	0.0052489
47.25	0.0052465
47.26	0.0052442
47.27	0.0052418
47.28	0.0052395
47.29	0.0052372
47.3	0.0052348
47.31	0.0052325
47.32	0.0052302
47.33	0.0052278
47.34	0.0052255
47.35	0.0052232
47.36	0.0052209
47.37	0.0052185
47.38	0.0052162
47.39	0.0052139
47.4	0.0052116
47.41	0.0052093
47.42	0.0052069
47.43	0.0052046
47.44	0.0052023
47.45	0.0052
47.46	0.0051977
47.47	0.0051954
47.48	0.0051931
47.49	0.0051908
47.5	0.0051885
47.51	0.0051862
47.52	0.0051839
47.53	0.0051816
47.54	0.0051793
47.55	0.005177
47.56	0.0051747
47.57	0.0051724
47.58	0.0051701
47.59	0.0051678
47.6	0.0051655
47.61	0.0051632
47.62	0.0051609
47.63	0.0051587
47.64	0.0051564
47.65	0.0051541
47.66	0.0051518
47.67	0.0051495
47.68	0.0051473
47.69	0.005145
47.7	0.0051427
47.71	0.0051404
47.72	0.0051382
47.73	0.0051359
47.74	0.0051336
47.75	0.0051314
47.76	0.0051291
47.77	0.0051268
47.78	0.0051246
47.79	0.0051223
47.8	0.0051201
47.81	0.0051178
47.82	0.0051155
47.83	0.0051133
47.84	0.005111
47.85	0.0051088
47.86	0.0051065
47.87	0.0051043
47.88	0.005102
47.89	0.0050998
47.9	0.0050976
47.91	0.0050953
47.92	0.0050931
47.93	0.0050908
47.94	0.0050886
47.95	0.0050864
47.96	0.0050841
47.97	0.0050819
47.98	0.0050797
47.99	0.0050774
48.0	0.0050752
48.01	0.005073
48.02	0.0050707
48.03	0.0050685
48.04	0.0050663
48.05	0.0050641
48.06	0.0050619
48.07	0.0050596
48.08	0.0050574
48.09	0.0050552
48.1	0.005053
48.11	0.0050508
48.12	0.0050486
48.13	0.0050463
48.14	0.0050441
48.15	0.0050419
48.16	0.0050397
48.17	0.0050375
48.18	0.0050353
48.19	0.0050331
48.2	0.0050309
48.21	0.0050287
48.22	0.0050265
48.23	0.0050243
48.24	0.0050221
48.25	0.0050199
48.26	0.0050177
48.27	0.0050156
48.28	0.0050134
48.29	0.0050112
48.3	0.005009
48.31	0.0050068
48.32	0.0050046
48.33	0.0050024
48.34	0.0050003
48.35	0.0049981
48.36	0.0049959
48.37	0.0049937
48.38	0.0049916
48.39	0.0049894
48.4	0.0049872
48.41	0.004985
48.42	0.0049829
48.43	0.0049807
48.44	0.0049785
48.45	0.0049764
48.46	0.0049742
48.47	0.0049721
48.48	0.0049699
48.49	0.0049677
48.5	0.0049656
48.51	0.0049634
48.52	0.0049613
48.53	0.0049591
48.54	0.004957
48.55	0.0049548
48.56	0.0049527
48.57	0.0049505
48.58	0.0049484
48.59	0.0049462
48.6	0.0049441
48.61	0.0049419
48.62	0.0049398
48.63	0.0049377
48.64	0.0049355
48.65	0.0049334
48.66	0.0049312
48.67	0.0049291
48.68	0.004927
48.69	0.0049248
48.7	0.0049227
48.71	0.0049206
48.72	0.0049185
48.73	0.0049163
48.74	0.0049142
48.75	0.0049121
48.76	0.00491
48.77	0.0049078
48.78	0.0049057
48.79	0.0049036
48.8	0.0049015
48.81	0.0048994
48.82	0.0048973
48.83	0.0048951
48.84	0.004893
48.85	0.0048909
48.86	0.0048888
48.87	0.0048867
48.88	0.0048846
48.89	0.0048825
48.9	0.0048804
48.91	0.0048783
48.92	0.0048762
48.93	0.0048741
48.94	0.004872
48.95	0.0048699
48.96	0.0048678
48.97	0.0048657
48.98	0.0048636
48.99	0.0048615
49.0	0.0048594
49.01	0.0048574
49.02	0.0048553
49.03	0.0048532
49.04	0.0048511
49.05	0.004849
49.06	0.0048469
49.07	0.0048449
49.08	0.0048428
49.09	0.0048407
49.1	0.0048386
49.11	0.0048366
49.12	0.0048345
49.13	0.0048324
49.14	0.0048303
49.15	0.0048283
49.16	0.0048262
49.17	0.0048241
49.18	0.0048221
49.19	0.00482
49.2	0.0048179
49.21	0.0048159
49.22	0.0048138
49.23	0.0048118
49.24	0.0048097
49.25	0.0048077
49.26	0.0048056
49.27	0.0048035
49.28	0.0048015
49.29	0.0047994
49.3	0.0047974
49.31	0.0047953
49.32	0.0047933
49.33	0.0047913
49.34	0.0047892
49.35	0.0047872
49.36	0.0047851
49.37	0.0047831
49.38	0.004781
49.39	0.004779
49.4	0.004777
49.41	0.0047749
49.42	0.0047729
49.43	0.0047709
49.44	0.0047688
49.45	0.0047668
49.46	0.0047648
49.47	0.0047627
49.48	0.0047607
49.49	0.0047587
49.5	0.0047567
49.51	0.0047547
49.52	0.0047526
49.53	0.0047506
49.54	0.0047486
49.55	0.0047466
49.56	0.0047446
49.57	0.0047425
49.58	0.0047405
49.59	0.0047385
49.6	0.0047365
49.61	0.0047345
49.62	0.0047325
49.63	0.0047305
49.64	0.0047285
49.65	0.0047265
49.66	0.0047245
49.67	0.0047225
49.68	0.0047205
49.69	0.0047185
49.7	0.0047165
49.71	0.0047145
49.72	0.0047125
49.73	0.0047105
49.74	0.0047085
49.75	0.0047065
49.76	0.0047045
49.77	0.0047025
49.78	0.0047005
49.79	0.0046985
49.8	0.0046966
49.81	0.0046946
49.82	0.0046926
49.83	0.0046906
49.84	0.0046886
49.85	0.0046867
49.86	0.0046847
49.87	0.0046827
49.88	0.0046807
49.89	0.0046787
49.9	0.0046768
49.91	0.0046748
49.92	0.0046728
49.93	0.0046709
49.94	0.0046689
49.95	0.0046669
49.96	0.004665
49.97	0.004663
49.98	0.004661
49.99	0.0046591
50.0	0.0046571
