eng	y_fit
0.12	0.0
0.13	0.0
0.14	0.11574
0.15	0.16428
0.16	0.19938
0.17	0.22823
0.18	0.25376
0.19	0.27759
0.2	0.30081
0.21	0.32403
0.22	0.34724
0.23	0.37044
0.24	0.3933
0.25	0.41451
0.26	0.43359
0.27	0.45091
0.28	0.46522
0.29	0.47558
0.3	0.48331
0.31	0.48919
0.32	0.49225
0.33	0.49262
0.34	0.49189
0.35	0.49058
0.36	0.48803
0.37	0.4843
0.38	0.48041
0.39	0.47685
0.4	0.4733
0.41	0.46951
0.42	0.4658
0.43	0.46255
0.44	0.45972
0.45	0.45706
0.46	0.45453
0.47	0.45227
0.48	0.45041
0.49	0.4489
0.5	0.44759
0.51	0.44646
0.52	0.44554
0.53	0.44487
0.54	0.44441
0.55	0.44411
0.56	0.44392
0.57	0.44386
0.58	0.44395
0.59	0.44416
0.6	0.44446
0.61	0.44482
0.62	0.44524
0.63	0.44573
0.64	0.44629
0.65	0.44689
0.66	0.44752
0.67	0.44815
0.68	0.4488
0.69	0.44948
0.7	0.45018
0.71	0.45089
0.72	0.45159
0.73	0.45228
0.74	0.45295
0.75	0.45362
0.76	0.45428
0.77	0.45493
0.78	0.45557
0.79	0.45618
0.8	0.45677
0.81	0.45733
0.82	0.45787
0.83	0.4584
0.84	0.4589
0.85	0.45938
0.86	0.45984
0.87	0.46027
0.88	0.46068
0.89	0.46106
0.9	0.46141
0.91	0.46175
0.92	0.46206
0.93	0.46236
0.94	0.46263
0.95	0.46287
0.96	0.46309
0.97	0.46329
0.98	0.46346
0.99	0.46362
1.0	0.46376
1.01	0.46388
1.02	0.46398
1.03	0.46405
1.04	0.46411
1.05	0.46414
1.06	0.46415
1.07	0.46415
1.08	0.46414
1.09	0.4641
1.1	0.46405
1.11	0.46397
1.12	0.46388
1.13	0.46376
1.14	0.46363
1.15	0.46348
1.16	0.46331
1.17	0.46313
1.18	0.46292
1.19	0.46269
1.2	0.46244
1.21	0.46216
1.22	0.46187
1.23	0.46156
1.24	0.46123
1.25	0.46088
1.26	0.46051
1.27	0.46012
1.28	0.45971
1.29	0.45927
1.3	0.45882
1.31	0.45834
1.32	0.45786
1.33	0.45735
1.34	0.45683
1.35	0.45629
1.36	0.45572
1.37	0.45514
1.38	0.45454
1.39	0.45392
1.4	0.45328
1.41	0.45263
1.42	0.45197
1.43	0.45128
1.44	0.45057
1.45	0.44985
1.46	0.4491
1.47	0.44834
1.48	0.44757
1.49	0.44677
1.5	0.44597
1.51	0.44515
1.52	0.44431
1.53	0.44345
1.54	0.44258
1.55	0.44169
1.56	0.44079
1.57	0.43987
1.58	0.43894
1.59	0.438
1.6	0.43705
1.61	0.43609
1.62	0.43511
1.63	0.43412
1.64	0.43312
1.65	0.4321
1.66	0.43108
1.67	0.43004
1.68	0.429
1.69	0.42794
1.7	0.42688
1.71	0.4258
1.72	0.42471
1.73	0.42361
1.74	0.4225
1.75	0.42138
1.76	0.42026
1.77	0.41912
1.78	0.41798
1.79	0.41683
1.8	0.41567
1.81	0.41449
1.82	0.41331
1.83	0.41213
1.84	0.41093
1.85	0.40973
1.86	0.40853
1.87	0.40731
1.88	0.4061
1.89	0.40487
1.9	0.40364
1.91	0.40241
1.92	0.40117
1.93	0.39992
1.94	0.39867
1.95	0.39741
1.96	0.39616
1.97	0.3949
1.98	0.39363
1.99	0.39236
2.0	0.39109
2.01	0.38981
2.02	0.38853
2.03	0.38724
2.04	0.38596
2.05	0.38467
2.06	0.38338
2.07	0.38208
2.08	0.38079
2.09	0.37949
2.1	0.37819
2.11	0.37689
2.12	0.37558
2.13	0.37428
2.14	0.37297
2.15	0.37167
2.16	0.37036
2.17	0.36906
2.18	0.36775
2.19	0.36644
2.2	0.36514
2.21	0.36383
2.22	0.36253
2.23	0.36123
2.24	0.35992
2.25	0.35862
2.26	0.35733
2.27	0.35603
2.28	0.35473
2.29	0.35344
2.3	0.35215
2.31	0.35086
2.32	0.34957
2.33	0.34829
2.34	0.34701
2.35	0.34573
2.36	0.34445
2.37	0.34318
2.38	0.34191
2.39	0.34065
2.4	0.33939
2.41	0.33813
2.42	0.33687
2.43	0.33562
2.44	0.33438
2.45	0.33313
2.46	0.3319
2.47	0.33066
2.48	0.32943
2.49	0.32821
2.5	0.32699
2.51	0.32578
2.52	0.32457
2.53	0.32337
2.54	0.32217
2.55	0.32097
2.56	0.31979
2.57	0.31861
2.58	0.31743
2.59	0.31626
2.6	0.3151
2.61	0.31394
2.62	0.31279
2.63	0.31164
2.64	0.3105
2.65	0.30936
2.66	0.30824
2.67	0.30712
2.68	0.306
2.69	0.30489
2.7	0.30379
2.71	0.30269
2.72	0.30161
2.73	0.30052
2.74	0.29945
2.75	0.29838
2.76	0.29731
2.77	0.29626
2.78	0.29521
2.79	0.29417
2.8	0.29313
2.81	0.2921
2.82	0.29108
2.83	0.29007
2.84	0.28906
2.85	0.28806
2.86	0.28707
2.87	0.28608
2.88	0.2851
2.89	0.28413
2.9	0.28316
2.91	0.28221
2.92	0.28125
2.93	0.28031
2.94	0.27937
2.95	0.27844
2.96	0.27752
2.97	0.2766
2.98	0.27569
2.99	0.27479
3.0	0.2739
3.01	0.27301
3.02	0.27213
3.03	0.27125
3.04	0.27039
3.05	0.26953
3.06	0.26867
3.07	0.26783
3.08	0.26699
3.09	0.26615
3.1	0.26533
3.11	0.26451
3.12	0.2637
3.13	0.26289
3.14	0.26209
3.15	0.2613
3.16	0.26051
3.17	0.25973
3.18	0.25896
3.19	0.25819
3.2	0.25743
3.21	0.25668
3.22	0.25593
3.23	0.25519
3.24	0.25446
3.25	0.25373
3.26	0.25301
3.27	0.25229
3.28	0.25159
3.29	0.25088
3.3	0.25018
3.31	0.24949
3.32	0.24881
3.33	0.24813
3.34	0.24745
3.35	0.24679
3.36	0.24612
3.37	0.24547
3.38	0.24482
3.39	0.24417
3.4	0.24353
3.41	0.2429
3.42	0.24227
3.43	0.24165
3.44	0.24103
3.45	0.24041
3.46	0.23981
3.47	0.2392
3.48	0.23861
3.49	0.23801
3.5	0.23743
3.51	0.23684
3.52	0.23627
3.53	0.23569
3.54	0.23512
3.55	0.23456
3.56	0.234
3.57	0.23345
3.58	0.2329
3.59	0.23235
3.6	0.23181
3.61	0.23127
3.62	0.23074
3.63	0.23021
3.64	0.22968
3.65	0.22916
3.66	0.22865
3.67	0.22813
3.68	0.22762
3.69	0.22712
3.7	0.22662
3.71	0.22612
3.72	0.22562
3.73	0.22513
3.74	0.22464
3.75	0.22416
3.76	0.22368
3.77	0.2232
3.78	0.22273
3.79	0.22226
3.8	0.22179
3.81	0.22132
3.82	0.22086
3.83	0.2204
3.84	0.21995
3.85	0.21949
3.86	0.21904
3.87	0.21859
3.88	0.21815
3.89	0.21771
3.9	0.21727
3.91	0.21683
3.92	0.21639
3.93	0.21596
3.94	0.21553
3.95	0.2151
3.96	0.21468
3.97	0.21426
3.98	0.21383
3.99	0.21342
4.0	0.213
4.01	0.21258
4.02	0.21217
4.03	0.21176
4.04	0.21135
4.05	0.21094
4.06	0.21054
4.07	0.21014
4.08	0.20973
4.09	0.20934
4.1	0.20894
4.11	0.20854
4.12	0.20815
4.13	0.20775
4.14	0.20736
4.15	0.20697
4.16	0.20658
4.17	0.20619
4.18	0.20581
4.19	0.20542
4.2	0.20504
4.21	0.20466
4.22	0.20428
4.23	0.2039
4.24	0.20352
4.25	0.20314
4.26	0.20277
4.27	0.20239
4.28	0.20202
4.29	0.20165
4.3	0.20128
4.31	0.20091
4.32	0.20054
4.33	0.20017
4.34	0.1998
4.35	0.19943
4.36	0.19907
4.37	0.1987
4.38	0.19834
4.39	0.19798
4.4	0.19761
4.41	0.19725
4.42	0.19689
4.43	0.19653
4.44	0.19617
4.45	0.19581
4.46	0.19546
4.47	0.1951
4.48	0.19474
4.49	0.19439
4.5	0.19403
4.51	0.19368
4.52	0.19332
4.53	0.19297
4.54	0.19262
4.55	0.19226
4.56	0.19191
4.57	0.19156
4.58	0.19121
4.59	0.19086
4.6	0.19051
4.61	0.19016
4.62	0.18981
4.63	0.18947
4.64	0.18912
4.65	0.18877
4.66	0.18842
4.67	0.18808
4.68	0.18773
4.69	0.18739
4.7	0.18704
4.71	0.1867
4.72	0.18635
4.73	0.18601
4.74	0.18567
4.75	0.18532
4.76	0.18498
4.77	0.18464
4.78	0.1843
4.79	0.18396
4.8	0.18361
4.81	0.18327
4.82	0.18293
4.83	0.18259
4.84	0.18225
4.85	0.18192
4.86	0.18158
4.87	0.18124
4.88	0.1809
4.89	0.18056
4.9	0.18022
4.91	0.17989
4.92	0.17955
4.93	0.17922
4.94	0.17888
4.95	0.17854
4.96	0.17821
4.97	0.17787
4.98	0.17754
4.99	0.17721
5.0	0.17687
5.01	0.17654
5.02	0.17621
5.03	0.17587
5.04	0.17554
5.05	0.17521
5.06	0.17488
5.07	0.17455
5.08	0.17422
5.09	0.17389
5.1	0.17356
5.11	0.17323
5.12	0.1729
5.13	0.17257
5.14	0.17224
5.15	0.17192
5.16	0.17159
5.17	0.17126
5.18	0.17094
5.19	0.17061
5.2	0.17029
5.21	0.16996
5.22	0.16964
5.23	0.16931
5.24	0.16899
5.25	0.16867
5.26	0.16834
5.27	0.16802
5.28	0.1677
5.29	0.16738
5.3	0.16706
5.31	0.16674
5.32	0.16642
5.33	0.1661
5.34	0.16578
5.35	0.16546
5.36	0.16514
5.37	0.16483
5.38	0.16451
5.39	0.16419
5.4	0.16388
5.41	0.16356
5.42	0.16325
5.43	0.16294
5.44	0.16262
5.45	0.16231
5.46	0.162
5.47	0.16168
5.48	0.16137
5.49	0.16106
5.5	0.16075
5.51	0.16044
5.52	0.16013
5.53	0.15983
5.54	0.15952
5.55	0.15921
5.56	0.1589
5.57	0.1586
5.58	0.15829
5.59	0.15799
5.6	0.15768
5.61	0.15738
5.62	0.15708
5.63	0.15677
5.64	0.15647
5.65	0.15617
5.66	0.15587
5.67	0.15557
5.68	0.15527
5.69	0.15497
5.7	0.15467
5.71	0.15437
5.72	0.15408
5.73	0.15378
5.74	0.15348
5.75	0.15319
5.76	0.15289
5.77	0.1526
5.78	0.15231
5.79	0.15201
5.8	0.15172
5.81	0.15143
5.82	0.15114
5.83	0.15085
5.84	0.15056
5.85	0.15027
5.86	0.14998
5.87	0.14969
5.88	0.1494
5.89	0.14912
5.9	0.14883
5.91	0.14854
5.92	0.14826
5.93	0.14798
5.94	0.14769
5.95	0.14741
5.96	0.14713
5.97	0.14685
5.98	0.14656
5.99	0.14628
6.0	0.146
6.01	0.14572
6.02	0.14545
6.03	0.14517
6.04	0.14489
6.05	0.14461
6.06	0.14434
6.07	0.14406
6.08	0.14379
6.09	0.14351
6.1	0.14324
6.11	0.14297
6.12	0.14269
6.13	0.14242
6.14	0.14215
6.15	0.14188
6.16	0.14161
6.17	0.14134
6.18	0.14107
6.19	0.14081
6.2	0.14054
6.21	0.14027
6.22	0.14001
6.23	0.13974
6.24	0.13948
6.25	0.13921
6.26	0.13895
6.27	0.13868
6.28	0.13842
6.29	0.13816
6.3	0.1379
6.31	0.13764
6.32	0.13738
6.33	0.13712
6.34	0.13686
6.35	0.1366
6.36	0.13634
6.37	0.13609
6.38	0.13583
6.39	0.13557
6.4	0.13532
6.41	0.13506
6.42	0.13481
6.43	0.13456
6.44	0.1343
6.45	0.13405
6.46	0.1338
6.47	0.13355
6.48	0.1333
6.49	0.13305
6.5	0.1328
6.51	0.13255
6.52	0.1323
6.53	0.13205
6.54	0.13181
6.55	0.13156
6.56	0.13131
6.57	0.13107
6.58	0.13082
6.59	0.13058
6.6	0.13033
6.61	0.13009
6.62	0.12985
6.63	0.1296
6.64	0.12936
6.65	0.12912
6.66	0.12888
6.67	0.12864
6.68	0.1284
6.69	0.12816
6.7	0.12792
6.71	0.12768
6.72	0.12745
6.73	0.12721
6.74	0.12697
6.75	0.12674
6.76	0.1265
6.77	0.12627
6.78	0.12603
6.79	0.1258
6.8	0.12556
6.81	0.12533
6.82	0.1251
6.83	0.12487
6.84	0.12463
6.85	0.1244
6.86	0.12417
6.87	0.12394
6.88	0.12371
6.89	0.12348
6.9	0.12326
6.91	0.12303
6.92	0.1228
6.93	0.12257
6.94	0.12235
6.95	0.12212
6.96	0.12189
6.97	0.12167
6.98	0.12144
6.99	0.12122
7.0	0.121
7.01	0.12077
7.02	0.12055
7.03	0.12033
7.04	0.12011
7.05	0.11988
7.06	0.11966
7.07	0.11944
7.08	0.11922
7.09	0.119
7.1	0.11878
7.11	0.11856
7.12	0.11835
7.13	0.11813
7.14	0.11791
7.15	0.11769
7.16	0.11748
7.17	0.11726
7.18	0.11705
7.19	0.11683
7.2	0.11662
7.21	0.1164
7.22	0.11619
7.23	0.11597
7.24	0.11576
7.25	0.11555
7.26	0.11534
7.27	0.11512
7.28	0.11491
7.29	0.1147
7.3	0.11449
7.31	0.11428
7.32	0.11407
7.33	0.11386
7.34	0.11365
7.35	0.11344
7.36	0.11324
7.37	0.11303
7.38	0.11282
7.39	0.11261
7.4	0.11241
7.41	0.1122
7.42	0.112
7.43	0.11179
7.44	0.11159
7.45	0.11138
7.46	0.11118
7.47	0.11098
7.48	0.11077
7.49	0.11057
7.5	0.11037
7.51	0.11016
7.52	0.10996
7.53	0.10976
7.54	0.10956
7.55	0.10936
7.56	0.10916
7.57	0.10896
7.58	0.10876
7.59	0.10856
7.6	0.10837
7.61	0.10817
7.62	0.10797
7.63	0.10777
7.64	0.10758
7.65	0.10738
7.66	0.10718
7.67	0.10699
7.68	0.10679
7.69	0.1066
7.7	0.1064
7.71	0.10621
7.72	0.10601
7.73	0.10582
7.74	0.10563
7.75	0.10544
7.76	0.10524
7.77	0.10505
7.78	0.10486
7.79	0.10467
7.8	0.10448
7.81	0.10429
7.82	0.1041
7.83	0.10391
7.84	0.10372
7.85	0.10353
7.86	0.10334
7.87	0.10315
7.88	0.10297
7.89	0.10278
7.9	0.10259
7.91	0.10241
7.92	0.10222
7.93	0.10203
7.94	0.10185
7.95	0.10166
7.96	0.10148
7.97	0.1013
7.98	0.10111
7.99	0.10093
8.0	0.10074
8.01	0.10056
8.02	0.10038
8.03	0.1002
8.04	0.10002
8.05	0.099835
8.06	0.099654
8.07	0.099473
8.08	0.099293
8.09	0.099113
8.1	0.098934
8.11	0.098755
8.12	0.098576
8.13	0.098397
8.14	0.098219
8.15	0.098042
8.16	0.097865
8.17	0.097688
8.18	0.097511
8.19	0.097335
8.2	0.097159
8.21	0.096984
8.22	0.096808
8.23	0.096634
8.24	0.096459
8.25	0.096285
8.26	0.096112
8.27	0.095938
8.28	0.095765
8.29	0.095593
8.3	0.09542
8.31	0.095249
8.32	0.095077
8.33	0.094906
8.34	0.094735
8.35	0.094564
8.36	0.094394
8.37	0.094225
8.38	0.094055
8.39	0.093886
8.4	0.093717
8.41	0.093548
8.42	0.09338
8.43	0.093212
8.44	0.093044
8.45	0.092877
8.46	0.092711
8.47	0.092544
8.48	0.092379
8.49	0.092213
8.5	0.092048
8.51	0.091883
8.52	0.091719
8.53	0.091555
8.54	0.091391
8.55	0.091228
8.56	0.091065
8.57	0.090903
8.58	0.090741
8.59	0.090579
8.6	0.090418
8.61	0.090257
8.62	0.090096
8.63	0.089936
8.64	0.089776
8.65	0.089615
8.66	0.089454
8.67	0.089291
8.68	0.089128
8.69	0.088966
8.7	0.088806
8.71	0.088647
8.72	0.088488
8.73	0.08833
8.74	0.088173
8.75	0.088016
8.76	0.08786
8.77	0.087704
8.78	0.087548
8.79	0.087393
8.8	0.087238
8.81	0.087083
8.82	0.086929
8.83	0.086776
8.84	0.086623
8.85	0.086471
8.86	0.086319
8.87	0.086169
8.88	0.08602
8.89	0.085873
8.9	0.085727
8.91	0.085581
8.92	0.085434
8.93	0.085286
8.94	0.085138
8.95	0.08499
8.96	0.084842
8.97	0.084696
8.98	0.084551
8.99	0.084407
9.0	0.084265
9.01	0.084126
9.02	0.083989
9.03	0.083856
9.04	0.083728
9.05	0.083606
9.06	0.083493
9.07	0.083391
9.08	0.083303
9.09	0.083234
9.1	0.083183
9.11	0.08314
9.12	0.083075
9.13	0.082951
9.14	0.082755
9.15	0.082514
9.16	0.082267
9.17	0.082034
9.18	0.081822
9.19	0.081627
9.2	0.081446
9.21	0.081275
9.22	0.081113
9.23	0.080957
9.24	0.080806
9.25	0.08066
9.26	0.080518
9.27	0.08038
9.28	0.080248
9.29	0.080119
9.3	0.079991
9.31	0.079858
9.32	0.079712
9.33	0.079552
9.34	0.079389
9.35	0.07923
9.36	0.079077
9.37	0.07893
9.38	0.078787
9.39	0.078648
9.4	0.078511
9.41	0.078379
9.42	0.07825
9.43	0.078126
9.44	0.078009
9.45	0.0779
9.46	0.077797
9.47	0.077683
9.48	0.077538
9.49	0.077365
9.5	0.07719
9.51	0.077025
9.52	0.07687
9.53	0.076723
9.54	0.076581
9.55	0.076441
9.56	0.076304
9.57	0.076168
9.58	0.076034
9.59	0.075901
9.6	0.07577
9.61	0.075638
9.62	0.075506
9.63	0.075374
9.64	0.075243
9.65	0.075112
9.66	0.074981
9.67	0.074851
9.68	0.074721
9.69	0.074592
9.7	0.074463
9.71	0.074334
9.72	0.074205
9.73	0.074077
9.74	0.073949
9.75	0.073822
9.76	0.073694
9.77	0.073568
9.78	0.073441
9.79	0.073315
9.8	0.073189
9.81	0.073063
9.82	0.072938
9.83	0.072813
9.84	0.072688
9.85	0.072564
9.86	0.07244
9.87	0.072316
9.88	0.072192
9.89	0.072069
9.9	0.071946
9.91	0.071823
9.92	0.0717
9.93	0.071578
9.94	0.071455
9.95	0.071333
9.96	0.071212
9.97	0.07109
9.98	0.070969
9.99	0.070848
10.0	0.070727
10.01	0.070607
10.02	0.070486
10.03	0.070366
10.04	0.070246
10.05	0.070126
10.06	0.070007
10.07	0.069888
10.08	0.069769
10.09	0.06965
10.1	0.069531
10.11	0.069413
10.12	0.069294
10.13	0.069176
10.14	0.069059
10.15	0.068941
10.16	0.068824
10.17	0.068707
10.18	0.06859
10.19	0.068473
10.2	0.068357
10.21	0.068241
10.22	0.068125
10.23	0.068009
10.24	0.067894
10.25	0.067778
10.26	0.067663
10.27	0.067549
10.28	0.067434
10.29	0.06732
10.3	0.067206
10.31	0.067092
10.32	0.066978
10.33	0.066865
10.34	0.066752
10.35	0.066639
10.36	0.066526
10.37	0.066414
10.38	0.066301
10.39	0.066189
10.4	0.066078
10.41	0.065966
10.42	0.065855
10.43	0.065744
10.44	0.065633
10.45	0.065522
10.46	0.065412
10.47	0.065302
10.48	0.065192
10.49	0.065082
10.5	0.064973
10.51	0.064863
10.52	0.064754
10.53	0.064646
10.54	0.064537
10.55	0.064429
10.56	0.064321
10.57	0.064213
10.58	0.064105
10.59	0.063998
10.6	0.063891
10.61	0.063784
10.62	0.063677
10.63	0.063571
10.64	0.063464
10.65	0.063358
10.66	0.063252
10.67	0.063147
10.68	0.063042
10.69	0.062936
10.7	0.062832
10.71	0.062727
10.72	0.062622
10.73	0.062518
10.74	0.062414
10.75	0.062311
10.76	0.062207
10.77	0.062104
10.78	0.062001
10.79	0.061898
10.8	0.061795
10.81	0.061693
10.82	0.06159
10.83	0.061488
10.84	0.061387
10.85	0.061285
10.86	0.061184
10.87	0.061083
10.88	0.060982
10.89	0.060881
10.9	0.060781
10.91	0.060681
10.92	0.060581
10.93	0.060481
10.94	0.060381
10.95	0.060282
10.96	0.060183
10.97	0.060084
10.98	0.059985
10.99	0.059886
11.0	0.059788
11.01	0.05969
11.02	0.059592
11.03	0.059494
11.04	0.059397
11.05	0.0593
11.06	0.059203
11.07	0.059106
11.08	0.059009
11.09	0.058912
11.1	0.058816
11.11	0.05872
11.12	0.058624
11.13	0.058529
11.14	0.058433
11.15	0.058338
11.16	0.058243
11.17	0.058148
11.18	0.058053
11.19	0.057958
11.2	0.057864
11.21	0.05777
11.22	0.057676
11.23	0.057582
11.24	0.057489
11.25	0.057395
11.26	0.057302
11.27	0.057209
11.28	0.057116
11.29	0.057023
11.3	0.056931
11.31	0.056839
11.32	0.056746
11.33	0.056655
11.34	0.056563
11.35	0.056471
11.36	0.05638
11.37	0.056289
11.38	0.056198
11.39	0.056107
11.4	0.056016
11.41	0.055926
11.42	0.055835
11.43	0.055745
11.44	0.055655
11.45	0.055565
11.46	0.055476
11.47	0.055386
11.48	0.055297
11.49	0.055208
11.5	0.055119
11.51	0.055031
11.52	0.054942
11.53	0.054854
11.54	0.054766
11.55	0.054678
11.56	0.05459
11.57	0.054502
11.58	0.054415
11.59	0.054328
11.6	0.054241
11.61	0.054154
11.62	0.054067
11.63	0.05398
11.64	0.053894
11.65	0.053808
11.66	0.053722
11.67	0.053636
11.68	0.05355
11.69	0.053465
11.7	0.05338
11.71	0.053294
11.72	0.05321
11.73	0.053125
11.74	0.05304
11.75	0.052956
11.76	0.052872
11.77	0.052788
11.78	0.052704
11.79	0.05262
11.8	0.052536
11.81	0.052453
11.82	0.05237
11.83	0.052287
11.84	0.052204
11.85	0.052121
11.86	0.052039
11.87	0.051957
11.88	0.051874
11.89	0.051792
11.9	0.051711
11.91	0.051629
11.92	0.051548
11.93	0.051466
11.94	0.051385
11.95	0.051304
11.96	0.051223
11.97	0.051143
11.98	0.051062
11.99	0.050982
12.0	0.050902
12.01	0.050822
12.02	0.050742
12.03	0.050663
12.04	0.050583
12.05	0.050504
12.06	0.050425
12.07	0.050346
12.08	0.050267
12.09	0.050189
12.1	0.05011
12.11	0.050032
12.12	0.049954
12.13	0.049876
12.14	0.049798
12.15	0.04972
12.16	0.049643
12.17	0.049566
12.18	0.049488
12.19	0.049411
12.2	0.049335
12.21	0.049258
12.22	0.049182
12.23	0.049105
12.24	0.049029
12.25	0.048953
12.26	0.048877
12.27	0.048801
12.28	0.048726
12.29	0.048651
12.3	0.048575
12.31	0.0485
12.32	0.048425
12.33	0.048351
12.34	0.048276
12.35	0.048202
12.36	0.048127
12.37	0.048053
12.38	0.047979
12.39	0.047905
12.4	0.047832
12.41	0.047758
12.42	0.047685
12.43	0.047612
12.44	0.047539
12.45	0.047466
12.46	0.047393
12.47	0.04732
12.48	0.047248
12.49	0.047176
12.5	0.047103
12.51	0.047031
12.52	0.04696
12.53	0.046888
12.54	0.046816
12.55	0.046745
12.56	0.046674
12.57	0.046602
12.58	0.046532
12.59	0.046461
12.6	0.04639
12.61	0.046319
12.62	0.046249
12.63	0.046179
12.64	0.046109
12.65	0.046039
12.66	0.045969
12.67	0.045899
12.68	0.04583
12.69	0.04576
12.7	0.045691
12.71	0.045622
12.72	0.045553
12.73	0.045484
12.74	0.045415
12.75	0.045347
12.76	0.045278
12.77	0.04521
12.78	0.045142
12.79	0.045074
12.8	0.045006
12.81	0.044938
12.82	0.044871
12.83	0.044803
12.84	0.044736
12.85	0.044669
12.86	0.044602
12.87	0.044535
12.88	0.044468
12.89	0.044401
12.9	0.044335
12.91	0.044268
12.92	0.044202
12.93	0.044136
12.94	0.04407
12.95	0.044004
12.96	0.043938
12.97	0.043872
12.98	0.043807
12.99	0.043741
13.0	0.043676
13.01	0.043611
13.02	0.043546
13.03	0.043481
13.04	0.043416
13.05	0.043352
13.06	0.043287
13.07	0.043223
13.08	0.043159
13.09	0.043094
13.1	0.04303
13.11	0.042967
13.12	0.042903
13.13	0.042839
13.14	0.042776
13.15	0.042712
13.16	0.042649
13.17	0.042586
13.18	0.042523
13.19	0.04246
13.2	0.042397
13.21	0.042335
13.22	0.042272
13.23	0.04221
13.24	0.042147
13.25	0.042085
13.26	0.042023
13.27	0.041961
13.28	0.0419
13.29	0.041838
13.3	0.041776
13.31	0.041715
13.32	0.041654
13.33	0.041592
13.34	0.041531
13.35	0.04147
13.36	0.041409
13.37	0.041349
13.38	0.041288
13.39	0.041228
13.4	0.041167
13.41	0.041107
13.42	0.041047
13.43	0.040987
13.44	0.040927
13.45	0.040867
13.46	0.040807
13.47	0.040748
13.48	0.040688
13.49	0.040629
13.5	0.04057
13.51	0.040511
13.52	0.040452
13.53	0.040393
13.54	0.040334
13.55	0.040275
13.56	0.040217
13.57	0.040158
13.58	0.0401
13.59	0.040042
13.6	0.039984
13.61	0.039926
13.62	0.039868
13.63	0.03981
13.64	0.039752
13.65	0.039695
13.66	0.039637
13.67	0.03958
13.68	0.039523
13.69	0.039466
13.7	0.039409
13.71	0.039352
13.72	0.039295
13.73	0.039238
13.74	0.039182
13.75	0.039125
13.76	0.039069
13.77	0.039013
13.78	0.038956
13.79	0.0389
13.8	0.038844
13.81	0.038789
13.82	0.038733
13.83	0.038677
13.84	0.038622
13.85	0.038566
13.86	0.038511
13.87	0.038456
13.88	0.038401
13.89	0.038345
13.9	0.038291
13.91	0.038236
13.92	0.038181
13.93	0.038126
13.94	0.038072
13.95	0.038018
13.96	0.037963
13.97	0.037909
13.98	0.037855
13.99	0.037801
14.0	0.037747
14.01	0.037693
14.02	0.037639
14.03	0.037586
14.04	0.037532
14.05	0.037479
14.06	0.037426
14.07	0.037372
14.08	0.037319
14.09	0.037266
14.1	0.037213
14.11	0.037161
14.12	0.037108
14.13	0.037055
14.14	0.037003
14.15	0.03695
14.16	0.036898
14.17	0.036846
14.18	0.036794
14.19	0.036742
14.2	0.03669
14.21	0.036638
14.22	0.036586
14.23	0.036534
14.24	0.036483
14.25	0.036431
14.26	0.03638
14.27	0.036329
14.28	0.036278
14.29	0.036227
14.3	0.036176
14.31	0.036125
14.32	0.036074
14.33	0.036023
14.34	0.035973
14.35	0.035922
14.36	0.035872
14.37	0.035822
14.38	0.035771
14.39	0.035721
14.4	0.035671
14.41	0.035621
14.42	0.035571
14.43	0.035522
14.44	0.035472
14.45	0.035422
14.46	0.035373
14.47	0.035324
14.48	0.035274
14.49	0.035225
14.5	0.035176
14.51	0.035127
14.52	0.035078
14.53	0.035029
14.54	0.034981
14.55	0.034932
14.56	0.034883
14.57	0.034835
14.58	0.034787
14.59	0.034738
14.6	0.03469
14.61	0.034642
14.62	0.034594
14.63	0.034546
14.64	0.034498
14.65	0.034451
14.66	0.034403
14.67	0.034356
14.68	0.034308
14.69	0.034261
14.7	0.034214
14.71	0.034166
14.72	0.034119
14.73	0.034072
14.74	0.034025
14.75	0.033978
14.76	0.033932
14.77	0.033885
14.78	0.033838
14.79	0.033792
14.8	0.033746
14.81	0.033699
14.82	0.033653
14.83	0.033607
14.84	0.033561
14.85	0.033515
14.86	0.033469
14.87	0.033423
14.88	0.033378
14.89	0.033332
14.9	0.033286
14.91	0.033241
14.92	0.033196
14.93	0.03315
14.94	0.033105
14.95	0.03306
14.96	0.033015
14.97	0.03297
14.98	0.032925
14.99	0.03288
15.0	0.032836
15.01	0.032791
15.02	0.032747
15.03	0.032702
15.04	0.032658
15.05	0.032613
15.06	0.032569
15.07	0.032525
15.08	0.032481
15.09	0.032437
15.1	0.032393
15.11	0.032349
15.12	0.032306
15.13	0.032262
15.14	0.032219
15.15	0.032175
15.16	0.032132
15.17	0.032088
15.18	0.032045
15.19	0.032002
15.2	0.031959
15.21	0.031916
15.22	0.031873
15.23	0.03183
15.24	0.031788
15.25	0.031745
15.26	0.031702
15.27	0.03166
15.28	0.031617
15.29	0.031575
15.3	0.031533
15.31	0.031491
15.32	0.031448
15.33	0.031406
15.34	0.031364
15.35	0.031323
15.36	0.031281
15.37	0.031239
15.38	0.031197
15.39	0.031156
15.4	0.031114
15.41	0.031073
15.42	0.031032
15.43	0.03099
15.44	0.030949
15.45	0.030908
15.46	0.030867
15.47	0.030826
15.48	0.030785
15.49	0.030744
15.5	0.030704
15.51	0.030663
15.52	0.030622
15.53	0.030582
15.54	0.030541
15.55	0.030501
15.56	0.030461
15.57	0.030421
15.58	0.03038
15.59	0.03034
15.6	0.0303
15.61	0.03026
15.62	0.030221
15.63	0.030181
15.64	0.030141
15.65	0.030101
15.66	0.030062
15.67	0.030022
15.68	0.029983
15.69	0.029944
15.7	0.029904
15.71	0.029865
15.72	0.029826
15.73	0.029787
15.74	0.029748
15.75	0.029709
15.76	0.02967
15.77	0.029632
15.78	0.029593
15.79	0.029554
15.8	0.029516
15.81	0.029477
15.82	0.029439
15.83	0.029401
15.84	0.029362
15.85	0.029324
15.86	0.029286
15.87	0.029248
15.88	0.02921
15.89	0.029172
15.9	0.029134
15.91	0.029096
15.92	0.029059
15.93	0.029021
15.94	0.028983
15.95	0.028946
15.96	0.028908
15.97	0.028871
15.98	0.028834
15.99	0.028797
16.0	0.028759
16.01	0.028722
16.02	0.028685
16.03	0.028648
16.04	0.028611
16.05	0.028575
16.06	0.028538
16.07	0.028501
16.08	0.028464
16.09	0.028428
16.1	0.028391
16.11	0.028355
16.12	0.028319
16.13	0.028282
16.14	0.028246
16.15	0.02821
16.16	0.028174
16.17	0.028138
16.18	0.028102
16.19	0.028066
16.2	0.02803
16.21	0.027994
16.22	0.027958
16.23	0.027923
16.24	0.027887
16.25	0.027852
16.26	0.027816
16.27	0.027781
16.28	0.027745
16.29	0.02771
16.3	0.027675
16.31	0.02764
16.32	0.027605
16.33	0.02757
16.34	0.027535
16.35	0.0275
16.36	0.027465
16.37	0.02743
16.38	0.027396
16.39	0.027361
16.4	0.027326
16.41	0.027292
16.42	0.027257
16.43	0.027223
16.44	0.027189
16.45	0.027154
16.46	0.02712
16.47	0.027086
16.48	0.027052
16.49	0.027018
16.5	0.026984
16.51	0.02695
16.52	0.026916
16.53	0.026882
16.54	0.026848
16.55	0.026815
16.56	0.026781
16.57	0.026748
16.58	0.026714
16.59	0.026681
16.6	0.026647
16.61	0.026614
16.62	0.026581
16.63	0.026547
16.64	0.026514
16.65	0.026481
16.66	0.026448
16.67	0.026415
16.68	0.026382
16.69	0.026349
16.7	0.026317
16.71	0.026284
16.72	0.026251
16.73	0.026218
16.74	0.026186
16.75	0.026153
16.76	0.026121
16.77	0.026089
16.78	0.026056
16.79	0.026024
16.8	0.025992
16.81	0.025959
16.82	0.025927
16.83	0.025895
16.84	0.025863
16.85	0.025831
16.86	0.025799
16.87	0.025768
16.88	0.025736
16.89	0.025704
16.9	0.025672
16.91	0.025641
16.92	0.025609
16.93	0.025578
16.94	0.025546
16.95	0.025515
16.96	0.025483
16.97	0.025452
16.98	0.025421
16.99	0.02539
17.0	0.025359
17.01	0.025328
17.02	0.025297
17.03	0.025266
17.04	0.025235
17.05	0.025204
17.06	0.025173
17.07	0.025142
17.08	0.025111
17.09	0.025081
17.1	0.02505
17.11	0.02502
17.12	0.024989
17.13	0.024959
17.14	0.024928
17.15	0.024898
17.16	0.024868
17.17	0.024838
17.18	0.024807
17.19	0.024777
17.2	0.024747
17.21	0.024717
17.22	0.024687
17.23	0.024657
17.24	0.024627
17.25	0.024598
17.26	0.024568
17.27	0.024538
17.28	0.024508
17.29	0.024479
17.3	0.024449
17.31	0.02442
17.32	0.02439
17.33	0.024361
17.34	0.024331
17.35	0.024302
17.36	0.024273
17.37	0.024244
17.38	0.024214
17.39	0.024185
17.4	0.024156
17.41	0.024127
17.42	0.024098
17.43	0.024069
17.44	0.024041
17.45	0.024012
17.46	0.023983
17.47	0.023954
17.48	0.023926
17.49	0.023897
17.5	0.023868
17.51	0.02384
17.52	0.023811
17.53	0.023783
17.54	0.023754
17.55	0.023726
17.56	0.023698
17.57	0.02367
17.58	0.023641
17.59	0.023613
17.6	0.023585
17.61	0.023557
17.62	0.023529
17.63	0.023501
17.64	0.023473
17.65	0.023445
17.66	0.023418
17.67	0.02339
17.68	0.023362
17.69	0.023334
17.7	0.023307
17.71	0.023279
17.72	0.023252
17.73	0.023224
17.74	0.023197
17.75	0.023169
17.76	0.023142
17.77	0.023115
17.78	0.023087
17.79	0.02306
17.8	0.023033
17.81	0.023006
17.82	0.022979
17.83	0.022952
17.84	0.022925
17.85	0.022898
17.86	0.022871
17.87	0.022844
17.88	0.022817
17.89	0.022791
17.9	0.022764
17.91	0.022737
17.92	0.022711
17.93	0.022684
17.94	0.022657
17.95	0.022631
17.96	0.022604
17.97	0.022578
17.98	0.022552
17.99	0.022525
18.0	0.022499
18.01	0.022473
18.02	0.022447
18.03	0.02242
18.04	0.022394
18.05	0.022368
18.06	0.022342
18.07	0.022316
18.08	0.02229
18.09	0.022264
18.1	0.022239
18.11	0.022213
18.12	0.022187
18.13	0.022161
18.14	0.022136
18.15	0.02211
18.16	0.022084
18.17	0.022059
18.18	0.022033
18.19	0.022008
18.2	0.021982
18.21	0.021957
18.22	0.021932
18.23	0.021906
18.24	0.021881
18.25	0.021856
18.26	0.021831
18.27	0.021806
18.28	0.021781
18.29	0.021755
18.3	0.02173
18.31	0.021706
18.32	0.021681
18.33	0.021656
18.34	0.021631
18.35	0.021606
18.36	0.021581
18.37	0.021557
18.38	0.021532
18.39	0.021507
18.4	0.021483
18.41	0.021458
18.42	0.021433
18.43	0.021409
18.44	0.021385
18.45	0.02136
18.46	0.021336
18.47	0.021311
18.48	0.021287
18.49	0.021263
18.5	0.021239
18.51	0.021215
18.52	0.02119
18.53	0.021166
18.54	0.021142
18.55	0.021118
18.56	0.021094
18.57	0.02107
18.58	0.021046
18.59	0.021023
18.6	0.020999
18.61	0.020975
18.62	0.020951
18.63	0.020928
18.64	0.020904
18.65	0.02088
18.66	0.020857
18.67	0.020833
18.68	0.02081
18.69	0.020786
18.7	0.020763
18.71	0.020739
18.72	0.020716
18.73	0.020693
18.74	0.020669
18.75	0.020646
18.76	0.020623
18.77	0.0206
18.78	0.020576
18.79	0.020553
18.8	0.02053
18.81	0.020507
18.82	0.020484
18.83	0.020461
18.84	0.020438
18.85	0.020416
18.86	0.020393
18.87	0.02037
18.88	0.020347
18.89	0.020324
18.9	0.020302
18.91	0.020279
18.92	0.020256
18.93	0.020234
18.94	0.020211
18.95	0.020189
18.96	0.020166
18.97	0.020144
18.98	0.020121
18.99	0.020099
19.0	0.020077
19.01	0.020054
19.02	0.020032
19.03	0.02001
19.04	0.019988
19.05	0.019965
19.06	0.019943
19.07	0.019921
19.08	0.019899
19.09	0.019877
19.1	0.019855
19.11	0.019833
19.12	0.019811
19.13	0.019789
19.14	0.019768
19.15	0.019746
19.16	0.019724
19.17	0.019702
19.18	0.01968
19.19	0.019659
19.2	0.019637
19.21	0.019616
19.22	0.019594
19.23	0.019572
19.24	0.019551
19.25	0.019529
19.26	0.019508
19.27	0.019487
19.28	0.019465
19.29	0.019444
19.3	0.019423
19.31	0.019401
19.32	0.01938
19.33	0.019359
19.34	0.019338
19.35	0.019317
19.36	0.019295
19.37	0.019274
19.38	0.019253
19.39	0.019232
19.4	0.019211
19.41	0.01919
19.42	0.019169
19.43	0.019149
19.44	0.019128
19.45	0.019107
19.46	0.019086
19.47	0.019065
19.48	0.019045
19.49	0.019024
19.5	0.019003
19.51	0.018983
19.52	0.018962
19.53	0.018942
19.54	0.018921
19.55	0.018901
19.56	0.01888
19.57	0.01886
19.58	0.018839
19.59	0.018819
19.6	0.018799
19.61	0.018778
19.62	0.018758
19.63	0.018738
19.64	0.018718
19.65	0.018697
19.66	0.018677
19.67	0.018657
19.68	0.018637
19.69	0.018617
19.7	0.018597
19.71	0.018577
19.72	0.018557
19.73	0.018537
19.74	0.018517
19.75	0.018497
19.76	0.018478
19.77	0.018458
19.78	0.018438
19.79	0.018418
19.8	0.018398
19.81	0.018379
19.82	0.018359
19.83	0.01834
19.84	0.01832
19.85	0.0183
19.86	0.018281
19.87	0.018261
19.88	0.018242
19.89	0.018222
19.9	0.018203
19.91	0.018184
19.92	0.018164
19.93	0.018145
19.94	0.018126
19.95	0.018106
19.96	0.018087
19.97	0.018068
19.98	0.018049
19.99	0.01803
20.0	0.01801
20.01	0.017991
20.02	0.017972
20.03	0.017953
20.04	0.017934
20.05	0.017915
20.06	0.017896
20.07	0.017877
20.08	0.017859
20.09	0.01784
20.1	0.017821
20.11	0.017802
20.12	0.017783
20.13	0.017765
20.14	0.017746
20.15	0.017727
20.16	0.017708
20.17	0.01769
20.18	0.017671
20.19	0.017653
20.2	0.017634
20.21	0.017616
20.22	0.017597
20.23	0.017579
20.24	0.01756
20.25	0.017542
20.26	0.017523
20.27	0.017505
20.28	0.017487
20.29	0.017468
20.3	0.01745
20.31	0.017432
20.32	0.017414
20.33	0.017395
20.34	0.017377
20.35	0.017359
20.36	0.017341
20.37	0.017323
20.38	0.017305
20.39	0.017287
20.4	0.017269
20.41	0.017251
20.42	0.017233
20.43	0.017215
20.44	0.017197
20.45	0.017179
20.46	0.017162
20.47	0.017144
20.48	0.017126
20.49	0.017108
20.5	0.01709
20.51	0.017073
20.52	0.017055
20.53	0.017037
20.54	0.01702
20.55	0.017002
20.56	0.016985
20.57	0.016967
20.58	0.01695
20.59	0.016932
20.6	0.016915
20.61	0.016897
20.62	0.01688
20.63	0.016862
20.64	0.016845
20.65	0.016828
20.66	0.01681
20.67	0.016793
20.68	0.016776
20.69	0.016759
20.7	0.016741
20.71	0.016724
20.72	0.016707
20.73	0.01669
20.74	0.016673
20.75	0.016656
20.76	0.016639
20.77	0.016622
20.78	0.016605
20.79	0.016588
20.8	0.016571
20.81	0.016554
20.82	0.016537
20.83	0.01652
20.84	0.016503
20.85	0.016486
20.86	0.016469
20.87	0.016453
20.88	0.016436
20.89	0.016419
20.9	0.016402
20.91	0.016386
20.92	0.016369
20.93	0.016352
20.94	0.016336
20.95	0.016319
20.96	0.016303
20.97	0.016286
20.98	0.01627
20.99	0.016253
21.0	0.016237
21.01	0.01622
21.02	0.016204
21.03	0.016187
21.04	0.016171
21.05	0.016155
21.06	0.016138
21.07	0.016122
21.08	0.016106
21.09	0.01609
21.1	0.016073
21.11	0.016057
21.12	0.016041
21.13	0.016025
21.14	0.016009
21.15	0.015992
21.16	0.015976
21.17	0.01596
21.18	0.015944
21.19	0.015928
21.2	0.015912
21.21	0.015896
21.22	0.01588
21.23	0.015864
21.24	0.015849
21.25	0.015833
21.26	0.015817
21.27	0.015801
21.28	0.015785
21.29	0.015769
21.3	0.015754
21.31	0.015738
21.32	0.015722
21.33	0.015706
21.34	0.015691
21.35	0.015675
21.36	0.01566
21.37	0.015644
21.38	0.015628
21.39	0.015613
21.4	0.015597
21.41	0.015582
21.42	0.015566
21.43	0.015551
21.44	0.015535
21.45	0.01552
21.46	0.015504
21.47	0.015489
21.48	0.015474
21.49	0.015458
21.5	0.015443
21.51	0.015428
21.52	0.015413
21.53	0.015397
21.54	0.015382
21.55	0.015367
21.56	0.015352
21.57	0.015336
21.58	0.015321
21.59	0.015306
21.6	0.015291
21.61	0.015276
21.62	0.015261
21.63	0.015246
21.64	0.015231
21.65	0.015216
21.66	0.015201
21.67	0.015186
21.68	0.015171
21.69	0.015156
21.7	0.015141
21.71	0.015126
21.72	0.015112
21.73	0.015097
21.74	0.015082
21.75	0.015067
21.76	0.015052
21.77	0.015038
21.78	0.015023
21.79	0.015008
21.8	0.014994
21.81	0.014979
21.82	0.014964
21.83	0.01495
21.84	0.014935
21.85	0.014921
21.86	0.014906
21.87	0.014891
21.88	0.014877
21.89	0.014862
21.9	0.014848
21.91	0.014834
21.92	0.014819
21.93	0.014805
21.94	0.01479
21.95	0.014776
21.96	0.014762
21.97	0.014747
21.98	0.014733
21.99	0.014719
22.0	0.014704
22.01	0.01469
22.02	0.014676
22.03	0.014662
22.04	0.014648
22.05	0.014633
22.06	0.014619
22.07	0.014605
22.08	0.014591
22.09	0.014577
22.1	0.014563
22.11	0.014549
22.12	0.014535
22.13	0.014521
22.14	0.014507
22.15	0.014493
22.16	0.014479
22.17	0.014465
22.18	0.014451
22.19	0.014437
22.2	0.014423
22.21	0.014409
22.22	0.014396
22.23	0.014382
22.24	0.014368
22.25	0.014354
22.26	0.01434
22.27	0.014327
22.28	0.014313
22.29	0.014299
22.3	0.014286
22.31	0.014272
22.32	0.014258
22.33	0.014245
22.34	0.014231
22.35	0.014217
22.36	0.014204
22.37	0.01419
22.38	0.014177
22.39	0.014163
22.4	0.01415
22.41	0.014136
22.42	0.014123
22.43	0.014109
22.44	0.014096
22.45	0.014083
22.46	0.014069
22.47	0.014056
22.48	0.014043
22.49	0.014029
22.5	0.014016
22.51	0.014003
22.52	0.013989
22.53	0.013976
22.54	0.013963
22.55	0.01395
22.56	0.013936
22.57	0.013923
22.58	0.01391
22.59	0.013897
22.6	0.013884
22.61	0.013871
22.62	0.013858
22.63	0.013845
22.64	0.013832
22.65	0.013818
22.66	0.013805
22.67	0.013792
22.68	0.013779
22.69	0.013767
22.7	0.013754
22.71	0.013741
22.72	0.013728
22.73	0.013715
22.74	0.013702
22.75	0.013689
22.76	0.013676
22.77	0.013663
22.78	0.013651
22.79	0.013638
22.8	0.013625
22.81	0.013612
22.82	0.0136
22.83	0.013587
22.84	0.013574
22.85	0.013561
22.86	0.013549
22.87	0.013536
22.88	0.013524
22.89	0.013511
22.9	0.013498
22.91	0.013486
22.92	0.013473
22.93	0.013461
22.94	0.013448
22.95	0.013436
22.96	0.013423
22.97	0.013411
22.98	0.013398
22.99	0.013386
23.0	0.013373
23.01	0.013361
23.02	0.013348
23.03	0.013336
23.04	0.013324
23.05	0.013311
23.06	0.013299
23.07	0.013287
23.08	0.013274
23.09	0.013262
23.1	0.01325
23.11	0.013238
23.12	0.013225
23.13	0.013213
23.14	0.013201
23.15	0.013189
23.16	0.013177
23.17	0.013164
23.18	0.013152
23.19	0.01314
23.2	0.013128
23.21	0.013116
23.22	0.013104
23.23	0.013092
23.24	0.01308
23.25	0.013068
23.26	0.013056
23.27	0.013044
23.28	0.013032
23.29	0.01302
23.3	0.013008
23.31	0.012996
23.32	0.012984
23.33	0.012972
23.34	0.01296
23.35	0.012949
23.36	0.012937
23.37	0.012925
23.38	0.012913
23.39	0.012901
23.4	0.01289
23.41	0.012878
23.42	0.012866
23.43	0.012854
23.44	0.012843
23.45	0.012831
23.46	0.012819
23.47	0.012808
23.48	0.012796
23.49	0.012784
23.5	0.012773
23.51	0.012761
23.52	0.012749
23.53	0.012738
23.54	0.012726
23.55	0.012715
23.56	0.012703
23.57	0.012692
23.58	0.01268
23.59	0.012669
23.6	0.012657
23.61	0.012646
23.62	0.012634
23.63	0.012623
23.64	0.012611
23.65	0.0126
23.66	0.012589
23.67	0.012577
23.68	0.012566
23.69	0.012555
23.7	0.012543
23.71	0.012532
23.72	0.012521
23.73	0.012509
23.74	0.012498
23.75	0.012487
23.76	0.012476
23.77	0.012464
23.78	0.012453
23.79	0.012442
23.8	0.012431
23.81	0.01242
23.82	0.012409
23.83	0.012397
23.84	0.012386
23.85	0.012375
23.86	0.012364
23.87	0.012353
23.88	0.012342
23.89	0.012331
23.9	0.01232
23.91	0.012309
23.92	0.012298
23.93	0.012287
23.94	0.012276
23.95	0.012265
23.96	0.012254
23.97	0.012243
23.98	0.012232
23.99	0.012221
24.0	0.01221
24.01	0.0122
24.02	0.012189
24.03	0.012178
24.04	0.012167
24.05	0.012156
24.06	0.012145
24.07	0.012135
24.08	0.012124
24.09	0.012113
24.1	0.012102
24.11	0.012092
24.12	0.012081
24.13	0.01207
24.14	0.012059
24.15	0.012049
24.16	0.012038
24.17	0.012028
24.18	0.012017
24.19	0.012006
24.2	0.011996
24.21	0.011985
24.22	0.011974
24.23	0.011964
24.24	0.011953
24.25	0.011943
24.26	0.011932
24.27	0.011922
24.28	0.011911
24.29	0.011901
24.3	0.01189
24.31	0.01188
24.32	0.011869
24.33	0.011859
24.34	0.011849
24.35	0.011838
24.36	0.011828
24.37	0.011817
24.38	0.011807
24.39	0.011797
24.4	0.011786
24.41	0.011776
24.42	0.011766
24.43	0.011755
24.44	0.011745
24.45	0.011735
24.46	0.011725
24.47	0.011714
24.48	0.011704
24.49	0.011694
24.5	0.011684
24.51	0.011673
24.52	0.011663
24.53	0.011653
24.54	0.011643
24.55	0.011633
24.56	0.011623
24.57	0.011613
24.58	0.011602
24.59	0.011592
24.6	0.011582
24.61	0.011572
24.62	0.011562
24.63	0.011552
24.64	0.011542
24.65	0.011532
24.66	0.011522
24.67	0.011512
24.68	0.011502
24.69	0.011492
24.7	0.011482
24.71	0.011472
24.72	0.011462
24.73	0.011452
24.74	0.011443
24.75	0.011433
24.76	0.011423
24.77	0.011413
24.78	0.011403
24.79	0.011393
24.8	0.011383
24.81	0.011374
24.82	0.011364
24.83	0.011354
24.84	0.011344
24.85	0.011334
24.86	0.011325
24.87	0.011315
24.88	0.011305
24.89	0.011296
24.9	0.011286
24.91	0.011276
24.92	0.011266
24.93	0.011257
24.94	0.011247
24.95	0.011237
24.96	0.011228
24.97	0.011218
24.98	0.011209
24.99	0.011199
25.0	0.011189
25.01	0.01118
25.02	0.01117
25.03	0.011161
25.04	0.011151
25.05	0.011142
25.06	0.011132
25.07	0.011123
25.08	0.011113
25.09	0.011104
25.1	0.011094
25.11	0.011085
25.12	0.011075
25.13	0.011066
25.14	0.011057
25.15	0.011047
25.16	0.011038
25.17	0.011028
25.18	0.011019
25.19	0.01101
25.2	0.011
25.21	0.010991
25.22	0.010982
25.23	0.010972
25.24	0.010963
25.25	0.010954
25.26	0.010944
25.27	0.010935
25.28	0.010926
25.29	0.010917
25.3	0.010907
25.31	0.010898
25.32	0.010889
25.33	0.01088
25.34	0.010871
25.35	0.010861
25.36	0.010852
25.37	0.010843
25.38	0.010834
25.39	0.010825
25.4	0.010816
25.41	0.010807
25.42	0.010798
25.43	0.010788
25.44	0.010779
25.45	0.01077
25.46	0.010761
25.47	0.010752
25.48	0.010743
25.49	0.010734
25.5	0.010725
25.51	0.010716
25.52	0.010707
25.53	0.010698
25.54	0.010689
25.55	0.01068
25.56	0.010671
25.57	0.010662
25.58	0.010654
25.59	0.010645
25.6	0.010636
25.61	0.010627
25.62	0.010618
25.63	0.010609
25.64	0.0106
25.65	0.010591
25.66	0.010583
25.67	0.010574
25.68	0.010565
25.69	0.010556
25.7	0.010547
25.71	0.010539
25.72	0.01053
25.73	0.010521
25.74	0.010512
25.75	0.010504
25.76	0.010495
25.77	0.010486
25.78	0.010477
25.79	0.010469
25.8	0.01046
25.81	0.010451
25.82	0.010443
25.83	0.010434
25.84	0.010425
25.85	0.010417
25.86	0.010408
25.87	0.0104
25.88	0.010391
25.89	0.010382
25.9	0.010374
25.91	0.010365
25.92	0.010357
25.93	0.010348
25.94	0.01034
25.95	0.010331
25.96	0.010323
25.97	0.010314
25.98	0.010306
25.99	0.010297
26.0	0.010289
26.01	0.01028
26.02	0.010272
26.03	0.010263
26.04	0.010255
26.05	0.010246
26.06	0.010238
26.07	0.01023
26.08	0.010221
26.09	0.010213
26.1	0.010204
26.11	0.010196
26.12	0.010188
26.13	0.010179
26.14	0.010171
26.15	0.010163
26.16	0.010154
26.17	0.010146
26.18	0.010138
26.19	0.01013
26.2	0.010121
26.21	0.010113
26.22	0.010105
26.23	0.010097
26.24	0.010088
26.25	0.01008
26.26	0.010072
26.27	0.010064
26.28	0.010055
26.29	0.010047
26.3	0.010039
26.31	0.010031
26.32	0.010023
26.33	0.010015
26.34	0.010007
26.35	0.0099984
26.36	0.0099903
26.37	0.0099822
26.38	0.0099741
26.39	0.009966
26.4	0.0099579
26.41	0.0099499
26.42	0.0099418
26.43	0.0099338
26.44	0.0099257
26.45	0.0099177
26.46	0.0099097
26.47	0.0099017
26.48	0.0098937
26.49	0.0098857
26.5	0.0098777
26.51	0.0098697
26.52	0.0098617
26.53	0.0098538
26.54	0.0098459
26.55	0.0098379
26.56	0.00983
26.57	0.0098221
26.58	0.0098142
26.59	0.0098063
26.6	0.0097984
26.61	0.0097905
26.62	0.0097826
26.63	0.0097748
26.64	0.0097669
26.65	0.0097591
26.66	0.0097513
26.67	0.0097434
26.68	0.0097356
26.69	0.0097278
26.7	0.00972
26.71	0.0097122
26.72	0.0097045
26.73	0.0096967
26.74	0.0096889
26.75	0.0096812
26.76	0.0096734
26.77	0.0096657
26.78	0.009658
26.79	0.0096503
26.8	0.0096426
26.81	0.0096349
26.82	0.0096272
26.83	0.0096195
26.84	0.0096118
26.85	0.0096042
26.86	0.0095965
26.87	0.0095889
26.88	0.0095813
26.89	0.0095736
26.9	0.009566
26.91	0.0095584
26.92	0.0095508
26.93	0.0095432
26.94	0.0095356
26.95	0.0095281
26.96	0.0095205
26.97	0.009513
26.98	0.0095054
26.99	0.0094979
27.0	0.0094904
27.01	0.0094828
27.02	0.0094753
27.03	0.0094678
27.04	0.0094603
27.05	0.0094529
27.06	0.0094454
27.07	0.0094379
27.08	0.0094305
27.09	0.009423
27.1	0.0094156
27.11	0.0094081
27.12	0.0094007
27.13	0.0093933
27.14	0.0093859
27.15	0.0093785
27.16	0.0093711
27.17	0.0093637
27.18	0.0093564
27.19	0.009349
27.2	0.0093417
27.21	0.0093343
27.22	0.009327
27.23	0.0093196
27.24	0.0093123
27.25	0.009305
27.26	0.0092977
27.27	0.0092904
27.28	0.0092831
27.29	0.0092758
27.3	0.0092686
27.31	0.0092613
27.32	0.0092541
27.33	0.0092468
27.34	0.0092396
27.35	0.0092324
27.36	0.0092251
27.37	0.0092179
27.38	0.0092107
27.39	0.0092035
27.4	0.0091963
27.41	0.0091892
27.42	0.009182
27.43	0.0091748
27.44	0.0091677
27.45	0.0091605
27.46	0.0091534
27.47	0.0091463
27.48	0.0091392
27.49	0.009132
27.5	0.0091249
27.51	0.0091178
27.52	0.0091108
27.53	0.0091037
27.54	0.0090966
27.55	0.0090895
27.56	0.0090825
27.57	0.0090754
27.58	0.0090684
27.59	0.0090614
27.6	0.0090543
27.61	0.0090473
27.62	0.0090403
27.63	0.0090333
27.64	0.0090263
27.65	0.0090193
27.66	0.0090124
27.67	0.0090054
27.68	0.0089984
27.69	0.0089915
27.7	0.0089845
27.71	0.0089776
27.72	0.0089707
27.73	0.0089638
27.74	0.0089568
27.75	0.0089499
27.76	0.008943
27.77	0.0089362
27.78	0.0089293
27.79	0.0089224
27.8	0.0089155
27.81	0.0089087
27.82	0.0089018
27.83	0.008895
27.84	0.0088881
27.85	0.0088813
27.86	0.0088745
27.87	0.0088677
27.88	0.0088609
27.89	0.0088541
27.9	0.0088473
27.91	0.0088405
27.92	0.0088337
27.93	0.008827
27.94	0.0088202
27.95	0.0088135
27.96	0.0088067
27.97	0.0088
27.98	0.0087933
27.99	0.0087865
28.0	0.0087798
28.01	0.0087731
28.02	0.0087664
28.03	0.0087597
28.04	0.0087531
28.05	0.0087464
28.06	0.0087397
28.07	0.0087331
28.08	0.0087264
28.09	0.0087198
28.1	0.0087131
28.11	0.0087065
28.12	0.0086999
28.13	0.0086933
28.14	0.0086867
28.15	0.00868
28.16	0.0086735
28.17	0.0086669
28.18	0.0086603
28.19	0.0086537
28.2	0.0086472
28.21	0.0086406
28.22	0.0086341
28.23	0.0086275
28.24	0.008621
28.25	0.0086144
28.26	0.0086079
28.27	0.0086014
28.28	0.0085949
28.29	0.0085884
28.3	0.0085819
28.31	0.0085754
28.32	0.008569
28.33	0.0085625
28.34	0.008556
28.35	0.0085496
28.36	0.0085431
28.37	0.0085367
28.38	0.0085303
28.39	0.0085238
28.4	0.0085174
28.41	0.008511
28.42	0.0085046
28.43	0.0084982
28.44	0.0084918
28.45	0.0084854
28.46	0.008479
28.47	0.0084727
28.48	0.0084663
28.49	0.00846
28.5	0.0084536
28.51	0.0084473
28.52	0.0084409
28.53	0.0084346
28.54	0.0084283
28.55	0.008422
28.56	0.0084157
28.57	0.0084094
28.58	0.0084031
28.59	0.0083968
28.6	0.0083905
28.61	0.0083842
28.62	0.008378
28.63	0.0083717
28.64	0.0083655
28.65	0.0083592
28.66	0.008353
28.67	0.0083468
28.68	0.0083405
28.69	0.0083343
28.7	0.0083281
28.71	0.0083219
28.72	0.0083157
28.73	0.0083095
28.74	0.0083033
28.75	0.0082972
28.76	0.008291
28.77	0.0082848
28.78	0.0082787
28.79	0.0082725
28.8	0.0082664
28.81	0.0082602
28.82	0.0082541
28.83	0.008248
28.84	0.0082419
28.85	0.0082358
28.86	0.0082297
28.87	0.0082236
28.88	0.0082175
28.89	0.0082114
28.9	0.0082053
28.91	0.0081993
28.92	0.0081932
28.93	0.0081871
28.94	0.0081811
28.95	0.008175
28.96	0.008169
28.97	0.008163
28.98	0.008157
28.99	0.0081509
29.0	0.0081449
29.01	0.0081389
29.02	0.0081329
29.03	0.0081269
29.04	0.008121
29.05	0.008115
29.06	0.008109
29.07	0.008103
29.08	0.0080971
29.09	0.0080911
29.1	0.0080852
29.11	0.0080792
29.12	0.0080733
29.13	0.0080674
29.14	0.0080615
29.15	0.0080556
29.16	0.0080497
29.17	0.0080438
29.18	0.0080379
29.19	0.008032
29.2	0.0080261
29.21	0.0080202
29.22	0.0080143
29.23	0.0080085
29.24	0.0080026
29.25	0.0079968
29.26	0.0079909
29.27	0.0079851
29.28	0.0079793
29.29	0.0079734
29.3	0.0079676
29.31	0.0079618
29.32	0.007956
29.33	0.0079502
29.34	0.0079444
29.35	0.0079386
29.36	0.0079329
29.37	0.0079271
29.38	0.0079213
29.39	0.0079155
29.4	0.0079098
29.41	0.007904
29.42	0.0078983
29.43	0.0078926
29.44	0.0078868
29.45	0.0078811
29.46	0.0078754
29.47	0.0078697
29.48	0.007864
29.49	0.0078583
29.5	0.0078526
29.51	0.0078469
29.52	0.0078412
29.53	0.0078355
29.54	0.0078299
29.55	0.0078242
29.56	0.0078185
29.57	0.0078129
29.58	0.0078072
29.59	0.0078016
29.6	0.007796
29.61	0.0077903
29.62	0.0077847
29.63	0.0077791
29.64	0.0077735
29.65	0.0077679
29.66	0.0077623
29.67	0.0077567
29.68	0.0077511
29.69	0.0077455
29.7	0.00774
29.71	0.0077344
29.72	0.0077288
29.73	0.0077233
29.74	0.0077177
29.75	0.0077122
29.76	0.0077066
29.77	0.0077011
29.78	0.0076956
29.79	0.0076901
29.8	0.0076845
29.81	0.007679
29.82	0.0076735
29.83	0.007668
29.84	0.0076625
29.85	0.007657
29.86	0.0076516
29.87	0.0076461
29.88	0.0076406
29.89	0.0076352
29.9	0.0076297
29.91	0.0076243
29.92	0.0076188
29.93	0.0076134
29.94	0.0076079
29.95	0.0076025
29.96	0.0075971
29.97	0.0075917
29.98	0.0075862
29.99	0.0075808
30.0	0.0075754
30.01	0.00757
30.02	0.0075647
30.03	0.0075593
30.04	0.0075539
30.05	0.0075485
30.06	0.0075432
30.07	0.0075378
30.08	0.0075324
30.09	0.0075271
30.1	0.0075218
30.11	0.0075164
30.12	0.0075111
30.13	0.0075058
30.14	0.0075004
30.15	0.0074951
30.16	0.0074898
30.17	0.0074845
30.18	0.0074792
30.19	0.0074739
30.2	0.0074686
30.21	0.0074633
30.22	0.0074581
30.23	0.0074528
30.24	0.0074475
30.25	0.0074423
30.26	0.007437
30.27	0.0074318
30.28	0.0074265
30.29	0.0074213
30.3	0.007416
30.31	0.0074108
30.32	0.0074056
30.33	0.0074004
30.34	0.0073952
30.35	0.00739
30.36	0.0073848
30.37	0.0073796
30.38	0.0073744
30.39	0.0073692
30.4	0.007364
30.41	0.0073588
30.42	0.0073537
30.43	0.0073485
30.44	0.0073433
30.45	0.0073382
30.46	0.007333
30.47	0.0073279
30.48	0.0073228
30.49	0.0073176
30.5	0.0073125
30.51	0.0073074
30.52	0.0073023
30.53	0.0072972
30.54	0.0072921
30.55	0.007287
30.56	0.0072819
30.57	0.0072768
30.58	0.0072717
30.59	0.0072666
30.6	0.0072615
30.61	0.0072565
30.62	0.0072514
30.63	0.0072464
30.64	0.0072413
30.65	0.0072363
30.66	0.0072312
30.67	0.0072262
30.68	0.0072211
30.69	0.0072161
30.7	0.0072111
30.71	0.0072061
30.72	0.0072011
30.73	0.0071961
30.74	0.0071911
30.75	0.0071861
30.76	0.0071811
30.77	0.0071761
30.78	0.0071711
30.79	0.0071661
30.8	0.0071612
30.81	0.0071562
30.82	0.0071512
30.83	0.0071463
30.84	0.0071413
30.85	0.0071364
30.86	0.0071315
30.87	0.0071265
30.88	0.0071216
30.89	0.0071167
30.9	0.0071117
30.91	0.0071068
30.92	0.0071019
30.93	0.007097
30.94	0.0070921
30.95	0.0070872
30.96	0.0070823
30.97	0.0070775
30.98	0.0070726
30.99	0.0070677
31.0	0.0070628
31.01	0.007058
31.02	0.0070531
31.03	0.0070483
31.04	0.0070434
31.05	0.0070386
31.06	0.0070337
31.07	0.0070289
31.08	0.0070241
31.09	0.0070192
31.1	0.0070144
31.11	0.0070096
31.12	0.0070048
31.13	0.007
31.14	0.0069952
31.15	0.0069904
31.16	0.0069856
31.17	0.0069808
31.18	0.006976
31.19	0.0069712
31.2	0.0069665
31.21	0.0069617
31.22	0.0069569
31.23	0.0069522
31.24	0.0069474
31.25	0.0069427
31.26	0.006938
31.27	0.0069332
31.28	0.0069285
31.29	0.0069238
31.3	0.006919
31.31	0.0069143
31.32	0.0069096
31.33	0.0069049
31.34	0.0069002
31.35	0.0068955
31.36	0.0068908
31.37	0.0068861
31.38	0.0068814
31.39	0.0068767
31.4	0.0068721
31.41	0.0068674
31.42	0.0068627
31.43	0.0068581
31.44	0.0068534
31.45	0.0068487
31.46	0.0068441
31.47	0.0068395
31.48	0.0068348
31.49	0.0068302
31.5	0.0068256
31.51	0.0068209
31.52	0.0068163
31.53	0.0068117
31.54	0.0068071
31.55	0.0068025
31.56	0.0067979
31.57	0.0067933
31.58	0.0067887
31.59	0.0067841
31.6	0.0067795
31.61	0.0067749
31.62	0.0067704
31.63	0.0067658
31.64	0.0067612
31.65	0.0067567
31.66	0.0067521
31.67	0.0067476
31.68	0.006743
31.69	0.0067385
31.7	0.0067339
31.71	0.0067294
31.72	0.0067249
31.73	0.0067203
31.74	0.0067158
31.75	0.0067113
31.76	0.0067068
31.77	0.0067023
31.78	0.0066978
31.79	0.0066933
31.8	0.0066888
31.81	0.0066843
31.82	0.0066798
31.83	0.0066753
31.84	0.0066709
31.85	0.0066664
31.86	0.0066619
31.87	0.0066575
31.88	0.006653
31.89	0.0066486
31.9	0.0066441
31.91	0.0066397
31.92	0.0066352
31.93	0.0066308
31.94	0.0066264
31.95	0.0066219
31.96	0.0066175
31.97	0.0066131
31.98	0.0066087
31.99	0.0066043
32.0	0.0065999
32.01	0.0065955
32.02	0.0065911
32.03	0.0065867
32.04	0.0065823
32.05	0.0065779
32.06	0.0065735
32.07	0.0065692
32.08	0.0065648
32.09	0.0065604
32.1	0.0065561
32.11	0.0065517
32.12	0.0065474
32.13	0.006543
32.14	0.0065387
32.15	0.0065343
32.16	0.00653
32.17	0.0065257
32.18	0.0065213
32.19	0.006517
32.2	0.0065127
32.21	0.0065084
32.22	0.0065041
32.23	0.0064998
32.24	0.0064954
32.25	0.0064912
32.26	0.0064869
32.27	0.0064826
32.28	0.0064783
32.29	0.006474
32.3	0.0064697
32.31	0.0064655
32.32	0.0064612
32.33	0.0064569
32.34	0.0064527
32.35	0.0064484
32.36	0.0064442
32.37	0.0064399
32.38	0.0064357
32.39	0.0064314
32.4	0.0064272
32.41	0.006423
32.42	0.0064187
32.43	0.0064145
32.44	0.0064103
32.45	0.0064061
32.46	0.0064019
32.47	0.0063977
32.48	0.0063935
32.49	0.0063893
32.5	0.0063851
32.51	0.0063809
32.52	0.0063767
32.53	0.0063725
32.54	0.0063683
32.55	0.0063642
32.56	0.00636
32.57	0.0063558
32.58	0.0063517
32.59	0.0063475
32.6	0.0063433
32.61	0.0063392
32.62	0.006335
32.63	0.0063309
32.64	0.0063268
32.65	0.0063226
32.66	0.0063185
32.67	0.0063144
32.68	0.0063103
32.69	0.0063061
32.7	0.006302
32.71	0.0062979
32.72	0.0062938
32.73	0.0062897
32.74	0.0062856
32.75	0.0062815
32.76	0.0062774
32.77	0.0062733
32.78	0.0062693
32.79	0.0062652
32.8	0.0062611
32.81	0.006257
32.82	0.006253
32.83	0.0062489
32.84	0.0062448
32.85	0.0062408
32.86	0.0062367
32.87	0.0062327
32.88	0.0062287
32.89	0.0062246
32.9	0.0062206
32.91	0.0062165
32.92	0.0062125
32.93	0.0062085
32.94	0.0062045
32.95	0.0062005
32.96	0.0061964
32.97	0.0061924
32.98	0.0061884
32.99	0.0061844
33.0	0.0061804
33.01	0.0061764
33.02	0.0061725
33.03	0.0061685
33.04	0.0061645
33.05	0.0061605
33.06	0.0061565
33.07	0.0061526
33.08	0.0061486
33.09	0.0061446
33.1	0.0061407
33.11	0.0061367
33.12	0.0061328
33.13	0.0061288
33.14	0.0061249
33.15	0.0061209
33.16	0.006117
33.17	0.0061131
33.18	0.0061091
33.19	0.0061052
33.2	0.0061013
33.21	0.0060974
33.22	0.0060935
33.23	0.0060896
33.24	0.0060857
33.25	0.0060818
33.26	0.0060779
33.27	0.006074
33.28	0.0060701
33.29	0.0060662
33.3	0.0060623
33.31	0.0060584
33.32	0.0060545
33.33	0.0060507
33.34	0.0060468
33.35	0.0060429
33.36	0.0060391
33.37	0.0060352
33.38	0.0060314
33.39	0.0060275
33.4	0.0060237
33.41	0.0060198
33.42	0.006016
33.43	0.0060121
33.44	0.0060083
33.45	0.0060045
33.46	0.0060006
33.47	0.0059968
33.48	0.005993
33.49	0.0059892
33.5	0.0059854
33.51	0.0059816
33.52	0.0059778
33.53	0.005974
33.54	0.0059702
33.55	0.0059664
33.56	0.0059626
33.57	0.0059588
33.58	0.005955
33.59	0.0059512
33.6	0.0059475
33.61	0.0059437
33.62	0.0059399
33.63	0.0059362
33.64	0.0059324
33.65	0.0059286
33.66	0.0059249
33.67	0.0059211
33.68	0.0059174
33.69	0.0059136
33.7	0.0059099
33.71	0.0059062
33.72	0.0059024
33.73	0.0058987
33.74	0.005895
33.75	0.0058913
33.76	0.0058875
33.77	0.0058838
33.78	0.0058801
33.79	0.0058764
33.8	0.0058727
33.81	0.005869
33.82	0.0058653
33.83	0.0058616
33.84	0.0058579
33.85	0.0058542
33.86	0.0058505
33.87	0.0058469
33.88	0.0058432
33.89	0.0058395
33.9	0.0058358
33.91	0.0058322
33.92	0.0058285
33.93	0.0058248
33.94	0.0058212
33.95	0.0058175
33.96	0.0058139
33.97	0.0058102
33.98	0.0058066
33.99	0.0058029
34.0	0.0057993
34.01	0.0057957
34.02	0.005792
34.03	0.0057884
34.04	0.0057848
34.05	0.0057812
34.06	0.0057776
34.07	0.0057739
34.08	0.0057703
34.09	0.0057667
34.1	0.0057631
34.11	0.0057595
34.12	0.0057559
34.13	0.0057523
34.14	0.0057487
34.15	0.0057452
34.16	0.0057416
34.17	0.005738
34.18	0.0057344
34.19	0.0057308
34.2	0.0057273
34.21	0.0057237
34.22	0.0057201
34.23	0.0057166
34.24	0.005713
34.25	0.0057095
34.26	0.0057059
34.27	0.0057024
34.28	0.0056988
34.29	0.0056953
34.3	0.0056917
34.31	0.0056882
34.32	0.0056847
34.33	0.0056812
34.34	0.0056776
34.35	0.0056741
34.36	0.0056706
34.37	0.0056671
34.38	0.0056636
34.39	0.0056601
34.4	0.0056566
34.41	0.0056531
34.42	0.0056496
34.43	0.0056461
34.44	0.0056426
34.45	0.0056391
34.46	0.0056356
34.47	0.0056321
34.48	0.0056286
34.49	0.0056252
34.5	0.0056217
34.51	0.0056182
34.52	0.0056147
34.53	0.0056113
34.54	0.0056078
34.55	0.0056044
34.56	0.0056009
34.57	0.0055975
34.58	0.005594
34.59	0.0055906
34.6	0.0055871
34.61	0.0055837
34.62	0.0055802
34.63	0.0055768
34.64	0.0055734
34.65	0.00557
34.66	0.0055665
34.67	0.0055631
34.68	0.0055597
34.69	0.0055563
34.7	0.0055529
34.71	0.0055495
34.72	0.0055461
34.73	0.0055427
34.74	0.0055393
34.75	0.0055359
34.76	0.0055325
34.77	0.0055291
34.78	0.0055257
34.79	0.0055223
34.8	0.0055189
34.81	0.0055156
34.82	0.0055122
34.83	0.0055088
34.84	0.0055055
34.85	0.0055021
34.86	0.0054987
34.87	0.0054954
34.88	0.005492
34.89	0.0054887
34.9	0.0054853
34.91	0.005482
34.92	0.0054786
34.93	0.0054753
34.94	0.005472
34.95	0.0054686
34.96	0.0054653
34.97	0.005462
34.98	0.0054586
34.99	0.0054553
35.0	0.005452
35.01	0.0054487
35.02	0.0054454
35.03	0.0054421
35.04	0.0054388
35.05	0.0054355
35.06	0.0054322
35.07	0.0054289
35.08	0.0054256
35.09	0.0054223
35.1	0.005419
35.11	0.0054157
35.12	0.0054124
35.13	0.0054091
35.14	0.0054059
35.15	0.0054026
35.16	0.0053993
35.17	0.005396
35.18	0.0053928
35.19	0.0053895
35.2	0.0053863
35.21	0.005383
35.22	0.0053797
35.23	0.0053765
35.24	0.0053732
35.25	0.00537
35.26	0.0053668
35.27	0.0053635
35.28	0.0053603
35.29	0.005357
35.3	0.0053538
35.31	0.0053506
35.32	0.0053474
35.33	0.0053441
35.34	0.0053409
35.35	0.0053377
35.36	0.0053345
35.37	0.0053313
35.38	0.0053281
35.39	0.0053249
35.4	0.0053217
35.41	0.0053185
35.42	0.0053153
35.43	0.0053121
35.44	0.0053089
35.45	0.0053057
35.46	0.0053025
35.47	0.0052993
35.48	0.0052962
35.49	0.005293
35.5	0.0052898
35.51	0.0052866
35.52	0.0052835
35.53	0.0052803
35.54	0.0052771
35.55	0.005274
35.56	0.0052708
35.57	0.0052677
35.58	0.0052645
35.59	0.0052614
35.6	0.0052582
35.61	0.0052551
35.62	0.005252
35.63	0.0052488
35.64	0.0052457
35.65	0.0052426
35.66	0.0052394
35.67	0.0052363
35.68	0.0052332
35.69	0.0052301
35.7	0.0052269
35.71	0.0052238
35.72	0.0052207
35.73	0.0052176
35.74	0.0052145
35.75	0.0052114
35.76	0.0052083
35.77	0.0052052
35.78	0.0052021
35.79	0.005199
35.8	0.0051959
35.81	0.0051928
35.82	0.0051897
35.83	0.0051867
35.84	0.0051836
35.85	0.0051805
35.86	0.0051774
35.87	0.0051744
35.88	0.0051713
35.89	0.0051682
35.9	0.0051652
35.91	0.0051621
35.92	0.005159
35.93	0.005156
35.94	0.0051529
35.95	0.0051499
35.96	0.0051468
35.97	0.0051438
35.98	0.0051408
35.99	0.0051377
36.0	0.0051347
36.01	0.0051316
36.02	0.0051286
36.03	0.0051256
36.04	0.0051226
36.05	0.0051195
36.06	0.0051165
36.07	0.0051135
36.08	0.0051105
36.09	0.0051075
36.1	0.0051045
36.11	0.0051015
36.12	0.0050985
36.13	0.0050955
36.14	0.0050925
36.15	0.0050895
36.16	0.0050865
36.17	0.0050835
36.18	0.0050805
36.19	0.0050775
36.2	0.0050745
36.21	0.0050715
36.22	0.0050686
36.23	0.0050656
36.24	0.0050626
36.25	0.0050596
36.26	0.0050567
36.27	0.0050537
36.28	0.0050507
36.29	0.0050478
36.3	0.0050448
36.31	0.0050419
36.32	0.0050389
36.33	0.005036
36.34	0.005033
36.35	0.0050301
36.36	0.0050271
36.37	0.0050242
36.38	0.0050213
36.39	0.0050183
36.4	0.0050154
36.41	0.0050125
36.42	0.0050095
36.43	0.0050066
36.44	0.0050037
36.45	0.0050008
36.46	0.0049979
36.47	0.0049949
36.48	0.004992
36.49	0.0049891
36.5	0.0049862
36.51	0.0049833
36.52	0.0049804
36.53	0.0049775
36.54	0.0049746
36.55	0.0049717
36.56	0.0049688
36.57	0.0049659
36.58	0.004963
36.59	0.0049602
36.6	0.0049573
36.61	0.0049544
36.62	0.0049515
36.63	0.0049487
36.64	0.0049458
36.65	0.0049429
36.66	0.00494
36.67	0.0049372
36.68	0.0049343
36.69	0.0049315
36.7	0.0049286
36.71	0.0049257
36.72	0.0049229
36.73	0.00492
36.74	0.0049172
36.75	0.0049144
36.76	0.0049115
36.77	0.0049087
36.78	0.0049058
36.79	0.004903
36.8	0.0049002
36.81	0.0048973
36.82	0.0048945
36.83	0.0048917
36.84	0.0048889
36.85	0.004886
36.86	0.0048832
36.87	0.0048804
36.88	0.0048776
36.89	0.0048748
36.9	0.004872
36.91	0.0048692
36.92	0.0048664
36.93	0.0048636
36.94	0.0048608
36.95	0.004858
36.96	0.0048552
36.97	0.0048524
36.98	0.0048496
36.99	0.0048468
37.0	0.004844
37.01	0.0048412
37.02	0.0048385
37.03	0.0048357
37.04	0.0048329
37.05	0.0048301
37.06	0.0048274
37.07	0.0048246
37.08	0.0048218
37.09	0.0048191
37.1	0.0048163
37.11	0.0048136
37.12	0.0048108
37.13	0.004808
37.14	0.0048053
37.15	0.0048025
37.16	0.0047998
37.17	0.0047971
37.18	0.0047943
37.19	0.0047916
37.2	0.0047888
37.21	0.0047861
37.22	0.0047834
37.23	0.0047806
37.24	0.0047779
37.25	0.0047752
37.26	0.0047725
37.27	0.0047697
37.28	0.004767
37.29	0.0047643
37.3	0.0047616
37.31	0.0047589
37.32	0.0047562
37.33	0.0047535
37.34	0.0047508
37.35	0.0047481
37.36	0.0047454
37.37	0.0047427
37.38	0.00474
37.39	0.0047373
37.4	0.0047346
37.41	0.0047319
37.42	0.0047292
37.43	0.0047265
37.44	0.0047238
37.45	0.0047211
37.46	0.0047185
37.47	0.0047158
37.48	0.0047131
37.49	0.0047105
37.5	0.0047078
37.51	0.0047051
37.52	0.0047025
37.53	0.0046998
37.54	0.0046971
37.55	0.0046945
37.56	0.0046918
37.57	0.0046892
37.58	0.0046865
37.59	0.0046839
37.6	0.0046812
37.61	0.0046786
37.62	0.0046759
37.63	0.0046733
37.64	0.0046707
37.65	0.004668
37.66	0.0046654
37.67	0.0046628
37.68	0.0046601
37.69	0.0046575
37.7	0.0046549
37.71	0.0046523
37.72	0.0046496
37.73	0.004647
37.74	0.0046444
37.75	0.0046418
37.76	0.0046392
37.77	0.0046366
37.78	0.004634
37.79	0.0046314
37.8	0.0046288
37.81	0.0046262
37.82	0.0046236
37.83	0.004621
37.84	0.0046184
37.85	0.0046158
37.86	0.0046132
37.87	0.0046106
37.88	0.004608
37.89	0.0046054
37.9	0.0046028
37.91	0.0046003
37.92	0.0045977
37.93	0.0045951
37.94	0.0045925
37.95	0.00459
37.96	0.0045874
37.97	0.0045848
37.98	0.0045823
37.99	0.0045797
38.0	0.0045772
38.01	0.0045746
38.02	0.004572
38.03	0.0045695
38.04	0.0045669
38.05	0.0045644
38.06	0.0045618
38.07	0.0045593
38.08	0.0045568
38.09	0.0045542
38.1	0.0045517
38.11	0.0045491
38.12	0.0045466
38.13	0.0045441
38.14	0.0045415
38.15	0.004539
38.16	0.0045365
38.17	0.004534
38.18	0.0045314
38.19	0.0045289
38.2	0.0045264
38.21	0.0045239
38.22	0.0045214
38.23	0.0045189
38.24	0.0045164
38.25	0.0045139
38.26	0.0045114
38.27	0.0045088
38.28	0.0045063
38.29	0.0045038
38.3	0.0045014
38.31	0.0044989
38.32	0.0044964
38.33	0.0044939
38.34	0.0044914
38.35	0.0044889
38.36	0.0044864
38.37	0.0044839
38.38	0.0044815
38.39	0.004479
38.4	0.0044765
38.41	0.004474
38.42	0.0044716
38.43	0.0044691
38.44	0.0044666
38.45	0.0044641
38.46	0.0044617
38.47	0.0044592
38.48	0.0044568
38.49	0.0044543
38.5	0.0044518
38.51	0.0044494
38.52	0.0044469
38.53	0.0044445
38.54	0.004442
38.55	0.0044396
38.56	0.0044372
38.57	0.0044347
38.58	0.0044323
38.59	0.0044298
38.6	0.0044274
38.61	0.004425
38.62	0.0044225
38.63	0.0044201
38.64	0.0044177
38.65	0.0044152
38.66	0.0044128
38.67	0.0044104
38.68	0.004408
38.69	0.0044056
38.7	0.0044031
38.71	0.0044007
38.72	0.0043983
38.73	0.0043959
38.74	0.0043935
38.75	0.0043911
38.76	0.0043887
38.77	0.0043863
38.78	0.0043839
38.79	0.0043815
38.8	0.0043791
38.81	0.0043767
38.82	0.0043743
38.83	0.0043719
38.84	0.0043695
38.85	0.0043671
38.86	0.0043648
38.87	0.0043624
38.88	0.00436
38.89	0.0043576
38.9	0.0043552
38.91	0.0043529
38.92	0.0043505
38.93	0.0043481
38.94	0.0043457
38.95	0.0043434
38.96	0.004341
38.97	0.0043387
38.98	0.0043363
38.99	0.0043339
39.0	0.0043316
39.01	0.0043292
39.02	0.0043269
39.03	0.0043245
39.04	0.0043222
39.05	0.0043198
39.06	0.0043175
39.07	0.0043151
39.08	0.0043128
39.09	0.0043104
39.1	0.0043081
39.11	0.0043058
39.12	0.0043034
39.13	0.0043011
39.14	0.0042988
39.15	0.0042964
39.16	0.0042941
39.17	0.0042918
39.18	0.0042895
39.19	0.0042871
39.2	0.0042848
39.21	0.0042825
39.22	0.0042802
39.23	0.0042779
39.24	0.0042755
39.25	0.0042732
39.26	0.0042709
39.27	0.0042686
39.28	0.0042663
39.29	0.004264
39.3	0.0042617
39.31	0.0042594
39.32	0.0042571
39.33	0.0042548
39.34	0.0042525
39.35	0.0042502
39.36	0.0042479
39.37	0.0042457
39.38	0.0042434
39.39	0.0042411
39.4	0.0042388
39.41	0.0042365
39.42	0.0042342
39.43	0.004232
39.44	0.0042297
39.45	0.0042274
39.46	0.0042251
39.47	0.0042229
39.48	0.0042206
39.49	0.0042183
39.5	0.0042161
39.51	0.0042138
39.52	0.0042115
39.53	0.0042093
39.54	0.004207
39.55	0.0042048
39.56	0.0042025
39.57	0.0042003
39.58	0.004198
39.59	0.0041958
39.6	0.0041935
39.61	0.0041913
39.62	0.004189
39.63	0.0041868
39.64	0.0041845
39.65	0.0041823
39.66	0.0041801
39.67	0.0041778
39.68	0.0041756
39.69	0.0041734
39.7	0.0041711
39.71	0.0041689
39.72	0.0041667
39.73	0.0041645
39.74	0.0041622
39.75	0.00416
39.76	0.0041578
39.77	0.0041556
39.78	0.0041534
39.79	0.0041512
39.8	0.0041489
39.81	0.0041467
39.82	0.0041445
39.83	0.0041423
39.84	0.0041401
39.85	0.0041379
39.86	0.0041357
39.87	0.0041335
39.88	0.0041313
39.89	0.0041291
39.9	0.0041269
39.91	0.0041247
39.92	0.0041225
39.93	0.0041204
39.94	0.0041182
39.95	0.004116
39.96	0.0041138
39.97	0.0041116
39.98	0.0041094
39.99	0.0041073
40.0	0.0041051
40.01	0.0041029
40.02	0.0041007
40.03	0.0040986
40.04	0.0040964
40.05	0.0040942
40.06	0.0040921
40.07	0.0040899
40.08	0.0040877
40.09	0.0040856
40.1	0.0040834
40.11	0.0040812
40.12	0.0040791
40.13	0.0040769
40.14	0.0040748
40.15	0.0040726
40.16	0.0040705
40.17	0.0040683
40.18	0.0040662
40.19	0.004064
40.2	0.0040619
40.21	0.0040598
40.22	0.0040576
40.23	0.0040555
40.24	0.0040533
40.25	0.0040512
40.26	0.0040491
40.27	0.0040469
40.28	0.0040448
40.29	0.0040427
40.3	0.0040406
40.31	0.0040384
40.32	0.0040363
40.33	0.0040342
40.34	0.0040321
40.35	0.00403
40.36	0.0040278
40.37	0.0040257
40.38	0.0040236
40.39	0.0040215
40.4	0.0040194
40.41	0.0040173
40.42	0.0040152
40.43	0.0040131
40.44	0.004011
40.45	0.0040089
40.46	0.0040068
40.47	0.0040047
40.48	0.0040026
40.49	0.0040005
40.5	0.0039984
40.51	0.0039963
40.52	0.0039942
40.53	0.0039921
40.54	0.00399
40.55	0.0039879
40.56	0.0039859
40.57	0.0039838
40.58	0.0039817
40.59	0.0039796
40.6	0.0039775
40.61	0.0039755
40.62	0.0039734
40.63	0.0039713
40.64	0.0039693
40.65	0.0039672
40.66	0.0039651
40.67	0.0039631
40.68	0.003961
40.69	0.0039589
40.7	0.0039569
40.71	0.0039548
40.72	0.0039528
40.73	0.0039507
40.74	0.0039486
40.75	0.0039466
40.76	0.0039445
40.77	0.0039425
40.78	0.0039404
40.79	0.0039384
40.8	0.0039363
40.81	0.0039343
40.82	0.0039323
40.83	0.0039302
40.84	0.0039282
40.85	0.0039261
40.86	0.0039241
40.87	0.0039221
40.88	0.00392
40.89	0.003918
40.9	0.003916
40.91	0.003914
40.92	0.0039119
40.93	0.0039099
40.94	0.0039079
40.95	0.0039059
40.96	0.0039038
40.97	0.0039018
40.98	0.0038998
40.99	0.0038978
41.0	0.0038958
41.01	0.0038938
41.02	0.0038918
41.03	0.0038897
41.04	0.0038877
41.05	0.0038857
41.06	0.0038837
41.07	0.0038817
41.08	0.0038797
41.09	0.0038777
41.1	0.0038757
41.11	0.0038737
41.12	0.0038717
41.13	0.0038697
41.14	0.0038677
41.15	0.0038658
41.16	0.0038638
41.17	0.0038618
41.18	0.0038598
41.19	0.0038578
41.2	0.0038558
41.21	0.0038538
41.22	0.0038519
41.23	0.0038499
41.24	0.0038479
41.25	0.0038459
41.26	0.003844
41.27	0.003842
41.28	0.00384
41.29	0.003838
41.3	0.0038361
41.31	0.0038341
41.32	0.0038321
41.33	0.0038302
41.34	0.0038282
41.35	0.0038263
41.36	0.0038243
41.37	0.0038223
41.38	0.0038204
41.39	0.0038184
41.4	0.0038165
41.41	0.0038145
41.42	0.0038126
41.43	0.0038106
41.44	0.0038087
41.45	0.0038067
41.46	0.0038048
41.47	0.0038029
41.48	0.0038009
41.49	0.003799
41.5	0.003797
41.51	0.0037951
41.52	0.0037932
41.53	0.0037912
41.54	0.0037893
41.55	0.0037874
41.56	0.0037854
41.57	0.0037835
41.58	0.0037816
41.59	0.0037797
41.6	0.0037777
41.61	0.0037758
41.62	0.0037739
41.63	0.003772
41.64	0.0037701
41.65	0.0037681
41.66	0.0037662
41.67	0.0037643
41.68	0.0037624
41.69	0.0037605
41.7	0.0037586
41.71	0.0037567
41.72	0.0037548
41.73	0.0037529
41.74	0.003751
41.75	0.0037491
41.76	0.0037472
41.77	0.0037453
41.78	0.0037434
41.79	0.0037415
41.8	0.0037396
41.81	0.0037377
41.82	0.0037358
41.83	0.0037339
41.84	0.003732
41.85	0.0037301
41.86	0.0037282
41.87	0.0037263
41.88	0.0037245
41.89	0.0037226
41.9	0.0037207
41.91	0.0037188
41.92	0.0037169
41.93	0.0037151
41.94	0.0037132
41.95	0.0037113
41.96	0.0037094
41.97	0.0037076
41.98	0.0037057
41.99	0.0037038
42.0	0.003702
42.01	0.0037001
42.02	0.0036982
42.03	0.0036964
42.04	0.0036945
42.05	0.0036927
42.06	0.0036908
42.07	0.0036889
42.08	0.0036871
42.09	0.0036852
42.1	0.0036834
42.11	0.0036815
42.12	0.0036797
42.13	0.0036778
42.14	0.003676
42.15	0.0036741
42.16	0.0036723
42.17	0.0036705
42.18	0.0036686
42.19	0.0036668
42.2	0.0036649
42.21	0.0036631
42.22	0.0036613
42.23	0.0036594
42.24	0.0036576
42.25	0.0036558
42.26	0.0036539
42.27	0.0036521
42.28	0.0036503
42.29	0.0036484
42.3	0.0036466
42.31	0.0036448
42.32	0.003643
42.33	0.0036412
42.34	0.0036393
42.35	0.0036375
42.36	0.0036357
42.37	0.0036339
42.38	0.0036321
42.39	0.0036303
42.4	0.0036284
42.41	0.0036266
42.42	0.0036248
42.43	0.003623
42.44	0.0036212
42.45	0.0036194
42.46	0.0036176
42.47	0.0036158
42.48	0.003614
42.49	0.0036122
42.5	0.0036104
42.51	0.0036086
42.52	0.0036068
42.53	0.003605
42.54	0.0036032
42.55	0.0036014
42.56	0.0035996
42.57	0.0035979
42.58	0.0035961
42.59	0.0035943
42.6	0.0035925
42.61	0.0035907
42.62	0.0035889
42.63	0.0035872
42.64	0.0035854
42.65	0.0035836
42.66	0.0035818
42.67	0.00358
42.68	0.0035783
42.69	0.0035765
42.7	0.0035747
42.71	0.003573
42.72	0.0035712
42.73	0.0035694
42.74	0.0035677
42.75	0.0035659
42.76	0.0035641
42.77	0.0035624
42.78	0.0035606
42.79	0.0035588
42.8	0.0035571
42.81	0.0035553
42.82	0.0035536
42.83	0.0035518
42.84	0.0035501
42.85	0.0035483
42.86	0.0035466
42.87	0.0035448
42.88	0.0035431
42.89	0.0035413
42.9	0.0035396
42.91	0.0035378
42.92	0.0035361
42.93	0.0035343
42.94	0.0035326
42.95	0.0035309
42.96	0.0035291
42.97	0.0035274
42.98	0.0035256
42.99	0.0035239
43.0	0.0035222
43.01	0.0035205
43.02	0.0035187
43.03	0.003517
43.04	0.0035153
43.05	0.0035135
43.06	0.0035118
43.07	0.0035101
43.08	0.0035084
43.09	0.0035066
43.1	0.0035049
43.11	0.0035032
43.12	0.0035015
43.13	0.0034998
43.14	0.0034981
43.15	0.0034963
43.16	0.0034946
43.17	0.0034929
43.18	0.0034912
43.19	0.0034895
43.2	0.0034878
43.21	0.0034861
43.22	0.0034844
43.23	0.0034827
43.24	0.003481
43.25	0.0034793
43.26	0.0034776
43.27	0.0034759
43.28	0.0034742
43.29	0.0034725
43.3	0.0034708
43.31	0.0034691
43.32	0.0034674
43.33	0.0034657
43.34	0.003464
43.35	0.0034623
43.36	0.0034606
43.37	0.0034589
43.38	0.0034573
43.39	0.0034556
43.4	0.0034539
43.41	0.0034522
43.42	0.0034505
43.43	0.0034489
43.44	0.0034472
43.45	0.0034455
43.46	0.0034438
43.47	0.0034421
43.48	0.0034405
43.49	0.0034388
43.5	0.0034371
43.51	0.0034355
43.52	0.0034338
43.53	0.0034321
43.54	0.0034305
43.55	0.0034288
43.56	0.0034271
43.57	0.0034255
43.58	0.0034238
43.59	0.0034221
43.6	0.0034205
43.61	0.0034188
43.62	0.0034172
43.63	0.0034155
43.64	0.0034139
43.65	0.0034122
43.66	0.0034106
43.67	0.0034089
43.68	0.0034073
43.69	0.0034056
43.7	0.003404
43.71	0.0034023
43.72	0.0034007
43.73	0.003399
43.74	0.0033974
43.75	0.0033957
43.76	0.0033941
43.77	0.0033925
43.78	0.0033908
43.79	0.0033892
43.8	0.0033876
43.81	0.0033859
43.82	0.0033843
43.83	0.0033827
43.84	0.003381
43.85	0.0033794
43.86	0.0033778
43.87	0.0033761
43.88	0.0033745
43.89	0.0033729
43.9	0.0033713
43.91	0.0033696
43.92	0.003368
43.93	0.0033664
43.94	0.0033648
43.95	0.0033632
43.96	0.0033616
43.97	0.0033599
43.98	0.0033583
43.99	0.0033567
44.0	0.0033551
44.01	0.0033535
44.02	0.0033519
44.03	0.0033503
44.04	0.0033487
44.05	0.0033471
44.06	0.0033455
44.07	0.0033439
44.08	0.0033422
44.09	0.0033406
44.1	0.003339
44.11	0.0033374
44.12	0.0033358
44.13	0.0033343
44.14	0.0033327
44.15	0.0033311
44.16	0.0033295
44.17	0.0033279
44.18	0.0033263
44.19	0.0033247
44.2	0.0033231
44.21	0.0033215
44.22	0.0033199
44.23	0.0033183
44.24	0.0033168
44.25	0.0033152
44.26	0.0033136
44.27	0.003312
44.28	0.0033104
44.29	0.0033089
44.3	0.0033073
44.31	0.0033057
44.32	0.0033041
44.33	0.0033026
44.34	0.003301
44.35	0.0032994
44.36	0.0032978
44.37	0.0032963
44.38	0.0032947
44.39	0.0032931
44.4	0.0032916
44.41	0.00329
44.42	0.0032884
44.43	0.0032869
44.44	0.0032853
44.45	0.0032837
44.46	0.0032822
44.47	0.0032806
44.48	0.0032791
44.49	0.0032775
44.5	0.003276
44.51	0.0032744
44.52	0.0032728
44.53	0.0032713
44.54	0.0032697
44.55	0.0032682
44.56	0.0032666
44.57	0.0032651
44.58	0.0032636
44.59	0.003262
44.6	0.0032605
44.61	0.0032589
44.62	0.0032574
44.63	0.0032558
44.64	0.0032543
44.65	0.0032528
44.66	0.0032512
44.67	0.0032497
44.68	0.0032481
44.69	0.0032466
44.7	0.0032451
44.71	0.0032435
44.72	0.003242
44.73	0.0032405
44.74	0.003239
44.75	0.0032374
44.76	0.0032359
44.77	0.0032344
44.78	0.0032328
44.79	0.0032313
44.8	0.0032298
44.81	0.0032283
44.82	0.0032268
44.83	0.0032252
44.84	0.0032237
44.85	0.0032222
44.86	0.0032207
44.87	0.0032192
44.88	0.0032177
44.89	0.0032161
44.9	0.0032146
44.91	0.0032131
44.92	0.0032116
44.93	0.0032101
44.94	0.0032086
44.95	0.0032071
44.96	0.0032056
44.97	0.0032041
44.98	0.0032026
44.99	0.0032011
45.0	0.0031996
45.01	0.0031981
45.02	0.0031966
45.03	0.0031951
45.04	0.0031936
45.05	0.0031921
45.06	0.0031906
45.07	0.0031891
45.08	0.0031876
45.09	0.0031861
45.1	0.0031846
45.11	0.0031831
45.12	0.0031816
45.13	0.0031801
45.14	0.0031787
45.15	0.0031772
45.16	0.0031757
45.17	0.0031742
45.18	0.0031727
45.19	0.0031712
45.2	0.0031698
45.21	0.0031683
45.22	0.0031668
45.23	0.0031653
45.24	0.0031638
45.25	0.0031624
45.26	0.0031609
45.27	0.0031594
45.28	0.0031579
45.29	0.0031565
45.3	0.003155
45.31	0.0031535
45.32	0.0031521
45.33	0.0031506
45.34	0.0031491
45.35	0.0031477
45.36	0.0031462
45.37	0.0031447
45.38	0.0031433
45.39	0.0031418
45.4	0.0031403
45.41	0.0031389
45.42	0.0031374
45.43	0.003136
45.44	0.0031345
45.45	0.0031331
45.46	0.0031316
45.47	0.0031302
45.48	0.0031287
45.49	0.0031272
45.5	0.0031258
45.51	0.0031243
45.52	0.0031229
45.53	0.0031215
45.54	0.00312
45.55	0.0031186
45.56	0.0031171
45.57	0.0031157
45.58	0.0031142
45.59	0.0031128
45.6	0.0031114
45.61	0.0031099
45.62	0.0031085
45.63	0.003107
45.64	0.0031056
45.65	0.0031042
45.66	0.0031027
45.67	0.0031013
45.68	0.0030999
45.69	0.0030984
45.7	0.003097
45.71	0.0030956
45.72	0.0030941
45.73	0.0030927
45.74	0.0030913
45.75	0.0030899
45.76	0.0030884
45.77	0.003087
45.78	0.0030856
45.79	0.0030842
45.8	0.0030828
45.81	0.0030813
45.82	0.0030799
45.83	0.0030785
45.84	0.0030771
45.85	0.0030757
45.86	0.0030742
45.87	0.0030728
45.88	0.0030714
45.89	0.00307
45.9	0.0030686
45.91	0.0030672
45.92	0.0030658
45.93	0.0030644
45.94	0.003063
45.95	0.0030616
45.96	0.0030602
45.97	0.0030587
45.98	0.0030573
45.99	0.0030559
46.0	0.0030545
46.01	0.0030531
46.02	0.0030517
46.03	0.0030503
46.04	0.0030489
46.05	0.0030475
46.06	0.0030462
46.07	0.0030448
46.08	0.0030434
46.09	0.003042
46.1	0.0030406
46.11	0.0030392
46.12	0.0030378
46.13	0.0030364
46.14	0.003035
46.15	0.0030336
46.16	0.0030322
46.17	0.0030309
46.18	0.0030295
46.19	0.0030281
46.2	0.0030267
46.21	0.0030253
46.22	0.003024
46.23	0.0030226
46.24	0.0030212
46.25	0.0030198
46.26	0.0030184
46.27	0.0030171
46.28	0.0030157
46.29	0.0030143
46.3	0.0030129
46.31	0.0030116
46.32	0.0030102
46.33	0.0030088
46.34	0.0030075
46.35	0.0030061
46.36	0.0030047
46.37	0.0030034
46.38	0.003002
46.39	0.0030006
46.4	0.0029993
46.41	0.0029979
46.42	0.0029965
46.43	0.0029952
46.44	0.0029938
46.45	0.0029925
46.46	0.0029911
46.47	0.0029897
46.48	0.0029884
46.49	0.002987
46.5	0.0029857
46.51	0.0029843
46.52	0.002983
46.53	0.0029816
46.54	0.0029803
46.55	0.0029789
46.56	0.0029776
46.57	0.0029762
46.58	0.0029749
46.59	0.0029735
46.6	0.0029722
46.61	0.0029708
46.62	0.0029695
46.63	0.0029682
46.64	0.0029668
46.65	0.0029655
46.66	0.0029641
46.67	0.0029628
46.68	0.0029615
46.69	0.0029601
46.7	0.0029588
46.71	0.0029574
46.72	0.0029561
46.73	0.0029548
46.74	0.0029534
46.75	0.0029521
46.76	0.0029508
46.77	0.0029495
46.78	0.0029481
46.79	0.0029468
46.8	0.0029455
46.81	0.0029441
46.82	0.0029428
46.83	0.0029415
46.84	0.0029402
46.85	0.0029388
46.86	0.0029375
46.87	0.0029362
46.88	0.0029349
46.89	0.0029336
46.9	0.0029322
46.91	0.0029309
46.92	0.0029296
46.93	0.0029283
46.94	0.002927
46.95	0.0029257
46.96	0.0029244
46.97	0.002923
46.98	0.0029217
46.99	0.0029204
47.0	0.0029191
47.01	0.0029178
47.02	0.0029165
47.03	0.0029152
47.04	0.0029139
47.05	0.0029126
47.06	0.0029113
47.07	0.00291
47.08	0.0029087
47.09	0.0029074
47.1	0.0029061
47.11	0.0029048
47.12	0.0029035
47.13	0.0029022
47.14	0.0029009
47.15	0.0028996
47.16	0.0028983
47.17	0.002897
47.18	0.0028957
47.19	0.0028944
47.2	0.0028931
47.21	0.0028918
47.22	0.0028905
47.23	0.0028892
47.24	0.0028879
47.25	0.0028866
47.26	0.0028854
47.27	0.0028841
47.28	0.0028828
47.29	0.0028815
47.3	0.0028802
47.31	0.0028789
47.32	0.0028777
47.33	0.0028764
47.34	0.0028751
47.35	0.0028738
47.36	0.0028725
47.37	0.0028713
47.38	0.00287
47.39	0.0028687
47.4	0.0028674
47.41	0.0028662
47.42	0.0028649
47.43	0.0028636
47.44	0.0028623
47.45	0.0028611
47.46	0.0028598
47.47	0.0028585
47.48	0.0028573
47.49	0.002856
47.5	0.0028547
47.51	0.0028535
47.52	0.0028522
47.53	0.0028509
47.54	0.0028497
47.55	0.0028484
47.56	0.0028471
47.57	0.0028459
47.58	0.0028446
47.59	0.0028434
47.6	0.0028421
47.61	0.0028408
47.62	0.0028396
47.63	0.0028383
47.64	0.0028371
47.65	0.0028358
47.66	0.0028346
47.67	0.0028333
47.68	0.0028321
47.69	0.0028308
47.7	0.0028296
47.71	0.0028283
47.72	0.0028271
47.73	0.0028258
47.74	0.0028246
47.75	0.0028233
47.76	0.0028221
47.77	0.0028208
47.78	0.0028196
47.79	0.0028184
47.8	0.0028171
47.81	0.0028159
47.82	0.0028146
47.83	0.0028134
47.84	0.0028121
47.85	0.0028109
47.86	0.0028097
47.87	0.0028084
47.88	0.0028072
47.89	0.002806
47.9	0.0028047
47.91	0.0028035
47.92	0.0028023
47.93	0.002801
47.94	0.0027998
47.95	0.0027986
47.96	0.0027973
47.97	0.0027961
47.98	0.0027949
47.99	0.0027937
48.0	0.0027924
48.01	0.0027912
48.02	0.00279
48.03	0.0027888
48.04	0.0027875
48.05	0.0027863
48.06	0.0027851
48.07	0.0027839
48.08	0.0027827
48.09	0.0027814
48.1	0.0027802
48.11	0.002779
48.12	0.0027778
48.13	0.0027766
48.14	0.0027754
48.15	0.0027742
48.16	0.0027729
48.17	0.0027717
48.18	0.0027705
48.19	0.0027693
48.2	0.0027681
48.21	0.0027669
48.22	0.0027657
48.23	0.0027645
48.24	0.0027633
48.25	0.0027621
48.26	0.0027609
48.27	0.0027596
48.28	0.0027584
48.29	0.0027572
48.3	0.002756
48.31	0.0027548
48.32	0.0027536
48.33	0.0027524
48.34	0.0027512
48.35	0.00275
48.36	0.0027488
48.37	0.0027476
48.38	0.0027465
48.39	0.0027453
48.4	0.0027441
48.41	0.0027429
48.42	0.0027417
48.43	0.0027405
48.44	0.0027393
48.45	0.0027381
48.46	0.0027369
48.47	0.0027357
48.48	0.0027345
48.49	0.0027333
48.5	0.0027322
48.51	0.002731
48.52	0.0027298
48.53	0.0027286
48.54	0.0027274
48.55	0.0027262
48.56	0.0027251
48.57	0.0027239
48.58	0.0027227
48.59	0.0027215
48.6	0.0027203
48.61	0.0027192
48.62	0.002718
48.63	0.0027168
48.64	0.0027156
48.65	0.0027145
48.66	0.0027133
48.67	0.0027121
48.68	0.0027109
48.69	0.0027098
48.7	0.0027086
48.71	0.0027074
48.72	0.0027063
48.73	0.0027051
48.74	0.0027039
48.75	0.0027027
48.76	0.0027016
48.77	0.0027004
48.78	0.0026993
48.79	0.0026981
48.8	0.0026969
48.81	0.0026958
48.82	0.0026946
48.83	0.0026934
48.84	0.0026923
48.85	0.0026911
48.86	0.00269
48.87	0.0026888
48.88	0.0026876
48.89	0.0026865
48.9	0.0026853
48.91	0.0026842
48.92	0.002683
48.93	0.0026819
48.94	0.0026807
48.95	0.0026796
48.96	0.0026784
48.97	0.0026773
48.98	0.0026761
48.99	0.002675
49.0	0.0026738
49.01	0.0026727
49.02	0.0026715
49.03	0.0026704
49.04	0.0026692
49.05	0.0026681
49.06	0.0026669
49.07	0.0026658
49.08	0.0026646
49.09	0.0026635
49.1	0.0026624
49.11	0.0026612
49.12	0.0026601
49.13	0.0026589
49.14	0.0026578
49.15	0.0026567
49.16	0.0026555
49.17	0.0026544
49.18	0.0026533
49.19	0.0026521
49.2	0.002651
49.21	0.0026498
49.22	0.0026487
49.23	0.0026476
49.24	0.0026465
49.25	0.0026453
49.26	0.0026442
49.27	0.0026431
49.28	0.0026419
49.29	0.0026408
49.3	0.0026397
49.31	0.0026386
49.32	0.0026374
49.33	0.0026363
49.34	0.0026352
49.35	0.0026341
49.36	0.0026329
49.37	0.0026318
49.38	0.0026307
49.39	0.0026296
49.4	0.0026285
49.41	0.0026273
49.42	0.0026262
49.43	0.0026251
49.44	0.002624
49.45	0.0026229
49.46	0.0026217
49.47	0.0026206
49.48	0.0026195
49.49	0.0026184
49.5	0.0026173
49.51	0.0026162
49.52	0.0026151
49.53	0.002614
49.54	0.0026128
49.55	0.0026117
49.56	0.0026106
49.57	0.0026095
49.58	0.0026084
49.59	0.0026073
49.6	0.0026062
49.61	0.0026051
49.62	0.002604
49.63	0.0026029
49.64	0.0026018
49.65	0.0026007
49.66	0.0025996
49.67	0.0025985
49.68	0.0025974
49.69	0.0025963
49.7	0.0025952
49.71	0.0025941
49.72	0.002593
49.73	0.0025919
49.74	0.0025908
49.75	0.0025897
49.76	0.0025886
49.77	0.0025875
49.78	0.0025864
49.79	0.0025853
49.8	0.0025842
49.81	0.0025831
49.82	0.0025821
49.83	0.002581
49.84	0.0025799
49.85	0.0025788
49.86	0.0025777
49.87	0.0025766
49.88	0.0025755
49.89	0.0025744
49.9	0.0025734
49.91	0.0025723
49.92	0.0025712
49.93	0.0025701
49.94	0.002569
49.95	0.0025679
49.96	0.0025669
49.97	0.0025658
49.98	0.0025647
49.99	0.0025636
50.0	0.0025625
