eng	y_fit
0.01	1.5144
0.02	1.2925
0.03	1.2481
0.04	1.2401
0.05	1.2221
0.06	1.1968
0.07	1.1675
0.08	1.1182
0.09	1.0478
0.1	0.97299
0.11	0.89997
0.12	0.82441
0.13	0.74714
0.14	0.67447
0.15	0.60967
0.16	0.55177
0.17	0.49931
0.18	0.45223
0.19	0.41117
0.2	0.37623
0.21	0.34662
0.22	0.32119
0.23	0.29922
0.24	0.28045
0.25	0.26474
0.26	0.25164
0.27	0.24054
0.28	0.23097
0.29	0.22273
0.3	0.21574
0.31	0.20983
0.32	0.20477
0.33	0.20037
0.34	0.1965
0.35	0.19313
0.36	0.19022
0.37	0.18771
0.38	0.18549
0.39	0.18353
0.4	0.18179
0.41	0.18027
0.42	0.17895
0.43	0.1778
0.44	0.17679
0.45	0.17591
0.46	0.17514
0.47	0.17448
0.48	0.17392
0.49	0.17345
0.5	0.17306
0.51	0.17273
0.52	0.17246
0.53	0.17224
0.54	0.17207
0.55	0.17195
0.56	0.17186
0.57	0.17179
0.58	0.17176
0.59	0.17174
0.6	0.17173
0.61	0.17174
0.62	0.17176
0.63	0.17179
0.64	0.17182
0.65	0.17186
0.66	0.1719
0.67	0.17193
0.68	0.17195
0.69	0.17198
0.7	0.172
0.71	0.17201
0.72	0.17202
0.73	0.17201
0.74	0.172
0.75	0.17197
0.76	0.17194
0.77	0.17189
0.78	0.17184
0.79	0.17177
0.8	0.1717
0.81	0.17162
0.82	0.17152
0.83	0.17141
0.84	0.17129
0.85	0.17117
0.86	0.17103
0.87	0.17089
0.88	0.17074
0.89	0.17058
0.9	0.17041
0.91	0.17024
0.92	0.17005
0.93	0.16986
0.94	0.16967
0.95	0.16947
0.96	0.16926
0.97	0.16905
0.98	0.16882
0.99	0.1686
1.0	0.16836
1.01	0.16813
1.02	0.16789
1.03	0.16765
1.04	0.1674
1.05	0.16715
1.06	0.16689
1.07	0.16663
1.08	0.16637
1.09	0.16611
1.1	0.16584
1.11	0.16557
1.12	0.1653
1.13	0.16502
1.14	0.16474
1.15	0.16446
1.16	0.16417
1.17	0.16388
1.18	0.16358
1.19	0.16329
1.2	0.16299
1.21	0.16269
1.22	0.16238
1.23	0.16207
1.24	0.16175
1.25	0.16143
1.26	0.16111
1.27	0.16078
1.28	0.16045
1.29	0.16011
1.3	0.15977
1.31	0.15943
1.32	0.15908
1.33	0.15873
1.34	0.15837
1.35	0.15801
1.36	0.15764
1.37	0.15727
1.38	0.1569
1.39	0.15652
1.4	0.15614
1.41	0.15575
1.42	0.15536
1.43	0.15497
1.44	0.15457
1.45	0.15416
1.46	0.15376
1.47	0.15335
1.48	0.15293
1.49	0.15251
1.5	0.15209
1.51	0.15166
1.52	0.15122
1.53	0.15079
1.54	0.15035
1.55	0.1499
1.56	0.14946
1.57	0.149
1.58	0.14855
1.59	0.14809
1.6	0.14763
1.61	0.14716
1.62	0.1467
1.63	0.14623
1.64	0.14575
1.65	0.14528
1.66	0.1448
1.67	0.14432
1.68	0.14384
1.69	0.14336
1.7	0.14287
1.71	0.14238
1.72	0.14189
1.73	0.1414
1.74	0.14091
1.75	0.14042
1.76	0.13992
1.77	0.13943
1.78	0.13893
1.79	0.13843
1.8	0.13793
1.81	0.13743
1.82	0.13693
1.83	0.13642
1.84	0.13592
1.85	0.13542
1.86	0.13491
1.87	0.13441
1.88	0.1339
1.89	0.1334
1.9	0.13289
1.91	0.13239
1.92	0.13188
1.93	0.13137
1.94	0.13087
1.95	0.13036
1.96	0.12986
1.97	0.12935
1.98	0.12885
1.99	0.12835
2.0	0.12784
2.01	0.12734
2.02	0.12684
2.03	0.12634
2.04	0.12584
2.05	0.12534
2.06	0.12484
2.07	0.12434
2.08	0.12384
2.09	0.12335
2.1	0.12285
2.11	0.12236
2.12	0.12186
2.13	0.12137
2.14	0.12088
2.15	0.12039
2.16	0.1199
2.17	0.11941
2.18	0.11893
2.19	0.11844
2.2	0.11796
2.21	0.11747
2.22	0.11699
2.23	0.11651
2.24	0.11603
2.25	0.11556
2.26	0.11508
2.27	0.11461
2.28	0.11414
2.29	0.11367
2.3	0.1132
2.31	0.11273
2.32	0.11227
2.33	0.1118
2.34	0.11134
2.35	0.11088
2.36	0.11043
2.37	0.10997
2.38	0.10952
2.39	0.10907
2.4	0.10862
2.41	0.10817
2.42	0.10773
2.43	0.10729
2.44	0.10685
2.45	0.10641
2.46	0.10598
2.47	0.10554
2.48	0.10511
2.49	0.10469
2.5	0.10426
2.51	0.10384
2.52	0.10342
2.53	0.103
2.54	0.10258
2.55	0.10217
2.56	0.10176
2.57	0.10135
2.58	0.10095
2.59	0.10055
2.6	0.10015
2.61	0.099753
2.62	0.09936
2.63	0.098969
2.64	0.098581
2.65	0.098196
2.66	0.097814
2.67	0.097434
2.68	0.097058
2.69	0.096684
2.7	0.096313
2.71	0.095945
2.72	0.09558
2.73	0.095218
2.74	0.094858
2.75	0.094502
2.76	0.094148
2.77	0.093797
2.78	0.093449
2.79	0.093104
2.8	0.092761
2.81	0.092422
2.82	0.092085
2.83	0.091751
2.84	0.09142
2.85	0.091092
2.86	0.090766
2.87	0.090444
2.88	0.090124
2.89	0.089807
2.9	0.089492
2.91	0.08918
2.92	0.088872
2.93	0.088565
2.94	0.088262
2.95	0.087961
2.96	0.087663
2.97	0.087367
2.98	0.087074
2.99	0.086783
3.0	0.086495
3.01	0.08621
3.02	0.085927
3.03	0.085647
3.04	0.085369
3.05	0.085094
3.06	0.084821
3.07	0.084551
3.08	0.084283
3.09	0.084018
3.1	0.083754
3.11	0.083494
3.12	0.083235
3.13	0.082979
3.14	0.082725
3.15	0.082474
3.16	0.082224
3.17	0.081977
3.18	0.081733
3.19	0.08149
3.2	0.08125
3.21	0.081012
3.22	0.080775
3.23	0.080542
3.24	0.08031
3.25	0.08008
3.26	0.079852
3.27	0.079627
3.28	0.079403
3.29	0.079182
3.3	0.078962
3.31	0.078745
3.32	0.078529
3.33	0.078315
3.34	0.078103
3.35	0.077894
3.36	0.077686
3.37	0.077479
3.38	0.077275
3.39	0.077072
3.4	0.076872
3.41	0.076673
3.42	0.076476
3.43	0.07628
3.44	0.076086
3.45	0.075894
3.46	0.075704
3.47	0.075515
3.48	0.075328
3.49	0.075142
3.5	0.074958
3.51	0.074776
3.52	0.074595
3.53	0.074416
3.54	0.074238
3.55	0.074061
3.56	0.073886
3.57	0.073713
3.58	0.07354
3.59	0.07337
3.6	0.0732
3.61	0.073032
3.62	0.072865
3.63	0.0727
3.64	0.072535
3.65	0.072372
3.66	0.07221
3.67	0.07205
3.68	0.07189
3.69	0.071732
3.7	0.071575
3.71	0.071419
3.72	0.071264
3.73	0.07111
3.74	0.070957
3.75	0.070805
3.76	0.070654
3.77	0.070504
3.78	0.070355
3.79	0.070207
3.8	0.07006
3.81	0.069914
3.82	0.069769
3.83	0.069624
3.84	0.06948
3.85	0.069338
3.86	0.069195
3.87	0.069054
3.88	0.068914
3.89	0.068774
3.9	0.068635
3.91	0.068496
3.92	0.068359
3.93	0.068222
3.94	0.068085
3.95	0.06795
3.96	0.067815
3.97	0.06768
3.98	0.067546
3.99	0.067413
4.0	0.06728
4.01	0.067148
4.02	0.067016
4.03	0.066885
4.04	0.066755
4.05	0.066624
4.06	0.066495
4.07	0.066366
4.08	0.066237
4.09	0.066109
4.1	0.065981
4.11	0.065854
4.12	0.065727
4.13	0.0656
4.14	0.065474
4.15	0.065348
4.16	0.065223
4.17	0.065098
4.18	0.064973
4.19	0.064849
4.2	0.064725
4.21	0.064601
4.22	0.064478
4.23	0.064355
4.24	0.064233
4.25	0.06411
4.26	0.063988
4.27	0.063867
4.28	0.063745
4.29	0.063624
4.3	0.063503
4.31	0.063383
4.32	0.063263
4.33	0.063143
4.34	0.063023
4.35	0.062903
4.36	0.062784
4.37	0.062665
4.38	0.062547
4.39	0.062428
4.4	0.06231
4.41	0.062192
4.42	0.062074
4.43	0.061956
4.44	0.061839
4.45	0.061722
4.46	0.061605
4.47	0.061488
4.48	0.061371
4.49	0.061255
4.5	0.061139
4.51	0.061023
4.52	0.060907
4.53	0.060791
4.54	0.060676
4.55	0.060561
4.56	0.060446
4.57	0.060331
4.58	0.060216
4.59	0.060101
4.6	0.059987
4.61	0.059873
4.62	0.059758
4.63	0.059644
4.64	0.059531
4.65	0.059417
4.66	0.059303
4.67	0.05919
4.68	0.059077
4.69	0.058964
4.7	0.058851
4.71	0.058738
4.72	0.058625
4.73	0.058513
4.74	0.0584
4.75	0.058288
4.76	0.058176
4.77	0.058064
4.78	0.057952
4.79	0.05784
4.8	0.057729
4.81	0.057617
4.82	0.057506
4.83	0.057394
4.84	0.057283
4.85	0.057172
4.86	0.057061
4.87	0.056951
4.88	0.05684
4.89	0.05673
4.9	0.056619
4.91	0.056509
4.92	0.056399
4.93	0.056289
4.94	0.056179
4.95	0.05607
4.96	0.05596
4.97	0.055851
4.98	0.055741
4.99	0.055632
5.0	0.055523
5.01	0.055414
5.02	0.055306
5.03	0.055197
5.04	0.055089
5.05	0.05498
5.06	0.054872
5.07	0.054764
5.08	0.054657
5.09	0.054549
5.1	0.054441
5.11	0.054334
5.12	0.054227
5.13	0.05412
5.14	0.054013
5.15	0.053906
5.16	0.0538
5.17	0.053694
5.18	0.053587
5.19	0.053481
5.2	0.053376
5.21	0.05327
5.22	0.053164
5.23	0.053059
5.24	0.052954
5.25	0.052849
5.26	0.052745
5.27	0.05264
5.28	0.052536
5.29	0.052432
5.3	0.052328
5.31	0.052224
5.32	0.05212
5.33	0.052017
5.34	0.051914
5.35	0.051811
5.36	0.051708
5.37	0.051606
5.38	0.051503
5.39	0.051401
5.4	0.051299
5.41	0.051198
5.42	0.051096
5.43	0.050995
5.44	0.050894
5.45	0.050793
5.46	0.050692
5.47	0.050592
5.48	0.050491
5.49	0.050391
5.5	0.050292
5.51	0.050192
5.52	0.050093
5.53	0.049994
5.54	0.049895
5.55	0.049796
5.56	0.049697
5.57	0.049599
5.58	0.049501
5.59	0.049403
5.6	0.049306
5.61	0.049208
5.62	0.049111
5.63	0.049014
5.64	0.048917
5.65	0.048821
5.66	0.048725
5.67	0.048629
5.68	0.048533
5.69	0.048437
5.7	0.048342
5.71	0.048246
5.72	0.048151
5.73	0.048057
5.74	0.047962
5.75	0.047868
5.76	0.047774
5.77	0.04768
5.78	0.047586
5.79	0.047493
5.8	0.047399
5.81	0.047306
5.82	0.047213
5.83	0.047121
5.84	0.047028
5.85	0.046936
5.86	0.046844
5.87	0.046753
5.88	0.046661
5.89	0.04657
5.9	0.046479
5.91	0.046388
5.92	0.046297
5.93	0.046207
5.94	0.046116
5.95	0.046026
5.96	0.045936
5.97	0.045847
5.98	0.045757
5.99	0.045668
6.0	0.045579
6.01	0.04549
6.02	0.045402
6.03	0.045314
6.04	0.045225
6.05	0.045138
6.06	0.04505
6.07	0.044962
6.08	0.044875
6.09	0.044788
6.1	0.044701
6.11	0.044614
6.12	0.044528
6.13	0.044442
6.14	0.044356
6.15	0.04427
6.16	0.044184
6.17	0.044099
6.18	0.044014
6.19	0.043929
6.2	0.043844
6.21	0.04376
6.22	0.043675
6.23	0.043591
6.24	0.043507
6.25	0.043423
6.26	0.04334
6.27	0.043257
6.28	0.043173
6.29	0.043091
6.3	0.043008
6.31	0.042925
6.32	0.042843
6.33	0.042761
6.34	0.042679
6.35	0.042597
6.36	0.042516
6.37	0.042435
6.38	0.042354
6.39	0.042273
6.4	0.042192
6.41	0.042111
6.42	0.042031
6.43	0.041951
6.44	0.041871
6.45	0.041791
6.46	0.041712
6.47	0.041633
6.48	0.041553
6.49	0.041474
6.5	0.041396
6.51	0.041317
6.52	0.041239
6.53	0.04116
6.54	0.041082
6.55	0.041005
6.56	0.040927
6.57	0.040849
6.58	0.040772
6.59	0.040695
6.6	0.040618
6.61	0.040541
6.62	0.040465
6.63	0.040388
6.64	0.040312
6.65	0.040236
6.66	0.04016
6.67	0.040084
6.68	0.040009
6.69	0.039933
6.7	0.039858
6.71	0.039783
6.72	0.039708
6.73	0.039633
6.74	0.039559
6.75	0.039485
6.76	0.03941
6.77	0.039336
6.78	0.039262
6.79	0.039189
6.8	0.039115
6.81	0.039042
6.82	0.038968
6.83	0.038895
6.84	0.038822
6.85	0.03875
6.86	0.038677
6.87	0.038604
6.88	0.038532
6.89	0.03846
6.9	0.038388
6.91	0.038316
6.92	0.038244
6.93	0.038173
6.94	0.038101
6.95	0.03803
6.96	0.037959
6.97	0.037888
6.98	0.037817
6.99	0.037747
7.0	0.037676
7.01	0.037606
7.02	0.037535
7.03	0.037465
7.04	0.037395
7.05	0.037326
7.06	0.037256
7.07	0.037187
7.08	0.037117
7.09	0.037048
7.1	0.036979
7.11	0.03691
7.12	0.036841
7.13	0.036773
7.14	0.036704
7.15	0.036636
7.16	0.036568
7.17	0.036499
7.18	0.036432
7.19	0.036364
7.2	0.036296
7.21	0.036229
7.22	0.036161
7.23	0.036094
7.24	0.036027
7.25	0.03596
7.26	0.035893
7.27	0.035827
7.28	0.03576
7.29	0.035694
7.3	0.035627
7.31	0.035561
7.32	0.035495
7.33	0.03543
7.34	0.035364
7.35	0.035298
7.36	0.035233
7.37	0.035168
7.38	0.035102
7.39	0.035037
7.4	0.034973
7.41	0.034908
7.42	0.034843
7.43	0.034779
7.44	0.034714
7.45	0.03465
7.46	0.034586
7.47	0.034522
7.48	0.034458
7.49	0.034395
7.5	0.034331
7.51	0.034268
7.52	0.034205
7.53	0.034141
7.54	0.034078
7.55	0.034015
7.56	0.033953
7.57	0.03389
7.58	0.033828
7.59	0.033765
7.6	0.033703
7.61	0.033641
7.62	0.033579
7.63	0.033517
7.64	0.033455
7.65	0.033394
7.66	0.033332
7.67	0.033271
7.68	0.033209
7.69	0.033148
7.7	0.033087
7.71	0.033027
7.72	0.032966
7.73	0.032905
7.74	0.032845
7.75	0.032784
7.76	0.032724
7.77	0.032664
7.78	0.032604
7.79	0.032544
7.8	0.032484
7.81	0.032425
7.82	0.032365
7.83	0.032306
7.84	0.032246
7.85	0.032187
7.86	0.032128
7.87	0.032069
7.88	0.03201
7.89	0.031952
7.9	0.031893
7.91	0.031835
7.92	0.031777
7.93	0.031718
7.94	0.03166
7.95	0.031602
7.96	0.031544
7.97	0.031487
7.98	0.031429
7.99	0.031372
8.0	0.031314
8.01	0.031257
8.02	0.0312
8.03	0.031143
8.04	0.031086
8.05	0.031029
8.06	0.030973
8.07	0.030916
8.08	0.03086
8.09	0.030803
8.1	0.030747
8.11	0.030691
8.12	0.030635
8.13	0.030579
8.14	0.030524
8.15	0.030468
8.16	0.030413
8.17	0.030357
8.18	0.030302
8.19	0.030247
8.2	0.030192
8.21	0.030137
8.22	0.030082
8.23	0.030027
8.24	0.029973
8.25	0.029918
8.26	0.029864
8.27	0.02981
8.28	0.029756
8.29	0.029702
8.3	0.029648
8.31	0.029595
8.32	0.029541
8.33	0.029488
8.34	0.029434
8.35	0.029381
8.36	0.029328
8.37	0.029275
8.38	0.029222
8.39	0.02917
8.4	0.029117
8.41	0.029065
8.42	0.029013
8.43	0.028961
8.44	0.028909
8.45	0.028857
8.46	0.028805
8.47	0.028753
8.48	0.028701
8.49	0.028649
8.5	0.028597
8.51	0.028546
8.52	0.028494
8.53	0.028443
8.54	0.028392
8.55	0.028341
8.56	0.028291
8.57	0.02824
8.58	0.02819
8.59	0.028139
8.6	0.028089
8.61	0.028039
8.62	0.027989
8.63	0.027939
8.64	0.02789
8.65	0.02784
8.66	0.02779
8.67	0.02774
8.68	0.027691
8.69	0.027641
8.7	0.027592
8.71	0.027543
8.72	0.027495
8.73	0.027448
8.74	0.027401
8.75	0.027354
8.76	0.027308
8.77	0.027262
8.78	0.027216
8.79	0.02717
8.8	0.027126
8.81	0.027082
8.82	0.027038
8.83	0.026996
8.84	0.026955
8.85	0.026916
8.86	0.026878
8.87	0.026843
8.88	0.02681
8.89	0.026778
8.9	0.026744
8.91	0.026701
8.92	0.026644
8.93	0.026573
8.94	0.026497
8.95	0.026423
8.96	0.026357
8.97	0.026298
8.98	0.026244
8.99	0.026193
9.0	0.026145
9.01	0.026098
9.02	0.026053
9.03	0.026008
9.04	0.025965
9.05	0.025923
9.06	0.025881
9.07	0.02584
9.08	0.025799
9.09	0.025758
9.1	0.025714
9.11	0.025666
9.12	0.025617
9.13	0.025569
9.14	0.025527
9.15	0.025489
9.16	0.025455
9.17	0.025427
9.18	0.025404
9.19	0.02539
9.2	0.025387
9.21	0.025402
9.22	0.025445
9.23	0.025529
9.24	0.025674
9.25	0.025889
9.26	0.026118
9.27	0.026196
9.28	0.02602
9.29	0.025715
9.3	0.025429
9.31	0.025206
9.32	0.025037
9.33	0.024906
9.34	0.024797
9.35	0.024702
9.36	0.024613
9.37	0.024526
9.38	0.024451
9.39	0.024408
9.4	0.024379
9.41	0.024343
9.42	0.024301
9.43	0.024255
9.44	0.024207
9.45	0.024168
9.46	0.024119
9.47	0.024078
9.48	0.024034
9.49	0.02399
9.5	0.023946
9.51	0.023903
9.52	0.02386
9.53	0.023817
9.54	0.023774
9.55	0.023732
9.56	0.023689
9.57	0.023647
9.58	0.023604
9.59	0.023562
9.6	0.02352
9.61	0.023479
9.62	0.023437
9.63	0.023396
9.64	0.023354
9.65	0.023313
9.66	0.023272
9.67	0.023231
9.68	0.023191
9.69	0.02315
9.7	0.02311
9.71	0.02307
9.72	0.02303
9.73	0.02299
9.74	0.02295
9.75	0.02291
9.76	0.022871
9.77	0.022831
9.78	0.022792
9.79	0.022753
9.8	0.022714
9.81	0.022675
9.82	0.022636
9.83	0.022597
9.84	0.022558
9.85	0.02252
9.86	0.022481
9.87	0.022443
9.88	0.022404
9.89	0.022366
9.9	0.022328
9.91	0.02229
9.92	0.022252
9.93	0.022214
9.94	0.022176
9.95	0.022138
9.96	0.0221
9.97	0.022062
9.98	0.022024
9.99	0.021987
10.0	0.021949
10.01	0.021912
10.02	0.021874
10.03	0.021837
10.04	0.0218
10.05	0.021763
10.06	0.021725
10.07	0.021688
10.08	0.021651
10.09	0.021614
10.1	0.021577
10.11	0.02154
10.12	0.021504
10.13	0.021467
10.14	0.02143
10.15	0.021394
10.16	0.021357
10.17	0.021321
10.18	0.021284
10.19	0.021248
10.2	0.021212
10.21	0.021176
10.22	0.02114
10.23	0.021104
10.24	0.021068
10.25	0.021032
10.26	0.020996
10.27	0.02096
10.28	0.020925
10.29	0.020889
10.3	0.020854
10.31	0.020818
10.32	0.020783
10.33	0.020747
10.34	0.020712
10.35	0.020677
10.36	0.020642
10.37	0.020607
10.38	0.020572
10.39	0.020537
10.4	0.020502
10.41	0.020468
10.42	0.020433
10.43	0.020399
10.44	0.020364
10.45	0.02033
10.46	0.020295
10.47	0.020261
10.48	0.020227
10.49	0.020193
10.5	0.020159
10.51	0.020125
10.52	0.020091
10.53	0.020057
10.54	0.020023
10.55	0.01999
10.56	0.019956
10.57	0.019923
10.58	0.019889
10.59	0.019856
10.6	0.019823
10.61	0.019789
10.62	0.019756
10.63	0.019723
10.64	0.01969
10.65	0.019657
10.66	0.019624
10.67	0.019591
10.68	0.019559
10.69	0.019526
10.7	0.019494
10.71	0.019461
10.72	0.019429
10.73	0.019396
10.74	0.019364
10.75	0.019332
10.76	0.0193
10.77	0.019268
10.78	0.019236
10.79	0.019204
10.8	0.019172
10.81	0.01914
10.82	0.019108
10.83	0.019077
10.84	0.019045
10.85	0.019014
10.86	0.018982
10.87	0.018951
10.88	0.01892
10.89	0.018888
10.9	0.018857
10.91	0.018826
10.92	0.018795
10.93	0.018764
10.94	0.018733
10.95	0.018702
10.96	0.018672
10.97	0.018641
10.98	0.01861
10.99	0.01858
11.0	0.018549
11.01	0.018519
11.02	0.018489
11.03	0.018458
11.04	0.018428
11.05	0.018398
11.06	0.018368
11.07	0.018338
11.08	0.018308
11.09	0.018278
11.1	0.018248
11.11	0.018218
11.12	0.018189
11.13	0.018159
11.14	0.018129
11.15	0.0181
11.16	0.01807
11.17	0.018041
11.18	0.018011
11.19	0.017982
11.2	0.017953
11.21	0.017924
11.22	0.017894
11.23	0.017865
11.24	0.017836
11.25	0.017807
11.26	0.017778
11.27	0.01775
11.28	0.017721
11.29	0.017692
11.3	0.017663
11.31	0.017635
11.32	0.017606
11.33	0.017578
11.34	0.017549
11.35	0.017521
11.36	0.017492
11.37	0.017464
11.38	0.017436
11.39	0.017408
11.4	0.017379
11.41	0.017351
11.42	0.017323
11.43	0.017295
11.44	0.017268
11.45	0.01724
11.46	0.017212
11.47	0.017184
11.48	0.017156
11.49	0.017129
11.5	0.017101
11.51	0.017074
11.52	0.017046
11.53	0.017019
11.54	0.016992
11.55	0.016964
11.56	0.016937
11.57	0.01691
11.58	0.016883
11.59	0.016856
11.6	0.016829
11.61	0.016802
11.62	0.016775
11.63	0.016748
11.64	0.016721
11.65	0.016695
11.66	0.016668
11.67	0.016641
11.68	0.016615
11.69	0.016588
11.7	0.016562
11.71	0.016535
11.72	0.016509
11.73	0.016483
11.74	0.016457
11.75	0.01643
11.76	0.016404
11.77	0.016378
11.78	0.016352
11.79	0.016326
11.8	0.0163
11.81	0.016275
11.82	0.016249
11.83	0.016223
11.84	0.016197
11.85	0.016172
11.86	0.016146
11.87	0.016121
11.88	0.016095
11.89	0.01607
11.9	0.016045
11.91	0.016019
11.92	0.015994
11.93	0.015969
11.94	0.015944
11.95	0.015919
11.96	0.015894
11.97	0.015869
11.98	0.015844
11.99	0.015819
12.0	0.015794
12.01	0.015769
12.02	0.015745
12.03	0.01572
12.04	0.015695
12.05	0.015671
12.06	0.015646
12.07	0.015622
12.08	0.015597
12.09	0.015573
12.1	0.015549
12.11	0.015524
12.12	0.0155
12.13	0.015476
12.14	0.015452
12.15	0.015428
12.16	0.015404
12.17	0.01538
12.18	0.015356
12.19	0.015332
12.2	0.015308
12.21	0.015285
12.22	0.015261
12.23	0.015237
12.24	0.015214
12.25	0.01519
12.26	0.015166
12.27	0.015143
12.28	0.01512
12.29	0.015096
12.3	0.015073
12.31	0.01505
12.32	0.015026
12.33	0.015003
12.34	0.01498
12.35	0.014957
12.36	0.014934
12.37	0.014911
12.38	0.014888
12.39	0.014865
12.4	0.014842
12.41	0.014819
12.42	0.014797
12.43	0.014774
12.44	0.014751
12.45	0.014729
12.46	0.014706
12.47	0.014684
12.48	0.014661
12.49	0.014639
12.5	0.014616
12.51	0.014594
12.52	0.014572
12.53	0.01455
12.54	0.014527
12.55	0.014505
12.56	0.014483
12.57	0.014461
12.58	0.014439
12.59	0.014417
12.6	0.014395
12.61	0.014373
12.62	0.014352
12.63	0.01433
12.64	0.014308
12.65	0.014287
12.66	0.014265
12.67	0.014243
12.68	0.014222
12.69	0.0142
12.7	0.014179
12.71	0.014157
12.72	0.014136
12.73	0.014115
12.74	0.014093
12.75	0.014072
12.76	0.014051
12.77	0.01403
12.78	0.014009
12.79	0.013988
12.8	0.013967
12.81	0.013946
12.82	0.013925
12.83	0.013904
12.84	0.013883
12.85	0.013862
12.86	0.013842
12.87	0.013821
12.88	0.0138
12.89	0.01378
12.9	0.013759
12.91	0.013738
12.92	0.013718
12.93	0.013697
12.94	0.013677
12.95	0.013657
12.96	0.013636
12.97	0.013616
12.98	0.013596
12.99	0.013576
13.0	0.013555
13.01	0.013535
13.02	0.013515
13.03	0.013495
13.04	0.013475
13.05	0.013455
13.06	0.013435
13.07	0.013415
13.08	0.013395
13.09	0.013375
13.1	0.013356
13.11	0.013336
13.12	0.013316
13.13	0.013296
13.14	0.013277
13.15	0.013257
13.16	0.013238
13.17	0.013218
13.18	0.013198
13.19	0.013179
13.2	0.01316
13.21	0.01314
13.22	0.013121
13.23	0.013101
13.24	0.013082
13.25	0.013063
13.26	0.013044
13.27	0.013025
13.28	0.013005
13.29	0.012986
13.3	0.012967
13.31	0.012948
13.32	0.012929
13.33	0.01291
13.34	0.012891
13.35	0.012872
13.36	0.012853
13.37	0.012835
13.38	0.012816
13.39	0.012797
13.4	0.012778
13.41	0.01276
13.42	0.012741
13.43	0.012722
13.44	0.012704
13.45	0.012685
13.46	0.012667
13.47	0.012648
13.48	0.01263
13.49	0.012611
13.5	0.012593
13.51	0.012575
13.52	0.012557
13.53	0.012538
13.54	0.01252
13.55	0.012502
13.56	0.012484
13.57	0.012466
13.58	0.012447
13.59	0.012429
13.6	0.012411
13.61	0.012393
13.62	0.012376
13.63	0.012358
13.64	0.01234
13.65	0.012322
13.66	0.012304
13.67	0.012286
13.68	0.012269
13.69	0.012251
13.7	0.012233
13.71	0.012216
13.72	0.012198
13.73	0.01218
13.74	0.012163
13.75	0.012145
13.76	0.012128
13.77	0.012111
13.78	0.012093
13.79	0.012076
13.8	0.012059
13.81	0.012041
13.82	0.012024
13.83	0.012007
13.84	0.01199
13.85	0.011972
13.86	0.011955
13.87	0.011938
13.88	0.011921
13.89	0.011904
13.9	0.011887
13.91	0.01187
13.92	0.011853
13.93	0.011836
13.94	0.01182
13.95	0.011803
13.96	0.011786
13.97	0.011769
13.98	0.011752
13.99	0.011736
14.0	0.011719
14.01	0.011702
14.02	0.011686
14.03	0.011669
14.04	0.011653
14.05	0.011636
14.06	0.01162
14.07	0.011603
14.08	0.011587
14.09	0.01157
14.1	0.011554
14.11	0.011538
14.12	0.011521
14.13	0.011505
14.14	0.011489
14.15	0.011473
14.16	0.011456
14.17	0.01144
14.18	0.011424
14.19	0.011408
14.2	0.011392
14.21	0.011376
14.22	0.01136
14.23	0.011344
14.24	0.011328
14.25	0.011312
14.26	0.011296
14.27	0.01128
14.28	0.011264
14.29	0.011249
14.3	0.011233
14.31	0.011217
14.32	0.011201
14.33	0.011186
14.34	0.01117
14.35	0.011154
14.36	0.011139
14.37	0.011123
14.38	0.011107
14.39	0.011092
14.4	0.011076
14.41	0.011061
14.42	0.011046
14.43	0.01103
14.44	0.011015
14.45	0.010999
14.46	0.010984
14.47	0.010969
14.48	0.010953
14.49	0.010938
14.5	0.010923
14.51	0.010908
14.52	0.010893
14.53	0.010878
14.54	0.010862
14.55	0.010847
14.56	0.010832
14.57	0.010817
14.58	0.010802
14.59	0.010787
14.6	0.010772
14.61	0.010757
14.62	0.010743
14.63	0.010728
14.64	0.010713
14.65	0.010698
14.66	0.010683
14.67	0.010669
14.68	0.010654
14.69	0.010639
14.7	0.010625
14.71	0.01061
14.72	0.010595
14.73	0.010581
14.74	0.010566
14.75	0.010552
14.76	0.010537
14.77	0.010523
14.78	0.010508
14.79	0.010494
14.8	0.01048
14.81	0.010465
14.82	0.010451
14.83	0.010437
14.84	0.010422
14.85	0.010408
14.86	0.010394
14.87	0.01038
14.88	0.010366
14.89	0.010352
14.9	0.010337
14.91	0.010323
14.92	0.010309
14.93	0.010295
14.94	0.010281
14.95	0.010267
14.96	0.010253
14.97	0.010239
14.98	0.010226
14.99	0.010212
15.0	0.010198
15.01	0.010184
15.02	0.01017
15.03	0.010156
15.04	0.010143
15.05	0.010129
15.06	0.010115
15.07	0.010102
15.08	0.010088
15.09	0.010074
15.1	0.010061
15.11	0.010047
15.12	0.010034
15.13	0.01002
15.14	0.010007
15.15	0.0099933
15.16	0.0099799
15.17	0.0099665
15.18	0.0099531
15.19	0.0099398
15.2	0.0099264
15.21	0.0099131
15.22	0.0098998
15.23	0.0098866
15.24	0.0098733
15.25	0.0098601
15.26	0.0098469
15.27	0.0098338
15.28	0.0098206
15.29	0.0098075
15.3	0.0097944
15.31	0.0097814
15.32	0.0097683
15.33	0.0097553
15.34	0.0097423
15.35	0.0097294
15.36	0.0097164
15.37	0.0097035
15.38	0.0096906
15.39	0.0096777
15.4	0.0096649
15.41	0.009652
15.42	0.0096392
15.43	0.0096264
15.44	0.0096137
15.45	0.0096009
15.46	0.0095882
15.47	0.0095755
15.48	0.0095629
15.49	0.0095502
15.5	0.0095376
15.51	0.009525
15.52	0.0095124
15.53	0.0094999
15.54	0.0094874
15.55	0.0094749
15.56	0.0094624
15.57	0.0094499
15.58	0.0094375
15.59	0.0094251
15.6	0.0094127
15.61	0.0094003
15.62	0.009388
15.63	0.0093756
15.64	0.0093633
15.65	0.0093511
15.66	0.0093388
15.67	0.0093266
15.68	0.0093144
15.69	0.0093022
15.7	0.00929
15.71	0.0092779
15.72	0.0092658
15.73	0.0092537
15.74	0.0092416
15.75	0.0092295
15.76	0.0092175
15.77	0.0092055
15.78	0.0091935
15.79	0.0091815
15.8	0.0091696
15.81	0.0091577
15.82	0.0091458
15.83	0.0091339
15.84	0.009122
15.85	0.0091102
15.86	0.0090984
15.87	0.0090866
15.88	0.0090748
15.89	0.0090631
15.9	0.0090513
15.91	0.0090396
15.92	0.0090279
15.93	0.0090163
15.94	0.0090046
15.95	0.008993
15.96	0.0089814
15.97	0.0089698
15.98	0.0089583
15.99	0.0089467
16.0	0.0089352
16.01	0.0089237
16.02	0.0089122
16.03	0.0089008
16.04	0.0088894
16.05	0.008878
16.06	0.0088666
16.07	0.0088552
16.08	0.0088438
16.09	0.0088325
16.1	0.0088212
16.11	0.0088099
16.12	0.0087986
16.13	0.0087874
16.14	0.0087762
16.15	0.008765
16.16	0.0087538
16.17	0.0087426
16.18	0.0087315
16.19	0.0087203
16.2	0.0087092
16.21	0.0086982
16.22	0.0086871
16.23	0.008676
16.24	0.008665
16.25	0.008654
16.26	0.008643
16.27	0.0086321
16.28	0.0086211
16.29	0.0086102
16.3	0.0085993
16.31	0.0085884
16.32	0.0085775
16.33	0.0085667
16.34	0.0085558
16.35	0.008545
16.36	0.0085342
16.37	0.0085235
16.38	0.0085127
16.39	0.008502
16.4	0.0084913
16.41	0.0084806
16.42	0.0084699
16.43	0.0084592
16.44	0.0084486
16.45	0.008438
16.46	0.0084274
16.47	0.0084168
16.48	0.0084062
16.49	0.0083957
16.5	0.0083851
16.51	0.0083746
16.52	0.0083641
16.53	0.0083537
16.54	0.0083432
16.55	0.0083328
16.56	0.0083224
16.57	0.008312
16.58	0.0083016
16.59	0.0082912
16.6	0.0082809
16.61	0.0082705
16.62	0.0082602
16.63	0.0082499
16.64	0.0082397
16.65	0.0082294
16.66	0.0082192
16.67	0.008209
16.68	0.0081988
16.69	0.0081886
16.7	0.0081784
16.71	0.0081683
16.72	0.0081581
16.73	0.008148
16.74	0.0081379
16.75	0.0081279
16.76	0.0081178
16.77	0.0081078
16.78	0.0080977
16.79	0.0080877
16.8	0.0080777
16.81	0.0080678
16.82	0.0080578
16.83	0.0080479
16.84	0.0080379
16.85	0.008028
16.86	0.0080182
16.87	0.0080083
16.88	0.0079984
16.89	0.0079886
16.9	0.0079788
16.91	0.007969
16.92	0.0079592
16.93	0.0079494
16.94	0.0079397
16.95	0.00793
16.96	0.0079202
16.97	0.0079105
16.98	0.0079009
16.99	0.0078912
17.0	0.0078815
17.01	0.0078719
17.02	0.0078623
17.03	0.0078527
17.04	0.0078431
17.05	0.0078335
17.06	0.007824
17.07	0.0078145
17.08	0.0078049
17.09	0.0077954
17.1	0.007786
17.11	0.0077765
17.12	0.007767
17.13	0.0077576
17.14	0.0077482
17.15	0.0077388
17.16	0.0077294
17.17	0.00772
17.18	0.0077107
17.19	0.0077013
17.2	0.007692
17.21	0.0076827
17.22	0.0076734
17.23	0.0076642
17.24	0.0076549
17.25	0.0076457
17.26	0.0076364
17.27	0.0076272
17.28	0.007618
17.29	0.0076088
17.3	0.0075997
17.31	0.0075905
17.32	0.0075814
17.33	0.0075723
17.34	0.0075632
17.35	0.0075541
17.36	0.007545
17.37	0.007536
17.38	0.0075269
17.39	0.0075179
17.4	0.0075089
17.41	0.0074999
17.42	0.0074909
17.43	0.007482
17.44	0.007473
17.45	0.0074641
17.46	0.0074552
17.47	0.0074463
17.48	0.0074374
17.49	0.0074285
17.5	0.0074197
17.51	0.0074108
17.52	0.007402
17.53	0.0073932
17.54	0.0073844
17.55	0.0073756
17.56	0.0073668
17.57	0.0073581
17.58	0.0073493
17.59	0.0073406
17.6	0.0073319
17.61	0.0073232
17.62	0.0073145
17.63	0.0073059
17.64	0.0072972
17.65	0.0072886
17.66	0.00728
17.67	0.0072714
17.68	0.0072628
17.69	0.0072542
17.7	0.0072456
17.71	0.0072371
17.72	0.0072285
17.73	0.00722
17.74	0.0072115
17.75	0.007203
17.76	0.0071945
17.77	0.0071861
17.78	0.0071776
17.79	0.0071692
17.8	0.0071608
17.81	0.0071524
17.82	0.007144
17.83	0.0071356
17.84	0.0071272
17.85	0.0071189
17.86	0.0071105
17.87	0.0071022
17.88	0.0070939
17.89	0.0070856
17.9	0.0070773
17.91	0.007069
17.92	0.0070608
17.93	0.0070525
17.94	0.0070443
17.95	0.0070361
17.96	0.0070279
17.97	0.0070197
17.98	0.0070115
17.99	0.0070034
18.0	0.0069952
18.01	0.0069871
18.02	0.006979
18.03	0.0069709
18.04	0.0069628
18.05	0.0069547
18.06	0.0069466
18.07	0.0069386
18.08	0.0069305
18.09	0.0069225
18.1	0.0069145
18.11	0.0069065
18.12	0.0068985
18.13	0.0068905
18.14	0.0068826
18.15	0.0068746
18.16	0.0068667
18.17	0.0068588
18.18	0.0068509
18.19	0.006843
18.2	0.0068351
18.21	0.0068272
18.22	0.0068193
18.23	0.0068115
18.24	0.0068037
18.25	0.0067959
18.26	0.006788
18.27	0.0067803
18.28	0.0067725
18.29	0.0067647
18.3	0.006757
18.31	0.0067492
18.32	0.0067415
18.33	0.0067338
18.34	0.0067261
18.35	0.0067184
18.36	0.0067107
18.37	0.006703
18.38	0.0066954
18.39	0.0066877
18.4	0.0066801
18.41	0.0066725
18.42	0.0066649
18.43	0.0066573
18.44	0.0066497
18.45	0.0066421
18.46	0.0066346
18.47	0.006627
18.48	0.0066195
18.49	0.006612
18.5	0.0066045
18.51	0.006597
18.52	0.0065895
18.53	0.006582
18.54	0.0065746
18.55	0.0065671
18.56	0.0065597
18.57	0.0065523
18.58	0.0065449
18.59	0.0065375
18.6	0.0065301
18.61	0.0065227
18.62	0.0065154
18.63	0.006508
18.64	0.0065007
18.65	0.0064933
18.66	0.006486
18.67	0.0064787
18.68	0.0064714
18.69	0.0064641
18.7	0.0064569
18.71	0.0064496
18.72	0.0064424
18.73	0.0064351
18.74	0.0064279
18.75	0.0064207
18.76	0.0064135
18.77	0.0064063
18.78	0.0063992
18.79	0.006392
18.8	0.0063848
18.81	0.0063777
18.82	0.0063706
18.83	0.0063635
18.84	0.0063563
18.85	0.0063493
18.86	0.0063422
18.87	0.0063351
18.88	0.006328
18.89	0.006321
18.9	0.0063139
18.91	0.0063069
18.92	0.0062999
18.93	0.0062929
18.94	0.0062859
18.95	0.0062789
18.96	0.006272
18.97	0.006265
18.98	0.006258
18.99	0.0062511
19.0	0.0062442
19.01	0.0062373
19.02	0.0062303
19.03	0.0062235
19.04	0.0062166
19.05	0.0062097
19.06	0.0062028
19.07	0.006196
19.08	0.0061891
19.09	0.0061823
19.1	0.0061755
19.11	0.0061687
19.12	0.0061619
19.13	0.0061551
19.14	0.0061483
19.15	0.0061416
19.16	0.0061348
19.17	0.0061281
19.18	0.0061213
19.19	0.0061146
19.2	0.0061079
19.21	0.0061012
19.22	0.0060945
19.23	0.0060878
19.24	0.0060811
19.25	0.0060745
19.26	0.0060678
19.27	0.0060612
19.28	0.0060546
19.29	0.0060479
19.3	0.0060413
19.31	0.0060347
19.32	0.0060282
19.33	0.0060216
19.34	0.006015
19.35	0.0060085
19.36	0.0060019
19.37	0.0059954
19.38	0.0059888
19.39	0.0059823
19.4	0.0059758
19.41	0.0059693
19.42	0.0059628
19.43	0.0059564
19.44	0.0059499
19.45	0.0059435
19.46	0.005937
19.47	0.0059306
19.48	0.0059241
19.49	0.0059177
19.5	0.0059113
19.51	0.0059049
19.52	0.0058985
19.53	0.0058922
19.54	0.0058858
19.55	0.0058794
19.56	0.0058731
19.57	0.0058668
19.58	0.0058604
19.59	0.0058541
19.6	0.0058478
19.61	0.0058415
19.62	0.0058352
19.63	0.005829
19.64	0.0058227
19.65	0.0058164
19.66	0.0058102
19.67	0.0058039
19.68	0.0057977
19.69	0.0057915
19.7	0.0057853
19.71	0.0057791
19.72	0.0057729
19.73	0.0057667
19.74	0.0057605
19.75	0.0057544
19.76	0.0057482
19.77	0.0057421
19.78	0.005736
19.79	0.0057298
19.8	0.0057237
19.81	0.0057176
19.82	0.0057115
19.83	0.0057054
19.84	0.0056993
19.85	0.0056933
19.86	0.0056872
19.87	0.0056812
19.88	0.0056751
19.89	0.0056691
19.9	0.0056631
19.91	0.0056571
19.92	0.0056511
19.93	0.0056451
19.94	0.0056391
19.95	0.0056331
19.96	0.0056271
19.97	0.0056212
19.98	0.0056152
19.99	0.0056093
20.0	0.0056034
20.01	0.0055974
20.02	0.0055915
20.03	0.0055856
20.04	0.0055797
20.05	0.0055738
20.06	0.005568
20.07	0.0055621
20.08	0.0055562
20.09	0.0055504
20.1	0.0055445
20.11	0.0055387
20.12	0.0055329
20.13	0.0055271
20.14	0.0055213
20.15	0.0055155
20.16	0.0055097
20.17	0.0055039
20.18	0.0054981
20.19	0.0054924
20.2	0.0054866
20.21	0.0054809
20.22	0.0054751
20.23	0.0054694
20.24	0.0054637
20.25	0.005458
20.26	0.0054523
20.27	0.0054466
20.28	0.0054409
20.29	0.0054352
20.3	0.0054295
20.31	0.0054239
20.32	0.0054182
20.33	0.0054126
20.34	0.005407
20.35	0.0054013
20.36	0.0053957
20.37	0.0053901
20.38	0.0053845
20.39	0.0053789
20.4	0.0053733
20.41	0.0053678
20.42	0.0053622
20.43	0.0053566
20.44	0.0053511
20.45	0.0053455
20.46	0.00534
20.47	0.0053345
20.48	0.005329
20.49	0.0053234
20.5	0.0053179
20.51	0.0053125
20.52	0.005307
20.53	0.0053015
20.54	0.005296
20.55	0.0052906
20.56	0.0052851
20.57	0.0052797
20.58	0.0052742
20.59	0.0052688
20.6	0.0052634
20.61	0.005258
20.62	0.0052526
20.63	0.0052472
20.64	0.0052418
20.65	0.0052364
20.66	0.005231
20.67	0.0052257
20.68	0.0052203
20.69	0.005215
20.7	0.0052096
20.71	0.0052043
20.72	0.005199
20.73	0.0051937
20.74	0.0051883
20.75	0.005183
20.76	0.0051778
20.77	0.0051725
20.78	0.0051672
20.79	0.0051619
20.8	0.0051567
20.81	0.0051514
20.82	0.0051462
20.83	0.0051409
20.84	0.0051357
20.85	0.0051305
20.86	0.0051253
20.87	0.00512
20.88	0.0051148
20.89	0.0051097
20.9	0.0051045
20.91	0.0050993
20.92	0.0050941
20.93	0.005089
20.94	0.0050838
20.95	0.0050787
20.96	0.0050735
20.97	0.0050684
20.98	0.0050633
20.99	0.0050581
21.0	0.005053
21.01	0.0050479
21.02	0.0050428
21.03	0.0050377
21.04	0.0050327
21.05	0.0050276
21.06	0.0050225
21.07	0.0050175
21.08	0.0050124
21.09	0.0050074
21.1	0.0050023
21.11	0.0049973
21.12	0.0049923
21.13	0.0049873
21.14	0.0049823
21.15	0.0049773
21.16	0.0049723
21.17	0.0049673
21.18	0.0049623
21.19	0.0049573
21.2	0.0049524
21.21	0.0049474
21.22	0.0049425
21.23	0.0049375
21.24	0.0049326
21.25	0.0049277
21.26	0.0049228
21.27	0.0049178
21.28	0.0049129
21.29	0.004908
21.3	0.0049031
21.31	0.0048983
21.32	0.0048934
21.33	0.0048885
21.34	0.0048836
21.35	0.0048788
21.36	0.0048739
21.37	0.0048691
21.38	0.0048643
21.39	0.0048594
21.4	0.0048546
21.41	0.0048498
21.42	0.004845
21.43	0.0048402
21.44	0.0048354
21.45	0.0048306
21.46	0.0048258
21.47	0.004821
21.48	0.0048163
21.49	0.0048115
21.5	0.0048068
21.51	0.004802
21.52	0.0047973
21.53	0.0047925
21.54	0.0047878
21.55	0.0047831
21.56	0.0047784
21.57	0.0047737
21.58	0.004769
21.59	0.0047643
21.6	0.0047596
21.61	0.0047549
21.62	0.0047503
21.63	0.0047456
21.64	0.0047409
21.65	0.0047363
21.66	0.0047316
21.67	0.004727
21.68	0.0047224
21.69	0.0047177
21.7	0.0047131
21.71	0.0047085
21.72	0.0047039
21.73	0.0046993
21.74	0.0046947
21.75	0.0046901
21.76	0.0046855
21.77	0.004681
21.78	0.0046764
21.79	0.0046718
21.8	0.0046673
21.81	0.0046627
21.82	0.0046582
21.83	0.0046536
21.84	0.0046491
21.85	0.0046446
21.86	0.0046401
21.87	0.0046356
21.88	0.0046311
21.89	0.0046266
21.9	0.0046221
21.91	0.0046176
21.92	0.0046131
21.93	0.0046086
21.94	0.0046042
21.95	0.0045997
21.96	0.0045953
21.97	0.0045908
21.98	0.0045864
21.99	0.0045819
22.0	0.0045775
22.01	0.0045731
22.02	0.0045687
22.03	0.0045643
22.04	0.0045599
22.05	0.0045555
22.06	0.0045511
22.07	0.0045467
22.08	0.0045423
22.09	0.0045379
22.1	0.0045336
22.11	0.0045292
22.12	0.0045248
22.13	0.0045205
22.14	0.0045162
22.15	0.0045118
22.16	0.0045075
22.17	0.0045032
22.18	0.0044988
22.19	0.0044945
22.2	0.0044902
22.21	0.0044859
22.22	0.0044816
22.23	0.0044773
22.24	0.0044731
22.25	0.0044688
22.26	0.0044645
22.27	0.0044602
22.28	0.004456
22.29	0.0044517
22.3	0.0044475
22.31	0.0044432
22.32	0.004439
22.33	0.0044348
22.34	0.0044306
22.35	0.0044263
22.36	0.0044221
22.37	0.0044179
22.38	0.0044137
22.39	0.0044095
22.4	0.0044053
22.41	0.0044012
22.42	0.004397
22.43	0.0043928
22.44	0.0043886
22.45	0.0043845
22.46	0.0043803
22.47	0.0043762
22.48	0.004372
22.49	0.0043679
22.5	0.0043638
22.51	0.0043596
22.52	0.0043555
22.53	0.0043514
22.54	0.0043473
22.55	0.0043432
22.56	0.0043391
22.57	0.004335
22.58	0.0043309
22.59	0.0043268
22.6	0.0043228
22.61	0.0043187
22.62	0.0043146
22.63	0.0043106
22.64	0.0043065
22.65	0.0043025
22.66	0.0042984
22.67	0.0042944
22.68	0.0042904
22.69	0.0042863
22.7	0.0042823
22.71	0.0042783
22.72	0.0042743
22.73	0.0042703
22.74	0.0042663
22.75	0.0042623
22.76	0.0042583
22.77	0.0042543
22.78	0.0042504
22.79	0.0042464
22.8	0.0042424
22.81	0.0042385
22.82	0.0042345
22.83	0.0042306
22.84	0.0042266
22.85	0.0042227
22.86	0.0042187
22.87	0.0042148
22.88	0.0042109
22.89	0.004207
22.9	0.0042031
22.91	0.0041992
22.92	0.0041953
22.93	0.0041914
22.94	0.0041875
22.95	0.0041836
22.96	0.0041797
22.97	0.0041758
22.98	0.004172
22.99	0.0041681
23.0	0.0041642
23.01	0.0041604
23.02	0.0041565
23.03	0.0041527
23.04	0.0041488
23.05	0.004145
23.06	0.0041412
23.07	0.0041374
23.08	0.0041335
23.09	0.0041297
23.1	0.0041259
23.11	0.0041221
23.12	0.0041183
23.13	0.0041145
23.14	0.0041107
23.15	0.004107
23.16	0.0041032
23.17	0.0040994
23.18	0.0040956
23.19	0.0040919
23.2	0.0040881
23.21	0.0040844
23.22	0.0040806
23.23	0.0040769
23.24	0.0040731
23.25	0.0040694
23.26	0.0040657
23.27	0.004062
23.28	0.0040582
23.29	0.0040545
23.3	0.0040508
23.31	0.0040471
23.32	0.0040434
23.33	0.0040397
23.34	0.004036
23.35	0.0040324
23.36	0.0040287
23.37	0.004025
23.38	0.0040213
23.39	0.0040177
23.4	0.004014
23.41	0.0040104
23.42	0.0040067
23.43	0.0040031
23.44	0.0039994
23.45	0.0039958
23.46	0.0039922
23.47	0.0039885
23.48	0.0039849
23.49	0.0039813
23.5	0.0039777
23.51	0.0039741
23.52	0.0039705
23.53	0.0039669
23.54	0.0039633
23.55	0.0039597
23.56	0.0039561
23.57	0.0039526
23.58	0.003949
23.59	0.0039454
23.6	0.0039419
23.61	0.0039383
23.62	0.0039348
23.63	0.0039312
23.64	0.0039277
23.65	0.0039241
23.66	0.0039206
23.67	0.0039171
23.68	0.0039135
23.69	0.00391
23.7	0.0039065
23.71	0.003903
23.72	0.0038995
23.73	0.003896
23.74	0.0038925
23.75	0.003889
23.76	0.0038855
23.77	0.003882
23.78	0.0038785
23.79	0.003875
23.8	0.0038716
23.81	0.0038681
23.82	0.0038646
23.83	0.0038612
23.84	0.0038577
23.85	0.0038543
23.86	0.0038508
23.87	0.0038474
23.88	0.003844
23.89	0.0038405
23.9	0.0038371
23.91	0.0038337
23.92	0.0038303
23.93	0.0038269
23.94	0.0038235
23.95	0.0038201
23.96	0.0038167
23.97	0.0038133
23.98	0.0038099
23.99	0.0038065
24.0	0.0038031
24.01	0.0037997
24.02	0.0037964
24.03	0.003793
24.04	0.0037896
24.05	0.0037863
24.06	0.0037829
24.07	0.0037796
24.08	0.0037762
24.09	0.0037729
24.1	0.0037695
24.11	0.0037662
24.12	0.0037629
24.13	0.0037595
24.14	0.0037562
24.15	0.0037529
24.16	0.0037496
24.17	0.0037463
24.18	0.003743
24.19	0.0037397
24.2	0.0037364
24.21	0.0037331
24.22	0.0037298
24.23	0.0037265
24.24	0.0037233
24.25	0.00372
24.26	0.0037167
24.27	0.0037134
24.28	0.0037102
24.29	0.0037069
24.3	0.0037037
24.31	0.0037004
24.32	0.0036972
24.33	0.0036939
24.34	0.0036907
24.35	0.0036875
24.36	0.0036842
24.37	0.003681
24.38	0.0036778
24.39	0.0036746
24.4	0.0036714
24.41	0.0036682
24.42	0.003665
24.43	0.0036618
24.44	0.0036586
24.45	0.0036554
24.46	0.0036522
24.47	0.003649
24.48	0.0036458
24.49	0.0036426
24.5	0.0036395
24.51	0.0036363
24.52	0.0036331
24.53	0.00363
24.54	0.0036268
24.55	0.0036237
24.56	0.0036205
24.57	0.0036174
24.58	0.0036143
24.59	0.0036111
24.6	0.003608
24.61	0.0036049
24.62	0.0036017
24.63	0.0035986
24.64	0.0035955
24.65	0.0035924
24.66	0.0035893
24.67	0.0035862
24.68	0.0035831
24.69	0.00358
24.7	0.0035769
24.71	0.0035738
24.72	0.0035707
24.73	0.0035676
24.74	0.0035646
24.75	0.0035615
24.76	0.0035584
24.77	0.0035554
24.78	0.0035523
24.79	0.0035492
24.8	0.0035462
24.81	0.0035431
24.82	0.0035401
24.83	0.0035371
24.84	0.003534
24.85	0.003531
24.86	0.003528
24.87	0.0035249
24.88	0.0035219
24.89	0.0035189
24.9	0.0035159
24.91	0.0035129
24.92	0.0035099
24.93	0.0035069
24.94	0.0035039
24.95	0.0035009
24.96	0.0034979
24.97	0.0034949
24.98	0.0034919
24.99	0.0034889
25.0	0.0034859
25.01	0.003483
25.02	0.00348
25.03	0.003477
25.04	0.0034741
25.05	0.0034711
25.06	0.0034681
25.07	0.0034652
25.08	0.0034622
25.09	0.0034593
25.1	0.0034564
25.11	0.0034534
25.12	0.0034505
25.13	0.0034476
25.14	0.0034446
25.15	0.0034417
25.16	0.0034388
25.17	0.0034359
25.18	0.003433
25.19	0.0034301
25.2	0.0034272
25.21	0.0034243
25.22	0.0034214
25.23	0.0034185
25.24	0.0034156
25.25	0.0034127
25.26	0.0034098
25.27	0.0034069
25.28	0.0034041
25.29	0.0034012
25.3	0.0033983
25.31	0.0033955
25.32	0.0033926
25.33	0.0033897
25.34	0.0033869
25.35	0.003384
25.36	0.0033812
25.37	0.0033783
25.38	0.0033755
25.39	0.0033727
25.4	0.0033698
25.41	0.003367
25.42	0.0033642
25.43	0.0033613
25.44	0.0033585
25.45	0.0033557
25.46	0.0033529
25.47	0.0033501
25.48	0.0033473
25.49	0.0033445
25.5	0.0033417
25.51	0.0033389
25.52	0.0033361
25.53	0.0033333
25.54	0.0033305
25.55	0.0033277
25.56	0.003325
25.57	0.0033222
25.58	0.0033194
25.59	0.0033167
25.6	0.0033139
25.61	0.0033111
25.62	0.0033084
25.63	0.0033056
25.64	0.0033029
25.65	0.0033001
25.66	0.0032974
25.67	0.0032946
25.68	0.0032919
25.69	0.0032892
25.7	0.0032864
25.71	0.0032837
25.72	0.003281
25.73	0.0032783
25.74	0.0032755
25.75	0.0032728
25.76	0.0032701
25.77	0.0032674
25.78	0.0032647
25.79	0.003262
25.8	0.0032593
25.81	0.0032566
25.82	0.0032539
25.83	0.0032512
25.84	0.0032485
25.85	0.0032459
25.86	0.0032432
25.87	0.0032405
25.88	0.0032378
25.89	0.0032352
25.9	0.0032325
25.91	0.0032298
25.92	0.0032272
25.93	0.0032245
25.94	0.0032219
25.95	0.0032192
25.96	0.0032166
25.97	0.0032139
25.98	0.0032113
25.99	0.0032087
26.0	0.003206
26.01	0.0032034
26.02	0.0032008
26.03	0.0031981
26.04	0.0031955
26.05	0.0031929
26.06	0.0031903
26.07	0.0031877
26.08	0.0031851
26.09	0.0031825
26.1	0.0031799
26.11	0.0031773
26.12	0.0031747
26.13	0.0031721
26.14	0.0031695
26.15	0.0031669
26.16	0.0031643
26.17	0.0031617
26.18	0.0031592
26.19	0.0031566
26.2	0.003154
26.21	0.0031514
26.22	0.0031489
26.23	0.0031463
26.24	0.0031438
26.25	0.0031412
26.26	0.0031386
26.27	0.0031361
26.28	0.0031335
26.29	0.003131
26.3	0.0031285
26.31	0.0031259
26.32	0.0031234
26.33	0.0031209
26.34	0.0031183
26.35	0.0031158
26.36	0.0031133
26.37	0.0031108
26.38	0.0031082
26.39	0.0031057
26.4	0.0031032
26.41	0.0031007
26.42	0.0030982
26.43	0.0030957
26.44	0.0030932
26.45	0.0030907
26.46	0.0030882
26.47	0.0030857
26.48	0.0030832
26.49	0.0030808
26.5	0.0030783
26.51	0.0030758
26.52	0.0030733
26.53	0.0030709
26.54	0.0030684
26.55	0.0030659
26.56	0.0030635
26.57	0.003061
26.58	0.0030585
26.59	0.0030561
26.6	0.0030536
26.61	0.0030512
26.62	0.0030487
26.63	0.0030463
26.64	0.0030438
26.65	0.0030414
26.66	0.003039
26.67	0.0030365
26.68	0.0030341
26.69	0.0030317
26.7	0.0030293
26.71	0.0030268
26.72	0.0030244
26.73	0.003022
26.74	0.0030196
26.75	0.0030172
26.76	0.0030148
26.77	0.0030124
26.78	0.00301
26.79	0.0030076
26.8	0.0030052
26.81	0.0030028
26.82	0.0030004
26.83	0.002998
26.84	0.0029956
26.85	0.0029933
26.86	0.0029909
26.87	0.0029885
26.88	0.0029861
26.89	0.0029838
26.9	0.0029814
26.91	0.002979
26.92	0.0029767
26.93	0.0029743
26.94	0.002972
26.95	0.0029696
26.96	0.0029672
26.97	0.0029649
26.98	0.0029626
26.99	0.0029602
27.0	0.0029579
27.01	0.0029555
27.02	0.0029532
27.03	0.0029509
27.04	0.0029485
27.05	0.0029462
27.06	0.0029439
27.07	0.0029416
27.08	0.0029393
27.09	0.0029369
27.1	0.0029346
27.11	0.0029323
27.12	0.00293
27.13	0.0029277
27.14	0.0029254
27.15	0.0029231
27.16	0.0029208
27.17	0.0029185
27.18	0.0029162
27.19	0.0029139
27.2	0.0029116
27.21	0.0029094
27.22	0.0029071
27.23	0.0029048
27.24	0.0029025
27.25	0.0029003
27.26	0.002898
27.27	0.0028957
27.28	0.0028934
27.29	0.0028912
27.3	0.0028889
27.31	0.0028867
27.32	0.0028844
27.33	0.0028822
27.34	0.0028799
27.35	0.0028777
27.36	0.0028754
27.37	0.0028732
27.38	0.0028709
27.39	0.0028687
27.4	0.0028665
27.41	0.0028642
27.42	0.002862
27.43	0.0028598
27.44	0.0028576
27.45	0.0028553
27.46	0.0028531
27.47	0.0028509
27.48	0.0028487
27.49	0.0028465
27.5	0.0028443
27.51	0.0028421
27.52	0.0028399
27.53	0.0028377
27.54	0.0028355
27.55	0.0028333
27.56	0.0028311
27.57	0.0028289
27.58	0.0028267
27.59	0.0028245
27.6	0.0028223
27.61	0.0028201
27.62	0.002818
27.63	0.0028158
27.64	0.0028136
27.65	0.0028114
27.66	0.0028093
27.67	0.0028071
27.68	0.0028049
27.69	0.0028028
27.7	0.0028006
27.71	0.0027985
27.72	0.0027963
27.73	0.0027941
27.74	0.002792
27.75	0.0027899
27.76	0.0027877
27.77	0.0027856
27.78	0.0027834
27.79	0.0027813
27.8	0.0027792
27.81	0.002777
27.82	0.0027749
27.83	0.0027728
27.84	0.0027706
27.85	0.0027685
27.86	0.0027664
27.87	0.0027643
27.88	0.0027622
27.89	0.00276
27.9	0.0027579
27.91	0.0027558
27.92	0.0027537
27.93	0.0027516
27.94	0.0027495
27.95	0.0027474
27.96	0.0027453
27.97	0.0027432
27.98	0.0027411
27.99	0.002739
28.0	0.002737
28.01	0.0027349
28.02	0.0027328
28.03	0.0027307
28.04	0.0027286
28.05	0.0027266
28.06	0.0027245
28.07	0.0027224
28.08	0.0027203
28.09	0.0027183
28.1	0.0027162
28.11	0.0027142
28.12	0.0027121
28.13	0.00271
28.14	0.002708
28.15	0.0027059
28.16	0.0027039
28.17	0.0027018
28.18	0.0026998
28.19	0.0026977
28.2	0.0026957
28.21	0.0026937
28.22	0.0026916
28.23	0.0026896
28.24	0.0026876
28.25	0.0026855
28.26	0.0026835
28.27	0.0026815
28.28	0.0026795
28.29	0.0026774
28.3	0.0026754
28.31	0.0026734
28.32	0.0026714
28.33	0.0026694
28.34	0.0026674
28.35	0.0026654
28.36	0.0026633
28.37	0.0026613
28.38	0.0026593
28.39	0.0026573
28.4	0.0026553
28.41	0.0026534
28.42	0.0026514
28.43	0.0026494
28.44	0.0026474
28.45	0.0026454
28.46	0.0026434
28.47	0.0026414
28.48	0.0026395
28.49	0.0026375
28.5	0.0026355
28.51	0.0026335
28.52	0.0026316
28.53	0.0026296
28.54	0.0026276
28.55	0.0026257
28.56	0.0026237
28.57	0.0026217
28.58	0.0026198
28.59	0.0026178
28.6	0.0026159
28.61	0.0026139
28.62	0.002612
28.63	0.00261
28.64	0.0026081
28.65	0.0026062
28.66	0.0026042
28.67	0.0026023
28.68	0.0026003
28.69	0.0025984
28.7	0.0025965
28.71	0.0025945
28.72	0.0025926
28.73	0.0025907
28.74	0.0025888
28.75	0.0025868
28.76	0.0025849
28.77	0.002583
28.78	0.0025811
28.79	0.0025792
28.8	0.0025773
28.81	0.0025754
28.82	0.0025735
28.83	0.0025716
28.84	0.0025697
28.85	0.0025678
28.86	0.0025659
28.87	0.002564
28.88	0.0025621
28.89	0.0025602
28.9	0.0025583
28.91	0.0025564
28.92	0.0025545
28.93	0.0025526
28.94	0.0025507
28.95	0.0025489
28.96	0.002547
28.97	0.0025451
28.98	0.0025432
28.99	0.0025414
29.0	0.0025395
29.01	0.0025376
29.02	0.0025358
29.03	0.0025339
29.04	0.002532
29.05	0.0025302
29.06	0.0025283
29.07	0.0025265
29.08	0.0025246
29.09	0.0025228
29.1	0.0025209
29.11	0.0025191
29.12	0.0025172
29.13	0.0025154
29.14	0.0025135
29.15	0.0025117
29.16	0.0025099
29.17	0.002508
29.18	0.0025062
29.19	0.0025044
29.2	0.0025025
29.21	0.0025007
29.22	0.0024989
29.23	0.0024971
29.24	0.0024952
29.25	0.0024934
29.26	0.0024916
29.27	0.0024898
29.28	0.002488
29.29	0.0024862
29.3	0.0024844
29.31	0.0024825
29.32	0.0024807
29.33	0.0024789
29.34	0.0024771
29.35	0.0024753
29.36	0.0024735
29.37	0.0024717
29.38	0.0024699
29.39	0.0024682
29.4	0.0024664
29.41	0.0024646
29.42	0.0024628
29.43	0.002461
29.44	0.0024592
29.45	0.0024574
29.46	0.0024557
29.47	0.0024539
29.48	0.0024521
29.49	0.0024503
29.5	0.0024486
29.51	0.0024468
29.52	0.002445
29.53	0.0024433
29.54	0.0024415
29.55	0.0024397
29.56	0.002438
29.57	0.0024362
29.58	0.0024345
29.59	0.0024327
29.6	0.002431
29.61	0.0024292
29.62	0.0024275
29.63	0.0024257
29.64	0.002424
29.65	0.0024222
29.66	0.0024205
29.67	0.0024187
29.68	0.002417
29.69	0.0024153
29.7	0.0024135
29.71	0.0024118
29.72	0.0024101
29.73	0.0024083
29.74	0.0024066
29.75	0.0024049
29.76	0.0024032
29.77	0.0024014
29.78	0.0023997
29.79	0.002398
29.8	0.0023963
29.81	0.0023946
29.82	0.0023929
29.83	0.0023911
29.84	0.0023894
29.85	0.0023877
29.86	0.002386
29.87	0.0023843
29.88	0.0023826
29.89	0.0023809
29.9	0.0023792
29.91	0.0023775
29.92	0.0023758
29.93	0.0023741
29.94	0.0023725
29.95	0.0023708
29.96	0.0023691
29.97	0.0023674
29.98	0.0023657
29.99	0.002364
30.0	0.0023623
30.01	0.0023607
30.02	0.002359
30.03	0.0023573
30.04	0.0023556
30.05	0.002354
30.06	0.0023523
30.07	0.0023506
30.08	0.002349
30.09	0.0023473
30.1	0.0023456
30.11	0.002344
30.12	0.0023423
30.13	0.0023407
30.14	0.002339
30.15	0.0023374
30.16	0.0023357
30.17	0.0023341
30.18	0.0023324
30.19	0.0023308
30.2	0.0023291
30.21	0.0023275
30.22	0.0023258
30.23	0.0023242
30.24	0.0023225
30.25	0.0023209
30.26	0.0023193
30.27	0.0023176
30.28	0.002316
30.29	0.0023144
30.3	0.0023128
30.31	0.0023111
30.32	0.0023095
30.33	0.0023079
30.34	0.0023063
30.35	0.0023046
30.36	0.002303
30.37	0.0023014
30.38	0.0022998
30.39	0.0022982
30.4	0.0022966
30.41	0.002295
30.42	0.0022933
30.43	0.0022917
30.44	0.0022901
30.45	0.0022885
30.46	0.0022869
30.47	0.0022853
30.48	0.0022837
30.49	0.0022821
30.5	0.0022805
30.51	0.0022789
30.52	0.0022774
30.53	0.0022758
30.54	0.0022742
30.55	0.0022726
30.56	0.002271
30.57	0.0022694
30.58	0.0022678
30.59	0.0022663
30.6	0.0022647
30.61	0.0022631
30.62	0.0022615
30.63	0.00226
30.64	0.0022584
30.65	0.0022568
30.66	0.0022552
30.67	0.0022537
30.68	0.0022521
30.69	0.0022505
30.7	0.002249
30.71	0.0022474
30.72	0.0022459
30.73	0.0022443
30.74	0.0022427
30.75	0.0022412
30.76	0.0022396
30.77	0.0022381
30.78	0.0022365
30.79	0.002235
30.8	0.0022334
30.81	0.0022319
30.82	0.0022304
30.83	0.0022288
30.84	0.0022273
30.85	0.0022257
30.86	0.0022242
30.87	0.0022227
30.88	0.0022211
30.89	0.0022196
30.9	0.0022181
30.91	0.0022165
30.92	0.002215
30.93	0.0022135
30.94	0.002212
30.95	0.0022104
30.96	0.0022089
30.97	0.0022074
30.98	0.0022059
30.99	0.0022044
31.0	0.0022028
31.01	0.0022013
31.02	0.0021998
31.03	0.0021983
31.04	0.0021968
31.05	0.0021953
31.06	0.0021938
31.07	0.0021923
31.08	0.0021908
31.09	0.0021893
31.1	0.0021878
31.11	0.0021863
31.12	0.0021848
31.13	0.0021833
31.14	0.0021818
31.15	0.0021803
31.16	0.0021788
31.17	0.0021773
31.18	0.0021758
31.19	0.0021743
31.2	0.0021729
31.21	0.0021714
31.22	0.0021699
31.23	0.0021684
31.24	0.0021669
31.25	0.0021655
31.26	0.002164
31.27	0.0021625
31.28	0.002161
31.29	0.0021596
31.3	0.0021581
31.31	0.0021566
31.32	0.0021552
31.33	0.0021537
31.34	0.0021522
31.35	0.0021508
31.36	0.0021493
31.37	0.0021478
31.38	0.0021464
31.39	0.0021449
31.4	0.0021435
31.41	0.002142
31.42	0.0021406
31.43	0.0021391
31.44	0.0021377
31.45	0.0021362
31.46	0.0021348
31.47	0.0021333
31.48	0.0021319
31.49	0.0021304
31.5	0.002129
31.51	0.0021276
31.52	0.0021261
31.53	0.0021247
31.54	0.0021233
31.55	0.0021218
31.56	0.0021204
31.57	0.002119
31.58	0.0021175
31.59	0.0021161
31.6	0.0021147
31.61	0.0021133
31.62	0.0021118
31.63	0.0021104
31.64	0.002109
31.65	0.0021076
31.66	0.0021061
31.67	0.0021047
31.68	0.0021033
31.69	0.0021019
31.7	0.0021005
31.71	0.0020991
31.72	0.0020977
31.73	0.0020963
31.74	0.0020949
31.75	0.0020934
31.76	0.002092
31.77	0.0020906
31.78	0.0020892
31.79	0.0020878
31.8	0.0020864
31.81	0.002085
31.82	0.0020837
31.83	0.0020823
31.84	0.0020809
31.85	0.0020795
31.86	0.0020781
31.87	0.0020767
31.88	0.0020753
31.89	0.0020739
31.9	0.0020725
31.91	0.0020712
31.92	0.0020698
31.93	0.0020684
31.94	0.002067
31.95	0.0020656
31.96	0.0020643
31.97	0.0020629
31.98	0.0020615
31.99	0.0020601
32.0	0.0020588
32.01	0.0020574
32.02	0.002056
32.03	0.0020547
32.04	0.0020533
32.05	0.0020519
32.06	0.0020506
32.07	0.0020492
32.08	0.0020478
32.09	0.0020465
32.1	0.0020451
32.11	0.0020438
32.12	0.0020424
32.13	0.0020411
32.14	0.0020397
32.15	0.0020384
32.16	0.002037
32.17	0.0020357
32.18	0.0020343
32.19	0.002033
32.2	0.0020316
32.21	0.0020303
32.22	0.0020289
32.23	0.0020276
32.24	0.0020263
32.25	0.0020249
32.26	0.0020236
32.27	0.0020223
32.28	0.0020209
32.29	0.0020196
32.3	0.0020183
32.31	0.0020169
32.32	0.0020156
32.33	0.0020143
32.34	0.0020129
32.35	0.0020116
32.36	0.0020103
32.37	0.002009
32.38	0.0020077
32.39	0.0020063
32.4	0.002005
32.41	0.0020037
32.42	0.0020024
32.43	0.0020011
32.44	0.0019998
32.45	0.0019984
32.46	0.0019971
32.47	0.0019958
32.48	0.0019945
32.49	0.0019932
32.5	0.0019919
32.51	0.0019906
32.52	0.0019893
32.53	0.001988
32.54	0.0019867
32.55	0.0019854
32.56	0.0019841
32.57	0.0019828
32.58	0.0019815
32.59	0.0019802
32.6	0.0019789
32.61	0.0019776
32.62	0.0019763
32.63	0.001975
32.64	0.0019738
32.65	0.0019725
32.66	0.0019712
32.67	0.0019699
32.68	0.0019686
32.69	0.0019673
32.7	0.0019661
32.71	0.0019648
32.72	0.0019635
32.73	0.0019622
32.74	0.0019609
32.75	0.0019597
32.76	0.0019584
32.77	0.0019571
32.78	0.0019559
32.79	0.0019546
32.8	0.0019533
32.81	0.001952
32.82	0.0019508
32.83	0.0019495
32.84	0.0019483
32.85	0.001947
32.86	0.0019457
32.87	0.0019445
32.88	0.0019432
32.89	0.001942
32.9	0.0019407
32.91	0.0019394
32.92	0.0019382
32.93	0.0019369
32.94	0.0019357
32.95	0.0019344
32.96	0.0019332
32.97	0.0019319
32.98	0.0019307
32.99	0.0019294
33.0	0.0019282
33.01	0.001927
33.02	0.0019257
33.03	0.0019245
33.04	0.0019232
33.05	0.001922
33.06	0.0019208
33.07	0.0019195
33.08	0.0019183
33.09	0.0019171
33.1	0.0019158
33.11	0.0019146
33.12	0.0019134
33.13	0.0019121
33.14	0.0019109
33.15	0.0019097
33.16	0.0019085
33.17	0.0019072
33.18	0.001906
33.19	0.0019048
33.2	0.0019036
33.21	0.0019023
33.22	0.0019011
33.23	0.0018999
33.24	0.0018987
33.25	0.0018975
33.26	0.0018963
33.27	0.0018951
33.28	0.0018938
33.29	0.0018926
33.3	0.0018914
33.31	0.0018902
33.32	0.001889
33.33	0.0018878
33.34	0.0018866
33.35	0.0018854
33.36	0.0018842
33.37	0.001883
33.38	0.0018818
33.39	0.0018806
33.4	0.0018794
33.41	0.0018782
33.42	0.001877
33.43	0.0018758
33.44	0.0018746
33.45	0.0018734
33.46	0.0018722
33.47	0.001871
33.48	0.0018698
33.49	0.0018687
33.5	0.0018675
33.51	0.0018663
33.52	0.0018651
33.53	0.0018639
33.54	0.0018627
33.55	0.0018616
33.56	0.0018604
33.57	0.0018592
33.58	0.001858
33.59	0.0018568
33.6	0.0018557
33.61	0.0018545
33.62	0.0018533
33.63	0.0018521
33.64	0.001851
33.65	0.0018498
33.66	0.0018486
33.67	0.0018475
33.68	0.0018463
33.69	0.0018451
33.7	0.001844
33.71	0.0018428
33.72	0.0018416
33.73	0.0018405
33.74	0.0018393
33.75	0.0018382
33.76	0.001837
33.77	0.0018359
33.78	0.0018347
33.79	0.0018335
33.8	0.0018324
33.81	0.0018312
33.82	0.0018301
33.83	0.0018289
33.84	0.0018278
33.85	0.0018266
33.86	0.0018255
33.87	0.0018243
33.88	0.0018232
33.89	0.0018221
33.9	0.0018209
33.91	0.0018198
33.92	0.0018186
33.93	0.0018175
33.94	0.0018163
33.95	0.0018152
33.96	0.0018141
33.97	0.0018129
33.98	0.0018118
33.99	0.0018107
34.0	0.0018095
34.01	0.0018084
34.02	0.0018073
34.03	0.0018061
34.04	0.001805
34.05	0.0018039
34.06	0.0018028
34.07	0.0018016
34.08	0.0018005
34.09	0.0017994
34.1	0.0017983
34.11	0.0017972
34.12	0.001796
34.13	0.0017949
34.14	0.0017938
34.15	0.0017927
34.16	0.0017916
34.17	0.0017904
34.18	0.0017893
34.19	0.0017882
34.2	0.0017871
34.21	0.001786
34.22	0.0017849
34.23	0.0017838
34.24	0.0017827
34.25	0.0017816
34.26	0.0017805
34.27	0.0017794
34.28	0.0017783
34.29	0.0017771
34.3	0.001776
34.31	0.0017749
34.32	0.0017738
34.33	0.0017727
34.34	0.0017717
34.35	0.0017706
34.36	0.0017695
34.37	0.0017684
34.38	0.0017673
34.39	0.0017662
34.4	0.0017651
34.41	0.001764
34.42	0.0017629
34.43	0.0017618
34.44	0.0017607
34.45	0.0017596
34.46	0.0017586
34.47	0.0017575
34.48	0.0017564
34.49	0.0017553
34.5	0.0017542
34.51	0.0017531
34.52	0.0017521
34.53	0.001751
34.54	0.0017499
34.55	0.0017488
34.56	0.0017478
34.57	0.0017467
34.58	0.0017456
34.59	0.0017445
34.6	0.0017435
34.61	0.0017424
34.62	0.0017413
34.63	0.0017403
34.64	0.0017392
34.65	0.0017381
34.66	0.0017371
34.67	0.001736
34.68	0.0017349
34.69	0.0017339
34.7	0.0017328
34.71	0.0017317
34.72	0.0017307
34.73	0.0017296
34.74	0.0017286
34.75	0.0017275
34.76	0.0017265
34.77	0.0017254
34.78	0.0017243
34.79	0.0017233
34.8	0.0017222
34.81	0.0017212
34.82	0.0017201
34.83	0.0017191
34.84	0.001718
34.85	0.001717
34.86	0.0017159
34.87	0.0017149
34.88	0.0017139
34.89	0.0017128
34.9	0.0017118
34.91	0.0017107
34.92	0.0017097
34.93	0.0017086
34.94	0.0017076
34.95	0.0017066
34.96	0.0017055
34.97	0.0017045
34.98	0.0017035
34.99	0.0017024
35.0	0.0017014
35.01	0.0017004
35.02	0.0016993
35.03	0.0016983
35.04	0.0016973
35.05	0.0016962
35.06	0.0016952
35.07	0.0016942
35.08	0.0016932
35.09	0.0016921
35.1	0.0016911
35.11	0.0016901
35.12	0.0016891
35.13	0.001688
35.14	0.001687
35.15	0.001686
35.16	0.001685
35.17	0.001684
35.18	0.0016829
35.19	0.0016819
35.2	0.0016809
35.21	0.0016799
35.22	0.0016789
35.23	0.0016779
35.24	0.0016769
35.25	0.0016758
35.26	0.0016748
35.27	0.0016738
35.28	0.0016728
35.29	0.0016718
35.3	0.0016708
35.31	0.0016698
35.32	0.0016688
35.33	0.0016678
35.34	0.0016668
35.35	0.0016658
35.36	0.0016648
35.37	0.0016638
35.38	0.0016628
35.39	0.0016618
35.4	0.0016608
35.41	0.0016598
35.42	0.0016588
35.43	0.0016578
35.44	0.0016568
35.45	0.0016558
35.46	0.0016548
35.47	0.0016538
35.48	0.0016529
35.49	0.0016519
35.5	0.0016509
35.51	0.0016499
35.52	0.0016489
35.53	0.0016479
35.54	0.0016469
35.55	0.0016459
35.56	0.001645
35.57	0.001644
35.58	0.001643
35.59	0.001642
35.6	0.001641
35.61	0.0016401
35.62	0.0016391
35.63	0.0016381
35.64	0.0016371
35.65	0.0016362
35.66	0.0016352
35.67	0.0016342
35.68	0.0016332
35.69	0.0016323
35.7	0.0016313
35.71	0.0016303
35.72	0.0016294
35.73	0.0016284
35.74	0.0016274
35.75	0.0016264
35.76	0.0016255
35.77	0.0016245
35.78	0.0016236
35.79	0.0016226
35.8	0.0016216
35.81	0.0016207
35.82	0.0016197
35.83	0.0016187
35.84	0.0016178
35.85	0.0016168
35.86	0.0016159
35.87	0.0016149
35.88	0.001614
35.89	0.001613
35.9	0.001612
35.91	0.0016111
35.92	0.0016101
35.93	0.0016092
35.94	0.0016082
35.95	0.0016073
35.96	0.0016063
35.97	0.0016054
35.98	0.0016044
35.99	0.0016035
36.0	0.0016026
36.01	0.0016016
36.02	0.0016007
36.03	0.0015997
36.04	0.0015988
36.05	0.0015978
36.06	0.0015969
36.07	0.001596
36.08	0.001595
36.09	0.0015941
36.1	0.0015931
36.11	0.0015922
36.12	0.0015913
36.13	0.0015903
36.14	0.0015894
36.15	0.0015885
36.16	0.0015875
36.17	0.0015866
36.18	0.0015857
36.19	0.0015847
36.2	0.0015838
36.21	0.0015829
36.22	0.001582
36.23	0.001581
36.24	0.0015801
36.25	0.0015792
36.26	0.0015783
36.27	0.0015773
36.28	0.0015764
36.29	0.0015755
36.3	0.0015746
36.31	0.0015736
36.32	0.0015727
36.33	0.0015718
36.34	0.0015709
36.35	0.00157
36.36	0.0015691
36.37	0.0015681
36.38	0.0015672
36.39	0.0015663
36.4	0.0015654
36.41	0.0015645
36.42	0.0015636
36.43	0.0015627
36.44	0.0015618
36.45	0.0015608
36.46	0.0015599
36.47	0.001559
36.48	0.0015581
36.49	0.0015572
36.5	0.0015563
36.51	0.0015554
36.52	0.0015545
36.53	0.0015536
36.54	0.0015527
36.55	0.0015518
36.56	0.0015509
36.57	0.00155
36.58	0.0015491
36.59	0.0015482
36.6	0.0015473
36.61	0.0015464
36.62	0.0015455
36.63	0.0015446
36.64	0.0015437
36.65	0.0015428
36.66	0.0015419
36.67	0.001541
36.68	0.0015401
36.69	0.0015393
36.7	0.0015384
36.71	0.0015375
36.72	0.0015366
36.73	0.0015357
36.74	0.0015348
36.75	0.0015339
36.76	0.001533
36.77	0.0015322
36.78	0.0015313
36.79	0.0015304
36.8	0.0015295
36.81	0.0015286
36.82	0.0015277
36.83	0.0015269
36.84	0.001526
36.85	0.0015251
36.86	0.0015242
36.87	0.0015233
36.88	0.0015225
36.89	0.0015216
36.9	0.0015207
36.91	0.0015198
36.92	0.001519
36.93	0.0015181
36.94	0.0015172
36.95	0.0015164
36.96	0.0015155
36.97	0.0015146
36.98	0.0015137
36.99	0.0015129
37.0	0.001512
37.01	0.0015111
37.02	0.0015103
37.03	0.0015094
37.04	0.0015086
37.05	0.0015077
37.06	0.0015068
37.07	0.001506
37.08	0.0015051
37.09	0.0015042
37.1	0.0015034
37.11	0.0015025
37.12	0.0015017
37.13	0.0015008
37.14	0.0014999
37.15	0.0014991
37.16	0.0014982
37.17	0.0014974
37.18	0.0014965
37.19	0.0014957
37.2	0.0014948
37.21	0.001494
37.22	0.0014931
37.23	0.0014923
37.24	0.0014914
37.25	0.0014906
37.26	0.0014897
37.27	0.0014889
37.28	0.001488
37.29	0.0014872
37.3	0.0014863
37.31	0.0014855
37.32	0.0014846
37.33	0.0014838
37.34	0.001483
37.35	0.0014821
37.36	0.0014813
37.37	0.0014804
37.38	0.0014796
37.39	0.0014788
37.4	0.0014779
37.41	0.0014771
37.42	0.0014762
37.43	0.0014754
37.44	0.0014746
37.45	0.0014737
37.46	0.0014729
37.47	0.0014721
37.48	0.0014712
37.49	0.0014704
37.5	0.0014696
37.51	0.0014687
37.52	0.0014679
37.53	0.0014671
37.54	0.0014662
37.55	0.0014654
37.56	0.0014646
37.57	0.0014638
37.58	0.0014629
37.59	0.0014621
37.6	0.0014613
37.61	0.0014605
37.62	0.0014596
37.63	0.0014588
37.64	0.001458
37.65	0.0014572
37.66	0.0014564
37.67	0.0014555
37.68	0.0014547
37.69	0.0014539
37.7	0.0014531
37.71	0.0014523
37.72	0.0014514
37.73	0.0014506
37.74	0.0014498
37.75	0.001449
37.76	0.0014482
37.77	0.0014474
37.78	0.0014466
37.79	0.0014458
37.8	0.0014449
37.81	0.0014441
37.82	0.0014433
37.83	0.0014425
37.84	0.0014417
37.85	0.0014409
37.86	0.0014401
37.87	0.0014393
37.88	0.0014385
37.89	0.0014377
37.9	0.0014369
37.91	0.0014361
37.92	0.0014353
37.93	0.0014345
37.94	0.0014337
37.95	0.0014329
37.96	0.0014321
37.97	0.0014313
37.98	0.0014305
37.99	0.0014297
38.0	0.0014289
38.01	0.0014281
38.02	0.0014273
38.03	0.0014265
38.04	0.0014257
38.05	0.0014249
38.06	0.0014241
38.07	0.0014233
38.08	0.0014225
38.09	0.0014217
38.1	0.0014209
38.11	0.0014201
38.12	0.0014193
38.13	0.0014186
38.14	0.0014178
38.15	0.001417
38.16	0.0014162
38.17	0.0014154
38.18	0.0014146
38.19	0.0014138
38.2	0.0014131
38.21	0.0014123
38.22	0.0014115
38.23	0.0014107
38.24	0.0014099
38.25	0.0014091
38.26	0.0014084
38.27	0.0014076
38.28	0.0014068
38.29	0.001406
38.3	0.0014052
38.31	0.0014045
38.32	0.0014037
38.33	0.0014029
38.34	0.0014021
38.35	0.0014014
38.36	0.0014006
38.37	0.0013998
38.38	0.001399
38.39	0.0013983
38.4	0.0013975
38.41	0.0013967
38.42	0.001396
38.43	0.0013952
38.44	0.0013944
38.45	0.0013937
38.46	0.0013929
38.47	0.0013921
38.48	0.0013914
38.49	0.0013906
38.5	0.0013898
38.51	0.0013891
38.52	0.0013883
38.53	0.0013875
38.54	0.0013868
38.55	0.001386
38.56	0.0013852
38.57	0.0013845
38.58	0.0013837
38.59	0.001383
38.6	0.0013822
38.61	0.0013814
38.62	0.0013807
38.63	0.0013799
38.64	0.0013792
38.65	0.0013784
38.66	0.0013777
38.67	0.0013769
38.68	0.0013762
38.69	0.0013754
38.7	0.0013746
38.71	0.0013739
38.72	0.0013731
38.73	0.0013724
38.74	0.0013716
38.75	0.0013709
38.76	0.0013701
38.77	0.0013694
38.78	0.0013686
38.79	0.0013679
38.8	0.0013672
38.81	0.0013664
38.82	0.0013657
38.83	0.0013649
38.84	0.0013642
38.85	0.0013634
38.86	0.0013627
38.87	0.0013619
38.88	0.0013612
38.89	0.0013605
38.9	0.0013597
38.91	0.001359
38.92	0.0013582
38.93	0.0013575
38.94	0.0013568
38.95	0.001356
38.96	0.0013553
38.97	0.0013545
38.98	0.0013538
38.99	0.0013531
39.0	0.0013523
39.01	0.0013516
39.02	0.0013509
39.03	0.0013501
39.04	0.0013494
39.05	0.0013487
39.06	0.0013479
39.07	0.0013472
39.08	0.0013465
39.09	0.0013458
39.1	0.001345
39.11	0.0013443
39.12	0.0013436
39.13	0.0013428
39.14	0.0013421
39.15	0.0013414
39.16	0.0013407
39.17	0.0013399
39.18	0.0013392
39.19	0.0013385
39.2	0.0013378
39.21	0.001337
39.22	0.0013363
39.23	0.0013356
39.24	0.0013349
39.25	0.0013342
39.26	0.0013334
39.27	0.0013327
39.28	0.001332
39.29	0.0013313
39.3	0.0013306
39.31	0.0013299
39.32	0.0013291
39.33	0.0013284
39.34	0.0013277
39.35	0.001327
39.36	0.0013263
39.37	0.0013256
39.38	0.0013249
39.39	0.0013241
39.4	0.0013234
39.41	0.0013227
39.42	0.001322
39.43	0.0013213
39.44	0.0013206
39.45	0.0013199
39.46	0.0013192
39.47	0.0013185
39.48	0.0013178
39.49	0.001317
39.5	0.0013163
39.51	0.0013156
39.52	0.0013149
39.53	0.0013142
39.54	0.0013135
39.55	0.0013128
39.56	0.0013121
39.57	0.0013114
39.58	0.0013107
39.59	0.00131
39.6	0.0013093
39.61	0.0013086
39.62	0.0013079
39.63	0.0013072
39.64	0.0013065
39.65	0.0013058
39.66	0.0013051
39.67	0.0013044
39.68	0.0013037
39.69	0.001303
39.7	0.0013023
39.71	0.0013016
39.72	0.001301
39.73	0.0013003
39.74	0.0012996
39.75	0.0012989
39.76	0.0012982
39.77	0.0012975
39.78	0.0012968
39.79	0.0012961
39.8	0.0012954
39.81	0.0012947
39.82	0.001294
39.83	0.0012934
39.84	0.0012927
39.85	0.001292
39.86	0.0012913
39.87	0.0012906
39.88	0.0012899
39.89	0.0012892
39.9	0.0012886
39.91	0.0012879
39.92	0.0012872
39.93	0.0012865
39.94	0.0012858
39.95	0.0012852
39.96	0.0012845
39.97	0.0012838
39.98	0.0012831
39.99	0.0012824
40.0	0.0012818
40.01	0.0012811
40.02	0.0012804
40.03	0.0012797
40.04	0.001279
40.05	0.0012784
40.06	0.0012777
40.07	0.001277
40.08	0.0012763
40.09	0.0012757
40.1	0.001275
40.11	0.0012743
40.12	0.0012737
40.13	0.001273
40.14	0.0012723
40.15	0.0012716
40.16	0.001271
40.17	0.0012703
40.18	0.0012696
40.19	0.001269
40.2	0.0012683
40.21	0.0012676
40.22	0.001267
40.23	0.0012663
40.24	0.0012656
40.25	0.001265
40.26	0.0012643
40.27	0.0012636
40.28	0.001263
40.29	0.0012623
40.3	0.0012616
40.31	0.001261
40.32	0.0012603
40.33	0.0012597
40.34	0.001259
40.35	0.0012583
40.36	0.0012577
40.37	0.001257
40.38	0.0012564
40.39	0.0012557
40.4	0.001255
40.41	0.0012544
40.42	0.0012537
40.43	0.0012531
40.44	0.0012524
40.45	0.0012518
40.46	0.0012511
40.47	0.0012505
40.48	0.0012498
40.49	0.0012492
40.5	0.0012485
40.51	0.0012478
40.52	0.0012472
40.53	0.0012465
40.54	0.0012459
40.55	0.0012452
40.56	0.0012446
40.57	0.0012439
40.58	0.0012433
40.59	0.0012427
40.6	0.001242
40.61	0.0012414
40.62	0.0012407
40.63	0.0012401
40.64	0.0012394
40.65	0.0012388
40.66	0.0012381
40.67	0.0012375
40.68	0.0012368
40.69	0.0012362
40.7	0.0012356
40.71	0.0012349
40.72	0.0012343
40.73	0.0012336
40.74	0.001233
40.75	0.0012324
40.76	0.0012317
40.77	0.0012311
40.78	0.0012304
40.79	0.0012298
40.8	0.0012292
40.81	0.0012285
40.82	0.0012279
40.83	0.0012273
40.84	0.0012266
40.85	0.001226
40.86	0.0012253
40.87	0.0012247
40.88	0.0012241
40.89	0.0012234
40.9	0.0012228
40.91	0.0012222
40.92	0.0012215
40.93	0.0012209
40.94	0.0012203
40.95	0.0012197
40.96	0.001219
40.97	0.0012184
40.98	0.0012178
40.99	0.0012171
41.0	0.0012165
41.01	0.0012159
41.02	0.0012153
41.03	0.0012146
41.04	0.001214
41.05	0.0012134
41.06	0.0012128
41.07	0.0012121
41.08	0.0012115
41.09	0.0012109
41.1	0.0012103
41.11	0.0012096
41.12	0.001209
41.13	0.0012084
41.14	0.0012078
41.15	0.0012072
41.16	0.0012065
41.17	0.0012059
41.18	0.0012053
41.19	0.0012047
41.2	0.0012041
41.21	0.0012034
41.22	0.0012028
41.23	0.0012022
41.24	0.0012016
41.25	0.001201
41.26	0.0012004
41.27	0.0011997
41.28	0.0011991
41.29	0.0011985
41.3	0.0011979
41.31	0.0011973
41.32	0.0011967
41.33	0.0011961
41.34	0.0011955
41.35	0.0011948
41.36	0.0011942
41.37	0.0011936
41.38	0.001193
41.39	0.0011924
41.4	0.0011918
41.41	0.0011912
41.42	0.0011906
41.43	0.00119
41.44	0.0011894
41.45	0.0011888
41.46	0.0011882
41.47	0.0011875
41.48	0.0011869
41.49	0.0011863
41.5	0.0011857
41.51	0.0011851
41.52	0.0011845
41.53	0.0011839
41.54	0.0011833
41.55	0.0011827
41.56	0.0011821
41.57	0.0011815
41.58	0.0011809
41.59	0.0011803
41.6	0.0011797
41.61	0.0011791
41.62	0.0011785
41.63	0.0011779
41.64	0.0011773
41.65	0.0011767
41.66	0.0011761
41.67	0.0011755
41.68	0.0011749
41.69	0.0011743
41.7	0.0011737
41.71	0.0011731
41.72	0.0011726
41.73	0.001172
41.74	0.0011714
41.75	0.0011708
41.76	0.0011702
41.77	0.0011696
41.78	0.001169
41.79	0.0011684
41.8	0.0011678
41.81	0.0011672
41.82	0.0011666
41.83	0.001166
41.84	0.0011655
41.85	0.0011649
41.86	0.0011643
41.87	0.0011637
41.88	0.0011631
41.89	0.0011625
41.9	0.0011619
41.91	0.0011613
41.92	0.0011608
41.93	0.0011602
41.94	0.0011596
41.95	0.001159
41.96	0.0011584
41.97	0.0011578
41.98	0.0011573
41.99	0.0011567
42.0	0.0011561
42.01	0.0011555
42.02	0.0011549
42.03	0.0011544
42.04	0.0011538
42.05	0.0011532
42.06	0.0011526
42.07	0.001152
42.08	0.0011515
42.09	0.0011509
42.1	0.0011503
42.11	0.0011497
42.12	0.0011491
42.13	0.0011486
42.14	0.001148
42.15	0.0011474
42.16	0.0011468
42.17	0.0011463
42.18	0.0011457
42.19	0.0011451
42.2	0.0011446
42.21	0.001144
42.22	0.0011434
42.23	0.0011428
42.24	0.0011423
42.25	0.0011417
42.26	0.0011411
42.27	0.0011406
42.28	0.00114
42.29	0.0011394
42.3	0.0011388
42.31	0.0011383
42.32	0.0011377
42.33	0.0011371
42.34	0.0011366
42.35	0.001136
42.36	0.0011354
42.37	0.0011349
42.38	0.0011343
42.39	0.0011337
42.4	0.0011332
42.41	0.0011326
42.42	0.001132
42.43	0.0011315
42.44	0.0011309
42.45	0.0011304
42.46	0.0011298
42.47	0.0011292
42.48	0.0011287
42.49	0.0011281
42.5	0.0011276
42.51	0.001127
42.52	0.0011264
42.53	0.0011259
42.54	0.0011253
42.55	0.0011248
42.56	0.0011242
42.57	0.0011236
42.58	0.0011231
42.59	0.0011225
42.6	0.001122
42.61	0.0011214
42.62	0.0011209
42.63	0.0011203
42.64	0.0011197
42.65	0.0011192
42.66	0.0011186
42.67	0.0011181
42.68	0.0011175
42.69	0.001117
42.7	0.0011164
42.71	0.0011159
42.72	0.0011153
42.73	0.0011148
42.74	0.0011142
42.75	0.0011137
42.76	0.0011131
42.77	0.0011126
42.78	0.001112
42.79	0.0011115
42.8	0.0011109
42.81	0.0011104
42.82	0.0011098
42.83	0.0011093
42.84	0.0011087
42.85	0.0011082
42.86	0.0011076
42.87	0.0011071
42.88	0.0011066
42.89	0.001106
42.9	0.0011055
42.91	0.0011049
42.92	0.0011044
42.93	0.0011038
42.94	0.0011033
42.95	0.0011027
42.96	0.0011022
42.97	0.0011017
42.98	0.0011011
42.99	0.0011006
43.0	0.0011
43.01	0.0010995
43.02	0.001099
43.03	0.0010984
43.04	0.0010979
43.05	0.0010973
43.06	0.0010968
43.07	0.0010963
43.08	0.0010957
43.09	0.0010952
43.1	0.0010947
43.11	0.0010941
43.12	0.0010936
43.13	0.0010931
43.14	0.0010925
43.15	0.001092
43.16	0.0010915
43.17	0.0010909
43.18	0.0010904
43.19	0.0010899
43.2	0.0010893
43.21	0.0010888
43.22	0.0010883
43.23	0.0010877
43.24	0.0010872
43.25	0.0010867
43.26	0.0010861
43.27	0.0010856
43.28	0.0010851
43.29	0.0010845
43.3	0.001084
43.31	0.0010835
43.32	0.001083
43.33	0.0010824
43.34	0.0010819
43.35	0.0010814
43.36	0.0010809
43.37	0.0010803
43.38	0.0010798
43.39	0.0010793
43.4	0.0010788
43.41	0.0010782
43.42	0.0010777
43.43	0.0010772
43.44	0.0010767
43.45	0.0010761
43.46	0.0010756
43.47	0.0010751
43.48	0.0010746
43.49	0.001074
43.5	0.0010735
43.51	0.001073
43.52	0.0010725
43.53	0.001072
43.54	0.0010714
43.55	0.0010709
43.56	0.0010704
43.57	0.0010699
43.58	0.0010694
43.59	0.0010689
43.6	0.0010683
43.61	0.0010678
43.62	0.0010673
43.63	0.0010668
43.64	0.0010663
43.65	0.0010658
43.66	0.0010652
43.67	0.0010647
43.68	0.0010642
43.69	0.0010637
43.7	0.0010632
43.71	0.0010627
43.72	0.0010622
43.73	0.0010616
43.74	0.0010611
43.75	0.0010606
43.76	0.0010601
43.77	0.0010596
43.78	0.0010591
43.79	0.0010586
43.8	0.0010581
43.81	0.0010576
43.82	0.001057
43.83	0.0010565
43.84	0.001056
43.85	0.0010555
43.86	0.001055
43.87	0.0010545
43.88	0.001054
43.89	0.0010535
43.9	0.001053
43.91	0.0010525
43.92	0.001052
43.93	0.0010515
43.94	0.001051
43.95	0.0010505
43.96	0.00105
43.97	0.0010495
43.98	0.001049
43.99	0.0010484
44.0	0.0010479
44.01	0.0010474
44.02	0.0010469
44.03	0.0010464
44.04	0.0010459
44.05	0.0010454
44.06	0.0010449
44.07	0.0010444
44.08	0.0010439
44.09	0.0010434
44.1	0.0010429
44.11	0.0010424
44.12	0.0010419
44.13	0.0010414
44.14	0.0010409
44.15	0.0010404
44.16	0.00104
44.17	0.0010395
44.18	0.001039
44.19	0.0010385
44.2	0.001038
44.21	0.0010375
44.22	0.001037
44.23	0.0010365
44.24	0.001036
44.25	0.0010355
44.26	0.001035
44.27	0.0010345
44.28	0.001034
44.29	0.0010335
44.3	0.001033
44.31	0.0010325
44.32	0.001032
44.33	0.0010316
44.34	0.0010311
44.35	0.0010306
44.36	0.0010301
44.37	0.0010296
44.38	0.0010291
44.39	0.0010286
44.4	0.0010281
44.41	0.0010276
44.42	0.0010272
44.43	0.0010267
44.44	0.0010262
44.45	0.0010257
44.46	0.0010252
44.47	0.0010247
44.48	0.0010242
44.49	0.0010237
44.5	0.0010233
44.51	0.0010228
44.52	0.0010223
44.53	0.0010218
44.54	0.0010213
44.55	0.0010208
44.56	0.0010204
44.57	0.0010199
44.58	0.0010194
44.59	0.0010189
44.6	0.0010184
44.61	0.001018
44.62	0.0010175
44.63	0.001017
44.64	0.0010165
44.65	0.001016
44.66	0.0010155
44.67	0.0010151
44.68	0.0010146
44.69	0.0010141
44.7	0.0010136
44.71	0.0010132
44.72	0.0010127
44.73	0.0010122
44.74	0.0010117
44.75	0.0010112
44.76	0.0010108
44.77	0.0010103
44.78	0.0010098
44.79	0.0010093
44.8	0.0010089
44.81	0.0010084
44.82	0.0010079
44.83	0.0010074
44.84	0.001007
44.85	0.0010065
44.86	0.001006
44.87	0.0010056
44.88	0.0010051
44.89	0.0010046
44.9	0.0010041
44.91	0.0010037
44.92	0.0010032
44.93	0.0010027
44.94	0.0010023
44.95	0.0010018
44.96	0.0010013
44.97	0.0010008
44.98	0.0010004
44.99	0.00099991
45.0	0.00099944
45.01	0.00099897
45.02	0.0009985
45.03	0.00099804
45.04	0.00099757
45.05	0.0009971
45.06	0.00099664
45.07	0.00099617
45.08	0.00099571
45.09	0.00099524
45.1	0.00099478
45.11	0.00099431
45.12	0.00099385
45.13	0.00099338
45.14	0.00099292
45.15	0.00099245
45.16	0.00099199
45.17	0.00099153
45.18	0.00099107
45.19	0.0009906
45.2	0.00099014
45.21	0.00098968
45.22	0.00098922
45.23	0.00098876
45.24	0.0009883
45.25	0.00098784
45.26	0.00098738
45.27	0.00098692
45.28	0.00098646
45.29	0.000986
45.3	0.00098554
45.31	0.00098508
45.32	0.00098462
45.33	0.00098417
45.34	0.00098371
45.35	0.00098325
45.36	0.0009828
45.37	0.00098234
45.38	0.00098188
45.39	0.00098143
45.4	0.00098097
45.41	0.00098052
45.42	0.00098006
45.43	0.00097961
45.44	0.00097915
45.45	0.0009787
45.46	0.00097825
45.47	0.00097779
45.48	0.00097734
45.49	0.00097689
45.5	0.00097643
45.51	0.00097598
45.52	0.00097553
45.53	0.00097508
45.54	0.00097463
45.55	0.00097418
45.56	0.00097373
45.57	0.00097328
45.58	0.00097283
45.59	0.00097238
45.6	0.00097193
45.61	0.00097148
45.62	0.00097103
45.63	0.00097058
45.64	0.00097013
45.65	0.00096969
45.66	0.00096924
45.67	0.00096879
45.68	0.00096835
45.69	0.0009679
45.7	0.00096745
45.71	0.00096701
45.72	0.00096656
45.73	0.00096612
45.74	0.00096567
45.75	0.00096523
45.76	0.00096478
45.77	0.00096434
45.78	0.00096389
45.79	0.00096345
45.8	0.00096301
45.81	0.00096257
45.82	0.00096212
45.83	0.00096168
45.84	0.00096124
45.85	0.0009608
45.86	0.00096036
45.87	0.00095991
45.88	0.00095947
45.89	0.00095903
45.9	0.00095859
45.91	0.00095815
45.92	0.00095771
45.93	0.00095728
45.94	0.00095684
45.95	0.0009564
45.96	0.00095596
45.97	0.00095552
45.98	0.00095508
45.99	0.00095465
46.0	0.00095421
46.01	0.00095377
46.02	0.00095334
46.03	0.0009529
46.04	0.00095246
46.05	0.00095203
46.06	0.00095159
46.07	0.00095116
46.08	0.00095072
46.09	0.00095029
46.1	0.00094986
46.11	0.00094942
46.12	0.00094899
46.13	0.00094855
46.14	0.00094812
46.15	0.00094769
46.16	0.00094726
46.17	0.00094682
46.18	0.00094639
46.19	0.00094596
46.2	0.00094553
46.21	0.0009451
46.22	0.00094467
46.23	0.00094424
46.24	0.00094381
46.25	0.00094338
46.26	0.00094295
46.27	0.00094252
46.28	0.00094209
46.29	0.00094166
46.3	0.00094123
46.31	0.00094081
46.32	0.00094038
46.33	0.00093995
46.34	0.00093952
46.35	0.0009391
46.36	0.00093867
46.37	0.00093825
46.38	0.00093782
46.39	0.00093739
46.4	0.00093697
46.41	0.00093654
46.42	0.00093612
46.43	0.00093569
46.44	0.00093527
46.45	0.00093485
46.46	0.00093442
46.47	0.000934
46.48	0.00093358
46.49	0.00093315
46.5	0.00093273
46.51	0.00093231
46.52	0.00093189
46.53	0.00093146
46.54	0.00093104
46.55	0.00093062
46.56	0.0009302
46.57	0.00092978
46.58	0.00092936
46.59	0.00092894
46.6	0.00092852
46.61	0.0009281
46.62	0.00092768
46.63	0.00092726
46.64	0.00092685
46.65	0.00092643
46.66	0.00092601
46.67	0.00092559
46.68	0.00092517
46.69	0.00092476
46.7	0.00092434
46.71	0.00092392
46.72	0.00092351
46.73	0.00092309
46.74	0.00092268
46.75	0.00092226
46.76	0.00092185
46.77	0.00092143
46.78	0.00092102
46.79	0.0009206
46.8	0.00092019
46.81	0.00091977
46.82	0.00091936
46.83	0.00091895
46.84	0.00091853
46.85	0.00091812
46.86	0.00091771
46.87	0.0009173
46.88	0.00091689
46.89	0.00091647
46.9	0.00091606
46.91	0.00091565
46.92	0.00091524
46.93	0.00091483
46.94	0.00091442
46.95	0.00091401
46.96	0.0009136
46.97	0.00091319
46.98	0.00091278
46.99	0.00091237
47.0	0.00091197
47.01	0.00091156
47.02	0.00091115
47.03	0.00091074
47.04	0.00091033
47.05	0.00090993
47.06	0.00090952
47.07	0.00090911
47.08	0.00090871
47.09	0.0009083
47.1	0.00090789
47.11	0.00090749
47.12	0.00090708
47.13	0.00090668
47.14	0.00090627
47.15	0.00090587
47.16	0.00090547
47.17	0.00090506
47.18	0.00090466
47.19	0.00090425
47.2	0.00090385
47.21	0.00090345
47.22	0.00090305
47.23	0.00090264
47.24	0.00090224
47.25	0.00090184
47.26	0.00090144
47.27	0.00090104
47.28	0.00090064
47.29	0.00090024
47.3	0.00089984
47.31	0.00089944
47.32	0.00089904
47.33	0.00089864
47.34	0.00089824
47.35	0.00089784
47.36	0.00089744
47.37	0.00089704
47.38	0.00089664
47.39	0.00089624
47.4	0.00089585
47.41	0.00089545
47.42	0.00089505
47.43	0.00089465
47.44	0.00089426
47.45	0.00089386
47.46	0.00089346
47.47	0.00089307
47.48	0.00089267
47.49	0.00089228
47.5	0.00089188
47.51	0.00089149
47.52	0.00089109
47.53	0.0008907
47.54	0.0008903
47.55	0.00088991
47.56	0.00088952
47.57	0.00088912
47.58	0.00088873
47.59	0.00088834
47.6	0.00088794
47.61	0.00088755
47.62	0.00088716
47.63	0.00088677
47.64	0.00088638
47.65	0.00088599
47.66	0.00088559
47.67	0.0008852
47.68	0.00088481
47.69	0.00088442
47.7	0.00088403
47.71	0.00088364
47.72	0.00088325
47.73	0.00088286
47.74	0.00088248
47.75	0.00088209
47.76	0.0008817
47.77	0.00088131
47.78	0.00088092
47.79	0.00088053
47.8	0.00088015
47.81	0.00087976
47.82	0.00087937
47.83	0.00087899
47.84	0.0008786
47.85	0.00087821
47.86	0.00087783
47.87	0.00087744
47.88	0.00087706
47.89	0.00087667
47.9	0.00087629
47.91	0.0008759
47.92	0.00087552
47.93	0.00087513
47.94	0.00087475
47.95	0.00087437
47.96	0.00087398
47.97	0.0008736
47.98	0.00087322
47.99	0.00087283
48.0	0.00087245
48.01	0.00087207
48.02	0.00087169
48.03	0.00087131
48.04	0.00087092
48.05	0.00087054
48.06	0.00087016
48.07	0.00086978
48.08	0.0008694
48.09	0.00086902
48.1	0.00086864
48.11	0.00086826
48.12	0.00086788
48.13	0.0008675
48.14	0.00086712
48.15	0.00086675
48.16	0.00086637
48.17	0.00086599
48.18	0.00086561
48.19	0.00086523
48.2	0.00086486
48.21	0.00086448
48.22	0.0008641
48.23	0.00086373
48.24	0.00086335
48.25	0.00086297
48.26	0.0008626
48.27	0.00086222
48.28	0.00086185
48.29	0.00086147
48.3	0.0008611
48.31	0.00086072
48.32	0.00086035
48.33	0.00085997
48.34	0.0008596
48.35	0.00085922
48.36	0.00085885
48.37	0.00085848
48.38	0.0008581
48.39	0.00085773
48.4	0.00085736
48.41	0.00085699
48.42	0.00085661
48.43	0.00085624
48.44	0.00085587
48.45	0.0008555
48.46	0.00085513
48.47	0.00085476
48.48	0.00085439
48.49	0.00085402
48.5	0.00085365
48.51	0.00085328
48.52	0.00085291
48.53	0.00085254
48.54	0.00085217
48.55	0.0008518
48.56	0.00085143
48.57	0.00085106
48.58	0.00085069
48.59	0.00085033
48.6	0.00084996
48.61	0.00084959
48.62	0.00084922
48.63	0.00084886
48.64	0.00084849
48.65	0.00084812
48.66	0.00084776
48.67	0.00084739
48.68	0.00084702
48.69	0.00084666
48.7	0.00084629
48.71	0.00084593
48.72	0.00084556
48.73	0.0008452
48.74	0.00084483
48.75	0.00084447
48.76	0.00084411
48.77	0.00084374
48.78	0.00084338
48.79	0.00084302
48.8	0.00084265
48.81	0.00084229
48.82	0.00084193
48.83	0.00084156
48.84	0.0008412
48.85	0.00084084
48.86	0.00084048
48.87	0.00084012
48.88	0.00083976
48.89	0.0008394
48.9	0.00083903
48.91	0.00083867
48.92	0.00083831
48.93	0.00083795
48.94	0.00083759
48.95	0.00083723
48.96	0.00083687
48.97	0.00083652
48.98	0.00083616
48.99	0.0008358
49.0	0.00083544
49.01	0.00083508
49.02	0.00083472
49.03	0.00083437
49.04	0.00083401
49.05	0.00083365
49.06	0.00083329
49.07	0.00083294
49.08	0.00083258
49.09	0.00083222
49.1	0.00083187
49.11	0.00083151
49.12	0.00083116
49.13	0.0008308
49.14	0.00083045
49.15	0.00083009
49.16	0.00082974
49.17	0.00082938
49.18	0.00082903
49.19	0.00082867
49.2	0.00082832
49.21	0.00082797
49.22	0.00082761
49.23	0.00082726
49.24	0.00082691
49.25	0.00082655
49.26	0.0008262
49.27	0.00082585
49.28	0.0008255
49.29	0.00082514
49.3	0.00082479
49.31	0.00082444
49.32	0.00082409
49.33	0.00082374
49.34	0.00082339
49.35	0.00082304
49.36	0.00082269
49.37	0.00082234
49.38	0.00082199
49.39	0.00082164
49.4	0.00082129
49.41	0.00082094
49.42	0.00082059
49.43	0.00082024
49.44	0.00081989
49.45	0.00081955
49.46	0.0008192
49.47	0.00081885
49.48	0.0008185
49.49	0.00081815
49.5	0.00081781
49.51	0.00081746
49.52	0.00081711
49.53	0.00081677
49.54	0.00081642
49.55	0.00081607
49.56	0.00081573
49.57	0.00081538
49.58	0.00081504
49.59	0.00081469
49.6	0.00081435
49.61	0.000814
49.62	0.00081366
49.63	0.00081331
49.64	0.00081297
49.65	0.00081263
49.66	0.00081228
49.67	0.00081194
49.68	0.00081159
49.69	0.00081125
49.7	0.00081091
49.71	0.00081057
49.72	0.00081022
49.73	0.00080988
49.74	0.00080954
49.75	0.0008092
49.76	0.00080886
49.77	0.00080852
49.78	0.00080817
49.79	0.00080783
49.8	0.00080749
49.81	0.00080715
49.82	0.00080681
49.83	0.00080647
49.84	0.00080613
49.85	0.00080579
49.86	0.00080545
49.87	0.00080511
49.88	0.00080477
49.89	0.00080444
49.9	0.0008041
49.91	0.00080376
49.92	0.00080342
49.93	0.00080308
49.94	0.00080275
49.95	0.00080241
49.96	0.00080207
49.97	0.00080173
49.98	0.0008014
49.99	0.00080106
50.0	0.00080072
