eng	y_fit
0.01	3.1874
0.02	2.3225
0.03	1.9513
0.04	1.7367
0.05	1.5947
0.06	1.493
0.07	1.4163
0.08	1.3563
0.09	1.3081
0.1	1.2686
0.11	1.2357
0.12	1.208
0.13	1.1843
0.14	1.164
0.15	1.1464
0.16	1.1312
0.17	1.118
0.18	1.1065
0.19	1.0964
0.2	1.0877
0.21	1.0802
0.22	1.0737
0.23	1.068
0.24	1.063
0.25	1.0586
0.26	1.0545
0.27	1.0509
0.28	1.0474
0.29	1.044
0.3	1.0408
0.31	1.0376
0.32	1.0345
0.33	1.0314
0.34	1.0286
0.35	1.0257
0.36	1.0229
0.37	1.0201
0.38	1.0176
0.39	1.0151
0.4	1.0126
0.41	1.0102
0.42	1.0079
0.43	1.0056
0.44	1.0033
0.45	1.001
0.46	0.99882
0.47	0.99667
0.48	0.99447
0.49	0.99221
0.5	0.98996
0.51	0.98776
0.52	0.98559
0.53	0.98339
0.54	0.98114
0.55	0.97888
0.56	0.97665
0.57	0.97446
0.58	0.97228
0.59	0.97009
0.6	0.96791
0.61	0.96574
0.62	0.9636
0.63	0.96148
0.64	0.95937
0.65	0.9573
0.66	0.95527
0.67	0.95326
0.68	0.95127
0.69	0.94928
0.7	0.94732
0.71	0.9454
0.72	0.94352
0.73	0.94167
0.74	0.93984
0.75	0.93801
0.76	0.93619
0.77	0.93439
0.78	0.93263
0.79	0.9309
0.8	0.92919
0.81	0.92749
0.82	0.92578
0.83	0.92407
0.84	0.92238
0.85	0.92071
0.86	0.91905
0.87	0.91741
0.88	0.91577
0.89	0.91412
0.9	0.91247
0.91	0.91082
0.92	0.90917
0.93	0.90753
0.94	0.90589
0.95	0.90425
0.96	0.9026
0.97	0.90093
0.98	0.89925
0.99	0.89756
1.0	0.89586
1.01	0.89416
1.02	0.89245
1.03	0.89073
1.04	0.88899
1.05	0.88722
1.06	0.88544
1.07	0.88364
1.08	0.88184
1.09	0.88002
1.1	0.8782
1.11	0.87637
1.12	0.87451
1.13	0.87264
1.14	0.87075
1.15	0.86885
1.16	0.86694
1.17	0.86502
1.18	0.86309
1.19	0.86115
1.2	0.85919
1.21	0.85721
1.22	0.85521
1.23	0.85319
1.24	0.85117
1.25	0.84913
1.26	0.84709
1.27	0.84503
1.28	0.84295
1.29	0.84085
1.3	0.83874
1.31	0.83661
1.32	0.83447
1.33	0.83232
1.34	0.83016
1.35	0.828
1.36	0.82582
1.37	0.82363
1.38	0.82142
1.39	0.8192
1.4	0.81698
1.41	0.81474
1.42	0.81251
1.43	0.81026
1.44	0.80801
1.45	0.80575
1.46	0.80347
1.47	0.80118
1.48	0.79888
1.49	0.79658
1.5	0.79426
1.51	0.79195
1.52	0.78962
1.53	0.78729
1.54	0.78494
1.55	0.78259
1.56	0.78022
1.57	0.77785
1.58	0.77547
1.59	0.77309
1.6	0.7707
1.61	0.76831
1.62	0.76592
1.63	0.76351
1.64	0.76111
1.65	0.75869
1.66	0.75627
1.67	0.75385
1.68	0.75143
1.69	0.74901
1.7	0.74659
1.71	0.74417
1.72	0.74174
1.73	0.73931
1.74	0.73688
1.75	0.73445
1.76	0.73201
1.77	0.72957
1.78	0.72714
1.79	0.72471
1.8	0.72227
1.81	0.71984
1.82	0.7174
1.83	0.71497
1.84	0.71253
1.85	0.71009
1.86	0.70766
1.87	0.70523
1.88	0.7028
1.89	0.70037
1.9	0.69795
1.91	0.69553
1.92	0.69312
1.93	0.6907
1.94	0.68829
1.95	0.68588
1.96	0.68348
1.97	0.68109
1.98	0.6787
1.99	0.67632
2.0	0.67394
2.01	0.67157
2.02	0.6692
2.03	0.66684
2.04	0.66448
2.05	0.66213
2.06	0.65979
2.07	0.65745
2.08	0.65513
2.09	0.65281
2.1	0.65049
2.11	0.64818
2.12	0.64588
2.13	0.64359
2.14	0.6413
2.15	0.63902
2.16	0.63675
2.17	0.63449
2.18	0.63224
2.19	0.62999
2.2	0.62776
2.21	0.62553
2.22	0.62331
2.23	0.6211
2.24	0.6189
2.25	0.61671
2.26	0.61453
2.27	0.61236
2.28	0.6102
2.29	0.60805
2.3	0.60591
2.31	0.60379
2.32	0.60167
2.33	0.59956
2.34	0.59746
2.35	0.59537
2.36	0.59329
2.37	0.59122
2.38	0.58917
2.39	0.58712
2.4	0.58509
2.41	0.58307
2.42	0.58106
2.43	0.57906
2.44	0.57706
2.45	0.57509
2.46	0.57312
2.47	0.57116
2.48	0.56922
2.49	0.56729
2.5	0.56537
2.51	0.56346
2.52	0.56156
2.53	0.55967
2.54	0.5578
2.55	0.55593
2.56	0.55408
2.57	0.55224
2.58	0.55042
2.59	0.5486
2.6	0.5468
2.61	0.54501
2.62	0.54323
2.63	0.54146
2.64	0.5397
2.65	0.53796
2.66	0.53623
2.67	0.53451
2.68	0.5328
2.69	0.5311
2.7	0.52942
2.71	0.52774
2.72	0.52608
2.73	0.52443
2.74	0.52279
2.75	0.52117
2.76	0.51955
2.77	0.51795
2.78	0.51636
2.79	0.51477
2.8	0.5132
2.81	0.51165
2.82	0.5101
2.83	0.50856
2.84	0.50704
2.85	0.50553
2.86	0.50403
2.87	0.50253
2.88	0.50105
2.89	0.49958
2.9	0.49813
2.91	0.49668
2.92	0.49524
2.93	0.49382
2.94	0.4924
2.95	0.491
2.96	0.4896
2.97	0.48822
2.98	0.48685
2.99	0.48548
3.0	0.48413
3.01	0.48279
3.02	0.48145
3.03	0.48013
3.04	0.47882
3.05	0.47751
3.06	0.47622
3.07	0.47494
3.08	0.47366
3.09	0.4724
3.1	0.47114
3.11	0.46989
3.12	0.46866
3.13	0.46743
3.14	0.46621
3.15	0.465
3.16	0.4638
3.17	0.46261
3.18	0.46142
3.19	0.46025
3.2	0.45908
3.21	0.45792
3.22	0.45677
3.23	0.45563
3.24	0.4545
3.25	0.45337
3.26	0.45226
3.27	0.45115
3.28	0.45005
3.29	0.44895
3.3	0.44787
3.31	0.44679
3.32	0.44572
3.33	0.44465
3.34	0.4436
3.35	0.44255
3.36	0.4415
3.37	0.44047
3.38	0.43944
3.39	0.43842
3.4	0.4374
3.41	0.4364
3.42	0.43539
3.43	0.4344
3.44	0.43341
3.45	0.43243
3.46	0.43145
3.47	0.43048
3.48	0.42952
3.49	0.42856
3.5	0.42761
3.51	0.42666
3.52	0.42572
3.53	0.42478
3.54	0.42385
3.55	0.42293
3.56	0.42201
3.57	0.42109
3.58	0.42018
3.59	0.41928
3.6	0.41838
3.61	0.41749
3.62	0.4166
3.63	0.41571
3.64	0.41484
3.65	0.41396
3.66	0.41309
3.67	0.41222
3.68	0.41136
3.69	0.4105
3.7	0.40965
3.71	0.4088
3.72	0.40796
3.73	0.40712
3.74	0.40628
3.75	0.40545
3.76	0.40462
3.77	0.40379
3.78	0.40297
3.79	0.40215
3.8	0.40133
3.81	0.40052
3.82	0.39972
3.83	0.39891
3.84	0.39811
3.85	0.39731
3.86	0.39652
3.87	0.39572
3.88	0.39494
3.89	0.39415
3.9	0.39337
3.91	0.39259
3.92	0.39181
3.93	0.39104
3.94	0.39026
3.95	0.3895
3.96	0.38873
3.97	0.38797
3.98	0.3872
3.99	0.38645
4.0	0.38569
4.01	0.38494
4.02	0.38419
4.03	0.38344
4.04	0.38269
4.05	0.38195
4.06	0.3812
4.07	0.38046
4.08	0.37973
4.09	0.37899
4.1	0.37826
4.11	0.37752
4.12	0.37679
4.13	0.37607
4.14	0.37534
4.15	0.37462
4.16	0.3739
4.17	0.37318
4.18	0.37246
4.19	0.37174
4.2	0.37103
4.21	0.37031
4.22	0.3696
4.23	0.36889
4.24	0.36818
4.25	0.36748
4.26	0.36677
4.27	0.36607
4.28	0.36537
4.29	0.36467
4.3	0.36397
4.31	0.36327
4.32	0.36258
4.33	0.36188
4.34	0.36119
4.35	0.3605
4.36	0.35981
4.37	0.35912
4.38	0.35843
4.39	0.35775
4.4	0.35706
4.41	0.35638
4.42	0.3557
4.43	0.35502
4.44	0.35434
4.45	0.35366
4.46	0.35298
4.47	0.3523
4.48	0.35163
4.49	0.35096
4.5	0.35028
4.51	0.34961
4.52	0.34894
4.53	0.34828
4.54	0.34761
4.55	0.34694
4.56	0.34628
4.57	0.34561
4.58	0.34495
4.59	0.34429
4.6	0.34363
4.61	0.34297
4.62	0.34231
4.63	0.34165
4.64	0.341
4.65	0.34034
4.66	0.33969
4.67	0.33903
4.68	0.33838
4.69	0.33773
4.7	0.33708
4.71	0.33643
4.72	0.33579
4.73	0.33514
4.74	0.33449
4.75	0.33385
4.76	0.33321
4.77	0.33256
4.78	0.33192
4.79	0.33128
4.8	0.33064
4.81	0.33001
4.82	0.32937
4.83	0.32873
4.84	0.3281
4.85	0.32746
4.86	0.32683
4.87	0.3262
4.88	0.32557
4.89	0.32494
4.9	0.32431
4.91	0.32368
4.92	0.32306
4.93	0.32243
4.94	0.32181
4.95	0.32119
4.96	0.32056
4.97	0.31994
4.98	0.31932
4.99	0.31871
5.0	0.31809
5.01	0.31747
5.02	0.31686
5.03	0.31624
5.04	0.31563
5.05	0.31502
5.06	0.31441
5.07	0.3138
5.08	0.31319
5.09	0.31258
5.1	0.31198
5.11	0.31137
5.12	0.31077
5.13	0.31016
5.14	0.30956
5.15	0.30896
5.16	0.30836
5.17	0.30776
5.18	0.30717
5.19	0.30657
5.2	0.30598
5.21	0.30538
5.22	0.30479
5.23	0.3042
5.24	0.30361
5.25	0.30302
5.26	0.30243
5.27	0.30184
5.28	0.30126
5.29	0.30067
5.3	0.30009
5.31	0.29951
5.32	0.29893
5.33	0.29835
5.34	0.29777
5.35	0.29719
5.36	0.29662
5.37	0.29604
5.38	0.29547
5.39	0.2949
5.4	0.29432
5.41	0.29375
5.42	0.29319
5.43	0.29262
5.44	0.29205
5.45	0.29149
5.46	0.29092
5.47	0.29036
5.48	0.2898
5.49	0.28924
5.5	0.28868
5.51	0.28812
5.52	0.28756
5.53	0.287
5.54	0.28645
5.55	0.2859
5.56	0.28534
5.57	0.28479
5.58	0.28424
5.59	0.28369
5.6	0.28315
5.61	0.2826
5.62	0.28206
5.63	0.28151
5.64	0.28097
5.65	0.28043
5.66	0.27989
5.67	0.27935
5.68	0.27881
5.69	0.27827
5.7	0.27774
5.71	0.2772
5.72	0.27667
5.73	0.27614
5.74	0.27561
5.75	0.27508
5.76	0.27455
5.77	0.27402
5.78	0.27349
5.79	0.27297
5.8	0.27244
5.81	0.27192
5.82	0.2714
5.83	0.27088
5.84	0.27036
5.85	0.26984
5.86	0.26932
5.87	0.26881
5.88	0.26829
5.89	0.26778
5.9	0.26727
5.91	0.26675
5.92	0.26624
5.93	0.26573
5.94	0.26523
5.95	0.26472
5.96	0.26421
5.97	0.26371
5.98	0.26321
5.99	0.2627
6.0	0.2622
6.01	0.2617
6.02	0.2612
6.03	0.2607
6.04	0.26021
6.05	0.25971
6.06	0.25922
6.07	0.25872
6.08	0.25823
6.09	0.25774
6.1	0.25725
6.11	0.25676
6.12	0.25627
6.13	0.25578
6.14	0.2553
6.15	0.25481
6.16	0.25433
6.17	0.25385
6.18	0.25336
6.19	0.25288
6.2	0.2524
6.21	0.25193
6.22	0.25145
6.23	0.25097
6.24	0.2505
6.25	0.25002
6.26	0.24955
6.27	0.24908
6.28	0.2486
6.29	0.24813
6.3	0.24767
6.31	0.2472
6.32	0.24673
6.33	0.24626
6.34	0.2458
6.35	0.24533
6.36	0.24487
6.37	0.24441
6.38	0.24395
6.39	0.24349
6.4	0.24303
6.41	0.24257
6.42	0.24211
6.43	0.24166
6.44	0.2412
6.45	0.24075
6.46	0.2403
6.47	0.23984
6.48	0.23939
6.49	0.23894
6.5	0.23849
6.51	0.23804
6.52	0.2376
6.53	0.23715
6.54	0.23671
6.55	0.23626
6.56	0.23582
6.57	0.23537
6.58	0.23493
6.59	0.23449
6.6	0.23405
6.61	0.23361
6.62	0.23318
6.63	0.23274
6.64	0.2323
6.65	0.23187
6.66	0.23143
6.67	0.231
6.68	0.23057
6.69	0.23014
6.7	0.22971
6.71	0.22928
6.72	0.22885
6.73	0.22842
6.74	0.22799
6.75	0.22757
6.76	0.22714
6.77	0.22672
6.78	0.22629
6.79	0.22587
6.8	0.22545
6.81	0.22503
6.82	0.22461
6.83	0.22419
6.84	0.22377
6.85	0.22335
6.86	0.22294
6.87	0.22252
6.88	0.22211
6.89	0.22169
6.9	0.22128
6.91	0.22087
6.92	0.22045
6.93	0.22004
6.94	0.21963
6.95	0.21922
6.96	0.21882
6.97	0.21841
6.98	0.218
6.99	0.2176
7.0	0.21719
7.01	0.21679
7.02	0.21639
7.03	0.21598
7.04	0.21558
7.05	0.21518
7.06	0.21478
7.07	0.21438
7.08	0.21398
7.09	0.21359
7.1	0.21319
7.11	0.21279
7.12	0.2124
7.13	0.212
7.14	0.21161
7.15	0.21122
7.16	0.21082
7.17	0.21043
7.18	0.21004
7.19	0.20965
7.2	0.20926
7.21	0.20888
7.22	0.20849
7.23	0.2081
7.24	0.20772
7.25	0.20733
7.26	0.20695
7.27	0.20656
7.28	0.20618
7.29	0.2058
7.3	0.20542
7.31	0.20504
7.32	0.20466
7.33	0.20428
7.34	0.2039
7.35	0.20352
7.36	0.20315
7.37	0.20277
7.38	0.2024
7.39	0.20202
7.4	0.20165
7.41	0.20128
7.42	0.2009
7.43	0.20053
7.44	0.20016
7.45	0.19979
7.46	0.19942
7.47	0.19906
7.48	0.19869
7.49	0.19832
7.5	0.19795
7.51	0.19759
7.52	0.19723
7.53	0.19686
7.54	0.1965
7.55	0.19614
7.56	0.19577
7.57	0.19541
7.58	0.19505
7.59	0.19469
7.6	0.19434
7.61	0.19398
7.62	0.19362
7.63	0.19326
7.64	0.19291
7.65	0.19255
7.66	0.1922
7.67	0.19184
7.68	0.19149
7.69	0.19114
7.7	0.19079
7.71	0.19044
7.72	0.19009
7.73	0.18974
7.74	0.18939
7.75	0.18904
7.76	0.18869
7.77	0.18835
7.78	0.188
7.79	0.18766
7.8	0.18731
7.81	0.18697
7.82	0.18663
7.83	0.18628
7.84	0.18594
7.85	0.1856
7.86	0.18526
7.87	0.18492
7.88	0.18458
7.89	0.18425
7.9	0.18391
7.91	0.18357
7.92	0.18324
7.93	0.1829
7.94	0.18257
7.95	0.18223
7.96	0.1819
7.97	0.18157
7.98	0.18123
7.99	0.1809
8.0	0.18057
8.01	0.18024
8.02	0.17991
8.03	0.17959
8.04	0.17926
8.05	0.17893
8.06	0.17861
8.07	0.17828
8.08	0.17795
8.09	0.17763
8.1	0.17731
8.11	0.17698
8.12	0.17666
8.13	0.17634
8.14	0.17602
8.15	0.1757
8.16	0.17538
8.17	0.17506
8.18	0.17474
8.19	0.17442
8.2	0.17411
8.21	0.17379
8.22	0.17347
8.23	0.17316
8.24	0.17284
8.25	0.17253
8.26	0.17222
8.27	0.1719
8.28	0.17159
8.29	0.17128
8.3	0.17097
8.31	0.17066
8.32	0.17035
8.33	0.17004
8.34	0.16973
8.35	0.16943
8.36	0.16912
8.37	0.16881
8.38	0.16851
8.39	0.1682
8.4	0.1679
8.41	0.1676
8.42	0.16729
8.43	0.16699
8.44	0.16669
8.45	0.16639
8.46	0.16609
8.47	0.16579
8.48	0.16549
8.49	0.16519
8.5	0.16489
8.51	0.1646
8.52	0.1643
8.53	0.164
8.54	0.16371
8.55	0.16341
8.56	0.16312
8.57	0.16283
8.58	0.16253
8.59	0.16224
8.6	0.16195
8.61	0.16166
8.62	0.16137
8.63	0.16108
8.64	0.16079
8.65	0.1605
8.66	0.16021
8.67	0.15992
8.68	0.15963
8.69	0.15934
8.7	0.15906
8.71	0.15877
8.72	0.15849
8.73	0.15821
8.74	0.15793
8.75	0.15765
8.76	0.15737
8.77	0.15709
8.78	0.15681
8.79	0.15654
8.8	0.15626
8.81	0.156
8.82	0.15573
8.83	0.15547
8.84	0.15522
8.85	0.15498
8.86	0.15476
8.87	0.15456
8.88	0.15438
8.89	0.15422
8.9	0.15407
8.91	0.15389
8.92	0.15366
8.93	0.15338
8.94	0.15308
8.95	0.15276
8.96	0.15246
8.97	0.15216
8.98	0.15188
8.99	0.15161
9.0	0.15135
9.01	0.15111
9.02	0.15088
9.03	0.15068
9.04	0.1505
9.05	0.15035
9.06	0.15025
9.07	0.1502
9.08	0.15024
9.09	0.15037
9.1	0.15061
9.11	0.15091
9.12	0.15111
9.13	0.15102
9.14	0.15055
9.15	0.14983
9.16	0.14906
9.17	0.14834
9.18	0.14773
9.19	0.1472
9.2	0.14674
9.21	0.14634
9.22	0.14598
9.23	0.14565
9.24	0.14536
9.25	0.14508
9.26	0.14483
9.27	0.1446
9.28	0.14439
9.29	0.14418
9.3	0.14394
9.31	0.14363
9.32	0.14321
9.33	0.14275
9.34	0.1423
9.35	0.14191
9.36	0.14158
9.37	0.14127
9.38	0.141
9.39	0.14073
9.4	0.14047
9.41	0.14022
9.42	0.13997
9.43	0.13972
9.44	0.13948
9.45	0.13923
9.46	0.13899
9.47	0.13874
9.48	0.1385
9.49	0.13826
9.5	0.13802
9.51	0.13778
9.52	0.13754
9.53	0.1373
9.54	0.13706
9.55	0.13682
9.56	0.13658
9.57	0.13634
9.58	0.13611
9.59	0.13588
9.6	0.13564
9.61	0.13541
9.62	0.13517
9.63	0.13493
9.64	0.1347
9.65	0.13447
9.66	0.13424
9.67	0.13401
9.68	0.13378
9.69	0.13354
9.7	0.13331
9.71	0.13308
9.72	0.13285
9.73	0.13263
9.74	0.1324
9.75	0.13217
9.76	0.13194
9.77	0.13171
9.78	0.13148
9.79	0.13126
9.8	0.13103
9.81	0.13081
9.82	0.13058
9.83	0.13035
9.84	0.13013
9.85	0.1299
9.86	0.12968
9.87	0.12946
9.88	0.12923
9.89	0.12901
9.9	0.12879
9.91	0.12857
9.92	0.12834
9.93	0.12812
9.94	0.1279
9.95	0.12768
9.96	0.12746
9.97	0.12724
9.98	0.12702
9.99	0.12681
10.0	0.12659
10.01	0.12637
10.02	0.12615
10.03	0.12594
10.04	0.12572
10.05	0.1255
10.06	0.12529
10.07	0.12507
10.08	0.12486
10.09	0.12464
10.1	0.12443
10.11	0.12422
10.12	0.12401
10.13	0.12379
10.14	0.12358
10.15	0.12337
10.16	0.12316
10.17	0.12295
10.18	0.12274
10.19	0.12253
10.2	0.12232
10.21	0.12211
10.22	0.1219
10.23	0.1217
10.24	0.12149
10.25	0.12128
10.26	0.12107
10.27	0.12087
10.28	0.12066
10.29	0.12046
10.3	0.12025
10.31	0.12005
10.32	0.11985
10.33	0.11964
10.34	0.11944
10.35	0.11924
10.36	0.11903
10.37	0.11883
10.38	0.11863
10.39	0.11843
10.4	0.11823
10.41	0.11803
10.42	0.11783
10.43	0.11763
10.44	0.11743
10.45	0.11724
10.46	0.11704
10.47	0.11684
10.48	0.11664
10.49	0.11645
10.5	0.11625
10.51	0.11606
10.52	0.11586
10.53	0.11567
10.54	0.11547
10.55	0.11528
10.56	0.11509
10.57	0.11489
10.58	0.1147
10.59	0.11451
10.6	0.11432
10.61	0.11413
10.62	0.11393
10.63	0.11374
10.64	0.11355
10.65	0.11336
10.66	0.11318
10.67	0.11299
10.68	0.1128
10.69	0.11261
10.7	0.11242
10.71	0.11224
10.72	0.11205
10.73	0.11186
10.74	0.11168
10.75	0.11149
10.76	0.11131
10.77	0.11112
10.78	0.11094
10.79	0.11075
10.8	0.11057
10.81	0.11039
10.82	0.1102
10.83	0.11002
10.84	0.10984
10.85	0.10966
10.86	0.10948
10.87	0.1093
10.88	0.10911
10.89	0.10893
10.9	0.10875
10.91	0.10857
10.92	0.1084
10.93	0.10822
10.94	0.10804
10.95	0.10786
10.96	0.10768
10.97	0.10751
10.98	0.10733
10.99	0.10715
11.0	0.10698
11.01	0.1068
11.02	0.10662
11.03	0.10645
11.04	0.10627
11.05	0.1061
11.06	0.10593
11.07	0.10575
11.08	0.10558
11.09	0.1054
11.1	0.10523
11.11	0.10506
11.12	0.10489
11.13	0.10472
11.14	0.10454
11.15	0.10437
11.16	0.1042
11.17	0.10403
11.18	0.10386
11.19	0.10369
11.2	0.10352
11.21	0.10335
11.22	0.10318
11.23	0.10302
11.24	0.10285
11.25	0.10268
11.26	0.10251
11.27	0.10235
11.28	0.10218
11.29	0.10201
11.3	0.10185
11.31	0.10168
11.32	0.10152
11.33	0.10135
11.34	0.10119
11.35	0.10102
11.36	0.10086
11.37	0.1007
11.38	0.10053
11.39	0.10037
11.4	0.10021
11.41	0.10004
11.42	0.099883
11.43	0.099722
11.44	0.099561
11.45	0.0994
11.46	0.099239
11.47	0.099079
11.48	0.098919
11.49	0.09876
11.5	0.098601
11.51	0.098442
11.52	0.098284
11.53	0.098125
11.54	0.097968
11.55	0.09781
11.56	0.097653
11.57	0.097496
11.58	0.09734
11.59	0.097184
11.6	0.097028
11.61	0.096873
11.62	0.096717
11.63	0.096563
11.64	0.096408
11.65	0.096254
11.66	0.0961
11.67	0.095947
11.68	0.095794
11.69	0.095641
11.7	0.095488
11.71	0.095336
11.72	0.095184
11.73	0.095033
11.74	0.094882
11.75	0.094731
11.76	0.09458
11.77	0.09443
11.78	0.09428
11.79	0.09413
11.8	0.093981
11.81	0.093832
11.82	0.093683
11.83	0.093535
11.84	0.093387
11.85	0.093239
11.86	0.093092
11.87	0.092945
11.88	0.092798
11.89	0.092652
11.9	0.092505
11.91	0.092359
11.92	0.092214
11.93	0.092069
11.94	0.091924
11.95	0.091779
11.96	0.091635
11.97	0.091491
11.98	0.091347
11.99	0.091204
12.0	0.091061
12.01	0.090918
12.02	0.090775
12.03	0.090633
12.04	0.090491
12.05	0.09035
12.06	0.090208
12.07	0.090067
12.08	0.089926
12.09	0.089786
12.1	0.089646
12.11	0.089506
12.12	0.089367
12.13	0.089227
12.14	0.089088
12.15	0.08895
12.16	0.088811
12.17	0.088673
12.18	0.088535
12.19	0.088398
12.2	0.088261
12.21	0.088124
12.22	0.087987
12.23	0.087851
12.24	0.087715
12.25	0.087579
12.26	0.087444
12.27	0.087308
12.28	0.087173
12.29	0.087039
12.3	0.086904
12.31	0.08677
12.32	0.086636
12.33	0.086503
12.34	0.08637
12.35	0.086237
12.36	0.086104
12.37	0.085971
12.38	0.085839
12.39	0.085707
12.4	0.085576
12.41	0.085444
12.42	0.085313
12.43	0.085182
12.44	0.085052
12.45	0.084922
12.46	0.084792
12.47	0.084662
12.48	0.084532
12.49	0.084403
12.5	0.084274
12.51	0.084145
12.52	0.084017
12.53	0.083889
12.54	0.083761
12.55	0.083633
12.56	0.083506
12.57	0.083379
12.58	0.083252
12.59	0.083125
12.6	0.082999
12.61	0.082872
12.62	0.082747
12.63	0.082621
12.64	0.082496
12.65	0.08237
12.66	0.082246
12.67	0.082121
12.68	0.081996
12.69	0.081872
12.7	0.081748
12.71	0.081625
12.72	0.081501
12.73	0.081378
12.74	0.081255
12.75	0.081133
12.76	0.08101
12.77	0.080888
12.78	0.080766
12.79	0.080645
12.8	0.080523
12.81	0.080402
12.82	0.080281
12.83	0.08016
12.84	0.08004
12.85	0.079919
12.86	0.079799
12.87	0.07968
12.88	0.07956
12.89	0.079441
12.9	0.079322
12.91	0.079203
12.92	0.079084
12.93	0.078966
12.94	0.078848
12.95	0.07873
12.96	0.078612
12.97	0.078495
12.98	0.078378
12.99	0.078261
13.0	0.078144
13.01	0.078027
13.02	0.077911
13.03	0.077795
13.04	0.077679
13.05	0.077563
13.06	0.077448
13.07	0.077333
13.08	0.077218
13.09	0.077103
13.1	0.076989
13.11	0.076874
13.12	0.07676
13.13	0.076647
13.14	0.076533
13.15	0.07642
13.16	0.076306
13.17	0.076194
13.18	0.076081
13.19	0.075968
13.2	0.075856
13.21	0.075744
13.22	0.075632
13.23	0.075521
13.24	0.075409
13.25	0.075298
13.26	0.075187
13.27	0.075076
13.28	0.074966
13.29	0.074855
13.3	0.074745
13.31	0.074635
13.32	0.074526
13.33	0.074416
13.34	0.074307
13.35	0.074198
13.36	0.074089
13.37	0.07398
13.38	0.073872
13.39	0.073764
13.4	0.073655
13.41	0.073548
13.42	0.07344
13.43	0.073333
13.44	0.073225
13.45	0.073118
13.46	0.073012
13.47	0.072905
13.48	0.072799
13.49	0.072692
13.5	0.072586
13.51	0.072481
13.52	0.072375
13.53	0.07227
13.54	0.072164
13.55	0.072059
13.56	0.071955
13.57	0.07185
13.58	0.071746
13.59	0.071641
13.6	0.071537
13.61	0.071434
13.62	0.07133
13.63	0.071227
13.64	0.071123
13.65	0.07102
13.66	0.070918
13.67	0.070815
13.68	0.070712
13.69	0.07061
13.7	0.070508
13.71	0.070406
13.72	0.070305
13.73	0.070203
13.74	0.070102
13.75	0.070001
13.76	0.0699
13.77	0.069799
13.78	0.069699
13.79	0.069598
13.8	0.069498
13.81	0.069398
13.82	0.069298
13.83	0.069199
13.84	0.069099
13.85	0.069
13.86	0.068901
13.87	0.068802
13.88	0.068704
13.89	0.068605
13.9	0.068507
13.91	0.068409
13.92	0.068311
13.93	0.068213
13.94	0.068116
13.95	0.068018
13.96	0.067921
13.97	0.067824
13.98	0.067727
13.99	0.067631
14.0	0.067534
14.01	0.067438
14.02	0.067342
14.03	0.067246
14.04	0.06715
14.05	0.067055
14.06	0.066959
14.07	0.066864
14.08	0.066769
14.09	0.066674
14.1	0.06658
14.11	0.066485
14.12	0.066391
14.13	0.066297
14.14	0.066203
14.15	0.066109
14.16	0.066016
14.17	0.065922
14.18	0.065829
14.19	0.065736
14.2	0.065643
14.21	0.06555
14.22	0.065458
14.23	0.065366
14.24	0.065273
14.25	0.065181
14.26	0.06509
14.27	0.064998
14.28	0.064906
14.29	0.064815
14.3	0.064724
14.31	0.064633
14.32	0.064542
14.33	0.064452
14.34	0.064361
14.35	0.064271
14.36	0.064181
14.37	0.064091
14.38	0.064001
14.39	0.063912
14.4	0.063822
14.41	0.063733
14.42	0.063644
14.43	0.063555
14.44	0.063466
14.45	0.063378
14.46	0.063289
14.47	0.063201
14.48	0.063113
14.49	0.063025
14.5	0.062938
14.51	0.06285
14.52	0.062763
14.53	0.062675
14.54	0.062588
14.55	0.062501
14.56	0.062415
14.57	0.062328
14.58	0.062242
14.59	0.062155
14.6	0.062069
14.61	0.061983
14.62	0.061898
14.63	0.061812
14.64	0.061727
14.65	0.061641
14.66	0.061556
14.67	0.061471
14.68	0.061387
14.69	0.061302
14.7	0.061217
14.71	0.061133
14.72	0.061049
14.73	0.060965
14.74	0.060881
14.75	0.060798
14.76	0.060714
14.77	0.060631
14.78	0.060547
14.79	0.060464
14.8	0.060382
14.81	0.060299
14.82	0.060216
14.83	0.060134
14.84	0.060052
14.85	0.059969
14.86	0.059887
14.87	0.059806
14.88	0.059724
14.89	0.059642
14.9	0.059561
14.91	0.05948
14.92	0.059399
14.93	0.059318
14.94	0.059237
14.95	0.059157
14.96	0.059076
14.97	0.058996
14.98	0.058916
14.99	0.058836
15.0	0.058756
15.01	0.058676
15.02	0.058597
15.03	0.058517
15.04	0.058438
15.05	0.058359
15.06	0.05828
15.07	0.058201
15.08	0.058123
15.09	0.058044
15.1	0.057966
15.11	0.057888
15.12	0.057809
15.13	0.057732
15.14	0.057654
15.15	0.057576
15.16	0.057499
15.17	0.057421
15.18	0.057344
15.19	0.057267
15.2	0.05719
15.21	0.057113
15.22	0.057037
15.23	0.05696
15.24	0.056884
15.25	0.056808
15.26	0.056732
15.27	0.056656
15.28	0.05658
15.29	0.056504
15.3	0.056429
15.31	0.056353
15.32	0.056278
15.33	0.056203
15.34	0.056128
15.35	0.056053
15.36	0.055979
15.37	0.055904
15.38	0.05583
15.39	0.055756
15.4	0.055682
15.41	0.055608
15.42	0.055534
15.43	0.05546
15.44	0.055386
15.45	0.055313
15.46	0.05524
15.47	0.055167
15.48	0.055094
15.49	0.055021
15.5	0.054948
15.51	0.054875
15.52	0.054803
15.53	0.054731
15.54	0.054658
15.55	0.054586
15.56	0.054514
15.57	0.054442
15.58	0.054371
15.59	0.054299
15.6	0.054228
15.61	0.054157
15.62	0.054085
15.63	0.054014
15.64	0.053944
15.65	0.053873
15.66	0.053802
15.67	0.053732
15.68	0.053661
15.69	0.053591
15.7	0.053521
15.71	0.053451
15.72	0.053381
15.73	0.053311
15.74	0.053242
15.75	0.053172
15.76	0.053103
15.77	0.053034
15.78	0.052965
15.79	0.052896
15.8	0.052827
15.81	0.052758
15.82	0.05269
15.83	0.052621
15.84	0.052553
15.85	0.052485
15.86	0.052416
15.87	0.052349
15.88	0.052281
15.89	0.052213
15.9	0.052145
15.91	0.052078
15.92	0.052011
15.93	0.051943
15.94	0.051876
15.95	0.051809
15.96	0.051742
15.97	0.051676
15.98	0.051609
15.99	0.051543
16.0	0.051476
16.01	0.05141
16.02	0.051344
16.03	0.051278
16.04	0.051212
16.05	0.051146
16.06	0.051081
16.07	0.051015
16.08	0.05095
16.09	0.050884
16.1	0.050819
16.11	0.050754
16.12	0.050689
16.13	0.050624
16.14	0.05056
16.15	0.050495
16.16	0.05043
16.17	0.050366
16.18	0.050302
16.19	0.050238
16.2	0.050174
16.21	0.05011
16.22	0.050046
16.23	0.049982
16.24	0.049919
16.25	0.049855
16.26	0.049792
16.27	0.049729
16.28	0.049666
16.29	0.049603
16.3	0.04954
16.31	0.049477
16.32	0.049414
16.33	0.049352
16.34	0.049289
16.35	0.049227
16.36	0.049165
16.37	0.049103
16.38	0.049041
16.39	0.048979
16.4	0.048917
16.41	0.048855
16.42	0.048794
16.43	0.048732
16.44	0.048671
16.45	0.04861
16.46	0.048549
16.47	0.048488
16.48	0.048427
16.49	0.048366
16.5	0.048305
16.51	0.048245
16.52	0.048184
16.53	0.048124
16.54	0.048064
16.55	0.048003
16.56	0.047943
16.57	0.047883
16.58	0.047824
16.59	0.047764
16.6	0.047704
16.61	0.047645
16.62	0.047585
16.63	0.047526
16.64	0.047467
16.65	0.047408
16.66	0.047349
16.67	0.04729
16.68	0.047231
16.69	0.047172
16.7	0.047114
16.71	0.047055
16.72	0.046997
16.73	0.046939
16.74	0.04688
16.75	0.046822
16.76	0.046764
16.77	0.046707
16.78	0.046649
16.79	0.046591
16.8	0.046533
16.81	0.046476
16.82	0.046419
16.83	0.046361
16.84	0.046304
16.85	0.046247
16.86	0.04619
16.87	0.046133
16.88	0.046077
16.89	0.04602
16.9	0.045963
16.91	0.045907
16.92	0.04585
16.93	0.045794
16.94	0.045738
16.95	0.045682
16.96	0.045626
16.97	0.04557
16.98	0.045514
16.99	0.045458
17.0	0.045403
17.01	0.045347
17.02	0.045292
17.03	0.045237
17.04	0.045181
17.05	0.045126
17.06	0.045071
17.07	0.045016
17.08	0.044961
17.09	0.044907
17.1	0.044852
17.11	0.044797
17.12	0.044743
17.13	0.044689
17.14	0.044634
17.15	0.04458
17.16	0.044526
17.17	0.044472
17.18	0.044418
17.19	0.044364
17.2	0.044311
17.21	0.044257
17.22	0.044203
17.23	0.04415
17.24	0.044097
17.25	0.044043
17.26	0.04399
17.27	0.043937
17.28	0.043884
17.29	0.043831
17.3	0.043778
17.31	0.043726
17.32	0.043673
17.33	0.04362
17.34	0.043568
17.35	0.043516
17.36	0.043463
17.37	0.043411
17.38	0.043359
17.39	0.043307
17.4	0.043255
17.41	0.043203
17.42	0.043152
17.43	0.0431
17.44	0.043048
17.45	0.042997
17.46	0.042946
17.47	0.042894
17.48	0.042843
17.49	0.042792
17.5	0.042741
17.51	0.04269
17.52	0.042639
17.53	0.042588
17.54	0.042537
17.55	0.042487
17.56	0.042436
17.57	0.042386
17.58	0.042336
17.59	0.042285
17.6	0.042235
17.61	0.042185
17.62	0.042135
17.63	0.042085
17.64	0.042035
17.65	0.041985
17.66	0.041936
17.67	0.041886
17.68	0.041837
17.69	0.041787
17.7	0.041738
17.71	0.041688
17.72	0.041639
17.73	0.04159
17.74	0.041541
17.75	0.041492
17.76	0.041443
17.77	0.041395
17.78	0.041346
17.79	0.041297
17.8	0.041249
17.81	0.0412
17.82	0.041152
17.83	0.041104
17.84	0.041055
17.85	0.041007
17.86	0.040959
17.87	0.040911
17.88	0.040863
17.89	0.040815
17.9	0.040768
17.91	0.04072
17.92	0.040672
17.93	0.040625
17.94	0.040578
17.95	0.04053
17.96	0.040483
17.97	0.040436
17.98	0.040389
17.99	0.040342
18.0	0.040295
18.01	0.040248
18.02	0.040201
18.03	0.040154
18.04	0.040108
18.05	0.040061
18.06	0.040015
18.07	0.039968
18.08	0.039922
18.09	0.039876
18.1	0.039829
18.11	0.039783
18.12	0.039737
18.13	0.039691
18.14	0.039645
18.15	0.0396
18.16	0.039554
18.17	0.039508
18.18	0.039463
18.19	0.039417
18.2	0.039372
18.21	0.039326
18.22	0.039281
18.23	0.039236
18.24	0.039191
18.25	0.039146
18.26	0.039101
18.27	0.039056
18.28	0.039011
18.29	0.038966
18.3	0.038922
18.31	0.038877
18.32	0.038832
18.33	0.038788
18.34	0.038744
18.35	0.038699
18.36	0.038655
18.37	0.038611
18.38	0.038567
18.39	0.038523
18.4	0.038479
18.41	0.038435
18.42	0.038391
18.43	0.038347
18.44	0.038304
18.45	0.03826
18.46	0.038216
18.47	0.038173
18.48	0.03813
18.49	0.038086
18.5	0.038043
18.51	0.038
18.52	0.037957
18.53	0.037914
18.54	0.037871
18.55	0.037828
18.56	0.037785
18.57	0.037742
18.58	0.037699
18.59	0.037657
18.6	0.037614
18.61	0.037572
18.62	0.037529
18.63	0.037487
18.64	0.037445
18.65	0.037402
18.66	0.03736
18.67	0.037318
18.68	0.037276
18.69	0.037234
18.7	0.037192
18.71	0.03715
18.72	0.037109
18.73	0.037067
18.74	0.037025
18.75	0.036984
18.76	0.036942
18.77	0.036901
18.78	0.03686
18.79	0.036818
18.8	0.036777
18.81	0.036736
18.82	0.036695
18.83	0.036654
18.84	0.036613
18.85	0.036572
18.86	0.036531
18.87	0.03649
18.88	0.03645
18.89	0.036409
18.9	0.036369
18.91	0.036328
18.92	0.036288
18.93	0.036247
18.94	0.036207
18.95	0.036167
18.96	0.036127
18.97	0.036086
18.98	0.036046
18.99	0.036006
19.0	0.035966
19.01	0.035927
19.02	0.035887
19.03	0.035847
19.04	0.035807
19.05	0.035768
19.06	0.035728
19.07	0.035689
19.08	0.035649
19.09	0.03561
19.1	0.035571
19.11	0.035531
19.12	0.035492
19.13	0.035453
19.14	0.035414
19.15	0.035375
19.16	0.035336
19.17	0.035297
19.18	0.035259
19.19	0.03522
19.2	0.035181
19.21	0.035143
19.22	0.035104
19.23	0.035065
19.24	0.035027
19.25	0.034989
19.26	0.03495
19.27	0.034912
19.28	0.034874
19.29	0.034836
19.3	0.034798
19.31	0.03476
19.32	0.034722
19.33	0.034684
19.34	0.034646
19.35	0.034608
19.36	0.03457
19.37	0.034533
19.38	0.034495
19.39	0.034458
19.4	0.03442
19.41	0.034383
19.42	0.034345
19.43	0.034308
19.44	0.034271
19.45	0.034234
19.46	0.034196
19.47	0.034159
19.48	0.034122
19.49	0.034085
19.5	0.034048
19.51	0.034012
19.52	0.033975
19.53	0.033938
19.54	0.033901
19.55	0.033865
19.56	0.033828
19.57	0.033792
19.58	0.033755
19.59	0.033719
19.6	0.033683
19.61	0.033646
19.62	0.03361
19.63	0.033574
19.64	0.033538
19.65	0.033502
19.66	0.033466
19.67	0.03343
19.68	0.033394
19.69	0.033358
19.7	0.033322
19.71	0.033286
19.72	0.033251
19.73	0.033215
19.74	0.03318
19.75	0.033144
19.76	0.033109
19.77	0.033073
19.78	0.033038
19.79	0.033003
19.8	0.032967
19.81	0.032932
19.82	0.032897
19.83	0.032862
19.84	0.032827
19.85	0.032792
19.86	0.032757
19.87	0.032722
19.88	0.032687
19.89	0.032653
19.9	0.032618
19.91	0.032583
19.92	0.032549
19.93	0.032514
19.94	0.03248
19.95	0.032445
19.96	0.032411
19.97	0.032377
19.98	0.032342
19.99	0.032308
20.0	0.032274
20.01	0.03224
20.02	0.032206
20.03	0.032172
20.04	0.032138
20.05	0.032104
20.06	0.03207
20.07	0.032036
20.08	0.032002
20.09	0.031969
20.1	0.031935
20.11	0.031901
20.12	0.031868
20.13	0.031834
20.14	0.031801
20.15	0.031767
20.16	0.031734
20.17	0.031701
20.18	0.031667
20.19	0.031634
20.2	0.031601
20.21	0.031568
20.22	0.031535
20.23	0.031502
20.24	0.031469
20.25	0.031436
20.26	0.031403
20.27	0.03137
20.28	0.031338
20.29	0.031305
20.3	0.031272
20.31	0.03124
20.32	0.031207
20.33	0.031175
20.34	0.031142
20.35	0.03111
20.36	0.031077
20.37	0.031045
20.38	0.031013
20.39	0.030981
20.4	0.030948
20.41	0.030916
20.42	0.030884
20.43	0.030852
20.44	0.03082
20.45	0.030788
20.46	0.030756
20.47	0.030725
20.48	0.030693
20.49	0.030661
20.5	0.030629
20.51	0.030598
20.52	0.030566
20.53	0.030534
20.54	0.030503
20.55	0.030472
20.56	0.03044
20.57	0.030409
20.58	0.030377
20.59	0.030346
20.6	0.030315
20.61	0.030284
20.62	0.030253
20.63	0.030221
20.64	0.03019
20.65	0.030159
20.66	0.030129
20.67	0.030098
20.68	0.030067
20.69	0.030036
20.7	0.030005
20.71	0.029974
20.72	0.029944
20.73	0.029913
20.74	0.029883
20.75	0.029852
20.76	0.029821
20.77	0.029791
20.78	0.029761
20.79	0.02973
20.8	0.0297
20.81	0.02967
20.82	0.029639
20.83	0.029609
20.84	0.029579
20.85	0.029549
20.86	0.029519
20.87	0.029489
20.88	0.029459
20.89	0.029429
20.9	0.029399
20.91	0.029369
20.92	0.02934
20.93	0.02931
20.94	0.02928
20.95	0.02925
20.96	0.029221
20.97	0.029191
20.98	0.029162
20.99	0.029132
21.0	0.029103
21.01	0.029073
21.02	0.029044
21.03	0.029015
21.04	0.028986
21.05	0.028956
21.06	0.028927
21.07	0.028898
21.08	0.028869
21.09	0.02884
21.1	0.028811
21.11	0.028782
21.12	0.028753
21.13	0.028724
21.14	0.028695
21.15	0.028666
21.16	0.028638
21.17	0.028609
21.18	0.02858
21.19	0.028552
21.2	0.028523
21.21	0.028494
21.22	0.028466
21.23	0.028437
21.24	0.028409
21.25	0.028381
21.26	0.028352
21.27	0.028324
21.28	0.028296
21.29	0.028267
21.3	0.028239
21.31	0.028211
21.32	0.028183
21.33	0.028155
21.34	0.028127
21.35	0.028099
21.36	0.028071
21.37	0.028043
21.38	0.028015
21.39	0.027987
21.4	0.02796
21.41	0.027932
21.42	0.027904
21.43	0.027876
21.44	0.027849
21.45	0.027821
21.46	0.027794
21.47	0.027766
21.48	0.027739
21.49	0.027711
21.5	0.027684
21.51	0.027657
21.52	0.027629
21.53	0.027602
21.54	0.027575
21.55	0.027548
21.56	0.02752
21.57	0.027493
21.58	0.027466
21.59	0.027439
21.6	0.027412
21.61	0.027385
21.62	0.027358
21.63	0.027331
21.64	0.027305
21.65	0.027278
21.66	0.027251
21.67	0.027224
21.68	0.027198
21.69	0.027171
21.7	0.027144
21.71	0.027118
21.72	0.027091
21.73	0.027065
21.74	0.027038
21.75	0.027012
21.76	0.026985
21.77	0.026959
21.78	0.026933
21.79	0.026906
21.8	0.02688
21.81	0.026854
21.82	0.026828
21.83	0.026802
21.84	0.026776
21.85	0.02675
21.86	0.026724
21.87	0.026698
21.88	0.026672
21.89	0.026646
21.9	0.02662
21.91	0.026594
21.92	0.026568
21.93	0.026542
21.94	0.026517
21.95	0.026491
21.96	0.026465
21.97	0.02644
21.98	0.026414
21.99	0.026389
22.0	0.026363
22.01	0.026338
22.02	0.026312
22.03	0.026287
22.04	0.026261
22.05	0.026236
22.06	0.026211
22.07	0.026185
22.08	0.02616
22.09	0.026135
22.1	0.02611
22.11	0.026085
22.12	0.02606
22.13	0.026035
22.14	0.02601
22.15	0.025985
22.16	0.02596
22.17	0.025935
22.18	0.02591
22.19	0.025885
22.2	0.02586
22.21	0.025835
22.22	0.025811
22.23	0.025786
22.24	0.025761
22.25	0.025737
22.26	0.025712
22.27	0.025687
22.28	0.025663
22.29	0.025638
22.3	0.025614
22.31	0.02559
22.32	0.025565
22.33	0.025541
22.34	0.025516
22.35	0.025492
22.36	0.025468
22.37	0.025444
22.38	0.025419
22.39	0.025395
22.4	0.025371
22.41	0.025347
22.42	0.025323
22.43	0.025299
22.44	0.025275
22.45	0.025251
22.46	0.025227
22.47	0.025203
22.48	0.025179
22.49	0.025155
22.5	0.025132
22.51	0.025108
22.52	0.025084
22.53	0.02506
22.54	0.025037
22.55	0.025013
22.56	0.02499
22.57	0.024966
22.58	0.024942
22.59	0.024919
22.6	0.024895
22.61	0.024872
22.62	0.024849
22.63	0.024825
22.64	0.024802
22.65	0.024779
22.66	0.024755
22.67	0.024732
22.68	0.024709
22.69	0.024686
22.7	0.024662
22.71	0.024639
22.72	0.024616
22.73	0.024593
22.74	0.02457
22.75	0.024547
22.76	0.024524
22.77	0.024501
22.78	0.024478
22.79	0.024455
22.8	0.024433
22.81	0.02441
22.82	0.024387
22.83	0.024364
22.84	0.024341
22.85	0.024319
22.86	0.024296
22.87	0.024273
22.88	0.024251
22.89	0.024228
22.9	0.024206
22.91	0.024183
22.92	0.024161
22.93	0.024138
22.94	0.024116
22.95	0.024094
22.96	0.024071
22.97	0.024049
22.98	0.024027
22.99	0.024004
23.0	0.023982
23.01	0.02396
23.02	0.023938
23.03	0.023916
23.04	0.023893
23.05	0.023871
23.06	0.023849
23.07	0.023827
23.08	0.023805
23.09	0.023783
23.1	0.023761
23.11	0.023739
23.12	0.023718
23.13	0.023696
23.14	0.023674
23.15	0.023652
23.16	0.02363
23.17	0.023609
23.18	0.023587
23.19	0.023565
23.2	0.023544
23.21	0.023522
23.22	0.0235
23.23	0.023479
23.24	0.023457
23.25	0.023436
23.26	0.023414
23.27	0.023393
23.28	0.023371
23.29	0.02335
23.3	0.023329
23.31	0.023307
23.32	0.023286
23.33	0.023265
23.34	0.023244
23.35	0.023222
23.36	0.023201
23.37	0.02318
23.38	0.023159
23.39	0.023138
23.4	0.023117
23.41	0.023096
23.42	0.023075
23.43	0.023054
23.44	0.023033
23.45	0.023012
23.46	0.022991
23.47	0.02297
23.48	0.022949
23.49	0.022928
23.5	0.022907
23.51	0.022887
23.52	0.022866
23.53	0.022845
23.54	0.022825
23.55	0.022804
23.56	0.022783
23.57	0.022763
23.58	0.022742
23.59	0.022722
23.6	0.022701
23.61	0.022681
23.62	0.02266
23.63	0.02264
23.64	0.022619
23.65	0.022599
23.66	0.022578
23.67	0.022558
23.68	0.022538
23.69	0.022517
23.7	0.022497
23.71	0.022477
23.72	0.022457
23.73	0.022437
23.74	0.022416
23.75	0.022396
23.76	0.022376
23.77	0.022356
23.78	0.022336
23.79	0.022316
23.8	0.022296
23.81	0.022276
23.82	0.022256
23.83	0.022236
23.84	0.022216
23.85	0.022197
23.86	0.022177
23.87	0.022157
23.88	0.022137
23.89	0.022117
23.9	0.022098
23.91	0.022078
23.92	0.022058
23.93	0.022039
23.94	0.022019
23.95	0.021999
23.96	0.02198
23.97	0.02196
23.98	0.021941
23.99	0.021921
24.0	0.021902
24.01	0.021882
24.02	0.021863
24.03	0.021843
24.04	0.021824
24.05	0.021805
24.06	0.021785
24.07	0.021766
24.08	0.021747
24.09	0.021727
24.1	0.021708
24.11	0.021689
24.12	0.02167
24.13	0.021651
24.14	0.021632
24.15	0.021612
24.16	0.021593
24.17	0.021574
24.18	0.021555
24.19	0.021536
24.2	0.021517
24.21	0.021498
24.22	0.021479
24.23	0.021461
24.24	0.021442
24.25	0.021423
24.26	0.021404
24.27	0.021385
24.28	0.021366
24.29	0.021348
24.3	0.021329
24.31	0.02131
24.32	0.021291
24.33	0.021273
24.34	0.021254
24.35	0.021235
24.36	0.021217
24.37	0.021198
24.38	0.02118
24.39	0.021161
24.4	0.021143
24.41	0.021124
24.42	0.021106
24.43	0.021087
24.44	0.021069
24.45	0.021051
24.46	0.021032
24.47	0.021014
24.48	0.020996
24.49	0.020977
24.5	0.020959
24.51	0.020941
24.52	0.020923
24.53	0.020904
24.54	0.020886
24.55	0.020868
24.56	0.02085
24.57	0.020832
24.58	0.020814
24.59	0.020796
24.6	0.020778
24.61	0.02076
24.62	0.020742
24.63	0.020724
24.64	0.020706
24.65	0.020688
24.66	0.02067
24.67	0.020652
24.68	0.020634
24.69	0.020616
24.7	0.020599
24.71	0.020581
24.72	0.020563
24.73	0.020545
24.74	0.020527
24.75	0.02051
24.76	0.020492
24.77	0.020474
24.78	0.020457
24.79	0.020439
24.8	0.020422
24.81	0.020404
24.82	0.020387
24.83	0.020369
24.84	0.020352
24.85	0.020334
24.86	0.020317
24.87	0.020299
24.88	0.020282
24.89	0.020264
24.9	0.020247
24.91	0.02023
24.92	0.020212
24.93	0.020195
24.94	0.020178
24.95	0.02016
24.96	0.020143
24.97	0.020126
24.98	0.020109
24.99	0.020092
25.0	0.020075
25.01	0.020057
25.02	0.02004
25.03	0.020023
25.04	0.020006
25.05	0.019989
25.06	0.019972
25.07	0.019955
25.08	0.019938
25.09	0.019921
25.1	0.019904
25.11	0.019887
25.12	0.01987
25.13	0.019853
25.14	0.019837
25.15	0.01982
25.16	0.019803
25.17	0.019786
25.18	0.019769
25.19	0.019753
25.2	0.019736
25.21	0.019719
25.22	0.019703
25.23	0.019686
25.24	0.019669
25.25	0.019653
25.26	0.019636
25.27	0.019619
25.28	0.019603
25.29	0.019586
25.3	0.01957
25.31	0.019553
25.32	0.019537
25.33	0.01952
25.34	0.019504
25.35	0.019487
25.36	0.019471
25.37	0.019455
25.38	0.019438
25.39	0.019422
25.4	0.019406
25.41	0.019389
25.42	0.019373
25.43	0.019357
25.44	0.019341
25.45	0.019324
25.46	0.019308
25.47	0.019292
25.48	0.019276
25.49	0.01926
25.5	0.019244
25.51	0.019227
25.52	0.019211
25.53	0.019195
25.54	0.019179
25.55	0.019163
25.56	0.019147
25.57	0.019131
25.58	0.019115
25.59	0.019099
25.6	0.019083
25.61	0.019068
25.62	0.019052
25.63	0.019036
25.64	0.01902
25.65	0.019004
25.66	0.018988
25.67	0.018973
25.68	0.018957
25.69	0.018941
25.7	0.018925
25.71	0.01891
25.72	0.018894
25.73	0.018878
25.74	0.018863
25.75	0.018847
25.76	0.018831
25.77	0.018816
25.78	0.0188
25.79	0.018785
25.8	0.018769
25.81	0.018753
25.82	0.018738
25.83	0.018723
25.84	0.018707
25.85	0.018692
25.86	0.018676
25.87	0.018661
25.88	0.018645
25.89	0.01863
25.9	0.018615
25.91	0.018599
25.92	0.018584
25.93	0.018569
25.94	0.018553
25.95	0.018538
25.96	0.018523
25.97	0.018508
25.98	0.018492
25.99	0.018477
26.0	0.018462
26.01	0.018447
26.02	0.018432
26.03	0.018417
26.04	0.018402
26.05	0.018387
26.06	0.018371
26.07	0.018356
26.08	0.018341
26.09	0.018326
26.1	0.018311
26.11	0.018296
26.12	0.018281
26.13	0.018267
26.14	0.018252
26.15	0.018237
26.16	0.018222
26.17	0.018207
26.18	0.018192
26.19	0.018177
26.2	0.018162
26.21	0.018148
26.22	0.018133
26.23	0.018118
26.24	0.018103
26.25	0.018089
26.26	0.018074
26.27	0.018059
26.28	0.018045
26.29	0.01803
26.3	0.018015
26.31	0.018001
26.32	0.017986
26.33	0.017972
26.34	0.017957
26.35	0.017942
26.36	0.017928
26.37	0.017913
26.38	0.017899
26.39	0.017884
26.4	0.01787
26.41	0.017856
26.42	0.017841
26.43	0.017827
26.44	0.017812
26.45	0.017798
26.46	0.017784
26.47	0.017769
26.48	0.017755
26.49	0.017741
26.5	0.017726
26.51	0.017712
26.52	0.017698
26.53	0.017684
26.54	0.017669
26.55	0.017655
26.56	0.017641
26.57	0.017627
26.58	0.017613
26.59	0.017598
26.6	0.017584
26.61	0.01757
26.62	0.017556
26.63	0.017542
26.64	0.017528
26.65	0.017514
26.66	0.0175
26.67	0.017486
26.68	0.017472
26.69	0.017458
26.7	0.017444
26.71	0.01743
26.72	0.017416
26.73	0.017402
26.74	0.017388
26.75	0.017374
26.76	0.017361
26.77	0.017347
26.78	0.017333
26.79	0.017319
26.8	0.017305
26.81	0.017292
26.82	0.017278
26.83	0.017264
26.84	0.01725
26.85	0.017237
26.86	0.017223
26.87	0.017209
26.88	0.017196
26.89	0.017182
26.9	0.017168
26.91	0.017155
26.92	0.017141
26.93	0.017127
26.94	0.017114
26.95	0.0171
26.96	0.017087
26.97	0.017073
26.98	0.01706
26.99	0.017046
27.0	0.017033
27.01	0.017019
27.02	0.017006
27.03	0.016992
27.04	0.016979
27.05	0.016966
27.06	0.016952
27.07	0.016939
27.08	0.016925
27.09	0.016912
27.1	0.016899
27.11	0.016886
27.12	0.016872
27.13	0.016859
27.14	0.016846
27.15	0.016832
27.16	0.016819
27.17	0.016806
27.18	0.016793
27.19	0.01678
27.2	0.016766
27.21	0.016753
27.22	0.01674
27.23	0.016727
27.24	0.016714
27.25	0.016701
27.26	0.016688
27.27	0.016675
27.28	0.016662
27.29	0.016649
27.3	0.016636
27.31	0.016623
27.32	0.01661
27.33	0.016597
27.34	0.016584
27.35	0.016571
27.36	0.016558
27.37	0.016545
27.38	0.016532
27.39	0.016519
27.4	0.016506
27.41	0.016493
27.42	0.016481
27.43	0.016468
27.44	0.016455
27.45	0.016442
27.46	0.016429
27.47	0.016417
27.48	0.016404
27.49	0.016391
27.5	0.016378
27.51	0.016366
27.52	0.016353
27.53	0.01634
27.54	0.016328
27.55	0.016315
27.56	0.016302
27.57	0.01629
27.58	0.016277
27.59	0.016264
27.6	0.016252
27.61	0.016239
27.62	0.016227
27.63	0.016214
27.64	0.016202
27.65	0.016189
27.66	0.016177
27.67	0.016164
27.68	0.016152
27.69	0.016139
27.7	0.016127
27.71	0.016114
27.72	0.016102
27.73	0.01609
27.74	0.016077
27.75	0.016065
27.76	0.016053
27.77	0.01604
27.78	0.016028
27.79	0.016016
27.8	0.016003
27.81	0.015991
27.82	0.015979
27.83	0.015967
27.84	0.015954
27.85	0.015942
27.86	0.01593
27.87	0.015918
27.88	0.015905
27.89	0.015893
27.9	0.015881
27.91	0.015869
27.92	0.015857
27.93	0.015845
27.94	0.015833
27.95	0.015821
27.96	0.015808
27.97	0.015796
27.98	0.015784
27.99	0.015772
28.0	0.01576
28.01	0.015748
28.02	0.015736
28.03	0.015724
28.04	0.015712
28.05	0.0157
28.06	0.015688
28.07	0.015676
28.08	0.015665
28.09	0.015653
28.1	0.015641
28.11	0.015629
28.12	0.015617
28.13	0.015605
28.14	0.015593
28.15	0.015582
28.16	0.01557
28.17	0.015558
28.18	0.015546
28.19	0.015534
28.2	0.015523
28.21	0.015511
28.22	0.015499
28.23	0.015487
28.24	0.015476
28.25	0.015464
28.26	0.015452
28.27	0.015441
28.28	0.015429
28.29	0.015417
28.3	0.015406
28.31	0.015394
28.32	0.015383
28.33	0.015371
28.34	0.015359
28.35	0.015348
28.36	0.015336
28.37	0.015325
28.38	0.015313
28.39	0.015302
28.4	0.01529
28.41	0.015279
28.42	0.015267
28.43	0.015256
28.44	0.015244
28.45	0.015233
28.46	0.015221
28.47	0.01521
28.48	0.015199
28.49	0.015187
28.5	0.015176
28.51	0.015165
28.52	0.015153
28.53	0.015142
28.54	0.015131
28.55	0.015119
28.56	0.015108
28.57	0.015097
28.58	0.015085
28.59	0.015074
28.6	0.015063
28.61	0.015052
28.62	0.01504
28.63	0.015029
28.64	0.015018
28.65	0.015007
28.66	0.014996
28.67	0.014985
28.68	0.014973
28.69	0.014962
28.7	0.014951
28.71	0.01494
28.72	0.014929
28.73	0.014918
28.74	0.014907
28.75	0.014896
28.76	0.014885
28.77	0.014874
28.78	0.014863
28.79	0.014852
28.8	0.014841
28.81	0.01483
28.82	0.014819
28.83	0.014808
28.84	0.014797
28.85	0.014786
28.86	0.014775
28.87	0.014764
28.88	0.014753
28.89	0.014742
28.9	0.014731
28.91	0.01472
28.92	0.014709
28.93	0.014699
28.94	0.014688
28.95	0.014677
28.96	0.014666
28.97	0.014655
28.98	0.014645
28.99	0.014634
29.0	0.014623
29.01	0.014612
29.02	0.014601
29.03	0.014591
29.04	0.01458
29.05	0.014569
29.06	0.014559
29.07	0.014548
29.08	0.014537
29.09	0.014527
29.1	0.014516
29.11	0.014505
29.12	0.014495
29.13	0.014484
29.14	0.014473
29.15	0.014463
29.16	0.014452
29.17	0.014442
29.18	0.014431
29.19	0.014421
29.2	0.01441
29.21	0.0144
29.22	0.014389
29.23	0.014379
29.24	0.014368
29.25	0.014358
29.26	0.014347
29.27	0.014337
29.28	0.014326
29.29	0.014316
29.3	0.014305
29.31	0.014295
29.32	0.014285
29.33	0.014274
29.34	0.014264
29.35	0.014253
29.36	0.014243
29.37	0.014233
29.38	0.014222
29.39	0.014212
29.4	0.014202
29.41	0.014191
29.42	0.014181
29.43	0.014171
29.44	0.014161
29.45	0.01415
29.46	0.01414
29.47	0.01413
29.48	0.01412
29.49	0.014109
29.5	0.014099
29.51	0.014089
29.52	0.014079
29.53	0.014069
29.54	0.014058
29.55	0.014048
29.56	0.014038
29.57	0.014028
29.58	0.014018
29.59	0.014008
29.6	0.013998
29.61	0.013988
29.62	0.013978
29.63	0.013968
29.64	0.013957
29.65	0.013947
29.66	0.013937
29.67	0.013927
29.68	0.013917
29.69	0.013907
29.7	0.013897
29.71	0.013887
29.72	0.013877
29.73	0.013867
29.74	0.013858
29.75	0.013848
29.76	0.013838
29.77	0.013828
29.78	0.013818
29.79	0.013808
29.8	0.013798
29.81	0.013788
29.82	0.013778
29.83	0.013769
29.84	0.013759
29.85	0.013749
29.86	0.013739
29.87	0.013729
29.88	0.013719
29.89	0.01371
29.9	0.0137
29.91	0.01369
29.92	0.01368
29.93	0.013671
29.94	0.013661
29.95	0.013651
29.96	0.013641
29.97	0.013632
29.98	0.013622
29.99	0.013612
30.0	0.013603
30.01	0.013593
30.02	0.013583
30.03	0.013574
30.04	0.013564
30.05	0.013554
30.06	0.013545
30.07	0.013535
30.08	0.013526
30.09	0.013516
30.1	0.013506
30.11	0.013497
30.12	0.013487
30.13	0.013478
30.14	0.013468
30.15	0.013459
30.16	0.013449
30.17	0.01344
30.18	0.01343
30.19	0.013421
30.2	0.013411
30.21	0.013402
30.22	0.013392
30.23	0.013383
30.24	0.013373
30.25	0.013364
30.26	0.013355
30.27	0.013345
30.28	0.013336
30.29	0.013326
30.3	0.013317
30.31	0.013308
30.32	0.013298
30.33	0.013289
30.34	0.01328
30.35	0.01327
30.36	0.013261
30.37	0.013252
30.38	0.013242
30.39	0.013233
30.4	0.013224
30.41	0.013214
30.42	0.013205
30.43	0.013196
30.44	0.013187
30.45	0.013177
30.46	0.013168
30.47	0.013159
30.48	0.01315
30.49	0.013141
30.5	0.013131
30.51	0.013122
30.52	0.013113
30.53	0.013104
30.54	0.013095
30.55	0.013086
30.56	0.013077
30.57	0.013067
30.58	0.013058
30.59	0.013049
30.6	0.01304
30.61	0.013031
30.62	0.013022
30.63	0.013013
30.64	0.013004
30.65	0.012995
30.66	0.012986
30.67	0.012977
30.68	0.012968
30.69	0.012959
30.7	0.01295
30.71	0.012941
30.72	0.012932
30.73	0.012923
30.74	0.012914
30.75	0.012905
30.76	0.012896
30.77	0.012887
30.78	0.012878
30.79	0.012869
30.8	0.01286
30.81	0.012851
30.82	0.012842
30.83	0.012834
30.84	0.012825
30.85	0.012816
30.86	0.012807
30.87	0.012798
30.88	0.012789
30.89	0.01278
30.9	0.012772
30.91	0.012763
30.92	0.012754
30.93	0.012745
30.94	0.012736
30.95	0.012728
30.96	0.012719
30.97	0.01271
30.98	0.012701
30.99	0.012693
31.0	0.012684
31.01	0.012675
31.02	0.012667
31.03	0.012658
31.04	0.012649
31.05	0.01264
31.06	0.012632
31.07	0.012623
31.08	0.012614
31.09	0.012606
31.1	0.012597
31.11	0.012589
31.12	0.01258
31.13	0.012571
31.14	0.012563
31.15	0.012554
31.16	0.012546
31.17	0.012537
31.18	0.012528
31.19	0.01252
31.2	0.012511
31.21	0.012503
31.22	0.012494
31.23	0.012486
31.24	0.012477
31.25	0.012469
31.26	0.01246
31.27	0.012452
31.28	0.012443
31.29	0.012435
31.3	0.012426
31.31	0.012418
31.32	0.012409
31.33	0.012401
31.34	0.012392
31.35	0.012384
31.36	0.012376
31.37	0.012367
31.38	0.012359
31.39	0.01235
31.4	0.012342
31.41	0.012334
31.42	0.012325
31.43	0.012317
31.44	0.012309
31.45	0.0123
31.46	0.012292
31.47	0.012284
31.48	0.012275
31.49	0.012267
31.5	0.012259
31.51	0.01225
31.52	0.012242
31.53	0.012234
31.54	0.012226
31.55	0.012217
31.56	0.012209
31.57	0.012201
31.58	0.012193
31.59	0.012184
31.6	0.012176
31.61	0.012168
31.62	0.01216
31.63	0.012152
31.64	0.012143
31.65	0.012135
31.66	0.012127
31.67	0.012119
31.68	0.012111
31.69	0.012103
31.7	0.012094
31.71	0.012086
31.72	0.012078
31.73	0.01207
31.74	0.012062
31.75	0.012054
31.76	0.012046
31.77	0.012038
31.78	0.01203
31.79	0.012022
31.8	0.012014
31.81	0.012006
31.82	0.011998
31.83	0.011989
31.84	0.011981
31.85	0.011973
31.86	0.011965
31.87	0.011957
31.88	0.011949
31.89	0.011941
31.9	0.011933
31.91	0.011926
31.92	0.011918
31.93	0.01191
31.94	0.011902
31.95	0.011894
31.96	0.011886
31.97	0.011878
31.98	0.01187
31.99	0.011862
32.0	0.011854
32.01	0.011846
32.02	0.011838
32.03	0.011831
32.04	0.011823
32.05	0.011815
32.06	0.011807
32.07	0.011799
32.08	0.011791
32.09	0.011783
32.1	0.011776
32.11	0.011768
32.12	0.01176
32.13	0.011752
32.14	0.011744
32.15	0.011737
32.16	0.011729
32.17	0.011721
32.18	0.011713
32.19	0.011706
32.2	0.011698
32.21	0.01169
32.22	0.011682
32.23	0.011675
32.24	0.011667
32.25	0.011659
32.26	0.011652
32.27	0.011644
32.28	0.011636
32.29	0.011629
32.3	0.011621
32.31	0.011613
32.32	0.011606
32.33	0.011598
32.34	0.01159
32.35	0.011583
32.36	0.011575
32.37	0.011567
32.38	0.01156
32.39	0.011552
32.4	0.011545
32.41	0.011537
32.42	0.011529
32.43	0.011522
32.44	0.011514
32.45	0.011507
32.46	0.011499
32.47	0.011492
32.48	0.011484
32.49	0.011477
32.5	0.011469
32.51	0.011462
32.52	0.011454
32.53	0.011447
32.54	0.011439
32.55	0.011432
32.56	0.011424
32.57	0.011417
32.58	0.011409
32.59	0.011402
32.6	0.011394
32.61	0.011387
32.62	0.011379
32.63	0.011372
32.64	0.011365
32.65	0.011357
32.66	0.01135
32.67	0.011342
32.68	0.011335
32.69	0.011328
32.7	0.01132
32.71	0.011313
32.72	0.011306
32.73	0.011298
32.74	0.011291
32.75	0.011283
32.76	0.011276
32.77	0.011269
32.78	0.011261
32.79	0.011254
32.8	0.011247
32.81	0.01124
32.82	0.011232
32.83	0.011225
32.84	0.011218
32.85	0.01121
32.86	0.011203
32.87	0.011196
32.88	0.011189
32.89	0.011181
32.9	0.011174
32.91	0.011167
32.92	0.01116
32.93	0.011153
32.94	0.011145
32.95	0.011138
32.96	0.011131
32.97	0.011124
32.98	0.011117
32.99	0.011109
33.0	0.011102
33.01	0.011095
33.02	0.011088
33.03	0.011081
33.04	0.011074
33.05	0.011067
33.06	0.011059
33.07	0.011052
33.08	0.011045
33.09	0.011038
33.1	0.011031
33.11	0.011024
33.12	0.011017
33.13	0.01101
33.14	0.011003
33.15	0.010996
33.16	0.010989
33.17	0.010981
33.18	0.010974
33.19	0.010967
33.2	0.01096
33.21	0.010953
33.22	0.010946
33.23	0.010939
33.24	0.010932
33.25	0.010925
33.26	0.010918
33.27	0.010911
33.28	0.010904
33.29	0.010897
33.3	0.01089
33.31	0.010883
33.32	0.010877
33.33	0.01087
33.34	0.010863
33.35	0.010856
33.36	0.010849
33.37	0.010842
33.38	0.010835
33.39	0.010828
33.4	0.010821
33.41	0.010814
33.42	0.010807
33.43	0.0108
33.44	0.010794
33.45	0.010787
33.46	0.01078
33.47	0.010773
33.48	0.010766
33.49	0.010759
33.5	0.010753
33.51	0.010746
33.52	0.010739
33.53	0.010732
33.54	0.010725
33.55	0.010718
33.56	0.010712
33.57	0.010705
33.58	0.010698
33.59	0.010691
33.6	0.010685
33.61	0.010678
33.62	0.010671
33.63	0.010664
33.64	0.010658
33.65	0.010651
33.66	0.010644
33.67	0.010637
33.68	0.010631
33.69	0.010624
33.7	0.010617
33.71	0.01061
33.72	0.010604
33.73	0.010597
33.74	0.01059
33.75	0.010584
33.76	0.010577
33.77	0.01057
33.78	0.010564
33.79	0.010557
33.8	0.01055
33.81	0.010544
33.82	0.010537
33.83	0.010531
33.84	0.010524
33.85	0.010517
33.86	0.010511
33.87	0.010504
33.88	0.010498
33.89	0.010491
33.9	0.010484
33.91	0.010478
33.92	0.010471
33.93	0.010465
33.94	0.010458
33.95	0.010452
33.96	0.010445
33.97	0.010438
33.98	0.010432
33.99	0.010425
34.0	0.010419
34.01	0.010412
34.02	0.010406
34.03	0.010399
34.04	0.010393
34.05	0.010386
34.06	0.01038
34.07	0.010373
34.08	0.010367
34.09	0.01036
34.1	0.010354
34.11	0.010348
34.12	0.010341
34.13	0.010335
34.14	0.010328
34.15	0.010322
34.16	0.010315
34.17	0.010309
34.18	0.010302
34.19	0.010296
34.2	0.01029
34.21	0.010283
34.22	0.010277
34.23	0.010271
34.24	0.010264
34.25	0.010258
34.26	0.010251
34.27	0.010245
34.28	0.010239
34.29	0.010232
34.3	0.010226
34.31	0.01022
34.32	0.010213
34.33	0.010207
34.34	0.010201
34.35	0.010194
34.36	0.010188
34.37	0.010182
34.38	0.010175
34.39	0.010169
34.4	0.010163
34.41	0.010157
34.42	0.01015
34.43	0.010144
34.44	0.010138
34.45	0.010132
34.46	0.010125
34.47	0.010119
34.48	0.010113
34.49	0.010107
34.5	0.0101
34.51	0.010094
34.52	0.010088
34.53	0.010082
34.54	0.010075
34.55	0.010069
34.56	0.010063
34.57	0.010057
34.58	0.010051
34.59	0.010045
34.6	0.010038
34.61	0.010032
34.62	0.010026
34.63	0.01002
34.64	0.010014
34.65	0.010008
34.66	0.010001
34.67	0.0099953
34.68	0.0099892
34.69	0.009983
34.7	0.0099769
34.71	0.0099708
34.72	0.0099647
34.73	0.0099586
34.74	0.0099525
34.75	0.0099464
34.76	0.0099404
34.77	0.0099343
34.78	0.0099282
34.79	0.0099221
34.8	0.0099161
34.81	0.00991
34.82	0.009904
34.83	0.0098979
34.84	0.0098919
34.85	0.0098859
34.86	0.0098798
34.87	0.0098738
34.88	0.0098678
34.89	0.0098618
34.9	0.0098558
34.91	0.0098498
34.92	0.0098438
34.93	0.0098378
34.94	0.0098318
34.95	0.0098258
34.96	0.0098199
34.97	0.0098139
34.98	0.0098079
34.99	0.009802
35.0	0.009796
35.01	0.0097901
35.02	0.0097841
35.03	0.0097782
35.04	0.0097723
35.05	0.0097663
35.06	0.0097604
35.07	0.0097545
35.08	0.0097486
35.09	0.0097427
35.1	0.0097368
35.11	0.0097309
35.12	0.009725
35.13	0.0097191
35.14	0.0097132
35.15	0.0097074
35.16	0.0097015
35.17	0.0096956
35.18	0.0096898
35.19	0.0096839
35.2	0.0096781
35.21	0.0096722
35.22	0.0096664
35.23	0.0096606
35.24	0.0096548
35.25	0.0096489
35.26	0.0096431
35.27	0.0096373
35.28	0.0096315
35.29	0.0096257
35.3	0.0096199
35.31	0.0096141
35.32	0.0096083
35.33	0.0096026
35.34	0.0095968
35.35	0.009591
35.36	0.0095853
35.37	0.0095795
35.38	0.0095737
35.39	0.009568
35.4	0.0095623
35.41	0.0095565
35.42	0.0095508
35.43	0.0095451
35.44	0.0095393
35.45	0.0095336
35.46	0.0095279
35.47	0.0095222
35.48	0.0095165
35.49	0.0095108
35.5	0.0095051
35.51	0.0094994
35.52	0.0094937
35.53	0.0094881
35.54	0.0094824
35.55	0.0094767
35.56	0.0094711
35.57	0.0094654
35.58	0.0094598
35.59	0.0094541
35.6	0.0094485
35.61	0.0094428
35.62	0.0094372
35.63	0.0094316
35.64	0.009426
35.65	0.0094203
35.66	0.0094147
35.67	0.0094091
35.68	0.0094035
35.69	0.0093979
35.7	0.0093923
35.71	0.0093867
35.72	0.0093812
35.73	0.0093756
35.74	0.00937
35.75	0.0093644
35.76	0.0093589
35.77	0.0093533
35.78	0.0093478
35.79	0.0093422
35.8	0.0093367
35.81	0.0093312
35.82	0.0093256
35.83	0.0093201
35.84	0.0093146
35.85	0.009309
35.86	0.0093035
35.87	0.009298
35.88	0.0092925
35.89	0.009287
35.9	0.0092815
35.91	0.009276
35.92	0.0092706
35.93	0.0092651
35.94	0.0092596
35.95	0.0092541
35.96	0.0092487
35.97	0.0092432
35.98	0.0092378
35.99	0.0092323
36.0	0.0092269
36.01	0.0092214
36.02	0.009216
36.03	0.0092105
36.04	0.0092051
36.05	0.0091997
36.06	0.0091943
36.07	0.0091889
36.08	0.0091835
36.09	0.0091781
36.1	0.0091727
36.11	0.0091673
36.12	0.0091619
36.13	0.0091565
36.14	0.0091511
36.15	0.0091457
36.16	0.0091404
36.17	0.009135
36.18	0.0091296
36.19	0.0091243
36.2	0.0091189
36.21	0.0091136
36.22	0.0091082
36.23	0.0091029
36.24	0.0090976
36.25	0.0090922
36.26	0.0090869
36.27	0.0090816
36.28	0.0090763
36.29	0.009071
36.3	0.0090657
36.31	0.0090604
36.32	0.0090551
36.33	0.0090498
36.34	0.0090445
36.35	0.0090392
36.36	0.0090339
36.37	0.0090287
36.38	0.0090234
36.39	0.0090181
36.4	0.0090129
36.41	0.0090076
36.42	0.0090024
36.43	0.0089971
36.44	0.0089919
36.45	0.0089866
36.46	0.0089814
36.47	0.0089762
36.48	0.008971
36.49	0.0089657
36.5	0.0089605
36.51	0.0089553
36.52	0.0089501
36.53	0.0089449
36.54	0.0089397
36.55	0.0089345
36.56	0.0089293
36.57	0.0089241
36.58	0.008919
36.59	0.0089138
36.6	0.0089086
36.61	0.0089035
36.62	0.0088983
36.63	0.0088931
36.64	0.008888
36.65	0.0088828
36.66	0.0088777
36.67	0.0088726
36.68	0.0088674
36.69	0.0088623
36.7	0.0088572
36.71	0.0088521
36.72	0.0088469
36.73	0.0088418
36.74	0.0088367
36.75	0.0088316
36.76	0.0088265
36.77	0.0088214
36.78	0.0088163
36.79	0.0088112
36.8	0.0088062
36.81	0.0088011
36.82	0.008796
36.83	0.0087909
36.84	0.0087859
36.85	0.0087808
36.86	0.0087758
36.87	0.0087707
36.88	0.0087657
36.89	0.0087606
36.9	0.0087556
36.91	0.0087506
36.92	0.0087455
36.93	0.0087405
36.94	0.0087355
36.95	0.0087305
36.96	0.0087254
36.97	0.0087204
36.98	0.0087154
36.99	0.0087104
37.0	0.0087054
37.01	0.0087005
37.02	0.0086955
37.03	0.0086905
37.04	0.0086855
37.05	0.0086805
37.06	0.0086756
37.07	0.0086706
37.08	0.0086656
37.09	0.0086607
37.1	0.0086557
37.11	0.0086508
37.12	0.0086458
37.13	0.0086409
37.14	0.008636
37.15	0.008631
37.16	0.0086261
37.17	0.0086212
37.18	0.0086163
37.19	0.0086113
37.2	0.0086064
37.21	0.0086015
37.22	0.0085966
37.23	0.0085917
37.24	0.0085868
37.25	0.0085819
37.26	0.008577
37.27	0.0085722
37.28	0.0085673
37.29	0.0085624
37.3	0.0085575
37.31	0.0085527
37.32	0.0085478
37.33	0.008543
37.34	0.0085381
37.35	0.0085333
37.36	0.0085284
37.37	0.0085236
37.38	0.0085187
37.39	0.0085139
37.4	0.0085091
37.41	0.0085042
37.42	0.0084994
37.43	0.0084946
37.44	0.0084898
37.45	0.008485
37.46	0.0084802
37.47	0.0084754
37.48	0.0084706
37.49	0.0084658
37.5	0.008461
37.51	0.0084562
37.52	0.0084514
37.53	0.0084467
37.54	0.0084419
37.55	0.0084371
37.56	0.0084324
37.57	0.0084276
37.58	0.0084228
37.59	0.0084181
37.6	0.0084133
37.61	0.0084086
37.62	0.0084039
37.63	0.0083991
37.64	0.0083944
37.65	0.0083897
37.66	0.0083849
37.67	0.0083802
37.68	0.0083755
37.69	0.0083708
37.7	0.0083661
37.71	0.0083614
37.72	0.0083567
37.73	0.008352
37.74	0.0083473
37.75	0.0083426
37.76	0.0083379
37.77	0.0083332
37.78	0.0083286
37.79	0.0083239
37.8	0.0083192
37.81	0.0083145
37.82	0.0083099
37.83	0.0083052
37.84	0.0083006
37.85	0.0082959
37.86	0.0082913
37.87	0.0082866
37.88	0.008282
37.89	0.0082774
37.9	0.0082727
37.91	0.0082681
37.92	0.0082635
37.93	0.0082589
37.94	0.0082542
37.95	0.0082496
37.96	0.008245
37.97	0.0082404
37.98	0.0082358
37.99	0.0082312
38.0	0.0082266
38.01	0.008222
38.02	0.0082175
38.03	0.0082129
38.04	0.0082083
38.05	0.0082037
38.06	0.0081992
38.07	0.0081946
38.08	0.00819
38.09	0.0081855
38.1	0.0081809
38.11	0.0081764
38.12	0.0081718
38.13	0.0081673
38.14	0.0081627
38.15	0.0081582
38.16	0.0081537
38.17	0.0081491
38.18	0.0081446
38.19	0.0081401
38.2	0.0081356
38.21	0.0081311
38.22	0.0081266
38.23	0.008122
38.24	0.0081175
38.25	0.008113
38.26	0.0081086
38.27	0.0081041
38.28	0.0080996
38.29	0.0080951
38.3	0.0080906
38.31	0.0080861
38.32	0.0080817
38.33	0.0080772
38.34	0.0080727
38.35	0.0080683
38.36	0.0080638
38.37	0.0080594
38.38	0.0080549
38.39	0.0080505
38.4	0.008046
38.41	0.0080416
38.42	0.0080371
38.43	0.0080327
38.44	0.0080283
38.45	0.0080239
38.46	0.0080194
38.47	0.008015
38.48	0.0080106
38.49	0.0080062
38.5	0.0080018
38.51	0.0079974
38.52	0.007993
38.53	0.0079886
38.54	0.0079842
38.55	0.0079798
38.56	0.0079754
38.57	0.007971
38.58	0.0079667
38.59	0.0079623
38.6	0.0079579
38.61	0.0079535
38.62	0.0079492
38.63	0.0079448
38.64	0.0079405
38.65	0.0079361
38.66	0.0079318
38.67	0.0079274
38.68	0.0079231
38.69	0.0079187
38.7	0.0079144
38.71	0.0079101
38.72	0.0079057
38.73	0.0079014
38.74	0.0078971
38.75	0.0078928
38.76	0.0078885
38.77	0.0078841
38.78	0.0078798
38.79	0.0078755
38.8	0.0078712
38.81	0.0078669
38.82	0.0078626
38.83	0.0078583
38.84	0.0078541
38.85	0.0078498
38.86	0.0078455
38.87	0.0078412
38.88	0.007837
38.89	0.0078327
38.9	0.0078284
38.91	0.0078242
38.92	0.0078199
38.93	0.0078156
38.94	0.0078114
38.95	0.0078071
38.96	0.0078029
38.97	0.0077987
38.98	0.0077944
38.99	0.0077902
39.0	0.0077859
39.01	0.0077817
39.02	0.0077775
39.03	0.0077733
39.04	0.0077691
39.05	0.0077648
39.06	0.0077606
39.07	0.0077564
39.08	0.0077522
39.09	0.007748
39.1	0.0077438
39.11	0.0077396
39.12	0.0077354
39.13	0.0077312
39.14	0.0077271
39.15	0.0077229
39.16	0.0077187
39.17	0.0077145
39.18	0.0077104
39.19	0.0077062
39.2	0.007702
39.21	0.0076979
39.22	0.0076937
39.23	0.0076896
39.24	0.0076854
39.25	0.0076813
39.26	0.0076771
39.27	0.007673
39.28	0.0076688
39.29	0.0076647
39.3	0.0076606
39.31	0.0076565
39.32	0.0076523
39.33	0.0076482
39.34	0.0076441
39.35	0.00764
39.36	0.0076359
39.37	0.0076318
39.38	0.0076277
39.39	0.0076236
39.4	0.0076195
39.41	0.0076154
39.42	0.0076113
39.43	0.0076072
39.44	0.0076031
39.45	0.007599
39.46	0.0075949
39.47	0.0075909
39.48	0.0075868
39.49	0.0075827
39.5	0.0075787
39.51	0.0075746
39.52	0.0075705
39.53	0.0075665
39.54	0.0075624
39.55	0.0075584
39.56	0.0075543
39.57	0.0075503
39.58	0.0075463
39.59	0.0075422
39.6	0.0075382
39.61	0.0075342
39.62	0.0075301
39.63	0.0075261
39.64	0.0075221
39.65	0.0075181
39.66	0.0075141
39.67	0.00751
39.68	0.007506
39.69	0.007502
39.7	0.007498
39.71	0.007494
39.72	0.00749
39.73	0.0074861
39.74	0.0074821
39.75	0.0074781
39.76	0.0074741
39.77	0.0074701
39.78	0.0074661
39.79	0.0074622
39.8	0.0074582
39.81	0.0074542
39.82	0.0074503
39.83	0.0074463
39.84	0.0074424
39.85	0.0074384
39.86	0.0074345
39.87	0.0074305
39.88	0.0074266
39.89	0.0074226
39.9	0.0074187
39.91	0.0074148
39.92	0.0074108
39.93	0.0074069
39.94	0.007403
39.95	0.007399
39.96	0.0073951
39.97	0.0073912
39.98	0.0073873
39.99	0.0073834
40.0	0.0073795
40.01	0.0073756
40.02	0.0073717
40.03	0.0073678
40.04	0.0073639
40.05	0.00736
40.06	0.0073561
40.07	0.0073522
40.08	0.0073483
40.09	0.0073445
40.1	0.0073406
40.11	0.0073367
40.12	0.0073328
40.13	0.007329
40.14	0.0073251
40.15	0.0073212
40.16	0.0073174
40.17	0.0073135
40.18	0.0073097
40.19	0.0073058
40.2	0.007302
40.21	0.0072981
40.22	0.0072943
40.23	0.0072905
40.24	0.0072866
40.25	0.0072828
40.26	0.007279
40.27	0.0072751
40.28	0.0072713
40.29	0.0072675
40.3	0.0072637
40.31	0.0072599
40.32	0.0072561
40.33	0.0072523
40.34	0.0072484
40.35	0.0072446
40.36	0.0072409
40.37	0.0072371
40.38	0.0072333
40.39	0.0072295
40.4	0.0072257
40.41	0.0072219
40.42	0.0072181
40.43	0.0072143
40.44	0.0072106
40.45	0.0072068
40.46	0.007203
40.47	0.0071993
40.48	0.0071955
40.49	0.0071917
40.5	0.007188
40.51	0.0071842
40.52	0.0071805
40.53	0.0071767
40.54	0.007173
40.55	0.0071692
40.56	0.0071655
40.57	0.0071618
40.58	0.007158
40.59	0.0071543
40.6	0.0071506
40.61	0.0071469
40.62	0.0071431
40.63	0.0071394
40.64	0.0071357
40.65	0.007132
40.66	0.0071283
40.67	0.0071246
40.68	0.0071209
40.69	0.0071172
40.7	0.0071135
40.71	0.0071098
40.72	0.0071061
40.73	0.0071024
40.74	0.0070987
40.75	0.007095
40.76	0.0070913
40.77	0.0070876
40.78	0.007084
40.79	0.0070803
40.8	0.0070766
40.81	0.007073
40.82	0.0070693
40.83	0.0070656
40.84	0.007062
40.85	0.0070583
40.86	0.0070547
40.87	0.007051
40.88	0.0070474
40.89	0.0070437
40.9	0.0070401
40.91	0.0070364
40.92	0.0070328
40.93	0.0070292
40.94	0.0070255
40.95	0.0070219
40.96	0.0070183
40.97	0.0070146
40.98	0.007011
40.99	0.0070074
41.0	0.0070038
41.01	0.0070002
41.02	0.0069966
41.03	0.006993
41.04	0.0069894
41.05	0.0069858
41.06	0.0069822
41.07	0.0069786
41.08	0.006975
41.09	0.0069714
41.1	0.0069678
41.11	0.0069642
41.12	0.0069606
41.13	0.0069571
41.14	0.0069535
41.15	0.0069499
41.16	0.0069463
41.17	0.0069428
41.18	0.0069392
41.19	0.0069356
41.2	0.0069321
41.21	0.0069285
41.22	0.006925
41.23	0.0069214
41.24	0.0069179
41.25	0.0069143
41.26	0.0069108
41.27	0.0069072
41.28	0.0069037
41.29	0.0069002
41.3	0.0068966
41.31	0.0068931
41.32	0.0068896
41.33	0.0068861
41.34	0.0068825
41.35	0.006879
41.36	0.0068755
41.37	0.006872
41.38	0.0068685
41.39	0.006865
41.4	0.0068615
41.41	0.006858
41.42	0.0068545
41.43	0.006851
41.44	0.0068475
41.45	0.006844
41.46	0.0068405
41.47	0.006837
41.48	0.0068335
41.49	0.00683
41.5	0.0068265
41.51	0.0068231
41.52	0.0068196
41.53	0.0068161
41.54	0.0068127
41.55	0.0068092
41.56	0.0068057
41.57	0.0068023
41.58	0.0067988
41.59	0.0067954
41.6	0.0067919
41.61	0.0067885
41.62	0.006785
41.63	0.0067816
41.64	0.0067781
41.65	0.0067747
41.66	0.0067712
41.67	0.0067678
41.68	0.0067644
41.69	0.0067609
41.7	0.0067575
41.71	0.0067541
41.72	0.0067507
41.73	0.0067472
41.74	0.0067438
41.75	0.0067404
41.76	0.006737
41.77	0.0067336
41.78	0.0067302
41.79	0.0067268
41.8	0.0067234
41.81	0.00672
41.82	0.0067166
41.83	0.0067132
41.84	0.0067098
41.85	0.0067064
41.86	0.006703
41.87	0.0066997
41.88	0.0066963
41.89	0.0066929
41.9	0.0066895
41.91	0.0066861
41.92	0.0066828
41.93	0.0066794
41.94	0.006676
41.95	0.0066727
41.96	0.0066693
41.97	0.006666
41.98	0.0066626
41.99	0.0066592
42.0	0.0066559
42.01	0.0066525
42.02	0.0066492
42.03	0.0066459
42.04	0.0066425
42.05	0.0066392
42.06	0.0066358
42.07	0.0066325
42.08	0.0066292
42.09	0.0066259
42.1	0.0066225
42.11	0.0066192
42.12	0.0066159
42.13	0.0066126
42.14	0.0066093
42.15	0.0066059
42.16	0.0066026
42.17	0.0065993
42.18	0.006596
42.19	0.0065927
42.2	0.0065894
42.21	0.0065861
42.22	0.0065828
42.23	0.0065795
42.24	0.0065762
42.25	0.0065729
42.26	0.0065697
42.27	0.0065664
42.28	0.0065631
42.29	0.0065598
42.3	0.0065565
42.31	0.0065533
42.32	0.00655
42.33	0.0065467
42.34	0.0065435
42.35	0.0065402
42.36	0.0065369
42.37	0.0065337
42.38	0.0065304
42.39	0.0065272
42.4	0.0065239
42.41	0.0065207
42.42	0.0065174
42.43	0.0065142
42.44	0.0065109
42.45	0.0065077
42.46	0.0065045
42.47	0.0065012
42.48	0.006498
42.49	0.0064948
42.5	0.0064915
42.51	0.0064883
42.52	0.0064851
42.53	0.0064819
42.54	0.0064786
42.55	0.0064754
42.56	0.0064722
42.57	0.006469
42.58	0.0064658
42.59	0.0064626
42.6	0.0064594
42.61	0.0064562
42.62	0.006453
42.63	0.0064498
42.64	0.0064466
42.65	0.0064434
42.66	0.0064402
42.67	0.006437
42.68	0.0064338
42.69	0.0064306
42.7	0.0064275
42.71	0.0064243
42.72	0.0064211
42.73	0.0064179
42.74	0.0064148
42.75	0.0064116
42.76	0.0064084
42.77	0.0064053
42.78	0.0064021
42.79	0.0063989
42.8	0.0063958
42.81	0.0063926
42.82	0.0063895
42.83	0.0063863
42.84	0.0063832
42.85	0.00638
42.86	0.0063769
42.87	0.0063738
42.88	0.0063706
42.89	0.0063675
42.9	0.0063643
42.91	0.0063612
42.92	0.0063581
42.93	0.006355
42.94	0.0063518
42.95	0.0063487
42.96	0.0063456
42.97	0.0063425
42.98	0.0063394
42.99	0.0063362
43.0	0.0063331
43.01	0.00633
43.02	0.0063269
43.03	0.0063238
43.04	0.0063207
43.05	0.0063176
43.06	0.0063145
43.07	0.0063114
43.08	0.0063083
43.09	0.0063052
43.1	0.0063021
43.11	0.0062991
43.12	0.006296
43.13	0.0062929
43.14	0.0062898
43.15	0.0062867
43.16	0.0062837
43.17	0.0062806
43.18	0.0062775
43.19	0.0062744
43.2	0.0062714
43.21	0.0062683
43.22	0.0062652
43.23	0.0062622
43.24	0.0062591
43.25	0.0062561
43.26	0.006253
43.27	0.00625
43.28	0.0062469
43.29	0.0062439
43.3	0.0062408
43.31	0.0062378
43.32	0.0062348
43.33	0.0062317
43.34	0.0062287
43.35	0.0062256
43.36	0.0062226
43.37	0.0062196
43.38	0.0062166
43.39	0.0062135
43.4	0.0062105
43.41	0.0062075
43.42	0.0062045
43.43	0.0062015
43.44	0.0061985
43.45	0.0061954
43.46	0.0061924
43.47	0.0061894
43.48	0.0061864
43.49	0.0061834
43.5	0.0061804
43.51	0.0061774
43.52	0.0061744
43.53	0.0061714
43.54	0.0061684
43.55	0.0061654
43.56	0.0061625
43.57	0.0061595
43.58	0.0061565
43.59	0.0061535
43.6	0.0061505
43.61	0.0061476
43.62	0.0061446
43.63	0.0061416
43.64	0.0061386
43.65	0.0061357
43.66	0.0061327
43.67	0.0061297
43.68	0.0061268
43.69	0.0061238
43.7	0.0061209
43.71	0.0061179
43.72	0.006115
43.73	0.006112
43.74	0.0061091
43.75	0.0061061
43.76	0.0061032
43.77	0.0061002
43.78	0.0060973
43.79	0.0060943
43.8	0.0060914
43.81	0.0060885
43.82	0.0060855
43.83	0.0060826
43.84	0.0060797
43.85	0.0060768
43.86	0.0060738
43.87	0.0060709
43.88	0.006068
43.89	0.0060651
43.9	0.0060622
43.91	0.0060593
43.92	0.0060563
43.93	0.0060534
43.94	0.0060505
43.95	0.0060476
43.96	0.0060447
43.97	0.0060418
43.98	0.0060389
43.99	0.006036
44.0	0.0060331
44.01	0.0060302
44.02	0.0060274
44.03	0.0060245
44.04	0.0060216
44.05	0.0060187
44.06	0.0060158
44.07	0.0060129
44.08	0.0060101
44.09	0.0060072
44.1	0.0060043
44.11	0.0060014
44.12	0.0059986
44.13	0.0059957
44.14	0.0059928
44.15	0.00599
44.16	0.0059871
44.17	0.0059842
44.18	0.0059814
44.19	0.0059785
44.2	0.0059757
44.21	0.0059728
44.22	0.00597
44.23	0.0059671
44.24	0.0059643
44.25	0.0059614
44.26	0.0059586
44.27	0.0059558
44.28	0.0059529
44.29	0.0059501
44.3	0.0059473
44.31	0.0059444
44.32	0.0059416
44.33	0.0059388
44.34	0.0059359
44.35	0.0059331
44.36	0.0059303
44.37	0.0059275
44.38	0.0059247
44.39	0.0059219
44.4	0.005919
44.41	0.0059162
44.42	0.0059134
44.43	0.0059106
44.44	0.0059078
44.45	0.005905
44.46	0.0059022
44.47	0.0058994
44.48	0.0058966
44.49	0.0058938
44.5	0.005891
44.51	0.0058882
44.52	0.0058854
44.53	0.0058827
44.54	0.0058799
44.55	0.0058771
44.56	0.0058743
44.57	0.0058715
44.58	0.0058687
44.59	0.005866
44.6	0.0058632
44.61	0.0058604
44.62	0.0058577
44.63	0.0058549
44.64	0.0058521
44.65	0.0058494
44.66	0.0058466
44.67	0.0058438
44.68	0.0058411
44.69	0.0058383
44.7	0.0058356
44.71	0.0058328
44.72	0.0058301
44.73	0.0058273
44.74	0.0058246
44.75	0.0058218
44.76	0.0058191
44.77	0.0058163
44.78	0.0058136
44.79	0.0058109
44.8	0.0058081
44.81	0.0058054
44.82	0.0058027
44.83	0.0057999
44.84	0.0057972
44.85	0.0057945
44.86	0.0057918
44.87	0.005789
44.88	0.0057863
44.89	0.0057836
44.9	0.0057809
44.91	0.0057782
44.92	0.0057755
44.93	0.0057728
44.94	0.00577
44.95	0.0057673
44.96	0.0057646
44.97	0.0057619
44.98	0.0057592
44.99	0.0057565
45.0	0.0057538
45.01	0.0057511
45.02	0.0057485
45.03	0.0057458
45.04	0.0057431
45.05	0.0057404
45.06	0.0057377
45.07	0.005735
45.08	0.0057323
45.09	0.0057297
45.1	0.005727
45.11	0.0057243
45.12	0.0057216
45.13	0.005719
45.14	0.0057163
45.15	0.0057136
45.16	0.0057109
45.17	0.0057083
45.18	0.0057056
45.19	0.005703
45.2	0.0057003
45.21	0.0056976
45.22	0.005695
45.23	0.0056923
45.24	0.0056897
45.25	0.005687
45.26	0.0056844
45.27	0.0056817
45.28	0.0056791
45.29	0.0056764
45.3	0.0056738
45.31	0.0056712
45.32	0.0056685
45.33	0.0056659
45.34	0.0056633
45.35	0.0056606
45.36	0.005658
45.37	0.0056554
45.38	0.0056527
45.39	0.0056501
45.4	0.0056475
45.41	0.0056449
45.42	0.0056423
45.43	0.0056396
45.44	0.005637
45.45	0.0056344
45.46	0.0056318
45.47	0.0056292
45.48	0.0056266
45.49	0.005624
45.5	0.0056214
45.51	0.0056188
45.52	0.0056162
45.53	0.0056136
45.54	0.005611
45.55	0.0056084
45.56	0.0056058
45.57	0.0056032
45.58	0.0056006
45.59	0.005598
45.6	0.0055954
45.61	0.0055928
45.62	0.0055903
45.63	0.0055877
45.64	0.0055851
45.65	0.0055825
45.66	0.0055799
45.67	0.0055774
45.68	0.0055748
45.69	0.0055722
45.7	0.0055697
45.71	0.0055671
45.72	0.0055645
45.73	0.005562
45.74	0.0055594
45.75	0.0055568
45.76	0.0055543
45.77	0.0055517
45.78	0.0055492
45.79	0.0055466
45.8	0.0055441
45.81	0.0055415
45.82	0.005539
45.83	0.0055364
45.84	0.0055339
45.85	0.0055313
45.86	0.0055288
45.87	0.0055262
45.88	0.0055237
45.89	0.0055212
45.9	0.0055186
45.91	0.0055161
45.92	0.0055136
45.93	0.005511
45.94	0.0055085
45.95	0.005506
45.96	0.0055035
45.97	0.005501
45.98	0.0054984
45.99	0.0054959
46.0	0.0054934
46.01	0.0054909
46.02	0.0054884
46.03	0.0054859
46.04	0.0054833
46.05	0.0054808
46.06	0.0054783
46.07	0.0054758
46.08	0.0054733
46.09	0.0054708
46.1	0.0054683
46.11	0.0054658
46.12	0.0054633
46.13	0.0054608
46.14	0.0054583
46.15	0.0054559
46.16	0.0054534
46.17	0.0054509
46.18	0.0054484
46.19	0.0054459
46.2	0.0054434
46.21	0.0054409
46.22	0.0054385
46.23	0.005436
46.24	0.0054335
46.25	0.005431
46.26	0.0054286
46.27	0.0054261
46.28	0.0054236
46.29	0.0054212
46.3	0.0054187
46.31	0.0054162
46.32	0.0054138
46.33	0.0054113
46.34	0.0054088
46.35	0.0054064
46.36	0.0054039
46.37	0.0054015
46.38	0.005399
46.39	0.0053966
46.4	0.0053941
46.41	0.0053917
46.42	0.0053892
46.43	0.0053868
46.44	0.0053843
46.45	0.0053819
46.46	0.0053795
46.47	0.005377
46.48	0.0053746
46.49	0.0053722
46.5	0.0053697
46.51	0.0053673
46.52	0.0053649
46.53	0.0053624
46.54	0.00536
46.55	0.0053576
46.56	0.0053552
46.57	0.0053527
46.58	0.0053503
46.59	0.0053479
46.6	0.0053455
46.61	0.0053431
46.62	0.0053407
46.63	0.0053382
46.64	0.0053358
46.65	0.0053334
46.66	0.005331
46.67	0.0053286
46.68	0.0053262
46.69	0.0053238
46.7	0.0053214
46.71	0.005319
46.72	0.0053166
46.73	0.0053142
46.74	0.0053118
46.75	0.0053094
46.76	0.005307
46.77	0.0053047
46.78	0.0053023
46.79	0.0052999
46.8	0.0052975
46.81	0.0052951
46.82	0.0052927
46.83	0.0052904
46.84	0.005288
46.85	0.0052856
46.86	0.0052832
46.87	0.0052809
46.88	0.0052785
46.89	0.0052761
46.9	0.0052737
46.91	0.0052714
46.92	0.005269
46.93	0.0052667
46.94	0.0052643
46.95	0.0052619
46.96	0.0052596
46.97	0.0052572
46.98	0.0052549
46.99	0.0052525
47.0	0.0052502
47.01	0.0052478
47.02	0.0052455
47.03	0.0052431
47.04	0.0052408
47.05	0.0052384
47.06	0.0052361
47.07	0.0052337
47.08	0.0052314
47.09	0.0052291
47.1	0.0052267
47.11	0.0052244
47.12	0.005222
47.13	0.0052197
47.14	0.0052174
47.15	0.0052151
47.16	0.0052127
47.17	0.0052104
47.18	0.0052081
47.19	0.0052058
47.2	0.0052034
47.21	0.0052011
47.22	0.0051988
47.23	0.0051965
47.24	0.0051942
47.25	0.0051919
47.26	0.0051895
47.27	0.0051872
47.28	0.0051849
47.29	0.0051826
47.3	0.0051803
47.31	0.005178
47.32	0.0051757
47.33	0.0051734
47.34	0.0051711
47.35	0.0051688
47.36	0.0051665
47.37	0.0051642
47.38	0.0051619
47.39	0.0051596
47.4	0.0051573
47.41	0.005155
47.42	0.0051528
47.43	0.0051505
47.44	0.0051482
47.45	0.0051459
47.46	0.0051436
47.47	0.0051413
47.48	0.0051391
47.49	0.0051368
47.5	0.0051345
47.51	0.0051322
47.52	0.00513
47.53	0.0051277
47.54	0.0051254
47.55	0.0051232
47.56	0.0051209
47.57	0.0051186
47.58	0.0051164
47.59	0.0051141
47.6	0.0051118
47.61	0.0051096
47.62	0.0051073
47.63	0.0051051
47.64	0.0051028
47.65	0.0051006
47.66	0.0050983
47.67	0.0050961
47.68	0.0050938
47.69	0.0050916
47.7	0.0050893
47.71	0.0050871
47.72	0.0050848
47.73	0.0050826
47.74	0.0050804
47.75	0.0050781
47.76	0.0050759
47.77	0.0050736
47.78	0.0050714
47.79	0.0050692
47.8	0.0050669
47.81	0.0050647
47.82	0.0050625
47.83	0.0050603
47.84	0.005058
47.85	0.0050558
47.86	0.0050536
47.87	0.0050514
47.88	0.0050492
47.89	0.0050469
47.9	0.0050447
47.91	0.0050425
47.92	0.0050403
47.93	0.0050381
47.94	0.0050359
47.95	0.0050337
47.96	0.0050315
47.97	0.0050292
47.98	0.005027
47.99	0.0050248
48.0	0.0050226
48.01	0.0050204
48.02	0.0050182
48.03	0.005016
48.04	0.0050138
48.05	0.0050116
48.06	0.0050095
48.07	0.0050073
48.08	0.0050051
48.09	0.0050029
48.1	0.0050007
48.11	0.0049985
48.12	0.0049963
48.13	0.0049941
48.14	0.004992
48.15	0.0049898
48.16	0.0049876
48.17	0.0049854
48.18	0.0049832
48.19	0.0049811
48.2	0.0049789
48.21	0.0049767
48.22	0.0049746
48.23	0.0049724
48.24	0.0049702
48.25	0.0049681
48.26	0.0049659
48.27	0.0049637
48.28	0.0049616
48.29	0.0049594
48.3	0.0049572
48.31	0.0049551
48.32	0.0049529
48.33	0.0049508
48.34	0.0049486
48.35	0.0049465
48.36	0.0049443
48.37	0.0049422
48.38	0.00494
48.39	0.0049379
48.4	0.0049357
48.41	0.0049336
48.42	0.0049314
48.43	0.0049293
48.44	0.0049272
48.45	0.004925
48.46	0.0049229
48.47	0.0049208
48.48	0.0049186
48.49	0.0049165
48.5	0.0049144
48.51	0.0049122
48.52	0.0049101
48.53	0.004908
48.54	0.0049058
48.55	0.0049037
48.56	0.0049016
48.57	0.0048995
48.58	0.0048974
48.59	0.0048952
48.6	0.0048931
48.61	0.004891
48.62	0.0048889
48.63	0.0048868
48.64	0.0048847
48.65	0.0048826
48.66	0.0048804
48.67	0.0048783
48.68	0.0048762
48.69	0.0048741
48.7	0.004872
48.71	0.0048699
48.72	0.0048678
48.73	0.0048657
48.74	0.0048636
48.75	0.0048615
48.76	0.0048594
48.77	0.0048573
48.78	0.0048552
48.79	0.0048531
48.8	0.0048511
48.81	0.004849
48.82	0.0048469
48.83	0.0048448
48.84	0.0048427
48.85	0.0048406
48.86	0.0048385
48.87	0.0048365
48.88	0.0048344
48.89	0.0048323
48.9	0.0048302
48.91	0.0048281
48.92	0.0048261
48.93	0.004824
48.94	0.0048219
48.95	0.0048199
48.96	0.0048178
48.97	0.0048157
48.98	0.0048137
48.99	0.0048116
49.0	0.0048095
49.01	0.0048075
49.02	0.0048054
49.03	0.0048033
49.04	0.0048013
49.05	0.0047992
49.06	0.0047972
49.07	0.0047951
49.08	0.0047931
49.09	0.004791
49.1	0.004789
49.11	0.0047869
49.12	0.0047849
49.13	0.0047828
49.14	0.0047808
49.15	0.0047787
49.16	0.0047767
49.17	0.0047746
49.18	0.0047726
49.19	0.0047706
49.2	0.0047685
49.21	0.0047665
49.22	0.0047645
49.23	0.0047624
49.24	0.0047604
49.25	0.0047584
49.26	0.0047563
49.27	0.0047543
49.28	0.0047523
49.29	0.0047502
49.3	0.0047482
49.31	0.0047462
49.32	0.0047442
49.33	0.0047422
49.34	0.0047401
49.35	0.0047381
49.36	0.0047361
49.37	0.0047341
49.38	0.0047321
49.39	0.0047301
49.4	0.004728
49.41	0.004726
49.42	0.004724
49.43	0.004722
49.44	0.00472
49.45	0.004718
49.46	0.004716
49.47	0.004714
49.48	0.004712
49.49	0.00471
49.5	0.004708
49.51	0.004706
49.52	0.004704
49.53	0.004702
49.54	0.0047
49.55	0.004698
49.56	0.004696
49.57	0.004694
49.58	0.0046921
49.59	0.0046901
49.6	0.0046881
49.61	0.0046861
49.62	0.0046841
49.63	0.0046821
49.64	0.0046801
49.65	0.0046782
49.66	0.0046762
49.67	0.0046742
49.68	0.0046722
49.69	0.0046703
49.7	0.0046683
49.71	0.0046663
49.72	0.0046643
49.73	0.0046624
49.74	0.0046604
49.75	0.0046584
49.76	0.0046565
49.77	0.0046545
49.78	0.0046525
49.79	0.0046506
49.8	0.0046486
49.81	0.0046467
49.82	0.0046447
49.83	0.0046427
49.84	0.0046408
49.85	0.0046388
49.86	0.0046369
49.87	0.0046349
49.88	0.004633
49.89	0.004631
49.9	0.0046291
49.91	0.0046271
49.92	0.0046252
49.93	0.0046232
49.94	0.0046213
49.95	0.0046193
49.96	0.0046174
49.97	0.0046155
49.98	0.0046135
49.99	0.0046116
50.0	0.0046096
