eng	y_fit
0.01	5.8453
0.02	4.2289
0.03	3.5286
0.04	3.1219
0.05	2.8509
0.06	2.6543
0.07	2.5057
0.08	2.3887
0.09	2.2935
0.1	2.2153
0.11	2.1499
0.12	2.0936
0.13	2.0451
0.14	2.0033
0.15	1.9663
0.16	1.9333
0.17	1.9043
0.18	1.8787
0.19	1.8554
0.2	1.8344
0.21	1.8157
0.22	1.7988
0.23	1.783
0.24	1.7685
0.25	1.7554
0.26	1.7434
0.27	1.7321
0.28	1.7216
0.29	1.7121
0.3	1.7035
0.31	1.6955
0.32	1.6879
0.33	1.681
0.34	1.6747
0.35	1.6688
0.36	1.663
0.37	1.6576
0.38	1.6526
0.39	1.648
0.4	1.6435
0.41	1.6392
0.42	1.6352
0.43	1.6316
0.44	1.6283
0.45	1.625
0.46	1.6219
0.47	1.619
0.48	1.6164
0.49	1.6139
0.5	1.6114
0.51	1.609
0.52	1.6067
0.53	1.6045
0.54	1.6025
0.55	1.6004
0.56	1.5983
0.57	1.5964
0.58	1.5946
0.59	1.5929
0.6	1.5912
0.61	1.5895
0.62	1.5878
0.63	1.5863
0.64	1.5848
0.65	1.5834
0.66	1.5819
0.67	1.5804
0.68	1.5789
0.69	1.5775
0.7	1.5762
0.71	1.5748
0.72	1.5734
0.73	1.5719
0.74	1.5704
0.75	1.569
0.76	1.5677
0.77	1.5663
0.78	1.5648
0.79	1.5634
0.8	1.5619
0.81	1.5605
0.82	1.559
0.83	1.5576
0.84	1.5561
0.85	1.5546
0.86	1.553
0.87	1.5514
0.88	1.5499
0.89	1.5483
0.9	1.5467
0.91	1.545
0.92	1.5433
0.93	1.5415
0.94	1.5398
0.95	1.538
0.96	1.5362
0.97	1.5343
0.98	1.5324
0.99	1.5304
1.0	1.5285
1.01	1.5265
1.02	1.5245
1.03	1.5224
1.04	1.5203
1.05	1.5181
1.06	1.5159
1.07	1.5136
1.08	1.5114
1.09	1.5091
1.1	1.5067
1.11	1.5043
1.12	1.5018
1.13	1.4993
1.14	1.4968
1.15	1.4943
1.16	1.4917
1.17	1.4891
1.18	1.4864
1.19	1.4836
1.2	1.4809
1.21	1.4781
1.22	1.4753
1.23	1.4724
1.24	1.4696
1.25	1.4666
1.26	1.4636
1.27	1.4606
1.28	1.4576
1.29	1.4545
1.3	1.4514
1.31	1.4483
1.32	1.4452
1.33	1.442
1.34	1.4387
1.35	1.4355
1.36	1.4322
1.37	1.4289
1.38	1.4256
1.39	1.4222
1.4	1.4188
1.41	1.4154
1.42	1.412
1.43	1.4086
1.44	1.4051
1.45	1.4016
1.46	1.3982
1.47	1.3947
1.48	1.3912
1.49	1.3876
1.5	1.384
1.51	1.3805
1.52	1.3769
1.53	1.3733
1.54	1.3697
1.55	1.366
1.56	1.3624
1.57	1.3587
1.58	1.355
1.59	1.3513
1.6	1.3477
1.61	1.344
1.62	1.3403
1.63	1.3365
1.64	1.3328
1.65	1.3291
1.66	1.3253
1.67	1.3216
1.68	1.3178
1.69	1.3141
1.7	1.3103
1.71	1.3066
1.72	1.3028
1.73	1.2991
1.74	1.2953
1.75	1.2915
1.76	1.2878
1.77	1.284
1.78	1.2802
1.79	1.2764
1.8	1.2727
1.81	1.2689
1.82	1.2651
1.83	1.2613
1.84	1.2575
1.85	1.2537
1.86	1.2499
1.87	1.2461
1.88	1.2423
1.89	1.2386
1.9	1.2348
1.91	1.231
1.92	1.2272
1.93	1.2235
1.94	1.2197
1.95	1.216
1.96	1.2122
1.97	1.2085
1.98	1.2047
1.99	1.201
2.0	1.1973
2.01	1.1936
2.02	1.1899
2.03	1.1862
2.04	1.1825
2.05	1.1788
2.06	1.1751
2.07	1.1715
2.08	1.1678
2.09	1.1641
2.1	1.1605
2.11	1.1569
2.12	1.1532
2.13	1.1496
2.14	1.146
2.15	1.1424
2.16	1.1389
2.17	1.1353
2.18	1.1318
2.19	1.1282
2.2	1.1247
2.21	1.1212
2.22	1.1177
2.23	1.1142
2.24	1.1107
2.25	1.1073
2.26	1.1039
2.27	1.1004
2.28	1.097
2.29	1.0936
2.3	1.0903
2.31	1.0869
2.32	1.0836
2.33	1.0802
2.34	1.0769
2.35	1.0736
2.36	1.0704
2.37	1.0671
2.38	1.0639
2.39	1.0606
2.4	1.0574
2.41	1.0542
2.42	1.0511
2.43	1.0479
2.44	1.0448
2.45	1.0416
2.46	1.0385
2.47	1.0355
2.48	1.0324
2.49	1.0293
2.5	1.0263
2.51	1.0233
2.52	1.0203
2.53	1.0173
2.54	1.0144
2.55	1.0114
2.56	1.0085
2.57	1.0056
2.58	1.0027
2.59	0.99988
2.6	0.99703
2.61	0.99421
2.62	0.9914
2.63	0.98861
2.64	0.98584
2.65	0.98309
2.66	0.98036
2.67	0.97764
2.68	0.97494
2.69	0.97226
2.7	0.9696
2.71	0.96696
2.72	0.96433
2.73	0.96173
2.74	0.95914
2.75	0.95657
2.76	0.95401
2.77	0.95148
2.78	0.94896
2.79	0.94646
2.8	0.94398
2.81	0.94151
2.82	0.93907
2.83	0.93664
2.84	0.93422
2.85	0.93183
2.86	0.92945
2.87	0.92709
2.88	0.92474
2.89	0.92241
2.9	0.9201
2.91	0.91781
2.92	0.91553
2.93	0.91326
2.94	0.91102
2.95	0.90879
2.96	0.90657
2.97	0.90437
2.98	0.90219
2.99	0.90002
3.0	0.89786
3.01	0.89572
3.02	0.8936
3.03	0.89149
3.04	0.8894
3.05	0.88732
3.06	0.88526
3.07	0.8832
3.08	0.88117
3.09	0.87915
3.1	0.87714
3.11	0.87514
3.12	0.87316
3.13	0.87119
3.14	0.86924
3.15	0.8673
3.16	0.86537
3.17	0.86345
3.18	0.86155
3.19	0.85966
3.2	0.85778
3.21	0.85591
3.22	0.85406
3.23	0.85222
3.24	0.85038
3.25	0.84856
3.26	0.84676
3.27	0.84496
3.28	0.84317
3.29	0.8414
3.3	0.83963
3.31	0.83788
3.32	0.83613
3.33	0.8344
3.34	0.83267
3.35	0.83096
3.36	0.82925
3.37	0.82756
3.38	0.82587
3.39	0.8242
3.4	0.82253
3.41	0.82087
3.42	0.81922
3.43	0.81758
3.44	0.81594
3.45	0.81432
3.46	0.8127
3.47	0.81109
3.48	0.80949
3.49	0.8079
3.5	0.80631
3.51	0.80473
3.52	0.80316
3.53	0.8016
3.54	0.80004
3.55	0.79849
3.56	0.79694
3.57	0.79541
3.58	0.79388
3.59	0.79235
3.6	0.79083
3.61	0.78932
3.62	0.78781
3.63	0.78631
3.64	0.78482
3.65	0.78333
3.66	0.78184
3.67	0.78036
3.68	0.77889
3.69	0.77742
3.7	0.77596
3.71	0.7745
3.72	0.77305
3.73	0.7716
3.74	0.77015
3.75	0.76871
3.76	0.76728
3.77	0.76585
3.78	0.76442
3.79	0.763
3.8	0.76158
3.81	0.76016
3.82	0.75875
3.83	0.75734
3.84	0.75594
3.85	0.75454
3.86	0.75315
3.87	0.75175
3.88	0.75036
3.89	0.74898
3.9	0.7476
3.91	0.74622
3.92	0.74484
3.93	0.74347
3.94	0.7421
3.95	0.74073
3.96	0.73937
3.97	0.73801
3.98	0.73665
3.99	0.73529
4.0	0.73394
4.01	0.73259
4.02	0.73125
4.03	0.7299
4.04	0.72856
4.05	0.72722
4.06	0.72588
4.07	0.72455
4.08	0.72321
4.09	0.72188
4.1	0.72056
4.11	0.71923
4.12	0.71791
4.13	0.71659
4.14	0.71527
4.15	0.71395
4.16	0.71264
4.17	0.71132
4.18	0.71001
4.19	0.7087
4.2	0.7074
4.21	0.70609
4.22	0.70479
4.23	0.70349
4.24	0.70219
4.25	0.70089
4.26	0.69959
4.27	0.6983
4.28	0.69701
4.29	0.69572
4.3	0.69443
4.31	0.69314
4.32	0.69186
4.33	0.69057
4.34	0.68929
4.35	0.68801
4.36	0.68673
4.37	0.68546
4.38	0.68418
4.39	0.68291
4.4	0.68164
4.41	0.68037
4.42	0.6791
4.43	0.67783
4.44	0.67657
4.45	0.6753
4.46	0.67404
4.47	0.67278
4.48	0.67152
4.49	0.67027
4.5	0.66901
4.51	0.66776
4.52	0.6665
4.53	0.66525
4.54	0.66401
4.55	0.66276
4.56	0.66151
4.57	0.66027
4.58	0.65903
4.59	0.65779
4.6	0.65655
4.61	0.65531
4.62	0.65407
4.63	0.65284
4.64	0.65161
4.65	0.65038
4.66	0.64915
4.67	0.64792
4.68	0.6467
4.69	0.64547
4.7	0.64425
4.71	0.64303
4.72	0.64181
4.73	0.6406
4.74	0.63938
4.75	0.63817
4.76	0.63696
4.77	0.63575
4.78	0.63454
4.79	0.63334
4.8	0.63213
4.81	0.63093
4.82	0.62973
4.83	0.62853
4.84	0.62734
4.85	0.62614
4.86	0.62495
4.87	0.62376
4.88	0.62257
4.89	0.62139
4.9	0.6202
4.91	0.61902
4.92	0.61784
4.93	0.61666
4.94	0.61548
4.95	0.61431
4.96	0.61314
4.97	0.61197
4.98	0.6108
4.99	0.60963
5.0	0.60847
5.01	0.60731
5.02	0.60615
5.03	0.60499
5.04	0.60383
5.05	0.60268
5.06	0.60153
5.07	0.60038
5.08	0.59923
5.09	0.59809
5.1	0.59694
5.11	0.5958
5.12	0.59466
5.13	0.59353
5.14	0.59239
5.15	0.59126
5.16	0.59013
5.17	0.589
5.18	0.58788
5.19	0.58675
5.2	0.58563
5.21	0.58452
5.22	0.5834
5.23	0.58228
5.24	0.58117
5.25	0.58006
5.26	0.57895
5.27	0.57785
5.28	0.57675
5.29	0.57565
5.3	0.57455
5.31	0.57345
5.32	0.57236
5.33	0.57126
5.34	0.57017
5.35	0.56909
5.36	0.568
5.37	0.56692
5.38	0.56584
5.39	0.56476
5.4	0.56368
5.41	0.56261
5.42	0.56154
5.43	0.56047
5.44	0.5594
5.45	0.55834
5.46	0.55727
5.47	0.55621
5.48	0.55515
5.49	0.5541
5.5	0.55304
5.51	0.55199
5.52	0.55094
5.53	0.54989
5.54	0.54885
5.55	0.54781
5.56	0.54677
5.57	0.54573
5.58	0.54469
5.59	0.54366
5.6	0.54263
5.61	0.5416
5.62	0.54057
5.63	0.53954
5.64	0.53852
5.65	0.5375
5.66	0.53648
5.67	0.53546
5.68	0.53445
5.69	0.53344
5.7	0.53243
5.71	0.53142
5.72	0.53041
5.73	0.52941
5.74	0.52841
5.75	0.52741
5.76	0.52641
5.77	0.52542
5.78	0.52442
5.79	0.52343
5.8	0.52244
5.81	0.52146
5.82	0.52047
5.83	0.51949
5.84	0.51851
5.85	0.51753
5.86	0.51655
5.87	0.51558
5.88	0.51461
5.89	0.51364
5.9	0.51267
5.91	0.5117
5.92	0.51074
5.93	0.50978
5.94	0.50882
5.95	0.50786
5.96	0.50691
5.97	0.50595
5.98	0.505
5.99	0.50405
6.0	0.5031
6.01	0.50216
6.02	0.50121
6.03	0.50027
6.04	0.49933
6.05	0.49839
6.06	0.49746
6.07	0.49652
6.08	0.49559
6.09	0.49466
6.1	0.49374
6.11	0.49281
6.12	0.49189
6.13	0.49096
6.14	0.49004
6.15	0.48912
6.16	0.48821
6.17	0.48729
6.18	0.48638
6.19	0.48547
6.2	0.48456
6.21	0.48365
6.22	0.48275
6.23	0.48185
6.24	0.48094
6.25	0.48005
6.26	0.47915
6.27	0.47825
6.28	0.47736
6.29	0.47647
6.3	0.47557
6.31	0.47469
6.32	0.4738
6.33	0.47291
6.34	0.47203
6.35	0.47115
6.36	0.47027
6.37	0.46939
6.38	0.46852
6.39	0.46764
6.4	0.46677
6.41	0.4659
6.42	0.46503
6.43	0.46416
6.44	0.4633
6.45	0.46243
6.46	0.46157
6.47	0.46071
6.48	0.45985
6.49	0.459
6.5	0.45814
6.51	0.45729
6.52	0.45644
6.53	0.45559
6.54	0.45474
6.55	0.45389
6.56	0.45304
6.57	0.4522
6.58	0.45136
6.59	0.45052
6.6	0.44968
6.61	0.44884
6.62	0.44801
6.63	0.44717
6.64	0.44634
6.65	0.44551
6.66	0.44468
6.67	0.44386
6.68	0.44303
6.69	0.44221
6.7	0.44138
6.71	0.44056
6.72	0.43974
6.73	0.43893
6.74	0.43811
6.75	0.4373
6.76	0.43648
6.77	0.43567
6.78	0.43486
6.79	0.43405
6.8	0.43325
6.81	0.43244
6.82	0.43164
6.83	0.43084
6.84	0.43003
6.85	0.42924
6.86	0.42844
6.87	0.42764
6.88	0.42685
6.89	0.42605
6.9	0.42526
6.91	0.42447
6.92	0.42368
6.93	0.4229
6.94	0.42211
6.95	0.42133
6.96	0.42055
6.97	0.41977
6.98	0.41899
6.99	0.41821
7.0	0.41743
7.01	0.41666
7.02	0.41588
7.03	0.41511
7.04	0.41434
7.05	0.41357
7.06	0.4128
7.07	0.41204
7.08	0.41127
7.09	0.41051
7.1	0.40975
7.11	0.40899
7.12	0.40823
7.13	0.40747
7.14	0.40672
7.15	0.40596
7.16	0.40521
7.17	0.40446
7.18	0.40371
7.19	0.40296
7.2	0.40221
7.21	0.40147
7.22	0.40072
7.23	0.39998
7.24	0.39924
7.25	0.3985
7.26	0.39776
7.27	0.39702
7.28	0.39629
7.29	0.39555
7.3	0.39482
7.31	0.39409
7.32	0.39336
7.33	0.39263
7.34	0.3919
7.35	0.39118
7.36	0.39046
7.37	0.38973
7.38	0.38901
7.39	0.38829
7.4	0.38757
7.41	0.38686
7.42	0.38614
7.43	0.38543
7.44	0.38471
7.45	0.384
7.46	0.38329
7.47	0.38258
7.48	0.38188
7.49	0.38117
7.5	0.38047
7.51	0.37976
7.52	0.37906
7.53	0.37836
7.54	0.37766
7.55	0.37697
7.56	0.37627
7.57	0.37558
7.58	0.37488
7.59	0.37419
7.6	0.3735
7.61	0.37281
7.62	0.37212
7.63	0.37144
7.64	0.37075
7.65	0.37007
7.66	0.36939
7.67	0.36871
7.68	0.36803
7.69	0.36735
7.7	0.36667
7.71	0.366
7.72	0.36532
7.73	0.36465
7.74	0.36398
7.75	0.36331
7.76	0.36264
7.77	0.36198
7.78	0.36131
7.79	0.36065
7.8	0.35998
7.81	0.35932
7.82	0.35866
7.83	0.358
7.84	0.35734
7.85	0.35669
7.86	0.35603
7.87	0.35538
7.88	0.35473
7.89	0.35408
7.9	0.35343
7.91	0.35278
7.92	0.35213
7.93	0.35149
7.94	0.35084
7.95	0.3502
7.96	0.34956
7.97	0.34892
7.98	0.34828
7.99	0.34764
8.0	0.347
8.01	0.34637
8.02	0.34573
8.03	0.3451
8.04	0.34447
8.05	0.34384
8.06	0.34321
8.07	0.34259
8.08	0.34196
8.09	0.34133
8.1	0.34071
8.11	0.34009
8.12	0.33947
8.13	0.33885
8.14	0.33823
8.15	0.33761
8.16	0.337
8.17	0.33638
8.18	0.33577
8.19	0.33516
8.2	0.33455
8.21	0.33394
8.22	0.33333
8.23	0.33272
8.24	0.33212
8.25	0.33151
8.26	0.33091
8.27	0.33031
8.28	0.32971
8.29	0.32911
8.3	0.32851
8.31	0.32792
8.32	0.32732
8.33	0.32673
8.34	0.32613
8.35	0.32554
8.36	0.32495
8.37	0.32436
8.38	0.32378
8.39	0.32319
8.4	0.32261
8.41	0.32202
8.42	0.32144
8.43	0.32086
8.44	0.32028
8.45	0.3197
8.46	0.31913
8.47	0.31855
8.48	0.31798
8.49	0.31741
8.5	0.31684
8.51	0.31627
8.52	0.3157
8.53	0.31513
8.54	0.31456
8.55	0.31399
8.56	0.31342
8.57	0.31285
8.58	0.31229
8.59	0.31174
8.6	0.3112
8.61	0.31065
8.62	0.31011
8.63	0.30957
8.64	0.30903
8.65	0.30849
8.66	0.30796
8.67	0.30743
8.68	0.30691
8.69	0.30639
8.7	0.30589
8.71	0.30539
8.72	0.30491
8.73	0.30444
8.74	0.30399
8.75	0.30358
8.76	0.3032
8.77	0.30288
8.78	0.30261
8.79	0.30238
8.8	0.30211
8.81	0.30162
8.82	0.30075
8.83	0.29967
8.84	0.29864
8.85	0.29777
8.86	0.29704
8.87	0.29639
8.88	0.2958
8.89	0.29526
8.9	0.29474
8.91	0.29425
8.92	0.29377
8.93	0.29332
8.94	0.2929
8.95	0.29251
8.96	0.29217
8.97	0.29188
8.98	0.29169
8.99	0.29161
9.0	0.2917
9.01	0.29202
9.02	0.29266
9.03	0.29365
9.04	0.29491
9.05	0.29605
9.06	0.29651
9.07	0.29591
9.08	0.29448
9.09	0.29272
9.1	0.29098
9.11	0.28943
9.12	0.28808
9.13	0.28692
9.14	0.2859
9.15	0.28499
9.16	0.28418
9.17	0.28343
9.18	0.28274
9.19	0.28209
9.2	0.28148
9.21	0.2809
9.22	0.28035
9.23	0.27982
9.24	0.27931
9.25	0.2788
9.26	0.27829
9.27	0.27774
9.28	0.27712
9.29	0.2764
9.3	0.27559
9.31	0.27476
9.32	0.27398
9.33	0.27328
9.34	0.27267
9.35	0.2721
9.36	0.27158
9.37	0.27108
9.38	0.27059
9.39	0.27011
9.4	0.26963
9.41	0.26916
9.42	0.26868
9.43	0.26821
9.44	0.26774
9.45	0.26728
9.46	0.26681
9.47	0.26634
9.48	0.26588
9.49	0.26542
9.5	0.26496
9.51	0.26451
9.52	0.26406
9.53	0.26361
9.54	0.26316
9.55	0.2627
9.56	0.26224
9.57	0.26179
9.58	0.26133
9.59	0.26087
9.6	0.26041
9.61	0.25996
9.62	0.25951
9.63	0.25906
9.64	0.25861
9.65	0.25816
9.66	0.25771
9.67	0.25727
9.68	0.25683
9.69	0.25639
9.7	0.25595
9.71	0.2555
9.72	0.25504
9.73	0.25459
9.74	0.25414
9.75	0.2537
9.76	0.25325
9.77	0.25282
9.78	0.25238
9.79	0.25195
9.8	0.25152
9.81	0.25109
9.82	0.25067
9.83	0.25025
9.84	0.24983
9.85	0.24941
9.86	0.24896
9.87	0.24849
9.88	0.24801
9.89	0.24755
9.9	0.24711
9.91	0.24669
9.92	0.24627
9.93	0.24586
9.94	0.24545
9.95	0.24505
9.96	0.24466
9.97	0.24426
9.98	0.2438
9.99	0.24331
10.0	0.24286
10.01	0.24243
10.02	0.24204
10.03	0.24167
10.04	0.24129
10.05	0.24076
10.06	0.24039
10.07	0.23996
10.08	0.23954
10.09	0.23913
10.1	0.23871
10.11	0.2383
10.12	0.23789
10.13	0.23748
10.14	0.23707
10.15	0.23666
10.16	0.23625
10.17	0.23584
10.18	0.23544
10.19	0.23503
10.2	0.23463
10.21	0.23423
10.22	0.23382
10.23	0.23342
10.24	0.23302
10.25	0.23262
10.26	0.23222
10.27	0.23183
10.28	0.23143
10.29	0.23103
10.3	0.23064
10.31	0.23024
10.32	0.22985
10.33	0.22946
10.34	0.22907
10.35	0.22868
10.36	0.22829
10.37	0.2279
10.38	0.22751
10.39	0.22713
10.4	0.22674
10.41	0.22636
10.42	0.22597
10.43	0.22559
10.44	0.22521
10.45	0.22483
10.46	0.22445
10.47	0.22407
10.48	0.22369
10.49	0.22331
10.5	0.22293
10.51	0.22256
10.52	0.22218
10.53	0.22181
10.54	0.22143
10.55	0.22106
10.56	0.22069
10.57	0.22032
10.58	0.21995
10.59	0.21958
10.6	0.21921
10.61	0.21884
10.62	0.21847
10.63	0.21811
10.64	0.21774
10.65	0.21738
10.66	0.21701
10.67	0.21665
10.68	0.21629
10.69	0.21593
10.7	0.21556
10.71	0.2152
10.72	0.21484
10.73	0.21448
10.74	0.21413
10.75	0.21377
10.76	0.21341
10.77	0.21305
10.78	0.2127
10.79	0.21234
10.8	0.21199
10.81	0.21164
10.82	0.21128
10.83	0.21093
10.84	0.21058
10.85	0.21023
10.86	0.20988
10.87	0.20953
10.88	0.20918
10.89	0.20883
10.9	0.20848
10.91	0.20814
10.92	0.20779
10.93	0.20745
10.94	0.2071
10.95	0.20676
10.96	0.20641
10.97	0.20607
10.98	0.20573
10.99	0.20539
11.0	0.20505
11.01	0.20471
11.02	0.20437
11.03	0.20403
11.04	0.20369
11.05	0.20335
11.06	0.20302
11.07	0.20268
11.08	0.20235
11.09	0.20201
11.1	0.20168
11.11	0.20134
11.12	0.20101
11.13	0.20068
11.14	0.20035
11.15	0.20002
11.16	0.19969
11.17	0.19936
11.18	0.19903
11.19	0.1987
11.2	0.19838
11.21	0.19805
11.22	0.19772
11.23	0.1974
11.24	0.19708
11.25	0.19675
11.26	0.19643
11.27	0.19611
11.28	0.19579
11.29	0.19547
11.3	0.19515
11.31	0.19483
11.32	0.19451
11.33	0.19419
11.34	0.19387
11.35	0.19355
11.36	0.19324
11.37	0.19292
11.38	0.19261
11.39	0.1923
11.4	0.19198
11.41	0.19167
11.42	0.19136
11.43	0.19105
11.44	0.19074
11.45	0.19043
11.46	0.19012
11.47	0.18981
11.48	0.1895
11.49	0.18919
11.5	0.18889
11.51	0.18858
11.52	0.18828
11.53	0.18797
11.54	0.18767
11.55	0.18736
11.56	0.18706
11.57	0.18676
11.58	0.18646
11.59	0.18616
11.6	0.18586
11.61	0.18556
11.62	0.18526
11.63	0.18496
11.64	0.18466
11.65	0.18437
11.66	0.18407
11.67	0.18378
11.68	0.18348
11.69	0.18319
11.7	0.18289
11.71	0.1826
11.72	0.18231
11.73	0.18202
11.74	0.18172
11.75	0.18143
11.76	0.18114
11.77	0.18086
11.78	0.18057
11.79	0.18028
11.8	0.17999
11.81	0.17971
11.82	0.17942
11.83	0.17913
11.84	0.17885
11.85	0.17856
11.86	0.17828
11.87	0.178
11.88	0.17772
11.89	0.17743
11.9	0.17715
11.91	0.17687
11.92	0.17659
11.93	0.17631
11.94	0.17603
11.95	0.17576
11.96	0.17548
11.97	0.1752
11.98	0.17493
11.99	0.17465
12.0	0.17437
12.01	0.1741
12.02	0.17383
12.03	0.17355
12.04	0.17328
12.05	0.17301
12.06	0.17273
12.07	0.17246
12.08	0.17219
12.09	0.17192
12.1	0.17165
12.11	0.17138
12.12	0.17112
12.13	0.17085
12.14	0.17058
12.15	0.17031
12.16	0.17005
12.17	0.16978
12.18	0.16952
12.19	0.16925
12.2	0.16899
12.21	0.16873
12.22	0.16846
12.23	0.1682
12.24	0.16794
12.25	0.16768
12.26	0.16742
12.27	0.16716
12.28	0.1669
12.29	0.16664
12.3	0.16638
12.31	0.16612
12.32	0.16586
12.33	0.16561
12.34	0.16535
12.35	0.1651
12.36	0.16484
12.37	0.16459
12.38	0.16433
12.39	0.16408
12.4	0.16382
12.41	0.16357
12.42	0.16332
12.43	0.16307
12.44	0.16282
12.45	0.16257
12.46	0.16232
12.47	0.16207
12.48	0.16182
12.49	0.16157
12.5	0.16132
12.51	0.16107
12.52	0.16082
12.53	0.16058
12.54	0.16033
12.55	0.16009
12.56	0.15984
12.57	0.1596
12.58	0.15935
12.59	0.15911
12.6	0.15886
12.61	0.15862
12.62	0.15838
12.63	0.15814
12.64	0.1579
12.65	0.15766
12.66	0.15742
12.67	0.15718
12.68	0.15694
12.69	0.1567
12.7	0.15646
12.71	0.15622
12.72	0.15598
12.73	0.15575
12.74	0.15551
12.75	0.15527
12.76	0.15504
12.77	0.1548
12.78	0.15457
12.79	0.15433
12.8	0.1541
12.81	0.15387
12.82	0.15363
12.83	0.1534
12.84	0.15317
12.85	0.15294
12.86	0.15271
12.87	0.15248
12.88	0.15225
12.89	0.15202
12.9	0.15179
12.91	0.15156
12.92	0.15133
12.93	0.1511
12.94	0.15088
12.95	0.15065
12.96	0.15042
12.97	0.1502
12.98	0.14997
12.99	0.14975
13.0	0.14952
13.01	0.1493
13.02	0.14907
13.03	0.14885
13.04	0.14863
13.05	0.1484
13.06	0.14818
13.07	0.14796
13.08	0.14774
13.09	0.14752
13.1	0.1473
13.11	0.14708
13.12	0.14686
13.13	0.14664
13.14	0.14642
13.15	0.1462
13.16	0.14599
13.17	0.14577
13.18	0.14555
13.19	0.14534
13.2	0.14512
13.21	0.1449
13.22	0.14469
13.23	0.14447
13.24	0.14426
13.25	0.14404
13.26	0.14383
13.27	0.14362
13.28	0.1434
13.29	0.14319
13.3	0.14298
13.31	0.14277
13.32	0.14256
13.33	0.14235
13.34	0.14214
13.35	0.14193
13.36	0.14172
13.37	0.14151
13.38	0.1413
13.39	0.14109
13.4	0.14088
13.41	0.14068
13.42	0.14047
13.43	0.14026
13.44	0.14006
13.45	0.13985
13.46	0.13964
13.47	0.13944
13.48	0.13923
13.49	0.13903
13.5	0.13883
13.51	0.13862
13.52	0.13842
13.53	0.13822
13.54	0.13801
13.55	0.13781
13.56	0.13761
13.57	0.13741
13.58	0.13721
13.59	0.13701
13.6	0.13681
13.61	0.13661
13.62	0.13641
13.63	0.13621
13.64	0.13601
13.65	0.13581
13.66	0.13561
13.67	0.13542
13.68	0.13522
13.69	0.13502
13.7	0.13483
13.71	0.13463
13.72	0.13443
13.73	0.13424
13.74	0.13404
13.75	0.13385
13.76	0.13366
13.77	0.13346
13.78	0.13327
13.79	0.13308
13.8	0.13288
13.81	0.13269
13.82	0.1325
13.83	0.13231
13.84	0.13212
13.85	0.13193
13.86	0.13174
13.87	0.13155
13.88	0.13136
13.89	0.13117
13.9	0.13098
13.91	0.13079
13.92	0.1306
13.93	0.13041
13.94	0.13023
13.95	0.13004
13.96	0.12985
13.97	0.12967
13.98	0.12948
13.99	0.12929
14.0	0.12911
14.01	0.12892
14.02	0.12874
14.03	0.12855
14.04	0.12837
14.05	0.12819
14.06	0.128
14.07	0.12782
14.08	0.12764
14.09	0.12746
14.1	0.12727
14.11	0.12709
14.12	0.12691
14.13	0.12673
14.14	0.12655
14.15	0.12637
14.16	0.12619
14.17	0.12601
14.18	0.12583
14.19	0.12565
14.2	0.12547
14.21	0.1253
14.22	0.12512
14.23	0.12494
14.24	0.12476
14.25	0.12459
14.26	0.12441
14.27	0.12423
14.28	0.12406
14.29	0.12388
14.3	0.12371
14.31	0.12353
14.32	0.12336
14.33	0.12319
14.34	0.12301
14.35	0.12284
14.36	0.12267
14.37	0.12249
14.38	0.12232
14.39	0.12215
14.4	0.12198
14.41	0.12181
14.42	0.12163
14.43	0.12146
14.44	0.12129
14.45	0.12112
14.46	0.12095
14.47	0.12078
14.48	0.12061
14.49	0.12045
14.5	0.12028
14.51	0.12011
14.52	0.11994
14.53	0.11977
14.54	0.11961
14.55	0.11944
14.56	0.11927
14.57	0.11911
14.58	0.11894
14.59	0.11877
14.6	0.11861
14.61	0.11844
14.62	0.11828
14.63	0.11812
14.64	0.11795
14.65	0.11779
14.66	0.11762
14.67	0.11746
14.68	0.1173
14.69	0.11714
14.7	0.11697
14.71	0.11681
14.72	0.11665
14.73	0.11649
14.74	0.11633
14.75	0.11617
14.76	0.11601
14.77	0.11585
14.78	0.11569
14.79	0.11553
14.8	0.11537
14.81	0.11521
14.82	0.11505
14.83	0.11489
14.84	0.11473
14.85	0.11458
14.86	0.11442
14.87	0.11426
14.88	0.11411
14.89	0.11395
14.9	0.11379
14.91	0.11364
14.92	0.11348
14.93	0.11333
14.94	0.11317
14.95	0.11302
14.96	0.11286
14.97	0.11271
14.98	0.11255
14.99	0.1124
15.0	0.11225
15.01	0.11209
15.02	0.11194
15.03	0.11179
15.04	0.11164
15.05	0.11149
15.06	0.11133
15.07	0.11118
15.08	0.11103
15.09	0.11088
15.1	0.11073
15.11	0.11058
15.12	0.11043
15.13	0.11028
15.14	0.11013
15.15	0.10998
15.16	0.10983
15.17	0.10969
15.18	0.10954
15.19	0.10939
15.2	0.10924
15.21	0.10909
15.22	0.10895
15.23	0.1088
15.24	0.10865
15.25	0.10851
15.26	0.10836
15.27	0.10822
15.28	0.10807
15.29	0.10793
15.3	0.10778
15.31	0.10764
15.32	0.10749
15.33	0.10735
15.34	0.1072
15.35	0.10706
15.36	0.10692
15.37	0.10677
15.38	0.10663
15.39	0.10649
15.4	0.10635
15.41	0.10621
15.42	0.10606
15.43	0.10592
15.44	0.10578
15.45	0.10564
15.46	0.1055
15.47	0.10536
15.48	0.10522
15.49	0.10508
15.5	0.10494
15.51	0.1048
15.52	0.10466
15.53	0.10452
15.54	0.10438
15.55	0.10425
15.56	0.10411
15.57	0.10397
15.58	0.10383
15.59	0.1037
15.6	0.10356
15.61	0.10342
15.62	0.10329
15.63	0.10315
15.64	0.10301
15.65	0.10288
15.66	0.10274
15.67	0.10261
15.68	0.10247
15.69	0.10234
15.7	0.1022
15.71	0.10207
15.72	0.10193
15.73	0.1018
15.74	0.10167
15.75	0.10153
15.76	0.1014
15.77	0.10127
15.78	0.10114
15.79	0.101
15.8	0.10087
15.81	0.10074
15.82	0.10061
15.83	0.10048
15.84	0.10035
15.85	0.10022
15.86	0.10008
15.87	0.099955
15.88	0.099825
15.89	0.099695
15.9	0.099565
15.91	0.099436
15.92	0.099307
15.93	0.099178
15.94	0.099049
15.95	0.098921
15.96	0.098792
15.97	0.098664
15.98	0.098537
15.99	0.098409
16.0	0.098282
16.01	0.098155
16.02	0.098028
16.03	0.097901
16.04	0.097775
16.05	0.097649
16.06	0.097523
16.07	0.097397
16.08	0.097272
16.09	0.097147
16.1	0.097022
16.11	0.096897
16.12	0.096773
16.13	0.096648
16.14	0.096524
16.15	0.0964
16.16	0.096277
16.17	0.096153
16.18	0.09603
16.19	0.095907
16.2	0.095784
16.21	0.095662
16.22	0.09554
16.23	0.095417
16.24	0.095296
16.25	0.095174
16.26	0.095053
16.27	0.094931
16.28	0.09481
16.29	0.09469
16.3	0.094569
16.31	0.094449
16.32	0.094329
16.33	0.094209
16.34	0.094089
16.35	0.09397
16.36	0.09385
16.37	0.093731
16.38	0.093612
16.39	0.093494
16.4	0.093375
16.41	0.093257
16.42	0.093139
16.43	0.093021
16.44	0.092904
16.45	0.092786
16.46	0.092669
16.47	0.092552
16.48	0.092436
16.49	0.092319
16.5	0.092203
16.51	0.092087
16.52	0.091971
16.53	0.091855
16.54	0.09174
16.55	0.091624
16.56	0.091509
16.57	0.091394
16.58	0.09128
16.59	0.091165
16.6	0.091051
16.61	0.090937
16.62	0.090823
16.63	0.090709
16.64	0.090596
16.65	0.090483
16.66	0.090369
16.67	0.090257
16.68	0.090144
16.69	0.090031
16.7	0.089919
16.71	0.089807
16.72	0.089695
16.73	0.089584
16.74	0.089472
16.75	0.089361
16.76	0.08925
16.77	0.089139
16.78	0.089028
16.79	0.088918
16.8	0.088807
16.81	0.088697
16.82	0.088587
16.83	0.088477
16.84	0.088368
16.85	0.088259
16.86	0.088149
16.87	0.08804
16.88	0.087932
16.89	0.087823
16.9	0.087715
16.91	0.087606
16.92	0.087498
16.93	0.087391
16.94	0.087283
16.95	0.087175
16.96	0.087068
16.97	0.086961
16.98	0.086854
16.99	0.086747
17.0	0.086641
17.01	0.086535
17.02	0.086428
17.03	0.086322
17.04	0.086217
17.05	0.086111
17.06	0.086006
17.07	0.0859
17.08	0.085795
17.09	0.08569
17.1	0.085586
17.11	0.085481
17.12	0.085377
17.13	0.085273
17.14	0.085169
17.15	0.085065
17.16	0.084961
17.17	0.084858
17.18	0.084755
17.19	0.084651
17.2	0.084549
17.21	0.084446
17.22	0.084343
17.23	0.084241
17.24	0.084139
17.25	0.084037
17.26	0.083935
17.27	0.083833
17.28	0.083732
17.29	0.08363
17.3	0.083529
17.31	0.083428
17.32	0.083327
17.33	0.083227
17.34	0.083126
17.35	0.083026
17.36	0.082926
17.37	0.082826
17.38	0.082726
17.39	0.082626
17.4	0.082527
17.41	0.082428
17.42	0.082329
17.43	0.08223
17.44	0.082131
17.45	0.082032
17.46	0.081934
17.47	0.081836
17.48	0.081738
17.49	0.08164
17.5	0.081542
17.51	0.081444
17.52	0.081347
17.53	0.08125
17.54	0.081152
17.55	0.081056
17.56	0.080959
17.57	0.080862
17.58	0.080766
17.59	0.080669
17.6	0.080573
17.61	0.080477
17.62	0.080382
17.63	0.080286
17.64	0.08019
17.65	0.080095
17.66	0.08
17.67	0.079905
17.68	0.07981
17.69	0.079716
17.7	0.079621
17.71	0.079527
17.72	0.079432
17.73	0.079338
17.74	0.079245
17.75	0.079151
17.76	0.079057
17.77	0.078964
17.78	0.078871
17.79	0.078778
17.8	0.078685
17.81	0.078592
17.82	0.078499
17.83	0.078407
17.84	0.078314
17.85	0.078222
17.86	0.07813
17.87	0.078038
17.88	0.077947
17.89	0.077855
17.9	0.077764
17.91	0.077673
17.92	0.077581
17.93	0.07749
17.94	0.0774
17.95	0.077309
17.96	0.077219
17.97	0.077128
17.98	0.077038
17.99	0.076948
18.0	0.076858
18.01	0.076768
18.02	0.076679
18.03	0.076589
18.04	0.0765
18.05	0.076411
18.06	0.076322
18.07	0.076233
18.08	0.076144
18.09	0.076056
18.1	0.075967
18.11	0.075879
18.12	0.075791
18.13	0.075703
18.14	0.075615
18.15	0.075528
18.16	0.07544
18.17	0.075353
18.18	0.075265
18.19	0.075178
18.2	0.075091
18.21	0.075005
18.22	0.074918
18.23	0.074831
18.24	0.074745
18.25	0.074659
18.26	0.074573
18.27	0.074487
18.28	0.074401
18.29	0.074315
18.3	0.07423
18.31	0.074144
18.32	0.074059
18.33	0.073974
18.34	0.073889
18.35	0.073804
18.36	0.073719
18.37	0.073635
18.38	0.07355
18.39	0.073466
18.4	0.073382
18.41	0.073298
18.42	0.073214
18.43	0.07313
18.44	0.073047
18.45	0.072963
18.46	0.07288
18.47	0.072797
18.48	0.072714
18.49	0.072631
18.5	0.072548
18.51	0.072465
18.52	0.072383
18.53	0.0723
18.54	0.072218
18.55	0.072136
18.56	0.072054
18.57	0.071972
18.58	0.071891
18.59	0.071809
18.6	0.071727
18.61	0.071646
18.62	0.071565
18.63	0.071484
18.64	0.071403
18.65	0.071322
18.66	0.071242
18.67	0.071161
18.68	0.071081
18.69	0.071
18.7	0.07092
18.71	0.07084
18.72	0.07076
18.73	0.070681
18.74	0.070601
18.75	0.070521
18.76	0.070442
18.77	0.070363
18.78	0.070284
18.79	0.070205
18.8	0.070126
18.81	0.070047
18.82	0.069968
18.83	0.06989
18.84	0.069812
18.85	0.069733
18.86	0.069655
18.87	0.069577
18.88	0.069499
18.89	0.069422
18.9	0.069344
18.91	0.069267
18.92	0.069189
18.93	0.069112
18.94	0.069035
18.95	0.068958
18.96	0.068881
18.97	0.068804
18.98	0.068728
18.99	0.068651
19.0	0.068575
19.01	0.068498
19.02	0.068422
19.03	0.068346
19.04	0.06827
19.05	0.068195
19.06	0.068119
19.07	0.068043
19.08	0.067968
19.09	0.067893
19.1	0.067818
19.11	0.067742
19.12	0.067668
19.13	0.067593
19.14	0.067518
19.15	0.067443
19.16	0.067369
19.17	0.067295
19.18	0.06722
19.19	0.067146
19.2	0.067072
19.21	0.066998
19.22	0.066925
19.23	0.066851
19.24	0.066777
19.25	0.066704
19.26	0.066631
19.27	0.066558
19.28	0.066484
19.29	0.066412
19.3	0.066339
19.31	0.066266
19.32	0.066193
19.33	0.066121
19.34	0.066048
19.35	0.065976
19.36	0.065904
19.37	0.065832
19.38	0.06576
19.39	0.065688
19.4	0.065617
19.41	0.065545
19.42	0.065473
19.43	0.065402
19.44	0.065331
19.45	0.06526
19.46	0.065189
19.47	0.065118
19.48	0.065047
19.49	0.064976
19.5	0.064906
19.51	0.064835
19.52	0.064765
19.53	0.064695
19.54	0.064624
19.55	0.064554
19.56	0.064484
19.57	0.064415
19.58	0.064345
19.59	0.064275
19.6	0.064206
19.61	0.064136
19.62	0.064067
19.63	0.063998
19.64	0.063929
19.65	0.06386
19.66	0.063791
19.67	0.063722
19.68	0.063654
19.69	0.063585
19.7	0.063517
19.71	0.063448
19.72	0.06338
19.73	0.063312
19.74	0.063244
19.75	0.063176
19.76	0.063108
19.77	0.063041
19.78	0.062973
19.79	0.062905
19.8	0.062838
19.81	0.062771
19.82	0.062704
19.83	0.062637
19.84	0.06257
19.85	0.062503
19.86	0.062436
19.87	0.062369
19.88	0.062303
19.89	0.062236
19.9	0.06217
19.91	0.062104
19.92	0.062037
19.93	0.061971
19.94	0.061905
19.95	0.06184
19.96	0.061774
19.97	0.061708
19.98	0.061643
19.99	0.061577
20.0	0.061512
20.01	0.061447
20.02	0.061381
20.03	0.061316
20.04	0.061251
20.05	0.061187
20.06	0.061122
20.07	0.061057
20.08	0.060993
20.09	0.060928
20.1	0.060864
20.11	0.0608
20.12	0.060735
20.13	0.060671
20.14	0.060607
20.15	0.060544
20.16	0.06048
20.17	0.060416
20.18	0.060352
20.19	0.060289
20.2	0.060226
20.21	0.060162
20.22	0.060099
20.23	0.060036
20.24	0.059973
20.25	0.05991
20.26	0.059847
20.27	0.059785
20.28	0.059722
20.29	0.059659
20.3	0.059597
20.31	0.059535
20.32	0.059472
20.33	0.05941
20.34	0.059348
20.35	0.059286
20.36	0.059224
20.37	0.059163
20.38	0.059101
20.39	0.059039
20.4	0.058978
20.41	0.058916
20.42	0.058855
20.43	0.058794
20.44	0.058733
20.45	0.058672
20.46	0.058611
20.47	0.05855
20.48	0.058489
20.49	0.058428
20.5	0.058368
20.51	0.058307
20.52	0.058247
20.53	0.058186
20.54	0.058126
20.55	0.058066
20.56	0.058006
20.57	0.057946
20.58	0.057886
20.59	0.057826
20.6	0.057767
20.61	0.057707
20.62	0.057648
20.63	0.057588
20.64	0.057529
20.65	0.05747
20.66	0.05741
20.67	0.057351
20.68	0.057292
20.69	0.057233
20.7	0.057175
20.71	0.057116
20.72	0.057057
20.73	0.056999
20.74	0.05694
20.75	0.056882
20.76	0.056824
20.77	0.056765
20.78	0.056707
20.79	0.056649
20.8	0.056591
20.81	0.056533
20.82	0.056476
20.83	0.056418
20.84	0.05636
20.85	0.056303
20.86	0.056245
20.87	0.056188
20.88	0.056131
20.89	0.056074
20.9	0.056017
20.91	0.05596
20.92	0.055903
20.93	0.055846
20.94	0.055789
20.95	0.055732
20.96	0.055676
20.97	0.055619
20.98	0.055563
20.99	0.055506
21.0	0.05545
21.01	0.055394
21.02	0.055338
21.03	0.055282
21.04	0.055226
21.05	0.05517
21.06	0.055114
21.07	0.055059
21.08	0.055003
21.09	0.054947
21.1	0.054892
21.11	0.054837
21.12	0.054781
21.13	0.054726
21.14	0.054671
21.15	0.054616
21.16	0.054561
21.17	0.054506
21.18	0.054451
21.19	0.054397
21.2	0.054342
21.21	0.054287
21.22	0.054233
21.23	0.054178
21.24	0.054124
21.25	0.05407
21.26	0.054016
21.27	0.053962
21.28	0.053908
21.29	0.053854
21.3	0.0538
21.31	0.053746
21.32	0.053692
21.33	0.053639
21.34	0.053585
21.35	0.053532
21.36	0.053478
21.37	0.053425
21.38	0.053372
21.39	0.053318
21.4	0.053265
21.41	0.053212
21.42	0.053159
21.43	0.053107
21.44	0.053054
21.45	0.053001
21.46	0.052948
21.47	0.052896
21.48	0.052843
21.49	0.052791
21.5	0.052739
21.51	0.052686
21.52	0.052634
21.53	0.052582
21.54	0.05253
21.55	0.052478
21.56	0.052426
21.57	0.052375
21.58	0.052323
21.59	0.052271
21.6	0.05222
21.61	0.052168
21.62	0.052117
21.63	0.052065
21.64	0.052014
21.65	0.051963
21.66	0.051912
21.67	0.05186
21.68	0.051809
21.69	0.051759
21.7	0.051708
21.71	0.051657
21.72	0.051606
21.73	0.051556
21.74	0.051505
21.75	0.051455
21.76	0.051404
21.77	0.051354
21.78	0.051303
21.79	0.051253
21.8	0.051203
21.81	0.051153
21.82	0.051103
21.83	0.051053
21.84	0.051003
21.85	0.050954
21.86	0.050904
21.87	0.050854
21.88	0.050805
21.89	0.050755
21.9	0.050706
21.91	0.050656
21.92	0.050607
21.93	0.050558
21.94	0.050509
21.95	0.05046
21.96	0.050411
21.97	0.050362
21.98	0.050313
21.99	0.050264
22.0	0.050215
22.01	0.050167
22.02	0.050118
22.03	0.050069
22.04	0.050021
22.05	0.049973
22.06	0.049924
22.07	0.049876
22.08	0.049828
22.09	0.04978
22.1	0.049732
22.11	0.049684
22.12	0.049636
22.13	0.049588
22.14	0.04954
22.15	0.049492
22.16	0.049445
22.17	0.049397
22.18	0.049349
22.19	0.049302
22.2	0.049255
22.21	0.049207
22.22	0.04916
22.23	0.049113
22.24	0.049066
22.25	0.049019
22.26	0.048972
22.27	0.048925
22.28	0.048878
22.29	0.048831
22.3	0.048784
22.31	0.048738
22.32	0.048691
22.33	0.048645
22.34	0.048598
22.35	0.048552
22.36	0.048505
22.37	0.048459
22.38	0.048413
22.39	0.048367
22.4	0.048321
22.41	0.048275
22.42	0.048229
22.43	0.048183
22.44	0.048137
22.45	0.048091
22.46	0.048045
22.47	0.048
22.48	0.047954
22.49	0.047909
22.5	0.047863
22.51	0.047818
22.52	0.047772
22.53	0.047727
22.54	0.047682
22.55	0.047637
22.56	0.047592
22.57	0.047547
22.58	0.047502
22.59	0.047457
22.6	0.047412
22.61	0.047367
22.62	0.047322
22.63	0.047278
22.64	0.047233
22.65	0.047189
22.66	0.047144
22.67	0.0471
22.68	0.047055
22.69	0.047011
22.7	0.046967
22.71	0.046923
22.72	0.046879
22.73	0.046835
22.74	0.046791
22.75	0.046747
22.76	0.046703
22.77	0.046659
22.78	0.046615
22.79	0.046572
22.8	0.046528
22.81	0.046484
22.82	0.046441
22.83	0.046397
22.84	0.046354
22.85	0.046311
22.86	0.046268
22.87	0.046224
22.88	0.046181
22.89	0.046138
22.9	0.046095
22.91	0.046052
22.92	0.046009
22.93	0.045966
22.94	0.045923
22.95	0.045881
22.96	0.045838
22.97	0.045795
22.98	0.045753
22.99	0.04571
23.0	0.045668
23.01	0.045625
23.02	0.045583
23.03	0.045541
23.04	0.045499
23.05	0.045456
23.06	0.045414
23.07	0.045372
23.08	0.04533
23.09	0.045288
23.1	0.045246
23.11	0.045205
23.12	0.045163
23.13	0.045121
23.14	0.045079
23.15	0.045038
23.16	0.044996
23.17	0.044955
23.18	0.044913
23.19	0.044872
23.2	0.044831
23.21	0.044789
23.22	0.044748
23.23	0.044707
23.24	0.044666
23.25	0.044625
23.26	0.044584
23.27	0.044543
23.28	0.044502
23.29	0.044461
23.3	0.04442
23.31	0.04438
23.32	0.044339
23.33	0.044298
23.34	0.044258
23.35	0.044217
23.36	0.044177
23.37	0.044136
23.38	0.044096
23.39	0.044056
23.4	0.044016
23.41	0.043975
23.42	0.043935
23.43	0.043895
23.44	0.043855
23.45	0.043815
23.46	0.043775
23.47	0.043735
23.48	0.043696
23.49	0.043656
23.5	0.043616
23.51	0.043576
23.52	0.043537
23.53	0.043497
23.54	0.043458
23.55	0.043418
23.56	0.043379
23.57	0.04334
23.58	0.0433
23.59	0.043261
23.6	0.043222
23.61	0.043183
23.62	0.043144
23.63	0.043105
23.64	0.043066
23.65	0.043027
23.66	0.042988
23.67	0.042949
23.68	0.04291
23.69	0.042872
23.7	0.042833
23.71	0.042794
23.72	0.042756
23.73	0.042717
23.74	0.042679
23.75	0.04264
23.76	0.042602
23.77	0.042564
23.78	0.042525
23.79	0.042487
23.8	0.042449
23.81	0.042411
23.82	0.042373
23.83	0.042335
23.84	0.042297
23.85	0.042259
23.86	0.042221
23.87	0.042183
23.88	0.042145
23.89	0.042108
23.9	0.04207
23.91	0.042032
23.92	0.041995
23.93	0.041957
23.94	0.04192
23.95	0.041882
23.96	0.041845
23.97	0.041808
23.98	0.04177
23.99	0.041733
24.0	0.041696
24.01	0.041659
24.02	0.041622
24.03	0.041585
24.04	0.041548
24.05	0.041511
24.06	0.041474
24.07	0.041437
24.08	0.0414
24.09	0.041364
24.1	0.041327
24.11	0.04129
24.12	0.041254
24.13	0.041217
24.14	0.041181
24.15	0.041144
24.16	0.041108
24.17	0.041071
24.18	0.041035
24.19	0.040999
24.2	0.040962
24.21	0.040926
24.22	0.04089
24.23	0.040854
24.24	0.040818
24.25	0.040782
24.26	0.040746
24.27	0.04071
24.28	0.040674
24.29	0.040639
24.3	0.040603
24.31	0.040567
24.32	0.040531
24.33	0.040496
24.34	0.04046
24.35	0.040425
24.36	0.040389
24.37	0.040354
24.38	0.040318
24.39	0.040283
24.4	0.040248
24.41	0.040212
24.42	0.040177
24.43	0.040142
24.44	0.040107
24.45	0.040072
24.46	0.040037
24.47	0.040002
24.48	0.039967
24.49	0.039932
24.5	0.039897
24.51	0.039862
24.52	0.039827
24.53	0.039793
24.54	0.039758
24.55	0.039723
24.56	0.039689
24.57	0.039654
24.58	0.03962
24.59	0.039585
24.6	0.039551
24.61	0.039516
24.62	0.039482
24.63	0.039448
24.64	0.039414
24.65	0.039379
24.66	0.039345
24.67	0.039311
24.68	0.039277
24.69	0.039243
24.7	0.039209
24.71	0.039175
24.72	0.039141
24.73	0.039107
24.74	0.039073
24.75	0.03904
24.76	0.039006
24.77	0.038972
24.78	0.038939
24.79	0.038905
24.8	0.038871
24.81	0.038838
24.82	0.038805
24.83	0.038771
24.84	0.038738
24.85	0.038704
24.86	0.038671
24.87	0.038638
24.88	0.038605
24.89	0.038571
24.9	0.038538
24.91	0.038505
24.92	0.038472
24.93	0.038439
24.94	0.038406
24.95	0.038373
24.96	0.03834
24.97	0.038307
24.98	0.038275
24.99	0.038242
25.0	0.038209
25.01	0.038176
25.02	0.038144
25.03	0.038111
25.04	0.038079
25.05	0.038046
25.06	0.038014
25.07	0.037981
25.08	0.037949
25.09	0.037916
25.1	0.037884
25.11	0.037852
25.12	0.03782
25.13	0.037787
25.14	0.037755
25.15	0.037723
25.16	0.037691
25.17	0.037659
25.18	0.037627
25.19	0.037595
25.2	0.037563
25.21	0.037531
25.22	0.037499
25.23	0.037468
25.24	0.037436
25.25	0.037404
25.26	0.037372
25.27	0.037341
25.28	0.037309
25.29	0.037278
25.3	0.037246
25.31	0.037215
25.32	0.037183
25.33	0.037152
25.34	0.03712
25.35	0.037089
25.36	0.037058
25.37	0.037027
25.38	0.036995
25.39	0.036964
25.4	0.036933
25.41	0.036902
25.42	0.036871
25.43	0.03684
25.44	0.036809
25.45	0.036778
25.46	0.036747
25.47	0.036716
25.48	0.036685
25.49	0.036655
25.5	0.036624
25.51	0.036593
25.52	0.036562
25.53	0.036532
25.54	0.036501
25.55	0.036471
25.56	0.03644
25.57	0.03641
25.58	0.036379
25.59	0.036349
25.6	0.036318
25.61	0.036288
25.62	0.036258
25.63	0.036227
25.64	0.036197
25.65	0.036167
25.66	0.036137
25.67	0.036107
25.68	0.036077
25.69	0.036047
25.7	0.036017
25.71	0.035987
25.72	0.035957
25.73	0.035927
25.74	0.035897
25.75	0.035867
25.76	0.035837
25.77	0.035807
25.78	0.035778
25.79	0.035748
25.8	0.035718
25.81	0.035689
25.82	0.035659
25.83	0.03563
25.84	0.0356
25.85	0.035571
25.86	0.035541
25.87	0.035512
25.88	0.035483
25.89	0.035453
25.9	0.035424
25.91	0.035395
25.92	0.035365
25.93	0.035336
25.94	0.035307
25.95	0.035278
25.96	0.035249
25.97	0.03522
25.98	0.035191
25.99	0.035162
26.0	0.035133
26.01	0.035104
26.02	0.035075
26.03	0.035046
26.04	0.035018
26.05	0.034989
26.06	0.03496
26.07	0.034931
26.08	0.034903
26.09	0.034874
26.1	0.034845
26.11	0.034817
26.12	0.034788
26.13	0.03476
26.14	0.034731
26.15	0.034703
26.16	0.034675
26.17	0.034646
26.18	0.034618
26.19	0.03459
26.2	0.034561
26.21	0.034533
26.22	0.034505
26.23	0.034477
26.24	0.034449
26.25	0.034421
26.26	0.034393
26.27	0.034365
26.28	0.034337
26.29	0.034309
26.3	0.034281
26.31	0.034253
26.32	0.034225
26.33	0.034197
26.34	0.03417
26.35	0.034142
26.36	0.034114
26.37	0.034086
26.38	0.034059
26.39	0.034031
26.4	0.034004
26.41	0.033976
26.42	0.033948
26.43	0.033921
26.44	0.033894
26.45	0.033866
26.46	0.033839
26.47	0.033811
26.48	0.033784
26.49	0.033757
26.5	0.033729
26.51	0.033702
26.52	0.033675
26.53	0.033648
26.54	0.033621
26.55	0.033594
26.56	0.033567
26.57	0.03354
26.58	0.033513
26.59	0.033486
26.6	0.033459
26.61	0.033432
26.62	0.033405
26.63	0.033378
26.64	0.033351
26.65	0.033324
26.66	0.033298
26.67	0.033271
26.68	0.033244
26.69	0.033218
26.7	0.033191
26.71	0.033164
26.72	0.033138
26.73	0.033111
26.74	0.033085
26.75	0.033058
26.76	0.033032
26.77	0.033006
26.78	0.032979
26.79	0.032953
26.8	0.032927
26.81	0.0329
26.82	0.032874
26.83	0.032848
26.84	0.032822
26.85	0.032796
26.86	0.032769
26.87	0.032743
26.88	0.032717
26.89	0.032691
26.9	0.032665
26.91	0.032639
26.92	0.032613
26.93	0.032587
26.94	0.032561
26.95	0.032536
26.96	0.03251
26.97	0.032484
26.98	0.032458
26.99	0.032433
27.0	0.032407
27.01	0.032381
27.02	0.032356
27.03	0.03233
27.04	0.032304
27.05	0.032279
27.06	0.032253
27.07	0.032228
27.08	0.032202
27.09	0.032177
27.1	0.032151
27.11	0.032126
27.12	0.032101
27.13	0.032075
27.14	0.03205
27.15	0.032025
27.16	0.032
27.17	0.031974
27.18	0.031949
27.19	0.031924
27.2	0.031899
27.21	0.031874
27.22	0.031849
27.23	0.031824
27.24	0.031799
27.25	0.031774
27.26	0.031749
27.27	0.031724
27.28	0.031699
27.29	0.031674
27.3	0.03165
27.31	0.031625
27.32	0.0316
27.33	0.031575
27.34	0.031551
27.35	0.031526
27.36	0.031501
27.37	0.031477
27.38	0.031452
27.39	0.031427
27.4	0.031403
27.41	0.031378
27.42	0.031354
27.43	0.031329
27.44	0.031305
27.45	0.031281
27.46	0.031256
27.47	0.031232
27.48	0.031208
27.49	0.031183
27.5	0.031159
27.51	0.031135
27.52	0.031111
27.53	0.031086
27.54	0.031062
27.55	0.031038
27.56	0.031014
27.57	0.03099
27.58	0.030966
27.59	0.030942
27.6	0.030918
27.61	0.030894
27.62	0.03087
27.63	0.030846
27.64	0.030822
27.65	0.030798
27.66	0.030775
27.67	0.030751
27.68	0.030727
27.69	0.030703
27.7	0.03068
27.71	0.030656
27.72	0.030632
27.73	0.030609
27.74	0.030585
27.75	0.030561
27.76	0.030538
27.77	0.030514
27.78	0.030491
27.79	0.030467
27.8	0.030444
27.81	0.030421
27.82	0.030397
27.83	0.030374
27.84	0.03035
27.85	0.030327
27.86	0.030304
27.87	0.030281
27.88	0.030257
27.89	0.030234
27.9	0.030211
27.91	0.030188
27.92	0.030165
27.93	0.030142
27.94	0.030119
27.95	0.030095
27.96	0.030072
27.97	0.030049
27.98	0.030026
27.99	0.030004
28.0	0.029981
28.01	0.029958
28.02	0.029935
28.03	0.029912
28.04	0.029889
28.05	0.029866
28.06	0.029844
28.07	0.029821
28.08	0.029798
28.09	0.029775
28.1	0.029753
28.11	0.02973
28.12	0.029708
28.13	0.029685
28.14	0.029662
28.15	0.02964
28.16	0.029617
28.17	0.029595
28.18	0.029572
28.19	0.02955
28.2	0.029528
28.21	0.029505
28.22	0.029483
28.23	0.02946
28.24	0.029438
28.25	0.029416
28.26	0.029394
28.27	0.029371
28.28	0.029349
28.29	0.029327
28.3	0.029305
28.31	0.029283
28.32	0.029261
28.33	0.029238
28.34	0.029216
28.35	0.029194
28.36	0.029172
28.37	0.02915
28.38	0.029128
28.39	0.029106
28.4	0.029085
28.41	0.029063
28.42	0.029041
28.43	0.029019
28.44	0.028997
28.45	0.028975
28.46	0.028954
28.47	0.028932
28.48	0.02891
28.49	0.028888
28.5	0.028867
28.51	0.028845
28.52	0.028823
28.53	0.028802
28.54	0.02878
28.55	0.028759
28.56	0.028737
28.57	0.028716
28.58	0.028694
28.59	0.028673
28.6	0.028651
28.61	0.02863
28.62	0.028608
28.63	0.028587
28.64	0.028566
28.65	0.028544
28.66	0.028523
28.67	0.028502
28.68	0.028481
28.69	0.028459
28.7	0.028438
28.71	0.028417
28.72	0.028396
28.73	0.028375
28.74	0.028354
28.75	0.028332
28.76	0.028311
28.77	0.02829
28.78	0.028269
28.79	0.028248
28.8	0.028227
28.81	0.028206
28.82	0.028185
28.83	0.028165
28.84	0.028144
28.85	0.028123
28.86	0.028102
28.87	0.028081
28.88	0.02806
28.89	0.02804
28.9	0.028019
28.91	0.027998
28.92	0.027977
28.93	0.027957
28.94	0.027936
28.95	0.027915
28.96	0.027895
28.97	0.027874
28.98	0.027854
28.99	0.027833
29.0	0.027813
29.01	0.027792
29.02	0.027772
29.03	0.027751
29.04	0.027731
29.05	0.02771
29.06	0.02769
29.07	0.02767
29.08	0.027649
29.09	0.027629
29.1	0.027609
29.11	0.027588
29.12	0.027568
29.13	0.027548
29.14	0.027528
29.15	0.027507
29.16	0.027487
29.17	0.027467
29.18	0.027447
29.19	0.027427
29.2	0.027407
29.21	0.027387
29.22	0.027367
29.23	0.027347
29.24	0.027327
29.25	0.027307
29.26	0.027287
29.27	0.027267
29.28	0.027247
29.29	0.027227
29.3	0.027207
29.31	0.027187
29.32	0.027168
29.33	0.027148
29.34	0.027128
29.35	0.027108
29.36	0.027089
29.37	0.027069
29.38	0.027049
29.39	0.027029
29.4	0.02701
29.41	0.02699
29.42	0.026971
29.43	0.026951
29.44	0.026931
29.45	0.026912
29.46	0.026892
29.47	0.026873
29.48	0.026853
29.49	0.026834
29.5	0.026814
29.51	0.026795
29.52	0.026776
29.53	0.026756
29.54	0.026737
29.55	0.026717
29.56	0.026698
29.57	0.026679
29.58	0.02666
29.59	0.02664
29.6	0.026621
29.61	0.026602
29.62	0.026583
29.63	0.026564
29.64	0.026544
29.65	0.026525
29.66	0.026506
29.67	0.026487
29.68	0.026468
29.69	0.026449
29.7	0.02643
29.71	0.026411
29.72	0.026392
29.73	0.026373
29.74	0.026354
29.75	0.026335
29.76	0.026316
29.77	0.026297
29.78	0.026278
29.79	0.026259
29.8	0.026241
29.81	0.026222
29.82	0.026203
29.83	0.026184
29.84	0.026165
29.85	0.026147
29.86	0.026128
29.87	0.026109
29.88	0.026091
29.89	0.026072
29.9	0.026053
29.91	0.026035
29.92	0.026016
29.93	0.025998
29.94	0.025979
29.95	0.025961
29.96	0.025942
29.97	0.025923
29.98	0.025905
29.99	0.025887
30.0	0.025868
30.01	0.02585
30.02	0.025831
30.03	0.025813
30.04	0.025795
30.05	0.025776
30.06	0.025758
30.07	0.02574
30.08	0.025721
30.09	0.025703
30.1	0.025685
30.11	0.025667
30.12	0.025648
30.13	0.02563
30.14	0.025612
30.15	0.025594
30.16	0.025576
30.17	0.025558
30.18	0.025539
30.19	0.025521
30.2	0.025503
30.21	0.025485
30.22	0.025467
30.23	0.025449
30.24	0.025431
30.25	0.025413
30.26	0.025395
30.27	0.025377
30.28	0.02536
30.29	0.025342
30.3	0.025324
30.31	0.025306
30.32	0.025288
30.33	0.02527
30.34	0.025253
30.35	0.025235
30.36	0.025217
30.37	0.025199
30.38	0.025182
30.39	0.025164
30.4	0.025146
30.41	0.025128
30.42	0.025111
30.43	0.025093
30.44	0.025076
30.45	0.025058
30.46	0.02504
30.47	0.025023
30.48	0.025005
30.49	0.024988
30.5	0.02497
30.51	0.024953
30.52	0.024935
30.53	0.024918
30.54	0.0249
30.55	0.024883
30.56	0.024866
30.57	0.024848
30.58	0.024831
30.59	0.024814
30.6	0.024796
30.61	0.024779
30.62	0.024762
30.63	0.024744
30.64	0.024727
30.65	0.02471
30.66	0.024693
30.67	0.024676
30.68	0.024658
30.69	0.024641
30.7	0.024624
30.71	0.024607
30.72	0.02459
30.73	0.024573
30.74	0.024556
30.75	0.024539
30.76	0.024522
30.77	0.024505
30.78	0.024488
30.79	0.024471
30.8	0.024454
30.81	0.024437
30.82	0.02442
30.83	0.024403
30.84	0.024386
30.85	0.024369
30.86	0.024352
30.87	0.024335
30.88	0.024318
30.89	0.024302
30.9	0.024285
30.91	0.024268
30.92	0.024251
30.93	0.024235
30.94	0.024218
30.95	0.024201
30.96	0.024184
30.97	0.024168
30.98	0.024151
30.99	0.024134
31.0	0.024118
31.01	0.024101
31.02	0.024085
31.03	0.024068
31.04	0.024051
31.05	0.024035
31.06	0.024018
31.07	0.024002
31.08	0.023985
31.09	0.023969
31.1	0.023952
31.11	0.023936
31.12	0.02392
31.13	0.023903
31.14	0.023887
31.15	0.02387
31.16	0.023854
31.17	0.023838
31.18	0.023821
31.19	0.023805
31.2	0.023789
31.21	0.023773
31.22	0.023756
31.23	0.02374
31.24	0.023724
31.25	0.023708
31.26	0.023691
31.27	0.023675
31.28	0.023659
31.29	0.023643
31.3	0.023627
31.31	0.023611
31.32	0.023595
31.33	0.023578
31.34	0.023562
31.35	0.023546
31.36	0.02353
31.37	0.023514
31.38	0.023498
31.39	0.023482
31.4	0.023466
31.41	0.02345
31.42	0.023435
31.43	0.023419
31.44	0.023403
31.45	0.023387
31.46	0.023371
31.47	0.023355
31.48	0.023339
31.49	0.023323
31.5	0.023308
31.51	0.023292
31.52	0.023276
31.53	0.02326
31.54	0.023245
31.55	0.023229
31.56	0.023213
31.57	0.023197
31.58	0.023182
31.59	0.023166
31.6	0.02315
31.61	0.023135
31.62	0.023119
31.63	0.023104
31.64	0.023088
31.65	0.023072
31.66	0.023057
31.67	0.023041
31.68	0.023026
31.69	0.02301
31.7	0.022995
31.71	0.022979
31.72	0.022964
31.73	0.022948
31.74	0.022933
31.75	0.022918
31.76	0.022902
31.77	0.022887
31.78	0.022871
31.79	0.022856
31.8	0.022841
31.81	0.022825
31.82	0.02281
31.83	0.022795
31.84	0.022779
31.85	0.022764
31.86	0.022749
31.87	0.022734
31.88	0.022718
31.89	0.022703
31.9	0.022688
31.91	0.022673
31.92	0.022658
31.93	0.022643
31.94	0.022627
31.95	0.022612
31.96	0.022597
31.97	0.022582
31.98	0.022567
31.99	0.022552
32.0	0.022537
32.01	0.022522
32.02	0.022507
32.03	0.022492
32.04	0.022477
32.05	0.022462
32.06	0.022447
32.07	0.022432
32.08	0.022417
32.09	0.022402
32.1	0.022387
32.11	0.022373
32.12	0.022358
32.13	0.022343
32.14	0.022328
32.15	0.022313
32.16	0.022298
32.17	0.022284
32.18	0.022269
32.19	0.022254
32.2	0.022239
32.21	0.022225
32.22	0.02221
32.23	0.022195
32.24	0.02218
32.25	0.022166
32.26	0.022151
32.27	0.022136
32.28	0.022122
32.29	0.022107
32.3	0.022093
32.31	0.022078
32.32	0.022063
32.33	0.022049
32.34	0.022034
32.35	0.02202
32.36	0.022005
32.37	0.021991
32.38	0.021976
32.39	0.021962
32.4	0.021947
32.41	0.021933
32.42	0.021919
32.43	0.021904
32.44	0.02189
32.45	0.021875
32.46	0.021861
32.47	0.021847
32.48	0.021832
32.49	0.021818
32.5	0.021804
32.51	0.021789
32.52	0.021775
32.53	0.021761
32.54	0.021746
32.55	0.021732
32.56	0.021718
32.57	0.021704
32.58	0.021689
32.59	0.021675
32.6	0.021661
32.61	0.021647
32.62	0.021633
32.63	0.021619
32.64	0.021605
32.65	0.02159
32.66	0.021576
32.67	0.021562
32.68	0.021548
32.69	0.021534
32.7	0.02152
32.71	0.021506
32.72	0.021492
32.73	0.021478
32.74	0.021464
32.75	0.02145
32.76	0.021436
32.77	0.021422
32.78	0.021408
32.79	0.021394
32.8	0.02138
32.81	0.021366
32.82	0.021353
32.83	0.021339
32.84	0.021325
32.85	0.021311
32.86	0.021297
32.87	0.021283
32.88	0.02127
32.89	0.021256
32.9	0.021242
32.91	0.021228
32.92	0.021214
32.93	0.021201
32.94	0.021187
32.95	0.021173
32.96	0.02116
32.97	0.021146
32.98	0.021132
32.99	0.021119
33.0	0.021105
33.01	0.021091
33.02	0.021078
33.03	0.021064
33.04	0.02105
33.05	0.021037
33.06	0.021023
33.07	0.02101
33.08	0.020996
33.09	0.020983
33.1	0.020969
33.11	0.020956
33.12	0.020942
33.13	0.020929
33.14	0.020915
33.15	0.020902
33.16	0.020888
33.17	0.020875
33.18	0.020861
33.19	0.020848
33.2	0.020835
33.21	0.020821
33.22	0.020808
33.23	0.020795
33.24	0.020781
33.25	0.020768
33.26	0.020755
33.27	0.020741
33.28	0.020728
33.29	0.020715
33.3	0.020701
33.31	0.020688
33.32	0.020675
33.33	0.020662
33.34	0.020649
33.35	0.020635
33.36	0.020622
33.37	0.020609
33.38	0.020596
33.39	0.020583
33.4	0.02057
33.41	0.020556
33.42	0.020543
33.43	0.02053
33.44	0.020517
33.45	0.020504
33.46	0.020491
33.47	0.020478
33.48	0.020465
33.49	0.020452
33.5	0.020439
33.51	0.020426
33.52	0.020413
33.53	0.0204
33.54	0.020387
33.55	0.020374
33.56	0.020361
33.57	0.020348
33.58	0.020335
33.59	0.020322
33.6	0.020309
33.61	0.020297
33.62	0.020284
33.63	0.020271
33.64	0.020258
33.65	0.020245
33.66	0.020232
33.67	0.020219
33.68	0.020207
33.69	0.020194
33.7	0.020181
33.71	0.020168
33.72	0.020156
33.73	0.020143
33.74	0.02013
33.75	0.020117
33.76	0.020105
33.77	0.020092
33.78	0.020079
33.79	0.020067
33.8	0.020054
33.81	0.020041
33.82	0.020029
33.83	0.020016
33.84	0.020004
33.85	0.019991
33.86	0.019978
33.87	0.019966
33.88	0.019953
33.89	0.019941
33.9	0.019928
33.91	0.019916
33.92	0.019903
33.93	0.019891
33.94	0.019878
33.95	0.019866
33.96	0.019853
33.97	0.019841
33.98	0.019828
33.99	0.019816
34.0	0.019804
34.01	0.019791
34.02	0.019779
34.03	0.019766
34.04	0.019754
34.05	0.019742
34.06	0.019729
34.07	0.019717
34.08	0.019705
34.09	0.019692
34.1	0.01968
34.11	0.019668
34.12	0.019655
34.13	0.019643
34.14	0.019631
34.15	0.019619
34.16	0.019606
34.17	0.019594
34.18	0.019582
34.19	0.01957
34.2	0.019558
34.21	0.019545
34.22	0.019533
34.23	0.019521
34.24	0.019509
34.25	0.019497
34.26	0.019485
34.27	0.019473
34.28	0.01946
34.29	0.019448
34.3	0.019436
34.31	0.019424
34.32	0.019412
34.33	0.0194
34.34	0.019388
34.35	0.019376
34.36	0.019364
34.37	0.019352
34.38	0.01934
34.39	0.019328
34.4	0.019316
34.41	0.019304
34.42	0.019292
34.43	0.01928
34.44	0.019268
34.45	0.019256
34.46	0.019245
34.47	0.019233
34.48	0.019221
34.49	0.019209
34.5	0.019197
34.51	0.019185
34.52	0.019173
34.53	0.019161
34.54	0.01915
34.55	0.019138
34.56	0.019126
34.57	0.019114
34.58	0.019103
34.59	0.019091
34.6	0.019079
34.61	0.019067
34.62	0.019056
34.63	0.019044
34.64	0.019032
34.65	0.01902
34.66	0.019009
34.67	0.018997
34.68	0.018985
34.69	0.018974
34.7	0.018962
34.71	0.01895
34.72	0.018939
34.73	0.018927
34.74	0.018916
34.75	0.018904
34.76	0.018892
34.77	0.018881
34.78	0.018869
34.79	0.018858
34.8	0.018846
34.81	0.018835
34.82	0.018823
34.83	0.018812
34.84	0.0188
34.85	0.018789
34.86	0.018777
34.87	0.018766
34.88	0.018754
34.89	0.018743
34.9	0.018731
34.91	0.01872
34.92	0.018709
34.93	0.018697
34.94	0.018686
34.95	0.018674
34.96	0.018663
34.97	0.018652
34.98	0.01864
34.99	0.018629
35.0	0.018618
35.01	0.018606
35.02	0.018595
35.03	0.018584
35.04	0.018572
35.05	0.018561
35.06	0.01855
35.07	0.018539
35.08	0.018527
35.09	0.018516
35.1	0.018505
35.11	0.018494
35.12	0.018482
35.13	0.018471
35.14	0.01846
35.15	0.018449
35.16	0.018438
35.17	0.018427
35.18	0.018415
35.19	0.018404
35.2	0.018393
35.21	0.018382
35.22	0.018371
35.23	0.01836
35.24	0.018349
35.25	0.018338
35.26	0.018327
35.27	0.018316
35.28	0.018304
35.29	0.018293
35.3	0.018282
35.31	0.018271
35.32	0.01826
35.33	0.018249
35.34	0.018238
35.35	0.018227
35.36	0.018216
35.37	0.018205
35.38	0.018195
35.39	0.018184
35.4	0.018173
35.41	0.018162
35.42	0.018151
35.43	0.01814
35.44	0.018129
35.45	0.018118
35.46	0.018107
35.47	0.018096
35.48	0.018086
35.49	0.018075
35.5	0.018064
35.51	0.018053
35.52	0.018042
35.53	0.018031
35.54	0.018021
35.55	0.01801
35.56	0.017999
35.57	0.017988
35.58	0.017978
35.59	0.017967
35.6	0.017956
35.61	0.017945
35.62	0.017935
35.63	0.017924
35.64	0.017913
35.65	0.017902
35.66	0.017892
35.67	0.017881
35.68	0.01787
35.69	0.01786
35.7	0.017849
35.71	0.017839
35.72	0.017828
35.73	0.017817
35.74	0.017807
35.75	0.017796
35.76	0.017785
35.77	0.017775
35.78	0.017764
35.79	0.017754
35.8	0.017743
35.81	0.017733
35.82	0.017722
35.83	0.017712
35.84	0.017701
35.85	0.017691
35.86	0.01768
35.87	0.01767
35.88	0.017659
35.89	0.017649
35.9	0.017638
35.91	0.017628
35.92	0.017617
35.93	0.017607
35.94	0.017596
35.95	0.017586
35.96	0.017576
35.97	0.017565
35.98	0.017555
35.99	0.017545
36.0	0.017534
36.01	0.017524
36.02	0.017513
36.03	0.017503
36.04	0.017493
36.05	0.017482
36.06	0.017472
36.07	0.017462
36.08	0.017452
36.09	0.017441
36.1	0.017431
36.11	0.017421
36.12	0.01741
36.13	0.0174
36.14	0.01739
36.15	0.01738
36.16	0.01737
36.17	0.017359
36.18	0.017349
36.19	0.017339
36.2	0.017329
36.21	0.017319
36.22	0.017308
36.23	0.017298
36.24	0.017288
36.25	0.017278
36.26	0.017268
36.27	0.017258
36.28	0.017248
36.29	0.017237
36.3	0.017227
36.31	0.017217
36.32	0.017207
36.33	0.017197
36.34	0.017187
36.35	0.017177
36.36	0.017167
36.37	0.017157
36.38	0.017147
36.39	0.017137
36.4	0.017127
36.41	0.017117
36.42	0.017107
36.43	0.017097
36.44	0.017087
36.45	0.017077
36.46	0.017067
36.47	0.017057
36.48	0.017047
36.49	0.017037
36.5	0.017027
36.51	0.017017
36.52	0.017007
36.53	0.016997
36.54	0.016988
36.55	0.016978
36.56	0.016968
36.57	0.016958
36.58	0.016948
36.59	0.016938
36.6	0.016928
36.61	0.016919
36.62	0.016909
36.63	0.016899
36.64	0.016889
36.65	0.016879
36.66	0.01687
36.67	0.01686
36.68	0.01685
36.69	0.01684
36.7	0.01683
36.71	0.016821
36.72	0.016811
36.73	0.016801
36.74	0.016792
36.75	0.016782
36.76	0.016772
36.77	0.016762
36.78	0.016753
36.79	0.016743
36.8	0.016733
36.81	0.016724
36.82	0.016714
36.83	0.016704
36.84	0.016695
36.85	0.016685
36.86	0.016676
36.87	0.016666
36.88	0.016656
36.89	0.016647
36.9	0.016637
36.91	0.016628
36.92	0.016618
36.93	0.016608
36.94	0.016599
36.95	0.016589
36.96	0.01658
36.97	0.01657
36.98	0.016561
36.99	0.016551
37.0	0.016542
37.01	0.016532
37.02	0.016523
37.03	0.016513
37.04	0.016504
37.05	0.016494
37.06	0.016485
37.07	0.016475
37.08	0.016466
37.09	0.016457
37.1	0.016447
37.11	0.016438
37.12	0.016428
37.13	0.016419
37.14	0.016409
37.15	0.0164
37.16	0.016391
37.17	0.016381
37.18	0.016372
37.19	0.016363
37.2	0.016353
37.21	0.016344
37.22	0.016335
37.23	0.016325
37.24	0.016316
37.25	0.016307
37.26	0.016297
37.27	0.016288
37.28	0.016279
37.29	0.016269
37.3	0.01626
37.31	0.016251
37.32	0.016242
37.33	0.016232
37.34	0.016223
37.35	0.016214
37.36	0.016205
37.37	0.016196
37.38	0.016186
37.39	0.016177
37.4	0.016168
37.41	0.016159
37.42	0.01615
37.43	0.01614
37.44	0.016131
37.45	0.016122
37.46	0.016113
37.47	0.016104
37.48	0.016095
37.49	0.016086
37.5	0.016076
37.51	0.016067
37.52	0.016058
37.53	0.016049
37.54	0.01604
37.55	0.016031
37.56	0.016022
37.57	0.016013
37.58	0.016004
37.59	0.015995
37.6	0.015986
37.61	0.015977
37.62	0.015968
37.63	0.015959
37.64	0.01595
37.65	0.015941
37.66	0.015932
37.67	0.015923
37.68	0.015914
37.69	0.015905
37.7	0.015896
37.71	0.015887
37.72	0.015878
37.73	0.015869
37.74	0.01586
37.75	0.015851
37.76	0.015842
37.77	0.015833
37.78	0.015824
37.79	0.015816
37.8	0.015807
37.81	0.015798
37.82	0.015789
37.83	0.01578
37.84	0.015771
37.85	0.015762
37.86	0.015753
37.87	0.015745
37.88	0.015736
37.89	0.015727
37.9	0.015718
37.91	0.015709
37.92	0.015701
37.93	0.015692
37.94	0.015683
37.95	0.015674
37.96	0.015665
37.97	0.015657
37.98	0.015648
37.99	0.015639
38.0	0.01563
38.01	0.015622
38.02	0.015613
38.03	0.015604
38.04	0.015596
38.05	0.015587
38.06	0.015578
38.07	0.015569
38.08	0.015561
38.09	0.015552
38.1	0.015543
38.11	0.015535
38.12	0.015526
38.13	0.015518
38.14	0.015509
38.15	0.0155
38.16	0.015492
38.17	0.015483
38.18	0.015474
38.19	0.015466
38.2	0.015457
38.21	0.015449
38.22	0.01544
38.23	0.015431
38.24	0.015423
38.25	0.015414
38.26	0.015406
38.27	0.015397
38.28	0.015389
38.29	0.01538
38.3	0.015372
38.31	0.015363
38.32	0.015355
38.33	0.015346
38.34	0.015338
38.35	0.015329
38.36	0.015321
38.37	0.015312
38.38	0.015304
38.39	0.015295
38.4	0.015287
38.41	0.015278
38.42	0.01527
38.43	0.015261
38.44	0.015253
38.45	0.015245
38.46	0.015236
38.47	0.015228
38.48	0.015219
38.49	0.015211
38.5	0.015203
38.51	0.015194
38.52	0.015186
38.53	0.015177
38.54	0.015169
38.55	0.015161
38.56	0.015152
38.57	0.015144
38.58	0.015136
38.59	0.015127
38.6	0.015119
38.61	0.015111
38.62	0.015102
38.63	0.015094
38.64	0.015086
38.65	0.015078
38.66	0.015069
38.67	0.015061
38.68	0.015053
38.69	0.015045
38.7	0.015036
38.71	0.015028
38.72	0.01502
38.73	0.015012
38.74	0.015003
38.75	0.014995
38.76	0.014987
38.77	0.014979
38.78	0.014971
38.79	0.014962
38.8	0.014954
38.81	0.014946
38.82	0.014938
38.83	0.01493
38.84	0.014922
38.85	0.014913
38.86	0.014905
38.87	0.014897
38.88	0.014889
38.89	0.014881
38.9	0.014873
38.91	0.014865
38.92	0.014856
38.93	0.014848
38.94	0.01484
38.95	0.014832
38.96	0.014824
38.97	0.014816
38.98	0.014808
38.99	0.0148
39.0	0.014792
39.01	0.014784
39.02	0.014776
39.03	0.014768
39.04	0.01476
39.05	0.014752
39.06	0.014744
39.07	0.014736
39.08	0.014728
39.09	0.01472
39.1	0.014712
39.11	0.014704
39.12	0.014696
39.13	0.014688
39.14	0.01468
39.15	0.014672
39.16	0.014664
39.17	0.014656
39.18	0.014648
39.19	0.01464
39.2	0.014632
39.21	0.014624
39.22	0.014616
39.23	0.014609
39.24	0.014601
39.25	0.014593
39.26	0.014585
39.27	0.014577
39.28	0.014569
39.29	0.014561
39.3	0.014553
39.31	0.014546
39.32	0.014538
39.33	0.01453
39.34	0.014522
39.35	0.014514
39.36	0.014506
39.37	0.014499
39.38	0.014491
39.39	0.014483
39.4	0.014475
39.41	0.014467
39.42	0.01446
39.43	0.014452
39.44	0.014444
39.45	0.014436
39.46	0.014428
39.47	0.014421
39.48	0.014413
39.49	0.014405
39.5	0.014397
39.51	0.01439
39.52	0.014382
39.53	0.014374
39.54	0.014367
39.55	0.014359
39.56	0.014351
39.57	0.014344
39.58	0.014336
39.59	0.014328
39.6	0.01432
39.61	0.014313
39.62	0.014305
39.63	0.014298
39.64	0.01429
39.65	0.014282
39.66	0.014275
39.67	0.014267
39.68	0.014259
39.69	0.014252
39.7	0.014244
39.71	0.014236
39.72	0.014229
39.73	0.014221
39.74	0.014214
39.75	0.014206
39.76	0.014199
39.77	0.014191
39.78	0.014183
39.79	0.014176
39.8	0.014168
39.81	0.014161
39.82	0.014153
39.83	0.014146
39.84	0.014138
39.85	0.014131
39.86	0.014123
39.87	0.014116
39.88	0.014108
39.89	0.014101
39.9	0.014093
39.91	0.014086
39.92	0.014078
39.93	0.014071
39.94	0.014063
39.95	0.014056
39.96	0.014048
39.97	0.014041
39.98	0.014033
39.99	0.014026
40.0	0.014019
40.01	0.014011
40.02	0.014004
40.03	0.013996
40.04	0.013989
40.05	0.013981
40.06	0.013974
40.07	0.013967
40.08	0.013959
40.09	0.013952
40.1	0.013945
40.11	0.013937
40.12	0.01393
40.13	0.013922
40.14	0.013915
40.15	0.013908
40.16	0.0139
40.17	0.013893
40.18	0.013886
40.19	0.013878
40.2	0.013871
40.21	0.013864
40.22	0.013856
40.23	0.013849
40.24	0.013842
40.25	0.013835
40.26	0.013827
40.27	0.01382
40.28	0.013813
40.29	0.013805
40.3	0.013798
40.31	0.013791
40.32	0.013784
40.33	0.013776
40.34	0.013769
40.35	0.013762
40.36	0.013755
40.37	0.013748
40.38	0.01374
40.39	0.013733
40.4	0.013726
40.41	0.013719
40.42	0.013712
40.43	0.013704
40.44	0.013697
40.45	0.01369
40.46	0.013683
40.47	0.013676
40.48	0.013669
40.49	0.013661
40.5	0.013654
40.51	0.013647
40.52	0.01364
40.53	0.013633
40.54	0.013626
40.55	0.013619
40.56	0.013611
40.57	0.013604
40.58	0.013597
40.59	0.01359
40.6	0.013583
40.61	0.013576
40.62	0.013569
40.63	0.013562
40.64	0.013555
40.65	0.013548
40.66	0.013541
40.67	0.013534
40.68	0.013527
40.69	0.013519
40.7	0.013512
40.71	0.013505
40.72	0.013498
40.73	0.013491
40.74	0.013484
40.75	0.013477
40.76	0.01347
40.77	0.013463
40.78	0.013456
40.79	0.013449
40.8	0.013442
40.81	0.013435
40.82	0.013428
40.83	0.013421
40.84	0.013414
40.85	0.013408
40.86	0.013401
40.87	0.013394
40.88	0.013387
40.89	0.01338
40.9	0.013373
40.91	0.013366
40.92	0.013359
40.93	0.013352
40.94	0.013345
40.95	0.013338
40.96	0.013331
40.97	0.013324
40.98	0.013318
40.99	0.013311
41.0	0.013304
41.01	0.013297
41.02	0.01329
41.03	0.013283
41.04	0.013276
41.05	0.01327
41.06	0.013263
41.07	0.013256
41.08	0.013249
41.09	0.013242
41.1	0.013235
41.11	0.013229
41.12	0.013222
41.13	0.013215
41.14	0.013208
41.15	0.013201
41.16	0.013195
41.17	0.013188
41.18	0.013181
41.19	0.013174
41.2	0.013167
41.21	0.013161
41.22	0.013154
41.23	0.013147
41.24	0.01314
41.25	0.013134
41.26	0.013127
41.27	0.01312
41.28	0.013113
41.29	0.013107
41.3	0.0131
41.31	0.013093
41.32	0.013087
41.33	0.01308
41.34	0.013073
41.35	0.013066
41.36	0.01306
41.37	0.013053
41.38	0.013046
41.39	0.01304
41.4	0.013033
41.41	0.013026
41.42	0.01302
41.43	0.013013
41.44	0.013006
41.45	0.013
41.46	0.012993
41.47	0.012987
41.48	0.01298
41.49	0.012973
41.5	0.012967
41.51	0.01296
41.52	0.012953
41.53	0.012947
41.54	0.01294
41.55	0.012934
41.56	0.012927
41.57	0.01292
41.58	0.012914
41.59	0.012907
41.6	0.012901
41.61	0.012894
41.62	0.012888
41.63	0.012881
41.64	0.012875
41.65	0.012868
41.66	0.012861
41.67	0.012855
41.68	0.012848
41.69	0.012842
41.7	0.012835
41.71	0.012829
41.72	0.012822
41.73	0.012816
41.74	0.012809
41.75	0.012803
41.76	0.012796
41.77	0.01279
41.78	0.012783
41.79	0.012777
41.8	0.01277
41.81	0.012764
41.82	0.012758
41.83	0.012751
41.84	0.012745
41.85	0.012738
41.86	0.012732
41.87	0.012725
41.88	0.012719
41.89	0.012712
41.9	0.012706
41.91	0.0127
41.92	0.012693
41.93	0.012687
41.94	0.01268
41.95	0.012674
41.96	0.012668
41.97	0.012661
41.98	0.012655
41.99	0.012648
42.0	0.012642
42.01	0.012636
42.02	0.012629
42.03	0.012623
42.04	0.012617
42.05	0.01261
42.06	0.012604
42.07	0.012598
42.08	0.012591
42.09	0.012585
42.1	0.012579
42.11	0.012572
42.12	0.012566
42.13	0.01256
42.14	0.012553
42.15	0.012547
42.16	0.012541
42.17	0.012534
42.18	0.012528
42.19	0.012522
42.2	0.012516
42.21	0.012509
42.22	0.012503
42.23	0.012497
42.24	0.012491
42.25	0.012484
42.26	0.012478
42.27	0.012472
42.28	0.012466
42.29	0.012459
42.3	0.012453
42.31	0.012447
42.32	0.012441
42.33	0.012434
42.34	0.012428
42.35	0.012422
42.36	0.012416
42.37	0.01241
42.38	0.012403
42.39	0.012397
42.4	0.012391
42.41	0.012385
42.42	0.012379
42.43	0.012372
42.44	0.012366
42.45	0.01236
42.46	0.012354
42.47	0.012348
42.48	0.012342
42.49	0.012336
42.5	0.012329
42.51	0.012323
42.52	0.012317
42.53	0.012311
42.54	0.012305
42.55	0.012299
42.56	0.012293
42.57	0.012287
42.58	0.01228
42.59	0.012274
42.6	0.012268
42.61	0.012262
42.62	0.012256
42.63	0.01225
42.64	0.012244
42.65	0.012238
42.66	0.012232
42.67	0.012226
42.68	0.01222
42.69	0.012214
42.7	0.012208
42.71	0.012202
42.72	0.012195
42.73	0.012189
42.74	0.012183
42.75	0.012177
42.76	0.012171
42.77	0.012165
42.78	0.012159
42.79	0.012153
42.8	0.012147
42.81	0.012141
42.82	0.012135
42.83	0.012129
42.84	0.012123
42.85	0.012117
42.86	0.012111
42.87	0.012105
42.88	0.012099
42.89	0.012093
42.9	0.012088
42.91	0.012082
42.92	0.012076
42.93	0.01207
42.94	0.012064
42.95	0.012058
42.96	0.012052
42.97	0.012046
42.98	0.01204
42.99	0.012034
43.0	0.012028
43.01	0.012022
43.02	0.012016
43.03	0.01201
43.04	0.012005
43.05	0.011999
43.06	0.011993
43.07	0.011987
43.08	0.011981
43.09	0.011975
43.1	0.011969
43.11	0.011963
43.12	0.011957
43.13	0.011952
43.14	0.011946
43.15	0.01194
43.16	0.011934
43.17	0.011928
43.18	0.011922
43.19	0.011917
43.2	0.011911
43.21	0.011905
43.22	0.011899
43.23	0.011893
43.24	0.011887
43.25	0.011882
43.26	0.011876
43.27	0.01187
43.28	0.011864
43.29	0.011858
43.3	0.011853
43.31	0.011847
43.32	0.011841
43.33	0.011835
43.34	0.011829
43.35	0.011824
43.36	0.011818
43.37	0.011812
43.38	0.011806
43.39	0.011801
43.4	0.011795
43.41	0.011789
43.42	0.011783
43.43	0.011778
43.44	0.011772
43.45	0.011766
43.46	0.011761
43.47	0.011755
43.48	0.011749
43.49	0.011743
43.5	0.011738
43.51	0.011732
43.52	0.011726
43.53	0.011721
43.54	0.011715
43.55	0.011709
43.56	0.011704
43.57	0.011698
43.58	0.011692
43.59	0.011687
43.6	0.011681
43.61	0.011675
43.62	0.01167
43.63	0.011664
43.64	0.011658
43.65	0.011653
43.66	0.011647
43.67	0.011641
43.68	0.011636
43.69	0.01163
43.7	0.011624
43.71	0.011619
43.72	0.011613
43.73	0.011608
43.74	0.011602
43.75	0.011596
43.76	0.011591
43.77	0.011585
43.78	0.01158
43.79	0.011574
43.8	0.011568
43.81	0.011563
43.82	0.011557
43.83	0.011552
43.84	0.011546
43.85	0.011541
43.86	0.011535
43.87	0.011529
43.88	0.011524
43.89	0.011518
43.9	0.011513
43.91	0.011507
43.92	0.011502
43.93	0.011496
43.94	0.011491
43.95	0.011485
43.96	0.01148
43.97	0.011474
43.98	0.011469
43.99	0.011463
44.0	0.011458
44.01	0.011452
44.02	0.011447
44.03	0.011441
44.04	0.011436
44.05	0.01143
44.06	0.011425
44.07	0.011419
44.08	0.011414
44.09	0.011408
44.1	0.011403
44.11	0.011397
44.12	0.011392
44.13	0.011386
44.14	0.011381
44.15	0.011376
44.16	0.01137
44.17	0.011365
44.18	0.011359
44.19	0.011354
44.2	0.011348
44.21	0.011343
44.22	0.011338
44.23	0.011332
44.24	0.011327
44.25	0.011321
44.26	0.011316
44.27	0.01131
44.28	0.011305
44.29	0.0113
44.3	0.011294
44.31	0.011289
44.32	0.011284
44.33	0.011278
44.34	0.011273
44.35	0.011267
44.36	0.011262
44.37	0.011257
44.38	0.011251
44.39	0.011246
44.4	0.011241
44.41	0.011235
44.42	0.01123
44.43	0.011225
44.44	0.011219
44.45	0.011214
44.46	0.011209
44.47	0.011203
44.48	0.011198
44.49	0.011193
44.5	0.011187
44.51	0.011182
44.52	0.011177
44.53	0.011171
44.54	0.011166
44.55	0.011161
44.56	0.011156
44.57	0.01115
44.58	0.011145
44.59	0.01114
44.6	0.011134
44.61	0.011129
44.62	0.011124
44.63	0.011119
44.64	0.011113
44.65	0.011108
44.66	0.011103
44.67	0.011098
44.68	0.011092
44.69	0.011087
44.7	0.011082
44.71	0.011077
44.72	0.011071
44.73	0.011066
44.74	0.011061
44.75	0.011056
44.76	0.011051
44.77	0.011045
44.78	0.01104
44.79	0.011035
44.8	0.01103
44.81	0.011025
44.82	0.011019
44.83	0.011014
44.84	0.011009
44.85	0.011004
44.86	0.010999
44.87	0.010993
44.88	0.010988
44.89	0.010983
44.9	0.010978
44.91	0.010973
44.92	0.010968
44.93	0.010962
44.94	0.010957
44.95	0.010952
44.96	0.010947
44.97	0.010942
44.98	0.010937
44.99	0.010932
45.0	0.010926
45.01	0.010921
45.02	0.010916
45.03	0.010911
45.04	0.010906
45.05	0.010901
45.06	0.010896
45.07	0.010891
45.08	0.010886
45.09	0.010881
45.1	0.010875
45.11	0.01087
45.12	0.010865
45.13	0.01086
45.14	0.010855
45.15	0.01085
45.16	0.010845
45.17	0.01084
45.18	0.010835
45.19	0.01083
45.2	0.010825
45.21	0.01082
45.22	0.010815
45.23	0.01081
45.24	0.010804
45.25	0.010799
45.26	0.010794
45.27	0.010789
45.28	0.010784
45.29	0.010779
45.3	0.010774
45.31	0.010769
45.32	0.010764
45.33	0.010759
45.34	0.010754
45.35	0.010749
45.36	0.010744
45.37	0.010739
45.38	0.010734
45.39	0.010729
45.4	0.010724
45.41	0.010719
45.42	0.010714
45.43	0.010709
45.44	0.010704
45.45	0.010699
45.46	0.010694
45.47	0.010689
45.48	0.010685
45.49	0.01068
45.5	0.010675
45.51	0.01067
45.52	0.010665
45.53	0.01066
45.54	0.010655
45.55	0.01065
45.56	0.010645
45.57	0.01064
45.58	0.010635
45.59	0.01063
45.6	0.010625
45.61	0.01062
45.62	0.010615
45.63	0.010611
45.64	0.010606
45.65	0.010601
45.66	0.010596
45.67	0.010591
45.68	0.010586
45.69	0.010581
45.7	0.010576
45.71	0.010571
45.72	0.010567
45.73	0.010562
45.74	0.010557
45.75	0.010552
45.76	0.010547
45.77	0.010542
45.78	0.010537
45.79	0.010532
45.8	0.010528
45.81	0.010523
45.82	0.010518
45.83	0.010513
45.84	0.010508
45.85	0.010503
45.86	0.010499
45.87	0.010494
45.88	0.010489
45.89	0.010484
45.9	0.010479
45.91	0.010474
45.92	0.01047
45.93	0.010465
45.94	0.01046
45.95	0.010455
45.96	0.01045
45.97	0.010446
45.98	0.010441
45.99	0.010436
46.0	0.010431
46.01	0.010426
46.02	0.010422
46.03	0.010417
46.04	0.010412
46.05	0.010407
46.06	0.010403
46.07	0.010398
46.08	0.010393
46.09	0.010388
46.1	0.010384
46.11	0.010379
46.12	0.010374
46.13	0.010369
46.14	0.010365
46.15	0.01036
46.16	0.010355
46.17	0.01035
46.18	0.010346
46.19	0.010341
46.2	0.010336
46.21	0.010332
46.22	0.010327
46.23	0.010322
46.24	0.010317
46.25	0.010313
46.26	0.010308
46.27	0.010303
46.28	0.010299
46.29	0.010294
46.3	0.010289
46.31	0.010285
46.32	0.01028
46.33	0.010275
46.34	0.010271
46.35	0.010266
46.36	0.010261
46.37	0.010256
46.38	0.010252
46.39	0.010247
46.4	0.010243
46.41	0.010238
46.42	0.010233
46.43	0.010229
46.44	0.010224
46.45	0.010219
46.46	0.010215
46.47	0.01021
46.48	0.010205
46.49	0.010201
46.5	0.010196
46.51	0.010191
46.52	0.010187
46.53	0.010182
46.54	0.010178
46.55	0.010173
46.56	0.010168
46.57	0.010164
46.58	0.010159
46.59	0.010155
46.6	0.01015
46.61	0.010145
46.62	0.010141
46.63	0.010136
46.64	0.010132
46.65	0.010127
46.66	0.010123
46.67	0.010118
46.68	0.010113
46.69	0.010109
46.7	0.010104
46.71	0.0101
46.72	0.010095
46.73	0.010091
46.74	0.010086
46.75	0.010082
46.76	0.010077
46.77	0.010072
46.78	0.010068
46.79	0.010063
46.8	0.010059
46.81	0.010054
46.82	0.01005
46.83	0.010045
46.84	0.010041
46.85	0.010036
46.86	0.010032
46.87	0.010027
46.88	0.010023
46.89	0.010018
46.9	0.010014
46.91	0.010009
46.92	0.010005
46.93	0.01
46.94	0.0099957
46.95	0.0099912
46.96	0.0099867
46.97	0.0099822
46.98	0.0099777
46.99	0.0099733
47.0	0.0099688
47.01	0.0099643
47.02	0.0099599
47.03	0.0099554
47.04	0.0099509
47.05	0.0099465
47.06	0.009942
47.07	0.0099376
47.08	0.0099331
47.09	0.0099287
47.1	0.0099242
47.11	0.0099198
47.12	0.0099154
47.13	0.0099109
47.14	0.0099065
47.15	0.0099021
47.16	0.0098976
47.17	0.0098932
47.18	0.0098888
47.19	0.0098844
47.2	0.00988
47.21	0.0098756
47.22	0.0098712
47.23	0.0098668
47.24	0.0098624
47.25	0.009858
47.26	0.0098536
47.27	0.0098492
47.28	0.0098448
47.29	0.0098404
47.3	0.009836
47.31	0.0098316
47.32	0.0098272
47.33	0.0098229
47.34	0.0098185
47.35	0.0098141
47.36	0.0098098
47.37	0.0098054
47.38	0.009801
47.39	0.0097967
47.4	0.0097923
47.41	0.009788
47.42	0.0097836
47.43	0.0097793
47.44	0.0097749
47.45	0.0097706
47.46	0.0097663
47.47	0.0097619
47.48	0.0097576
47.49	0.0097533
47.5	0.0097489
47.51	0.0097446
47.52	0.0097403
47.53	0.009736
47.54	0.0097317
47.55	0.0097274
47.56	0.0097231
47.57	0.0097187
47.58	0.0097144
47.59	0.0097101
47.6	0.0097058
47.61	0.0097015
47.62	0.0096973
47.63	0.009693
47.64	0.0096887
47.65	0.0096844
47.66	0.0096801
47.67	0.0096758
47.68	0.0096716
47.69	0.0096673
47.7	0.009663
47.71	0.0096588
47.72	0.0096545
47.73	0.0096502
47.74	0.009646
47.75	0.0096417
47.76	0.0096375
47.77	0.0096332
47.78	0.009629
47.79	0.0096247
47.8	0.0096205
47.81	0.0096163
47.82	0.009612
47.83	0.0096078
47.84	0.0096036
47.85	0.0095993
47.86	0.0095951
47.87	0.0095909
47.88	0.0095867
47.89	0.0095824
47.9	0.0095782
47.91	0.009574
47.92	0.0095698
47.93	0.0095656
47.94	0.0095614
47.95	0.0095572
47.96	0.009553
47.97	0.0095488
47.98	0.0095446
47.99	0.0095404
48.0	0.0095363
48.01	0.0095321
48.02	0.0095279
48.03	0.0095237
48.04	0.0095195
48.05	0.0095154
48.06	0.0095112
48.07	0.009507
48.08	0.0095029
48.09	0.0094987
48.1	0.0094945
48.11	0.0094904
48.12	0.0094862
48.13	0.0094821
48.14	0.0094779
48.15	0.0094738
48.16	0.0094697
48.17	0.0094655
48.18	0.0094614
48.19	0.0094572
48.2	0.0094531
48.21	0.009449
48.22	0.0094449
48.23	0.0094407
48.24	0.0094366
48.25	0.0094325
48.26	0.0094284
48.27	0.0094243
48.28	0.0094202
48.29	0.0094161
48.3	0.0094119
48.31	0.0094078
48.32	0.0094037
48.33	0.0093996
48.34	0.0093956
48.35	0.0093915
48.36	0.0093874
48.37	0.0093833
48.38	0.0093792
48.39	0.0093751
48.4	0.009371
48.41	0.009367
48.42	0.0093629
48.43	0.0093588
48.44	0.0093548
48.45	0.0093507
48.46	0.0093466
48.47	0.0093426
48.48	0.0093385
48.49	0.0093345
48.5	0.0093304
48.51	0.0093264
48.52	0.0093223
48.53	0.0093183
48.54	0.0093142
48.55	0.0093102
48.56	0.0093062
48.57	0.0093021
48.58	0.0092981
48.59	0.0092941
48.6	0.00929
48.61	0.009286
48.62	0.009282
48.63	0.009278
48.64	0.009274
48.65	0.00927
48.66	0.0092659
48.67	0.0092619
48.68	0.0092579
48.69	0.0092539
48.7	0.0092499
48.71	0.0092459
48.72	0.0092419
48.73	0.0092379
48.74	0.009234
48.75	0.00923
48.76	0.009226
48.77	0.009222
48.78	0.009218
48.79	0.0092141
48.8	0.0092101
48.81	0.0092061
48.82	0.0092021
48.83	0.0091982
48.84	0.0091942
48.85	0.0091902
48.86	0.0091863
48.87	0.0091823
48.88	0.0091784
48.89	0.0091744
48.9	0.0091705
48.91	0.0091665
48.92	0.0091626
48.93	0.0091587
48.94	0.0091547
48.95	0.0091508
48.96	0.0091468
48.97	0.0091429
48.98	0.009139
48.99	0.0091351
49.0	0.0091311
49.01	0.0091272
49.02	0.0091233
49.03	0.0091194
49.04	0.0091155
49.05	0.0091116
49.06	0.0091077
49.07	0.0091037
49.08	0.0090998
49.09	0.0090959
49.1	0.009092
49.11	0.0090881
49.12	0.0090843
49.13	0.0090804
49.14	0.0090765
49.15	0.0090726
49.16	0.0090687
49.17	0.0090648
49.18	0.0090609
49.19	0.0090571
49.2	0.0090532
49.21	0.0090493
49.22	0.0090455
49.23	0.0090416
49.24	0.0090377
49.25	0.0090339
49.26	0.00903
49.27	0.0090262
49.28	0.0090223
49.29	0.0090185
49.3	0.0090146
49.31	0.0090108
49.32	0.0090069
49.33	0.0090031
49.34	0.0089992
49.35	0.0089954
49.36	0.0089916
49.37	0.0089877
49.38	0.0089839
49.39	0.0089801
49.4	0.0089763
49.41	0.0089724
49.42	0.0089686
49.43	0.0089648
49.44	0.008961
49.45	0.0089572
49.46	0.0089534
49.47	0.0089496
49.48	0.0089457
49.49	0.0089419
49.5	0.0089381
49.51	0.0089343
49.52	0.0089306
49.53	0.0089268
49.54	0.008923
49.55	0.0089192
49.56	0.0089154
49.57	0.0089116
49.58	0.0089078
49.59	0.0089041
49.6	0.0089003
49.61	0.0088965
49.62	0.0088927
49.63	0.008889
49.64	0.0088852
49.65	0.0088814
49.66	0.0088777
49.67	0.0088739
49.68	0.0088702
49.69	0.0088664
49.7	0.0088627
49.71	0.0088589
49.72	0.0088552
49.73	0.0088514
49.74	0.0088477
49.75	0.0088439
49.76	0.0088402
49.77	0.0088365
49.78	0.0088327
49.79	0.008829
49.8	0.0088253
49.81	0.0088215
49.82	0.0088178
49.83	0.0088141
49.84	0.0088104
49.85	0.0088067
49.86	0.0088029
49.87	0.0087992
49.88	0.0087955
49.89	0.0087918
49.9	0.0087881
49.91	0.0087844
49.92	0.0087807
49.93	0.008777
49.94	0.0087733
49.95	0.0087696
49.96	0.0087659
49.97	0.0087622
49.98	0.0087585
49.99	0.0087549
50.0	0.0087512
