eng	y_fit
0.01	1.6781
0.02	1.2453
0.03	1.0669
0.04	0.97003
0.05	0.91211
0.06	0.87699
0.07	0.85726
0.08	0.84845
0.09	0.84688
0.1	0.85034
0.11	0.85671
0.12	0.86238
0.13	0.86615
0.14	0.86864
0.15	0.86743
0.16	0.86087
0.17	0.85159
0.18	0.84096
0.19	0.82724
0.2	0.8107
0.21	0.79396
0.22	0.77774
0.23	0.76083
0.24	0.7433
0.25	0.72662
0.26	0.71143
0.27	0.69712
0.28	0.68321
0.29	0.67014
0.3	0.65835
0.31	0.64772
0.32	0.63783
0.33	0.62854
0.34	0.62004
0.35	0.61246
0.36	0.60566
0.37	0.59943
0.38	0.59369
0.39	0.58848
0.4	0.58382
0.41	0.57964
0.42	0.57583
0.43	0.57233
0.44	0.56916
0.45	0.56632
0.46	0.56377
0.47	0.56145
0.48	0.55931
0.49	0.55735
0.5	0.55558
0.51	0.55399
0.52	0.55254
0.53	0.55119
0.54	0.54992
0.55	0.54875
0.56	0.54767
0.57	0.54669
0.58	0.54578
0.59	0.54492
0.6	0.54408
0.61	0.54329
0.62	0.54253
0.63	0.54181
0.64	0.54113
0.65	0.54047
0.66	0.53982
0.67	0.53917
0.68	0.53854
0.69	0.53792
0.7	0.53731
0.71	0.53671
0.72	0.53611
0.73	0.53551
0.74	0.53492
0.75	0.53432
0.76	0.53372
0.77	0.53311
0.78	0.53251
0.79	0.53191
0.8	0.53131
0.81	0.5307
0.82	0.53009
0.83	0.52946
0.84	0.52883
0.85	0.5282
0.86	0.52757
0.87	0.52693
0.88	0.52629
0.89	0.52564
0.9	0.52499
0.91	0.52432
0.92	0.52365
0.93	0.52297
0.94	0.52229
0.95	0.52161
0.96	0.52093
0.97	0.52023
0.98	0.51953
0.99	0.51881
1.0	0.51808
1.01	0.51735
1.02	0.51661
1.03	0.51587
1.04	0.51511
1.05	0.51435
1.06	0.51356
1.07	0.51276
1.08	0.51195
1.09	0.51113
1.1	0.5103
1.11	0.50946
1.12	0.5086
1.13	0.50774
1.14	0.50685
1.15	0.50595
1.16	0.50504
1.17	0.50411
1.18	0.50318
1.19	0.50223
1.2	0.50127
1.21	0.5003
1.22	0.49932
1.23	0.49832
1.24	0.49731
1.25	0.49628
1.26	0.49524
1.27	0.4942
1.28	0.49314
1.29	0.49207
1.3	0.49098
1.31	0.48989
1.32	0.48877
1.33	0.48764
1.34	0.4865
1.35	0.48535
1.36	0.48419
1.37	0.48302
1.38	0.48183
1.39	0.48063
1.4	0.47942
1.41	0.4782
1.42	0.47697
1.43	0.47572
1.44	0.47447
1.45	0.47321
1.46	0.47194
1.47	0.47067
1.48	0.46938
1.49	0.46808
1.5	0.46678
1.51	0.46546
1.52	0.46414
1.53	0.46281
1.54	0.46148
1.55	0.46013
1.56	0.45879
1.57	0.45743
1.58	0.45607
1.59	0.45469
1.6	0.45331
1.61	0.45192
1.62	0.45053
1.63	0.44913
1.64	0.44773
1.65	0.44632
1.66	0.4449
1.67	0.44348
1.68	0.44205
1.69	0.44062
1.7	0.43917
1.71	0.43773
1.72	0.43628
1.73	0.43483
1.74	0.43338
1.75	0.43192
1.76	0.43046
1.77	0.429
1.78	0.42753
1.79	0.42606
1.8	0.42459
1.81	0.42312
1.82	0.42164
1.83	0.42016
1.84	0.41869
1.85	0.41721
1.86	0.41572
1.87	0.41424
1.88	0.41276
1.89	0.41127
1.9	0.40978
1.91	0.40829
1.92	0.4068
1.93	0.40532
1.94	0.40383
1.95	0.40234
1.96	0.40085
1.97	0.39936
1.98	0.39787
1.99	0.39638
2.0	0.39489
2.01	0.39341
2.02	0.39192
2.03	0.39044
2.04	0.38896
2.05	0.38748
2.06	0.38601
2.07	0.38453
2.08	0.38306
2.09	0.38159
2.1	0.38012
2.11	0.37865
2.12	0.37719
2.13	0.37574
2.14	0.37428
2.15	0.37283
2.16	0.37139
2.17	0.36994
2.18	0.3685
2.19	0.36707
2.2	0.36563
2.21	0.36421
2.22	0.36278
2.23	0.36137
2.24	0.35995
2.25	0.35855
2.26	0.35714
2.27	0.35574
2.28	0.35435
2.29	0.35296
2.3	0.35158
2.31	0.3502
2.32	0.34883
2.33	0.34746
2.34	0.3461
2.35	0.34475
2.36	0.3434
2.37	0.34206
2.38	0.34073
2.39	0.3394
2.4	0.33808
2.41	0.33676
2.42	0.33545
2.43	0.33415
2.44	0.33286
2.45	0.33157
2.46	0.33029
2.47	0.32901
2.48	0.32775
2.49	0.32649
2.5	0.32524
2.51	0.32399
2.52	0.32275
2.53	0.32152
2.54	0.3203
2.55	0.31908
2.56	0.31788
2.57	0.31668
2.58	0.31548
2.59	0.3143
2.6	0.31312
2.61	0.31195
2.62	0.31079
2.63	0.30963
2.64	0.30849
2.65	0.30735
2.66	0.30622
2.67	0.30509
2.68	0.30398
2.69	0.30287
2.7	0.30177
2.71	0.30068
2.72	0.2996
2.73	0.29852
2.74	0.29745
2.75	0.2964
2.76	0.29534
2.77	0.2943
2.78	0.29326
2.79	0.29224
2.8	0.29122
2.81	0.2902
2.82	0.2892
2.83	0.2882
2.84	0.28721
2.85	0.28623
2.86	0.28526
2.87	0.28429
2.88	0.28333
2.89	0.28238
2.9	0.28144
2.91	0.28051
2.92	0.27958
2.93	0.27866
2.94	0.27775
2.95	0.27684
2.96	0.27595
2.97	0.27506
2.98	0.27418
2.99	0.2733
3.0	0.27243
3.01	0.27157
3.02	0.27072
3.03	0.26988
3.04	0.26904
3.05	0.26821
3.06	0.26738
3.07	0.26657
3.08	0.26576
3.09	0.26495
3.1	0.26416
3.11	0.26337
3.12	0.26259
3.13	0.26181
3.14	0.26104
3.15	0.26028
3.16	0.25953
3.17	0.25878
3.18	0.25804
3.19	0.2573
3.2	0.25657
3.21	0.25585
3.22	0.25513
3.23	0.25442
3.24	0.25372
3.25	0.25302
3.26	0.25233
3.27	0.25164
3.28	0.25096
3.29	0.25029
3.3	0.24962
3.31	0.24895
3.32	0.2483
3.33	0.24764
3.34	0.247
3.35	0.24636
3.36	0.24572
3.37	0.24509
3.38	0.24447
3.39	0.24385
3.4	0.24323
3.41	0.24262
3.42	0.24202
3.43	0.24142
3.44	0.24083
3.45	0.24024
3.46	0.23965
3.47	0.23907
3.48	0.2385
3.49	0.23792
3.5	0.23736
3.51	0.2368
3.52	0.23624
3.53	0.23568
3.54	0.23513
3.55	0.23459
3.56	0.23405
3.57	0.23351
3.58	0.23298
3.59	0.23245
3.6	0.23192
3.61	0.2314
3.62	0.23088
3.63	0.23037
3.64	0.22986
3.65	0.22935
3.66	0.22885
3.67	0.22834
3.68	0.22785
3.69	0.22735
3.7	0.22686
3.71	0.22637
3.72	0.22589
3.73	0.22541
3.74	0.22493
3.75	0.22445
3.76	0.22398
3.77	0.22351
3.78	0.22304
3.79	0.22258
3.8	0.22212
3.81	0.22166
3.82	0.2212
3.83	0.22075
3.84	0.22029
3.85	0.21984
3.86	0.2194
3.87	0.21895
3.88	0.21851
3.89	0.21807
3.9	0.21763
3.91	0.21719
3.92	0.21676
3.93	0.21633
3.94	0.2159
3.95	0.21547
3.96	0.21504
3.97	0.21462
3.98	0.2142
3.99	0.21378
4.0	0.21336
4.01	0.21294
4.02	0.21252
4.03	0.21211
4.04	0.2117
4.05	0.21129
4.06	0.21088
4.07	0.21047
4.08	0.21006
4.09	0.20966
4.1	0.20925
4.11	0.20885
4.12	0.20845
4.13	0.20805
4.14	0.20765
4.15	0.20726
4.16	0.20686
4.17	0.20647
4.18	0.20607
4.19	0.20568
4.2	0.20529
4.21	0.2049
4.22	0.20451
4.23	0.20412
4.24	0.20373
4.25	0.20335
4.26	0.20296
4.27	0.20258
4.28	0.20219
4.29	0.20181
4.3	0.20143
4.31	0.20105
4.32	0.20067
4.33	0.20029
4.34	0.19991
4.35	0.19954
4.36	0.19916
4.37	0.19878
4.38	0.19841
4.39	0.19803
4.4	0.19766
4.41	0.19729
4.42	0.19691
4.43	0.19654
4.44	0.19617
4.45	0.1958
4.46	0.19543
4.47	0.19506
4.48	0.19469
4.49	0.19433
4.5	0.19396
4.51	0.19359
4.52	0.19323
4.53	0.19286
4.54	0.19249
4.55	0.19213
4.56	0.19177
4.57	0.1914
4.58	0.19104
4.59	0.19068
4.6	0.19031
4.61	0.18995
4.62	0.18959
4.63	0.18923
4.64	0.18887
4.65	0.18851
4.66	0.18815
4.67	0.18779
4.68	0.18743
4.69	0.18708
4.7	0.18672
4.71	0.18636
4.72	0.18601
4.73	0.18565
4.74	0.18529
4.75	0.18494
4.76	0.18458
4.77	0.18423
4.78	0.18388
4.79	0.18352
4.8	0.18317
4.81	0.18282
4.82	0.18247
4.83	0.18211
4.84	0.18176
4.85	0.18141
4.86	0.18106
4.87	0.18071
4.88	0.18036
4.89	0.18001
4.9	0.17967
4.91	0.17932
4.92	0.17897
4.93	0.17862
4.94	0.17828
4.95	0.17793
4.96	0.17759
4.97	0.17724
4.98	0.1769
4.99	0.17655
5.0	0.17621
5.01	0.17587
5.02	0.17552
5.03	0.17518
5.04	0.17484
5.05	0.1745
5.06	0.17416
5.07	0.17382
5.08	0.17348
5.09	0.17314
5.1	0.1728
5.11	0.17247
5.12	0.17213
5.13	0.17179
5.14	0.17146
5.15	0.17112
5.16	0.17079
5.17	0.17045
5.18	0.17012
5.19	0.16978
5.2	0.16945
5.21	0.16912
5.22	0.16879
5.23	0.16846
5.24	0.16813
5.25	0.1678
5.26	0.16747
5.27	0.16714
5.28	0.16681
5.29	0.16648
5.3	0.16615
5.31	0.16583
5.32	0.1655
5.33	0.16518
5.34	0.16485
5.35	0.16453
5.36	0.16421
5.37	0.16388
5.38	0.16356
5.39	0.16324
5.4	0.16292
5.41	0.1626
5.42	0.16228
5.43	0.16196
5.44	0.16164
5.45	0.16132
5.46	0.16101
5.47	0.16069
5.48	0.16037
5.49	0.16006
5.5	0.15974
5.51	0.15943
5.52	0.15912
5.53	0.15881
5.54	0.15849
5.55	0.15818
5.56	0.15787
5.57	0.15756
5.58	0.15725
5.59	0.15694
5.6	0.15664
5.61	0.15633
5.62	0.15602
5.63	0.15572
5.64	0.15541
5.65	0.15511
5.66	0.1548
5.67	0.1545
5.68	0.1542
5.69	0.15389
5.7	0.15359
5.71	0.15329
5.72	0.15299
5.73	0.15269
5.74	0.1524
5.75	0.1521
5.76	0.1518
5.77	0.1515
5.78	0.15121
5.79	0.15091
5.8	0.15062
5.81	0.15032
5.82	0.15003
5.83	0.14974
5.84	0.14945
5.85	0.14916
5.86	0.14887
5.87	0.14858
5.88	0.14829
5.89	0.148
5.9	0.14771
5.91	0.14742
5.92	0.14714
5.93	0.14685
5.94	0.14657
5.95	0.14628
5.96	0.146
5.97	0.14572
5.98	0.14543
5.99	0.14515
6.0	0.14487
6.01	0.14459
6.02	0.14431
6.03	0.14403
6.04	0.14375
6.05	0.14348
6.06	0.1432
6.07	0.14292
6.08	0.14265
6.09	0.14237
6.1	0.1421
6.11	0.14182
6.12	0.14155
6.13	0.14128
6.14	0.14101
6.15	0.14074
6.16	0.14046
6.17	0.1402
6.18	0.13993
6.19	0.13966
6.2	0.13939
6.21	0.13912
6.22	0.13886
6.23	0.13859
6.24	0.13832
6.25	0.13806
6.26	0.13779
6.27	0.13753
6.28	0.13727
6.29	0.13701
6.3	0.13674
6.31	0.13648
6.32	0.13622
6.33	0.13596
6.34	0.1357
6.35	0.13545
6.36	0.13519
6.37	0.13493
6.38	0.13467
6.39	0.13442
6.4	0.13416
6.41	0.13391
6.42	0.13365
6.43	0.1334
6.44	0.13314
6.45	0.13289
6.46	0.13264
6.47	0.13239
6.48	0.13214
6.49	0.13189
6.5	0.13164
6.51	0.13139
6.52	0.13114
6.53	0.13089
6.54	0.13064
6.55	0.1304
6.56	0.13015
6.57	0.1299
6.58	0.12966
6.59	0.12941
6.6	0.12917
6.61	0.12893
6.62	0.12868
6.63	0.12844
6.64	0.1282
6.65	0.12796
6.66	0.12772
6.67	0.12747
6.68	0.12723
6.69	0.127
6.7	0.12676
6.71	0.12652
6.72	0.12628
6.73	0.12604
6.74	0.12581
6.75	0.12557
6.76	0.12533
6.77	0.1251
6.78	0.12486
6.79	0.12463
6.8	0.1244
6.81	0.12416
6.82	0.12393
6.83	0.1237
6.84	0.12347
6.85	0.12324
6.86	0.12301
6.87	0.12277
6.88	0.12255
6.89	0.12232
6.9	0.12209
6.91	0.12186
6.92	0.12163
6.93	0.1214
6.94	0.12118
6.95	0.12095
6.96	0.12073
6.97	0.1205
6.98	0.12028
6.99	0.12005
7.0	0.11983
7.01	0.1196
7.02	0.11938
7.03	0.11916
7.04	0.11894
7.05	0.11871
7.06	0.11849
7.07	0.11827
7.08	0.11805
7.09	0.11783
7.1	0.11761
7.11	0.11739
7.12	0.11718
7.13	0.11696
7.14	0.11674
7.15	0.11652
7.16	0.11631
7.17	0.11609
7.18	0.11588
7.19	0.11566
7.2	0.11544
7.21	0.11523
7.22	0.11502
7.23	0.1148
7.24	0.11459
7.25	0.11438
7.26	0.11417
7.27	0.11395
7.28	0.11374
7.29	0.11353
7.3	0.11332
7.31	0.11311
7.32	0.1129
7.33	0.11269
7.34	0.11248
7.35	0.11227
7.36	0.11207
7.37	0.11186
7.38	0.11165
7.39	0.11145
7.4	0.11124
7.41	0.11103
7.42	0.11083
7.43	0.11062
7.44	0.11042
7.45	0.11021
7.46	0.11001
7.47	0.10981
7.48	0.1096
7.49	0.1094
7.5	0.1092
7.51	0.109
7.52	0.1088
7.53	0.10859
7.54	0.10839
7.55	0.10819
7.56	0.10799
7.57	0.1078
7.58	0.1076
7.59	0.1074
7.6	0.1072
7.61	0.107
7.62	0.1068
7.63	0.10661
7.64	0.10641
7.65	0.10622
7.66	0.10602
7.67	0.10582
7.68	0.10563
7.69	0.10544
7.7	0.10524
7.71	0.10505
7.72	0.10485
7.73	0.10466
7.74	0.10447
7.75	0.10428
7.76	0.10408
7.77	0.10389
7.78	0.1037
7.79	0.10351
7.8	0.10332
7.81	0.10313
7.82	0.10294
7.83	0.10275
7.84	0.10257
7.85	0.10238
7.86	0.10219
7.87	0.102
7.88	0.10182
7.89	0.10163
7.9	0.10144
7.91	0.10126
7.92	0.10107
7.93	0.10089
7.94	0.1007
7.95	0.10052
7.96	0.10033
7.97	0.10015
7.98	0.099966
7.99	0.099783
8.0	0.099601
8.01	0.099419
8.02	0.099237
8.03	0.099056
8.04	0.098875
8.05	0.098694
8.06	0.098514
8.07	0.098334
8.08	0.098155
8.09	0.097976
8.1	0.097797
8.11	0.097619
8.12	0.097441
8.13	0.097263
8.14	0.097086
8.15	0.096909
8.16	0.096733
8.17	0.096557
8.18	0.096381
8.19	0.096206
8.2	0.096031
8.21	0.095856
8.22	0.095682
8.23	0.095508
8.24	0.095335
8.25	0.095162
8.26	0.094989
8.27	0.094816
8.28	0.094644
8.29	0.094472
8.3	0.0943
8.31	0.094129
8.32	0.093958
8.33	0.093788
8.34	0.093619
8.35	0.093449
8.36	0.09328
8.37	0.093111
8.38	0.092943
8.39	0.092775
8.4	0.092608
8.41	0.092441
8.42	0.092274
8.43	0.092107
8.44	0.091941
8.45	0.091776
8.46	0.091611
8.47	0.091446
8.48	0.091282
8.49	0.091118
8.5	0.090954
8.51	0.090791
8.52	0.090627
8.53	0.090462
8.54	0.090296
8.55	0.09013
8.56	0.089965
8.57	0.089802
8.58	0.089639
8.59	0.089477
8.6	0.089316
8.61	0.089156
8.62	0.088995
8.63	0.088836
8.64	0.088676
8.65	0.088517
8.66	0.088359
8.67	0.088201
8.68	0.088043
8.69	0.087886
8.7	0.087729
8.71	0.087573
8.72	0.087417
8.73	0.087263
8.74	0.087109
8.75	0.086957
8.76	0.086807
8.77	0.086657
8.78	0.086508
8.79	0.086359
8.8	0.086208
8.81	0.086057
8.82	0.085905
8.83	0.085755
8.84	0.085605
8.85	0.085456
8.86	0.085309
8.87	0.085164
8.88	0.085021
8.89	0.084881
8.9	0.084745
8.91	0.084613
8.92	0.084487
8.93	0.084369
8.94	0.084262
8.95	0.08417
8.96	0.084095
8.97	0.084039
8.98	0.083992
8.99	0.083925
9.0	0.083803
9.01	0.08361
9.02	0.083372
9.03	0.083127
9.04	0.082895
9.05	0.082682
9.06	0.082486
9.07	0.082304
9.08	0.082132
9.09	0.081968
9.1	0.081811
9.11	0.081659
9.12	0.081512
9.13	0.081371
9.14	0.081234
9.15	0.081104
9.16	0.080979
9.17	0.080855
9.18	0.080724
9.19	0.080574
9.2	0.080406
9.21	0.080232
9.22	0.080062
9.23	0.079901
9.24	0.079746
9.25	0.079598
9.26	0.079454
9.27	0.079313
9.28	0.079176
9.29	0.079043
9.3	0.078914
9.31	0.078792
9.32	0.078675
9.33	0.078563
9.34	0.07844
9.35	0.07829
9.36	0.078116
9.37	0.077943
9.38	0.07778
9.39	0.077626
9.4	0.077479
9.41	0.077336
9.42	0.077196
9.43	0.077057
9.44	0.07692
9.45	0.076784
9.46	0.076649
9.47	0.076515
9.48	0.076381
9.49	0.076247
9.5	0.076113
9.51	0.07598
9.52	0.075847
9.53	0.075714
9.54	0.075581
9.55	0.075449
9.56	0.075318
9.57	0.075186
9.58	0.075055
9.59	0.074925
9.6	0.074794
9.61	0.074664
9.62	0.074535
9.63	0.074405
9.64	0.074276
9.65	0.074148
9.66	0.074019
9.67	0.073891
9.68	0.073763
9.69	0.073636
9.7	0.073509
9.71	0.073382
9.72	0.073255
9.73	0.073129
9.74	0.073003
9.75	0.072877
9.76	0.072752
9.77	0.072627
9.78	0.072502
9.79	0.072377
9.8	0.072252
9.81	0.072128
9.82	0.072004
9.83	0.07188
9.84	0.071757
9.85	0.071633
9.86	0.07151
9.87	0.071387
9.88	0.071265
9.89	0.071142
9.9	0.07102
9.91	0.070898
9.92	0.070776
9.93	0.070655
9.94	0.070533
9.95	0.070412
9.96	0.070291
9.97	0.070171
9.98	0.07005
9.99	0.06993
10.0	0.06981
10.01	0.069691
10.02	0.069571
10.03	0.069452
10.04	0.069333
10.05	0.069214
10.06	0.069095
10.07	0.068977
10.08	0.068859
10.09	0.068741
10.1	0.068624
10.11	0.068506
10.12	0.068389
10.13	0.068272
10.14	0.068156
10.15	0.068039
10.16	0.067923
10.17	0.067807
10.18	0.067691
10.19	0.067576
10.2	0.067461
10.21	0.067346
10.22	0.067231
10.23	0.067116
10.24	0.067002
10.25	0.066888
10.26	0.066774
10.27	0.066661
10.28	0.066548
10.29	0.066434
10.3	0.066322
10.31	0.066209
10.32	0.066097
10.33	0.065985
10.34	0.065873
10.35	0.065761
10.36	0.06565
10.37	0.065539
10.38	0.065428
10.39	0.065317
10.4	0.065206
10.41	0.065096
10.42	0.064986
10.43	0.064877
10.44	0.064767
10.45	0.064658
10.46	0.064549
10.47	0.06444
10.48	0.064331
10.49	0.064223
10.5	0.064115
10.51	0.064007
10.52	0.063899
10.53	0.063792
10.54	0.063685
10.55	0.063578
10.56	0.063471
10.57	0.063365
10.58	0.063258
10.59	0.063152
10.6	0.063047
10.61	0.062941
10.62	0.062836
10.63	0.062731
10.64	0.062626
10.65	0.062521
10.66	0.062417
10.67	0.062313
10.68	0.062209
10.69	0.062105
10.7	0.062001
10.71	0.061898
10.72	0.061795
10.73	0.061692
10.74	0.06159
10.75	0.061487
10.76	0.061385
10.77	0.061283
10.78	0.061181
10.79	0.06108
10.8	0.060979
10.81	0.060878
10.82	0.060777
10.83	0.060676
10.84	0.060576
10.85	0.060476
10.86	0.060376
10.87	0.060276
10.88	0.060176
10.89	0.060077
10.9	0.059978
10.91	0.059879
10.92	0.05978
10.93	0.059682
10.94	0.059583
10.95	0.059485
10.96	0.059388
10.97	0.05929
10.98	0.059192
10.99	0.059095
11.0	0.058998
11.01	0.058901
11.02	0.058804
11.03	0.058708
11.04	0.058612
11.05	0.058516
11.06	0.05842
11.07	0.058324
11.08	0.058228
11.09	0.058133
11.1	0.058038
11.11	0.057943
11.12	0.057848
11.13	0.057754
11.14	0.057659
11.15	0.057565
11.16	0.057471
11.17	0.057377
11.18	0.057284
11.19	0.05719
11.2	0.057097
11.21	0.057004
11.22	0.056911
11.23	0.056819
11.24	0.056726
11.25	0.056634
11.26	0.056542
11.27	0.05645
11.28	0.056358
11.29	0.056266
11.3	0.056175
11.31	0.056084
11.32	0.055993
11.33	0.055902
11.34	0.055811
11.35	0.055721
11.36	0.055631
11.37	0.055541
11.38	0.055451
11.39	0.055361
11.4	0.055271
11.41	0.055182
11.42	0.055093
11.43	0.055004
11.44	0.054915
11.45	0.054826
11.46	0.054738
11.47	0.05465
11.48	0.054562
11.49	0.054474
11.5	0.054386
11.51	0.054299
11.52	0.054211
11.53	0.054124
11.54	0.054037
11.55	0.05395
11.56	0.053864
11.57	0.053777
11.58	0.053691
11.59	0.053605
11.6	0.053519
11.61	0.053433
11.62	0.053348
11.63	0.053262
11.64	0.053177
11.65	0.053092
11.66	0.053008
11.67	0.052923
11.68	0.052838
11.69	0.052754
11.7	0.05267
11.71	0.052586
11.72	0.052502
11.73	0.052419
11.74	0.052335
11.75	0.052252
11.76	0.052169
11.77	0.052086
11.78	0.052004
11.79	0.051921
11.8	0.051839
11.81	0.051757
11.82	0.051675
11.83	0.051593
11.84	0.051511
11.85	0.05143
11.86	0.051348
11.87	0.051267
11.88	0.051186
11.89	0.051105
11.9	0.051025
11.91	0.050944
11.92	0.050864
11.93	0.050784
11.94	0.050704
11.95	0.050624
11.96	0.050545
11.97	0.050465
11.98	0.050386
11.99	0.050307
12.0	0.050228
12.01	0.050149
12.02	0.05007
12.03	0.049992
12.04	0.049914
12.05	0.049836
12.06	0.049758
12.07	0.04968
12.08	0.049602
12.09	0.049525
12.1	0.049448
12.11	0.04937
12.12	0.049294
12.13	0.049217
12.14	0.04914
12.15	0.049064
12.16	0.048987
12.17	0.048911
12.18	0.048835
12.19	0.048759
12.2	0.048684
12.21	0.048608
12.22	0.048533
12.23	0.048458
12.24	0.048383
12.25	0.048308
12.26	0.048233
12.27	0.048158
12.28	0.048084
12.29	0.04801
12.3	0.047936
12.31	0.047862
12.32	0.047788
12.33	0.047714
12.34	0.047641
12.35	0.047567
12.36	0.047494
12.37	0.047421
12.38	0.047348
12.39	0.047275
12.4	0.047203
12.41	0.04713
12.42	0.047058
12.43	0.046986
12.44	0.046914
12.45	0.046842
12.46	0.046771
12.47	0.046699
12.48	0.046628
12.49	0.046556
12.5	0.046485
12.51	0.046414
12.52	0.046344
12.53	0.046273
12.54	0.046202
12.55	0.046132
12.56	0.046062
12.57	0.045992
12.58	0.045922
12.59	0.045852
12.6	0.045782
12.61	0.045713
12.62	0.045643
12.63	0.045574
12.64	0.045505
12.65	0.045436
12.66	0.045367
12.67	0.045298
12.68	0.04523
12.69	0.045161
12.7	0.045093
12.71	0.045025
12.72	0.044957
12.73	0.044889
12.74	0.044821
12.75	0.044754
12.76	0.044686
12.77	0.044619
12.78	0.044552
12.79	0.044485
12.8	0.044418
12.81	0.044351
12.82	0.044284
12.83	0.044218
12.84	0.044151
12.85	0.044085
12.86	0.044019
12.87	0.043953
12.88	0.043887
12.89	0.043821
12.9	0.043756
12.91	0.04369
12.92	0.043625
12.93	0.043559
12.94	0.043494
12.95	0.043429
12.96	0.043365
12.97	0.0433
12.98	0.043235
12.99	0.043171
13.0	0.043106
13.01	0.043042
13.02	0.042978
13.03	0.042914
13.04	0.04285
13.05	0.042786
13.06	0.042723
13.07	0.042659
13.08	0.042596
13.09	0.042533
13.1	0.04247
13.11	0.042407
13.12	0.042344
13.13	0.042281
13.14	0.042218
13.15	0.042156
13.16	0.042094
13.17	0.042031
13.18	0.041969
13.19	0.041907
13.2	0.041845
13.21	0.041783
13.22	0.041722
13.23	0.04166
13.24	0.041599
13.25	0.041538
13.26	0.041476
13.27	0.041415
13.28	0.041354
13.29	0.041294
13.3	0.041233
13.31	0.041172
13.32	0.041112
13.33	0.041052
13.34	0.040991
13.35	0.040931
13.36	0.040871
13.37	0.040811
13.38	0.040752
13.39	0.040692
13.4	0.040632
13.41	0.040573
13.42	0.040514
13.43	0.040454
13.44	0.040395
13.45	0.040336
13.46	0.040277
13.47	0.040219
13.48	0.04016
13.49	0.040102
13.5	0.040043
13.51	0.039985
13.52	0.039927
13.53	0.039869
13.54	0.039811
13.55	0.039753
13.56	0.039695
13.57	0.039637
13.58	0.03958
13.59	0.039522
13.6	0.039465
13.61	0.039408
13.62	0.039351
13.63	0.039294
13.64	0.039237
13.65	0.03918
13.66	0.039124
13.67	0.039067
13.68	0.039011
13.69	0.038954
13.7	0.038898
13.71	0.038842
13.72	0.038786
13.73	0.03873
13.74	0.038674
13.75	0.038618
13.76	0.038563
13.77	0.038507
13.78	0.038452
13.79	0.038397
13.8	0.038341
13.81	0.038286
13.82	0.038231
13.83	0.038176
13.84	0.038122
13.85	0.038067
13.86	0.038012
13.87	0.037958
13.88	0.037904
13.89	0.037849
13.9	0.037795
13.91	0.037741
13.92	0.037687
13.93	0.037633
13.94	0.037579
13.95	0.037526
13.96	0.037472
13.97	0.037419
13.98	0.037365
13.99	0.037312
14.0	0.037259
14.01	0.037206
14.02	0.037153
14.03	0.0371
14.04	0.037047
14.05	0.036995
14.06	0.036942
14.07	0.03689
14.08	0.036837
14.09	0.036785
14.1	0.036733
14.11	0.036681
14.12	0.036629
14.13	0.036577
14.14	0.036525
14.15	0.036473
14.16	0.036422
14.17	0.03637
14.18	0.036319
14.19	0.036268
14.2	0.036217
14.21	0.036165
14.22	0.036114
14.23	0.036064
14.24	0.036013
14.25	0.035962
14.26	0.035911
14.27	0.035861
14.28	0.03581
14.29	0.03576
14.3	0.03571
14.31	0.03566
14.32	0.03561
14.33	0.03556
14.34	0.03551
14.35	0.03546
14.36	0.03541
14.37	0.035361
14.38	0.035311
14.39	0.035262
14.4	0.035213
14.41	0.035163
14.42	0.035114
14.43	0.035065
14.44	0.035016
14.45	0.034968
14.46	0.034919
14.47	0.03487
14.48	0.034822
14.49	0.034773
14.5	0.034725
14.51	0.034677
14.52	0.034628
14.53	0.03458
14.54	0.034532
14.55	0.034484
14.56	0.034437
14.57	0.034389
14.58	0.034341
14.59	0.034294
14.6	0.034246
14.61	0.034199
14.62	0.034152
14.63	0.034104
14.64	0.034057
14.65	0.03401
14.66	0.033963
14.67	0.033916
14.68	0.03387
14.69	0.033823
14.7	0.033777
14.71	0.03373
14.72	0.033684
14.73	0.033637
14.74	0.033591
14.75	0.033545
14.76	0.033499
14.77	0.033453
14.78	0.033407
14.79	0.033361
14.8	0.033316
14.81	0.03327
14.82	0.033224
14.83	0.033179
14.84	0.033134
14.85	0.033088
14.86	0.033043
14.87	0.032998
14.88	0.032953
14.89	0.032908
14.9	0.032863
14.91	0.032818
14.92	0.032774
14.93	0.032729
14.94	0.032685
14.95	0.03264
14.96	0.032596
14.97	0.032551
14.98	0.032507
14.99	0.032463
15.0	0.032419
15.01	0.032375
15.02	0.032331
15.03	0.032288
15.04	0.032244
15.05	0.0322
15.06	0.032157
15.07	0.032113
15.08	0.03207
15.09	0.032027
15.1	0.031983
15.11	0.03194
15.12	0.031897
15.13	0.031854
15.14	0.031811
15.15	0.031769
15.16	0.031726
15.17	0.031683
15.18	0.031641
15.19	0.031598
15.2	0.031556
15.21	0.031513
15.22	0.031471
15.23	0.031429
15.24	0.031387
15.25	0.031345
15.26	0.031303
15.27	0.031261
15.28	0.031219
15.29	0.031177
15.3	0.031136
15.31	0.031094
15.32	0.031053
15.33	0.031011
15.34	0.03097
15.35	0.030929
15.36	0.030888
15.37	0.030847
15.38	0.030806
15.39	0.030765
15.4	0.030724
15.41	0.030683
15.42	0.030642
15.43	0.030602
15.44	0.030561
15.45	0.030521
15.46	0.03048
15.47	0.03044
15.48	0.030399
15.49	0.030359
15.5	0.030319
15.51	0.030279
15.52	0.030239
15.53	0.030199
15.54	0.030159
15.55	0.03012
15.56	0.03008
15.57	0.03004
15.58	0.030001
15.59	0.029961
15.6	0.029922
15.61	0.029883
15.62	0.029844
15.63	0.029804
15.64	0.029765
15.65	0.029726
15.66	0.029687
15.67	0.029648
15.68	0.02961
15.69	0.029571
15.7	0.029532
15.71	0.029494
15.72	0.029455
15.73	0.029417
15.74	0.029378
15.75	0.02934
15.76	0.029302
15.77	0.029264
15.78	0.029225
15.79	0.029187
15.8	0.029149
15.81	0.029112
15.82	0.029074
15.83	0.029036
15.84	0.028998
15.85	0.028961
15.86	0.028923
15.87	0.028886
15.88	0.028848
15.89	0.028811
15.9	0.028774
15.91	0.028736
15.92	0.028699
15.93	0.028662
15.94	0.028625
15.95	0.028588
15.96	0.028551
15.97	0.028515
15.98	0.028478
15.99	0.028441
16.0	0.028405
16.01	0.028368
16.02	0.028331
16.03	0.028295
16.04	0.028259
16.05	0.028222
16.06	0.028186
16.07	0.02815
16.08	0.028114
16.09	0.028078
16.1	0.028042
16.11	0.028006
16.12	0.02797
16.13	0.027935
16.14	0.027899
16.15	0.027863
16.16	0.027828
16.17	0.027792
16.18	0.027757
16.19	0.027721
16.2	0.027686
16.21	0.027651
16.22	0.027616
16.23	0.027581
16.24	0.027546
16.25	0.027511
16.26	0.027476
16.27	0.027441
16.28	0.027406
16.29	0.027371
16.3	0.027336
16.31	0.027302
16.32	0.027267
16.33	0.027233
16.34	0.027198
16.35	0.027164
16.36	0.02713
16.37	0.027095
16.38	0.027061
16.39	0.027027
16.4	0.026993
16.41	0.026959
16.42	0.026925
16.43	0.026891
16.44	0.026857
16.45	0.026824
16.46	0.02679
16.47	0.026756
16.48	0.026723
16.49	0.026689
16.5	0.026656
16.51	0.026622
16.52	0.026589
16.53	0.026556
16.54	0.026522
16.55	0.026489
16.56	0.026456
16.57	0.026423
16.58	0.02639
16.59	0.026357
16.6	0.026324
16.61	0.026291
16.62	0.026258
16.63	0.026226
16.64	0.026193
16.65	0.026161
16.66	0.026128
16.67	0.026095
16.68	0.026063
16.69	0.026031
16.7	0.025998
16.71	0.025966
16.72	0.025934
16.73	0.025902
16.74	0.02587
16.75	0.025838
16.76	0.025806
16.77	0.025774
16.78	0.025742
16.79	0.02571
16.8	0.025678
16.81	0.025647
16.82	0.025615
16.83	0.025583
16.84	0.025552
16.85	0.02552
16.86	0.025489
16.87	0.025458
16.88	0.025426
16.89	0.025395
16.9	0.025364
16.91	0.025333
16.92	0.025302
16.93	0.02527
16.94	0.02524
16.95	0.025209
16.96	0.025178
16.97	0.025147
16.98	0.025116
16.99	0.025085
17.0	0.025055
17.01	0.025024
17.02	0.024993
17.03	0.024963
17.04	0.024933
17.05	0.024902
17.06	0.024872
17.07	0.024841
17.08	0.024811
17.09	0.024781
17.1	0.024751
17.11	0.024721
17.12	0.024691
17.13	0.024661
17.14	0.024631
17.15	0.024601
17.16	0.024571
17.17	0.024541
17.18	0.024512
17.19	0.024482
17.2	0.024452
17.21	0.024423
17.22	0.024393
17.23	0.024364
17.24	0.024334
17.25	0.024305
17.26	0.024275
17.27	0.024246
17.28	0.024217
17.29	0.024188
17.3	0.024159
17.31	0.02413
17.32	0.024101
17.33	0.024072
17.34	0.024043
17.35	0.024014
17.36	0.023985
17.37	0.023956
17.38	0.023927
17.39	0.023899
17.4	0.02387
17.41	0.023841
17.42	0.023813
17.43	0.023784
17.44	0.023756
17.45	0.023728
17.46	0.023699
17.47	0.023671
17.48	0.023643
17.49	0.023614
17.5	0.023586
17.51	0.023558
17.52	0.02353
17.53	0.023502
17.54	0.023474
17.55	0.023446
17.56	0.023418
17.57	0.023391
17.58	0.023363
17.59	0.023335
17.6	0.023307
17.61	0.02328
17.62	0.023252
17.63	0.023225
17.64	0.023197
17.65	0.02317
17.66	0.023142
17.67	0.023115
17.68	0.023087
17.69	0.02306
17.7	0.023033
17.71	0.023006
17.72	0.022979
17.73	0.022952
17.74	0.022925
17.75	0.022898
17.76	0.022871
17.77	0.022844
17.78	0.022817
17.79	0.02279
17.8	0.022763
17.81	0.022736
17.82	0.02271
17.83	0.022683
17.84	0.022657
17.85	0.02263
17.86	0.022603
17.87	0.022577
17.88	0.022551
17.89	0.022524
17.9	0.022498
17.91	0.022472
17.92	0.022445
17.93	0.022419
17.94	0.022393
17.95	0.022367
17.96	0.022341
17.97	0.022315
17.98	0.022289
17.99	0.022263
18.0	0.022237
18.01	0.022211
18.02	0.022185
18.03	0.02216
18.04	0.022134
18.05	0.022108
18.06	0.022082
18.07	0.022057
18.08	0.022031
18.09	0.022006
18.1	0.02198
18.11	0.021955
18.12	0.021929
18.13	0.021904
18.14	0.021879
18.15	0.021854
18.16	0.021828
18.17	0.021803
18.18	0.021778
18.19	0.021753
18.2	0.021728
18.21	0.021703
18.22	0.021678
18.23	0.021653
18.24	0.021628
18.25	0.021603
18.26	0.021578
18.27	0.021554
18.28	0.021529
18.29	0.021504
18.3	0.021479
18.31	0.021455
18.32	0.02143
18.33	0.021406
18.34	0.021381
18.35	0.021357
18.36	0.021332
18.37	0.021308
18.38	0.021284
18.39	0.021259
18.4	0.021235
18.41	0.021211
18.42	0.021187
18.43	0.021163
18.44	0.021139
18.45	0.021114
18.46	0.02109
18.47	0.021066
18.48	0.021043
18.49	0.021019
18.5	0.020995
18.51	0.020971
18.52	0.020947
18.53	0.020923
18.54	0.0209
18.55	0.020876
18.56	0.020852
18.57	0.020829
18.58	0.020805
18.59	0.020782
18.6	0.020758
18.61	0.020735
18.62	0.020711
18.63	0.020688
18.64	0.020665
18.65	0.020641
18.66	0.020618
18.67	0.020595
18.68	0.020572
18.69	0.020549
18.7	0.020526
18.71	0.020502
18.72	0.020479
18.73	0.020456
18.74	0.020433
18.75	0.020411
18.76	0.020388
18.77	0.020365
18.78	0.020342
18.79	0.020319
18.8	0.020296
18.81	0.020274
18.82	0.020251
18.83	0.020228
18.84	0.020206
18.85	0.020183
18.86	0.020161
18.87	0.020138
18.88	0.020116
18.89	0.020093
18.9	0.020071
18.91	0.020049
18.92	0.020026
18.93	0.020004
18.94	0.019982
18.95	0.01996
18.96	0.019938
18.97	0.019915
18.98	0.019893
18.99	0.019871
19.0	0.019849
19.01	0.019827
19.02	0.019805
19.03	0.019783
19.04	0.019762
19.05	0.01974
19.06	0.019718
19.07	0.019696
19.08	0.019674
19.09	0.019653
19.1	0.019631
19.11	0.019609
19.12	0.019588
19.13	0.019566
19.14	0.019545
19.15	0.019523
19.16	0.019502
19.17	0.01948
19.18	0.019459
19.19	0.019437
19.2	0.019416
19.21	0.019395
19.22	0.019373
19.23	0.019352
19.24	0.019331
19.25	0.01931
19.26	0.019289
19.27	0.019268
19.28	0.019246
19.29	0.019225
19.3	0.019204
19.31	0.019183
19.32	0.019163
19.33	0.019142
19.34	0.019121
19.35	0.0191
19.36	0.019079
19.37	0.019058
19.38	0.019038
19.39	0.019017
19.4	0.018996
19.41	0.018976
19.42	0.018955
19.43	0.018934
19.44	0.018914
19.45	0.018893
19.46	0.018873
19.47	0.018852
19.48	0.018832
19.49	0.018811
19.5	0.018791
19.51	0.018771
19.52	0.01875
19.53	0.01873
19.54	0.01871
19.55	0.01869
19.56	0.01867
19.57	0.018649
19.58	0.018629
19.59	0.018609
19.6	0.018589
19.61	0.018569
19.62	0.018549
19.63	0.018529
19.64	0.018509
19.65	0.018489
19.66	0.01847
19.67	0.01845
19.68	0.01843
19.69	0.01841
19.7	0.01839
19.71	0.018371
19.72	0.018351
19.73	0.018331
19.74	0.018312
19.75	0.018292
19.76	0.018273
19.77	0.018253
19.78	0.018234
19.79	0.018214
19.8	0.018195
19.81	0.018175
19.82	0.018156
19.83	0.018137
19.84	0.018117
19.85	0.018098
19.86	0.018079
19.87	0.018059
19.88	0.01804
19.89	0.018021
19.9	0.018002
19.91	0.017983
19.92	0.017964
19.93	0.017945
19.94	0.017926
19.95	0.017907
19.96	0.017888
19.97	0.017869
19.98	0.01785
19.99	0.017831
20.0	0.017812
20.01	0.017793
20.02	0.017774
20.03	0.017756
20.04	0.017737
20.05	0.017718
20.06	0.0177
20.07	0.017681
20.08	0.017662
20.09	0.017644
20.1	0.017625
20.11	0.017607
20.12	0.017588
20.13	0.01757
20.14	0.017551
20.15	0.017533
20.16	0.017514
20.17	0.017496
20.18	0.017478
20.19	0.017459
20.2	0.017441
20.21	0.017423
20.22	0.017404
20.23	0.017386
20.24	0.017368
20.25	0.01735
20.26	0.017332
20.27	0.017314
20.28	0.017296
20.29	0.017277
20.3	0.017259
20.31	0.017241
20.32	0.017224
20.33	0.017206
20.34	0.017188
20.35	0.01717
20.36	0.017152
20.37	0.017134
20.38	0.017116
20.39	0.017099
20.4	0.017081
20.41	0.017063
20.42	0.017045
20.43	0.017028
20.44	0.01701
20.45	0.016992
20.46	0.016975
20.47	0.016957
20.48	0.01694
20.49	0.016922
20.5	0.016905
20.51	0.016887
20.52	0.01687
20.53	0.016852
20.54	0.016835
20.55	0.016818
20.56	0.0168
20.57	0.016783
20.58	0.016766
20.59	0.016748
20.6	0.016731
20.61	0.016714
20.62	0.016697
20.63	0.01668
20.64	0.016663
20.65	0.016645
20.66	0.016628
20.67	0.016611
20.68	0.016594
20.69	0.016577
20.7	0.01656
20.71	0.016543
20.72	0.016526
20.73	0.01651
20.74	0.016493
20.75	0.016476
20.76	0.016459
20.77	0.016442
20.78	0.016425
20.79	0.016409
20.8	0.016392
20.81	0.016375
20.82	0.016359
20.83	0.016342
20.84	0.016325
20.85	0.016309
20.86	0.016292
20.87	0.016276
20.88	0.016259
20.89	0.016243
20.9	0.016226
20.91	0.01621
20.92	0.016193
20.93	0.016177
20.94	0.01616
20.95	0.016144
20.96	0.016128
20.97	0.016111
20.98	0.016095
20.99	0.016079
21.0	0.016063
21.01	0.016046
21.02	0.01603
21.03	0.016014
21.04	0.015998
21.05	0.015982
21.06	0.015966
21.07	0.015949
21.08	0.015933
21.09	0.015917
21.1	0.015901
21.11	0.015885
21.12	0.015869
21.13	0.015853
21.14	0.015838
21.15	0.015822
21.16	0.015806
21.17	0.01579
21.18	0.015774
21.19	0.015758
21.2	0.015743
21.21	0.015727
21.22	0.015711
21.23	0.015695
21.24	0.01568
21.25	0.015664
21.26	0.015648
21.27	0.015633
21.28	0.015617
21.29	0.015602
21.3	0.015586
21.31	0.01557
21.32	0.015555
21.33	0.015539
21.34	0.015524
21.35	0.015509
21.36	0.015493
21.37	0.015478
21.38	0.015462
21.39	0.015447
21.4	0.015432
21.41	0.015416
21.42	0.015401
21.43	0.015386
21.44	0.015371
21.45	0.015355
21.46	0.01534
21.47	0.015325
21.48	0.01531
21.49	0.015295
21.5	0.01528
21.51	0.015265
21.52	0.015249
21.53	0.015234
21.54	0.015219
21.55	0.015204
21.56	0.015189
21.57	0.015174
21.58	0.01516
21.59	0.015145
21.6	0.01513
21.61	0.015115
21.62	0.0151
21.63	0.015085
21.64	0.01507
21.65	0.015056
21.66	0.015041
21.67	0.015026
21.68	0.015011
21.69	0.014997
21.7	0.014982
21.71	0.014967
21.72	0.014953
21.73	0.014938
21.74	0.014923
21.75	0.014909
21.76	0.014894
21.77	0.01488
21.78	0.014865
21.79	0.014851
21.8	0.014836
21.81	0.014822
21.82	0.014807
21.83	0.014793
21.84	0.014778
21.85	0.014764
21.86	0.01475
21.87	0.014735
21.88	0.014721
21.89	0.014707
21.9	0.014692
21.91	0.014678
21.92	0.014664
21.93	0.01465
21.94	0.014636
21.95	0.014621
21.96	0.014607
21.97	0.014593
21.98	0.014579
21.99	0.014565
22.0	0.014551
22.01	0.014537
22.02	0.014523
22.03	0.014509
22.04	0.014495
22.05	0.014481
22.06	0.014467
22.07	0.014453
22.08	0.014439
22.09	0.014425
22.1	0.014411
22.11	0.014397
22.12	0.014383
22.13	0.01437
22.14	0.014356
22.15	0.014342
22.16	0.014328
22.17	0.014314
22.18	0.014301
22.19	0.014287
22.2	0.014273
22.21	0.01426
22.22	0.014246
22.23	0.014232
22.24	0.014219
22.25	0.014205
22.26	0.014192
22.27	0.014178
22.28	0.014164
22.29	0.014151
22.3	0.014137
22.31	0.014124
22.32	0.014111
22.33	0.014097
22.34	0.014084
22.35	0.01407
22.36	0.014057
22.37	0.014043
22.38	0.01403
22.39	0.014017
22.4	0.014003
22.41	0.01399
22.42	0.013977
22.43	0.013964
22.44	0.01395
22.45	0.013937
22.46	0.013924
22.47	0.013911
22.48	0.013898
22.49	0.013884
22.5	0.013871
22.51	0.013858
22.52	0.013845
22.53	0.013832
22.54	0.013819
22.55	0.013806
22.56	0.013793
22.57	0.01378
22.58	0.013767
22.59	0.013754
22.6	0.013741
22.61	0.013728
22.62	0.013715
22.63	0.013702
22.64	0.013689
22.65	0.013676
22.66	0.013664
22.67	0.013651
22.68	0.013638
22.69	0.013625
22.7	0.013612
22.71	0.0136
22.72	0.013587
22.73	0.013574
22.74	0.013561
22.75	0.013549
22.76	0.013536
22.77	0.013523
22.78	0.013511
22.79	0.013498
22.8	0.013486
22.81	0.013473
22.82	0.01346
22.83	0.013448
22.84	0.013435
22.85	0.013423
22.86	0.01341
22.87	0.013398
22.88	0.013385
22.89	0.013373
22.9	0.01336
22.91	0.013348
22.92	0.013336
22.93	0.013323
22.94	0.013311
22.95	0.013299
22.96	0.013286
22.97	0.013274
22.98	0.013262
22.99	0.013249
23.0	0.013237
23.01	0.013225
23.02	0.013213
23.03	0.0132
23.04	0.013188
23.05	0.013176
23.06	0.013164
23.07	0.013152
23.08	0.013139
23.09	0.013127
23.1	0.013115
23.11	0.013103
23.12	0.013091
23.13	0.013079
23.14	0.013067
23.15	0.013055
23.16	0.013043
23.17	0.013031
23.18	0.013019
23.19	0.013007
23.2	0.012995
23.21	0.012983
23.22	0.012971
23.23	0.012959
23.24	0.012947
23.25	0.012936
23.26	0.012924
23.27	0.012912
23.28	0.0129
23.29	0.012888
23.3	0.012876
23.31	0.012865
23.32	0.012853
23.33	0.012841
23.34	0.012829
23.35	0.012818
23.36	0.012806
23.37	0.012794
23.38	0.012783
23.39	0.012771
23.4	0.012759
23.41	0.012748
23.42	0.012736
23.43	0.012725
23.44	0.012713
23.45	0.012702
23.46	0.01269
23.47	0.012678
23.48	0.012667
23.49	0.012655
23.5	0.012644
23.51	0.012633
23.52	0.012621
23.53	0.01261
23.54	0.012598
23.55	0.012587
23.56	0.012575
23.57	0.012564
23.58	0.012553
23.59	0.012541
23.6	0.01253
23.61	0.012519
23.62	0.012507
23.63	0.012496
23.64	0.012485
23.65	0.012474
23.66	0.012462
23.67	0.012451
23.68	0.01244
23.69	0.012429
23.7	0.012418
23.71	0.012406
23.72	0.012395
23.73	0.012384
23.74	0.012373
23.75	0.012362
23.76	0.012351
23.77	0.01234
23.78	0.012329
23.79	0.012318
23.8	0.012307
23.81	0.012296
23.82	0.012285
23.83	0.012274
23.84	0.012263
23.85	0.012252
23.86	0.012241
23.87	0.01223
23.88	0.012219
23.89	0.012208
23.9	0.012197
23.91	0.012186
23.92	0.012175
23.93	0.012165
23.94	0.012154
23.95	0.012143
23.96	0.012132
23.97	0.012121
23.98	0.01211
23.99	0.0121
24.0	0.012089
24.01	0.012078
24.02	0.012068
24.03	0.012057
24.04	0.012046
24.05	0.012035
24.06	0.012025
24.07	0.012014
24.08	0.012003
24.09	0.011993
24.1	0.011982
24.11	0.011972
24.12	0.011961
24.13	0.011951
24.14	0.01194
24.15	0.011929
24.16	0.011919
24.17	0.011908
24.18	0.011898
24.19	0.011887
24.2	0.011877
24.21	0.011866
24.22	0.011856
24.23	0.011846
24.24	0.011835
24.25	0.011825
24.26	0.011814
24.27	0.011804
24.28	0.011794
24.29	0.011783
24.3	0.011773
24.31	0.011763
24.32	0.011752
24.33	0.011742
24.34	0.011732
24.35	0.011721
24.36	0.011711
24.37	0.011701
24.38	0.011691
24.39	0.01168
24.4	0.01167
24.41	0.01166
24.42	0.01165
24.43	0.01164
24.44	0.011629
24.45	0.011619
24.46	0.011609
24.47	0.011599
24.48	0.011589
24.49	0.011579
24.5	0.011569
24.51	0.011559
24.52	0.011549
24.53	0.011539
24.54	0.011529
24.55	0.011519
24.56	0.011509
24.57	0.011499
24.58	0.011489
24.59	0.011479
24.6	0.011469
24.61	0.011459
24.62	0.011449
24.63	0.011439
24.64	0.011429
24.65	0.011419
24.66	0.011409
24.67	0.011399
24.68	0.01139
24.69	0.01138
24.7	0.01137
24.71	0.01136
24.72	0.01135
24.73	0.01134
24.74	0.011331
24.75	0.011321
24.76	0.011311
24.77	0.011301
24.78	0.011292
24.79	0.011282
24.8	0.011272
24.81	0.011263
24.82	0.011253
24.83	0.011243
24.84	0.011234
24.85	0.011224
24.86	0.011214
24.87	0.011205
24.88	0.011195
24.89	0.011185
24.9	0.011176
24.91	0.011166
24.92	0.011157
24.93	0.011147
24.94	0.011138
24.95	0.011128
24.96	0.011119
24.97	0.011109
24.98	0.0111
24.99	0.01109
25.0	0.011081
25.01	0.011071
25.02	0.011062
25.03	0.011052
25.04	0.011043
25.05	0.011034
25.06	0.011024
25.07	0.011015
25.08	0.011005
25.09	0.010996
25.1	0.010987
25.11	0.010977
25.12	0.010968
25.13	0.010959
25.14	0.010949
25.15	0.01094
25.16	0.010931
25.17	0.010922
25.18	0.010912
25.19	0.010903
25.2	0.010894
25.21	0.010885
25.22	0.010875
25.23	0.010866
25.24	0.010857
25.25	0.010848
25.26	0.010839
25.27	0.01083
25.28	0.01082
25.29	0.010811
25.3	0.010802
25.31	0.010793
25.32	0.010784
25.33	0.010775
25.34	0.010766
25.35	0.010757
25.36	0.010748
25.37	0.010739
25.38	0.01073
25.39	0.010721
25.4	0.010712
25.41	0.010703
25.42	0.010694
25.43	0.010685
25.44	0.010676
25.45	0.010667
25.46	0.010658
25.47	0.010649
25.48	0.01064
25.49	0.010631
25.5	0.010622
25.51	0.010613
25.52	0.010604
25.53	0.010596
25.54	0.010587
25.55	0.010578
25.56	0.010569
25.57	0.01056
25.58	0.010551
25.59	0.010543
25.6	0.010534
25.61	0.010525
25.62	0.010516
25.63	0.010507
25.64	0.010499
25.65	0.01049
25.66	0.010481
25.67	0.010473
25.68	0.010464
25.69	0.010455
25.7	0.010446
25.71	0.010438
25.72	0.010429
25.73	0.010421
25.74	0.010412
25.75	0.010403
25.76	0.010395
25.77	0.010386
25.78	0.010377
25.79	0.010369
25.8	0.01036
25.81	0.010352
25.82	0.010343
25.83	0.010335
25.84	0.010326
25.85	0.010318
25.86	0.010309
25.87	0.010301
25.88	0.010292
25.89	0.010284
25.9	0.010275
25.91	0.010267
25.92	0.010258
25.93	0.01025
25.94	0.010241
25.95	0.010233
25.96	0.010224
25.97	0.010216
25.98	0.010208
25.99	0.010199
26.0	0.010191
26.01	0.010183
26.02	0.010174
26.03	0.010166
26.04	0.010157
26.05	0.010149
26.06	0.010141
26.07	0.010133
26.08	0.010124
26.09	0.010116
26.1	0.010108
26.11	0.010099
26.12	0.010091
26.13	0.010083
26.14	0.010075
26.15	0.010067
26.16	0.010058
26.17	0.01005
26.18	0.010042
26.19	0.010034
26.2	0.010026
26.21	0.010017
26.22	0.010009
26.23	0.010001
26.24	0.0099929
26.25	0.0099848
26.26	0.0099767
26.27	0.0099686
26.28	0.0099605
26.29	0.0099524
26.3	0.0099443
26.31	0.0099363
26.32	0.0099282
26.33	0.0099202
26.34	0.0099121
26.35	0.0099041
26.36	0.0098961
26.37	0.0098881
26.38	0.0098801
26.39	0.0098721
26.4	0.0098641
26.41	0.0098561
26.42	0.0098482
26.43	0.0098402
26.44	0.0098323
26.45	0.0098243
26.46	0.0098164
26.47	0.0098085
26.48	0.0098006
26.49	0.0097927
26.5	0.0097848
26.51	0.0097769
26.52	0.0097691
26.53	0.0097612
26.54	0.0097534
26.55	0.0097455
26.56	0.0097377
26.57	0.0097299
26.58	0.009722
26.59	0.0097142
26.6	0.0097064
26.61	0.0096987
26.62	0.0096909
26.63	0.0096831
26.64	0.0096754
26.65	0.0096676
26.66	0.0096599
26.67	0.0096521
26.68	0.0096444
26.69	0.0096367
26.7	0.009629
26.71	0.0096213
26.72	0.0096136
26.73	0.009606
26.74	0.0095983
26.75	0.0095906
26.76	0.009583
26.77	0.0095753
26.78	0.0095677
26.79	0.0095601
26.8	0.0095525
26.81	0.0095449
26.82	0.0095373
26.83	0.0095297
26.84	0.0095221
26.85	0.0095145
26.86	0.009507
26.87	0.0094994
26.88	0.0094919
26.89	0.0094843
26.9	0.0094768
26.91	0.0094693
26.92	0.0094618
26.93	0.0094543
26.94	0.0094468
26.95	0.0094393
26.96	0.0094319
26.97	0.0094244
26.98	0.0094169
26.99	0.0094095
27.0	0.0094021
27.01	0.0093946
27.02	0.0093872
27.03	0.0093798
27.04	0.0093724
27.05	0.009365
27.06	0.0093576
27.07	0.0093502
27.08	0.0093429
27.09	0.0093355
27.1	0.0093281
27.11	0.0093208
27.12	0.0093135
27.13	0.0093061
27.14	0.0092988
27.15	0.0092915
27.16	0.0092842
27.17	0.0092769
27.18	0.0092696
27.19	0.0092624
27.2	0.0092551
27.21	0.0092478
27.22	0.0092406
27.23	0.0092333
27.24	0.0092261
27.25	0.0092189
27.26	0.0092117
27.27	0.0092045
27.28	0.0091973
27.29	0.0091901
27.3	0.0091829
27.31	0.0091757
27.32	0.0091685
27.33	0.0091614
27.34	0.0091542
27.35	0.0091471
27.36	0.0091399
27.37	0.0091328
27.38	0.0091257
27.39	0.0091186
27.4	0.0091115
27.41	0.0091044
27.42	0.0090973
27.43	0.0090902
27.44	0.0090832
27.45	0.0090761
27.46	0.009069
27.47	0.009062
27.48	0.009055
27.49	0.0090479
27.5	0.0090409
27.51	0.0090339
27.52	0.0090269
27.53	0.0090199
27.54	0.0090129
27.55	0.0090059
27.56	0.0089989
27.57	0.008992
27.58	0.008985
27.59	0.0089781
27.6	0.0089711
27.61	0.0089642
27.62	0.0089573
27.63	0.0089503
27.64	0.0089434
27.65	0.0089365
27.66	0.0089296
27.67	0.0089228
27.68	0.0089159
27.69	0.008909
27.7	0.0089021
27.71	0.0088953
27.72	0.0088884
27.73	0.0088816
27.74	0.0088748
27.75	0.0088679
27.76	0.0088611
27.77	0.0088543
27.78	0.0088475
27.79	0.0088407
27.8	0.0088339
27.81	0.0088271
27.82	0.0088204
27.83	0.0088136
27.84	0.0088069
27.85	0.0088001
27.86	0.0087934
27.87	0.0087866
27.88	0.0087799
27.89	0.0087732
27.9	0.0087665
27.91	0.0087598
27.92	0.0087531
27.93	0.0087464
27.94	0.0087397
27.95	0.008733
27.96	0.0087264
27.97	0.0087197
27.98	0.0087131
27.99	0.0087064
28.0	0.0086998
28.01	0.0086932
28.02	0.0086865
28.03	0.0086799
28.04	0.0086733
28.05	0.0086667
28.06	0.0086601
28.07	0.0086536
28.08	0.008647
28.09	0.0086404
28.1	0.0086338
28.11	0.0086273
28.12	0.0086207
28.13	0.0086142
28.14	0.0086077
28.15	0.0086012
28.16	0.0085946
28.17	0.0085881
28.18	0.0085816
28.19	0.0085751
28.2	0.0085686
28.21	0.0085622
28.22	0.0085557
28.23	0.0085492
28.24	0.0085428
28.25	0.0085363
28.26	0.0085299
28.27	0.0085234
28.28	0.008517
28.29	0.0085106
28.3	0.0085041
28.31	0.0084977
28.32	0.0084913
28.33	0.0084849
28.34	0.0084786
28.35	0.0084722
28.36	0.0084658
28.37	0.0084594
28.38	0.0084531
28.39	0.0084467
28.4	0.0084404
28.41	0.008434
28.42	0.0084277
28.43	0.0084214
28.44	0.0084151
28.45	0.0084087
28.46	0.0084024
28.47	0.0083961
28.48	0.0083899
28.49	0.0083836
28.5	0.0083773
28.51	0.008371
28.52	0.0083648
28.53	0.0083585
28.54	0.0083523
28.55	0.008346
28.56	0.0083398
28.57	0.0083336
28.58	0.0083273
28.59	0.0083211
28.6	0.0083149
28.61	0.0083087
28.62	0.0083025
28.63	0.0082963
28.64	0.0082902
28.65	0.008284
28.66	0.0082778
28.67	0.0082717
28.68	0.0082655
28.69	0.0082594
28.7	0.0082532
28.71	0.0082471
28.72	0.008241
28.73	0.0082348
28.74	0.0082287
28.75	0.0082226
28.76	0.0082165
28.77	0.0082104
28.78	0.0082043
28.79	0.0081983
28.8	0.0081922
28.81	0.0081861
28.82	0.0081801
28.83	0.008174
28.84	0.008168
28.85	0.0081619
28.86	0.0081559
28.87	0.0081499
28.88	0.0081438
28.89	0.0081378
28.9	0.0081318
28.91	0.0081258
28.92	0.0081198
28.93	0.0081138
28.94	0.0081079
28.95	0.0081019
28.96	0.0080959
28.97	0.00809
28.98	0.008084
28.99	0.008078
29.0	0.0080721
29.01	0.0080662
29.02	0.0080602
29.03	0.0080543
29.04	0.0080484
29.05	0.0080425
29.06	0.0080366
29.07	0.0080307
29.08	0.0080248
29.09	0.0080189
29.1	0.008013
29.11	0.0080072
29.12	0.0080013
29.13	0.0079954
29.14	0.0079896
29.15	0.0079837
29.16	0.0079779
29.17	0.0079721
29.18	0.0079662
29.19	0.0079604
29.2	0.0079546
29.21	0.0079488
29.22	0.007943
29.23	0.0079372
29.24	0.0079314
29.25	0.0079256
29.26	0.0079198
29.27	0.0079141
29.28	0.0079083
29.29	0.0079026
29.3	0.0078968
29.31	0.0078911
29.32	0.0078853
29.33	0.0078796
29.34	0.0078738
29.35	0.0078681
29.36	0.0078624
29.37	0.0078567
29.38	0.007851
29.39	0.0078453
29.4	0.0078396
29.41	0.0078339
29.42	0.0078282
29.43	0.0078226
29.44	0.0078169
29.45	0.0078112
29.46	0.0078056
29.47	0.0077999
29.48	0.0077943
29.49	0.0077887
29.5	0.007783
29.51	0.0077774
29.52	0.0077718
29.53	0.0077662
29.54	0.0077606
29.55	0.007755
29.56	0.0077494
29.57	0.0077438
29.58	0.0077382
29.59	0.0077326
29.6	0.007727
29.61	0.0077215
29.62	0.0077159
29.63	0.0077104
29.64	0.0077048
29.65	0.0076993
29.66	0.0076937
29.67	0.0076882
29.68	0.0076827
29.69	0.0076772
29.7	0.0076717
29.71	0.0076662
29.72	0.0076607
29.73	0.0076552
29.74	0.0076497
29.75	0.0076442
29.76	0.0076387
29.77	0.0076332
29.78	0.0076278
29.79	0.0076223
29.8	0.0076169
29.81	0.0076114
29.82	0.007606
29.83	0.0076005
29.84	0.0075951
29.85	0.0075897
29.86	0.0075842
29.87	0.0075788
29.88	0.0075734
29.89	0.007568
29.9	0.0075626
29.91	0.0075572
29.92	0.0075518
29.93	0.0075465
29.94	0.0075411
29.95	0.0075357
29.96	0.0075304
29.97	0.007525
29.98	0.0075197
29.99	0.0075143
30.0	0.007509
30.01	0.0075036
30.02	0.0074983
30.03	0.007493
30.04	0.0074877
30.05	0.0074823
30.06	0.007477
30.07	0.0074717
30.08	0.0074664
30.09	0.0074611
30.1	0.0074559
30.11	0.0074506
30.12	0.0074453
30.13	0.00744
30.14	0.0074348
30.15	0.0074295
30.16	0.0074243
30.17	0.007419
30.18	0.0074138
30.19	0.0074085
30.2	0.0074033
30.21	0.0073981
30.22	0.0073929
30.23	0.0073877
30.24	0.0073825
30.25	0.0073772
30.26	0.0073721
30.27	0.0073669
30.28	0.0073617
30.29	0.0073565
30.3	0.0073513
30.31	0.0073461
30.32	0.007341
30.33	0.0073358
30.34	0.0073307
30.35	0.0073255
30.36	0.0073204
30.37	0.0073152
30.38	0.0073101
30.39	0.007305
30.4	0.0072998
30.41	0.0072947
30.42	0.0072896
30.43	0.0072845
30.44	0.0072794
30.45	0.0072743
30.46	0.0072692
30.47	0.0072641
30.48	0.0072591
30.49	0.007254
30.5	0.0072489
30.51	0.0072438
30.52	0.0072388
30.53	0.0072337
30.54	0.0072287
30.55	0.0072236
30.56	0.0072186
30.57	0.0072136
30.58	0.0072085
30.59	0.0072035
30.6	0.0071985
30.61	0.0071935
30.62	0.0071885
30.63	0.0071835
30.64	0.0071785
30.65	0.0071735
30.66	0.0071685
30.67	0.0071635
30.68	0.0071585
30.69	0.0071536
30.7	0.0071486
30.71	0.0071436
30.72	0.0071387
30.73	0.0071337
30.74	0.0071288
30.75	0.0071239
30.76	0.0071189
30.77	0.007114
30.78	0.0071091
30.79	0.0071041
30.8	0.0070992
30.81	0.0070943
30.82	0.0070894
30.83	0.0070845
30.84	0.0070796
30.85	0.0070747
30.86	0.0070698
30.87	0.0070649
30.88	0.0070601
30.89	0.0070552
30.9	0.0070503
30.91	0.0070455
30.92	0.0070406
30.93	0.0070358
30.94	0.0070309
30.95	0.0070261
30.96	0.0070212
30.97	0.0070164
30.98	0.0070116
30.99	0.0070068
31.0	0.0070019
31.01	0.0069971
31.02	0.0069923
31.03	0.0069875
31.04	0.0069827
31.05	0.0069779
31.06	0.0069732
31.07	0.0069684
31.08	0.0069636
31.09	0.0069588
31.1	0.0069541
31.11	0.0069493
31.12	0.0069445
31.13	0.0069398
31.14	0.006935
31.15	0.0069303
31.16	0.0069255
31.17	0.0069208
31.18	0.0069161
31.19	0.0069114
31.2	0.0069066
31.21	0.0069019
31.22	0.0068972
31.23	0.0068925
31.24	0.0068878
31.25	0.0068831
31.26	0.0068784
31.27	0.0068737
31.28	0.006869
31.29	0.0068644
31.3	0.0068597
31.31	0.006855
31.32	0.0068504
31.33	0.0068457
31.34	0.0068411
31.35	0.0068364
31.36	0.0068318
31.37	0.0068271
31.38	0.0068225
31.39	0.0068179
31.4	0.0068132
31.41	0.0068086
31.42	0.006804
31.43	0.0067994
31.44	0.0067948
31.45	0.0067902
31.46	0.0067856
31.47	0.006781
31.48	0.0067764
31.49	0.0067718
31.5	0.0067672
31.51	0.0067626
31.52	0.0067581
31.53	0.0067535
31.54	0.0067489
31.55	0.0067444
31.56	0.0067398
31.57	0.0067353
31.58	0.0067307
31.59	0.0067262
31.6	0.0067217
31.61	0.0067171
31.62	0.0067126
31.63	0.0067081
31.64	0.0067036
31.65	0.0066991
31.66	0.0066946
31.67	0.0066901
31.68	0.0066856
31.69	0.0066811
31.7	0.0066766
31.71	0.0066721
31.72	0.0066676
31.73	0.0066631
31.74	0.0066587
31.75	0.0066542
31.76	0.0066497
31.77	0.0066453
31.78	0.0066408
31.79	0.0066364
31.8	0.0066319
31.81	0.0066275
31.82	0.0066231
31.83	0.0066186
31.84	0.0066142
31.85	0.0066098
31.86	0.0066054
31.87	0.0066009
31.88	0.0065965
31.89	0.0065921
31.9	0.0065877
31.91	0.0065833
31.92	0.0065789
31.93	0.0065745
31.94	0.0065702
31.95	0.0065658
31.96	0.0065614
31.97	0.006557
31.98	0.0065527
31.99	0.0065483
32.0	0.0065439
32.01	0.0065396
32.02	0.0065352
32.03	0.0065309
32.04	0.0065266
32.05	0.0065222
32.06	0.0065179
32.07	0.0065136
32.08	0.0065092
32.09	0.0065049
32.1	0.0065006
32.11	0.0064963
32.12	0.006492
32.13	0.0064877
32.14	0.0064834
32.15	0.0064791
32.16	0.0064748
32.17	0.0064705
32.18	0.0064662
32.19	0.006462
32.2	0.0064577
32.21	0.0064534
32.22	0.0064491
32.23	0.0064449
32.24	0.0064406
32.25	0.0064364
32.26	0.0064321
32.27	0.0064279
32.28	0.0064236
32.29	0.0064194
32.3	0.0064152
32.31	0.0064109
32.32	0.0064067
32.33	0.0064025
32.34	0.0063983
32.35	0.0063941
32.36	0.0063899
32.37	0.0063857
32.38	0.0063815
32.39	0.0063773
32.4	0.0063731
32.41	0.0063689
32.42	0.0063647
32.43	0.0063605
32.44	0.0063564
32.45	0.0063522
32.46	0.006348
32.47	0.0063439
32.48	0.0063397
32.49	0.0063355
32.5	0.0063314
32.51	0.0063273
32.52	0.0063231
32.53	0.006319
32.54	0.0063148
32.55	0.0063107
32.56	0.0063066
32.57	0.0063025
32.58	0.0062983
32.59	0.0062942
32.6	0.0062901
32.61	0.006286
32.62	0.0062819
32.63	0.0062778
32.64	0.0062737
32.65	0.0062696
32.66	0.0062655
32.67	0.0062615
32.68	0.0062574
32.69	0.0062533
32.7	0.0062492
32.71	0.0062452
32.72	0.0062411
32.73	0.006237
32.74	0.006233
32.75	0.0062289
32.76	0.0062249
32.77	0.0062208
32.78	0.0062168
32.79	0.0062128
32.8	0.0062087
32.81	0.0062047
32.82	0.0062007
32.83	0.0061967
32.84	0.0061927
32.85	0.0061886
32.86	0.0061846
32.87	0.0061806
32.88	0.0061766
32.89	0.0061726
32.9	0.0061686
32.91	0.0061646
32.92	0.0061607
32.93	0.0061567
32.94	0.0061527
32.95	0.0061487
32.96	0.0061448
32.97	0.0061408
32.98	0.0061368
32.99	0.0061329
33.0	0.0061289
33.01	0.006125
33.02	0.006121
33.03	0.0061171
33.04	0.0061131
33.05	0.0061092
33.06	0.0061053
33.07	0.0061013
33.08	0.0060974
33.09	0.0060935
33.1	0.0060896
33.11	0.0060857
33.12	0.0060817
33.13	0.0060778
33.14	0.0060739
33.15	0.00607
33.16	0.0060661
33.17	0.0060623
33.18	0.0060584
33.19	0.0060545
33.2	0.0060506
33.21	0.0060467
33.22	0.0060428
33.23	0.006039
33.24	0.0060351
33.25	0.0060313
33.26	0.0060274
33.27	0.0060235
33.28	0.0060197
33.29	0.0060158
33.3	0.006012
33.31	0.0060082
33.32	0.0060043
33.33	0.0060005
33.34	0.0059967
33.35	0.0059928
33.36	0.005989
33.37	0.0059852
33.38	0.0059814
33.39	0.0059776
33.4	0.0059738
33.41	0.00597
33.42	0.0059662
33.43	0.0059624
33.44	0.0059586
33.45	0.0059548
33.46	0.005951
33.47	0.0059472
33.48	0.0059434
33.49	0.0059396
33.5	0.0059359
33.51	0.0059321
33.52	0.0059283
33.53	0.0059246
33.54	0.0059208
33.55	0.0059171
33.56	0.0059133
33.57	0.0059096
33.58	0.0059058
33.59	0.0059021
33.6	0.0058984
33.61	0.0058946
33.62	0.0058909
33.63	0.0058872
33.64	0.0058834
33.65	0.0058797
33.66	0.005876
33.67	0.0058723
33.68	0.0058686
33.69	0.0058649
33.7	0.0058612
33.71	0.0058575
33.72	0.0058538
33.73	0.0058501
33.74	0.0058464
33.75	0.0058427
33.76	0.005839
33.77	0.0058354
33.78	0.0058317
33.79	0.005828
33.8	0.0058243
33.81	0.0058207
33.82	0.005817
33.83	0.0058134
33.84	0.0058097
33.85	0.0058061
33.86	0.0058024
33.87	0.0057988
33.88	0.0057951
33.89	0.0057915
33.9	0.0057879
33.91	0.0057842
33.92	0.0057806
33.93	0.005777
33.94	0.0057734
33.95	0.0057697
33.96	0.0057661
33.97	0.0057625
33.98	0.0057589
33.99	0.0057553
34.0	0.0057517
34.01	0.0057481
34.02	0.0057445
34.03	0.0057409
34.04	0.0057373
34.05	0.0057338
34.06	0.0057302
34.07	0.0057266
34.08	0.005723
34.09	0.0057195
34.1	0.0057159
34.11	0.0057123
34.12	0.0057088
34.13	0.0057052
34.14	0.0057017
34.15	0.0056981
34.16	0.0056946
34.17	0.005691
34.18	0.0056875
34.19	0.0056839
34.2	0.0056804
34.21	0.0056769
34.22	0.0056734
34.23	0.0056698
34.24	0.0056663
34.25	0.0056628
34.26	0.0056593
34.27	0.0056558
34.28	0.0056523
34.29	0.0056488
34.3	0.0056453
34.31	0.0056418
34.32	0.0056383
34.33	0.0056348
34.34	0.0056313
34.35	0.0056278
34.36	0.0056243
34.37	0.0056208
34.38	0.0056174
34.39	0.0056139
34.4	0.0056104
34.41	0.0056069
34.42	0.0056035
34.43	0.0056
34.44	0.0055966
34.45	0.0055931
34.46	0.0055897
34.47	0.0055862
34.48	0.0055828
34.49	0.0055793
34.5	0.0055759
34.51	0.0055725
34.52	0.005569
34.53	0.0055656
34.54	0.0055622
34.55	0.0055588
34.56	0.0055553
34.57	0.0055519
34.58	0.0055485
34.59	0.0055451
34.6	0.0055417
34.61	0.0055383
34.62	0.0055349
34.63	0.0055315
34.64	0.0055281
34.65	0.0055247
34.66	0.0055213
34.67	0.0055179
34.68	0.0055145
34.69	0.0055112
34.7	0.0055078
34.71	0.0055044
34.72	0.005501
34.73	0.0054977
34.74	0.0054943
34.75	0.005491
34.76	0.0054876
34.77	0.0054842
34.78	0.0054809
34.79	0.0054775
34.8	0.0054742
34.81	0.0054709
34.82	0.0054675
34.83	0.0054642
34.84	0.0054609
34.85	0.0054575
34.86	0.0054542
34.87	0.0054509
34.88	0.0054475
34.89	0.0054442
34.9	0.0054409
34.91	0.0054376
34.92	0.0054343
34.93	0.005431
34.94	0.0054277
34.95	0.0054244
34.96	0.0054211
34.97	0.0054178
34.98	0.0054145
34.99	0.0054112
35.0	0.0054079
35.01	0.0054046
35.02	0.0054014
35.03	0.0053981
35.04	0.0053948
35.05	0.0053915
35.06	0.0053883
35.07	0.005385
35.08	0.0053818
35.09	0.0053785
35.1	0.0053752
35.11	0.005372
35.12	0.0053687
35.13	0.0053655
35.14	0.0053622
35.15	0.005359
35.16	0.0053558
35.17	0.0053525
35.18	0.0053493
35.19	0.0053461
35.2	0.0053428
35.21	0.0053396
35.22	0.0053364
35.23	0.0053332
35.24	0.00533
35.25	0.0053267
35.26	0.0053235
35.27	0.0053203
35.28	0.0053171
35.29	0.0053139
35.3	0.0053107
35.31	0.0053075
35.32	0.0053043
35.33	0.0053011
35.34	0.005298
35.35	0.0052948
35.36	0.0052916
35.37	0.0052884
35.38	0.0052852
35.39	0.0052821
35.4	0.0052789
35.41	0.0052757
35.42	0.0052726
35.43	0.0052694
35.44	0.0052663
35.45	0.0052631
35.46	0.0052599
35.47	0.0052568
35.48	0.0052536
35.49	0.0052505
35.5	0.0052474
35.51	0.0052442
35.52	0.0052411
35.53	0.005238
35.54	0.0052348
35.55	0.0052317
35.56	0.0052286
35.57	0.0052254
35.58	0.0052223
35.59	0.0052192
35.6	0.0052161
35.61	0.005213
35.62	0.0052099
35.63	0.0052068
35.64	0.0052037
35.65	0.0052006
35.66	0.0051975
35.67	0.0051944
35.68	0.0051913
35.69	0.0051882
35.7	0.0051851
35.71	0.005182
35.72	0.0051789
35.73	0.0051759
35.74	0.0051728
35.75	0.0051697
35.76	0.0051666
35.77	0.0051636
35.78	0.0051605
35.79	0.0051575
35.8	0.0051544
35.81	0.0051513
35.82	0.0051483
35.83	0.0051452
35.84	0.0051422
35.85	0.0051391
35.86	0.0051361
35.87	0.0051331
35.88	0.00513
35.89	0.005127
35.9	0.0051239
35.91	0.0051209
35.92	0.0051179
35.93	0.0051149
35.94	0.0051118
35.95	0.0051088
35.96	0.0051058
35.97	0.0051028
35.98	0.0050998
35.99	0.0050968
36.0	0.0050938
36.01	0.0050908
36.02	0.0050878
36.03	0.0050848
36.04	0.0050818
36.05	0.0050788
36.06	0.0050758
36.07	0.0050728
36.08	0.0050698
36.09	0.0050668
36.1	0.0050639
36.11	0.0050609
36.12	0.0050579
36.13	0.0050549
36.14	0.005052
36.15	0.005049
36.16	0.005046
36.17	0.0050431
36.18	0.0050401
36.19	0.0050371
36.2	0.0050342
36.21	0.0050312
36.22	0.0050283
36.23	0.0050253
36.24	0.0050224
36.25	0.0050195
36.26	0.0050165
36.27	0.0050136
36.28	0.0050107
36.29	0.0050077
36.3	0.0050048
36.31	0.0050019
36.32	0.0049989
36.33	0.004996
36.34	0.0049931
36.35	0.0049902
36.36	0.0049873
36.37	0.0049844
36.38	0.0049815
36.39	0.0049786
36.4	0.0049757
36.41	0.0049727
36.42	0.0049699
36.43	0.004967
36.44	0.0049641
36.45	0.0049612
36.46	0.0049583
36.47	0.0049554
36.48	0.0049525
36.49	0.0049496
36.5	0.0049468
36.51	0.0049439
36.52	0.004941
36.53	0.0049381
36.54	0.0049353
36.55	0.0049324
36.56	0.0049295
36.57	0.0049267
36.58	0.0049238
36.59	0.004921
36.6	0.0049181
36.61	0.0049153
36.62	0.0049124
36.63	0.0049096
36.64	0.0049067
36.65	0.0049039
36.66	0.004901
36.67	0.0048982
36.68	0.0048954
36.69	0.0048925
36.7	0.0048897
36.71	0.0048869
36.72	0.0048841
36.73	0.0048812
36.74	0.0048784
36.75	0.0048756
36.76	0.0048728
36.77	0.00487
36.78	0.0048672
36.79	0.0048644
36.8	0.0048616
36.81	0.0048588
36.82	0.004856
36.83	0.0048532
36.84	0.0048504
36.85	0.0048476
36.86	0.0048448
36.87	0.004842
36.88	0.0048392
36.89	0.0048364
36.9	0.0048336
36.91	0.0048309
36.92	0.0048281
36.93	0.0048253
36.94	0.0048225
36.95	0.0048198
36.96	0.004817
36.97	0.0048142
36.98	0.0048115
36.99	0.0048087
37.0	0.004806
37.01	0.0048032
37.02	0.0048005
37.03	0.0047977
37.04	0.004795
37.05	0.0047922
37.06	0.0047895
37.07	0.0047867
37.08	0.004784
37.09	0.0047812
37.1	0.0047785
37.11	0.0047758
37.12	0.0047731
37.13	0.0047703
37.14	0.0047676
37.15	0.0047649
37.16	0.0047622
37.17	0.0047594
37.18	0.0047567
37.19	0.004754
37.2	0.0047513
37.21	0.0047486
37.22	0.0047459
37.23	0.0047432
37.24	0.0047405
37.25	0.0047378
37.26	0.0047351
37.27	0.0047324
37.28	0.0047297
37.29	0.004727
37.3	0.0047243
37.31	0.0047216
37.32	0.004719
37.33	0.0047163
37.34	0.0047136
37.35	0.0047109
37.36	0.0047082
37.37	0.0047056
37.38	0.0047029
37.39	0.0047002
37.4	0.0046976
37.41	0.0046949
37.42	0.0046922
37.43	0.0046896
37.44	0.0046869
37.45	0.0046843
37.46	0.0046816
37.47	0.004679
37.48	0.0046763
37.49	0.0046737
37.5	0.004671
37.51	0.0046684
37.52	0.0046658
37.53	0.0046631
37.54	0.0046605
37.55	0.0046579
37.56	0.0046552
37.57	0.0046526
37.58	0.00465
37.59	0.0046473
37.6	0.0046447
37.61	0.0046421
37.62	0.0046395
37.63	0.0046369
37.64	0.0046343
37.65	0.0046317
37.66	0.004629
37.67	0.0046264
37.68	0.0046238
37.69	0.0046212
37.7	0.0046186
37.71	0.004616
37.72	0.0046134
37.73	0.0046109
37.74	0.0046083
37.75	0.0046057
37.76	0.0046031
37.77	0.0046005
37.78	0.0045979
37.79	0.0045953
37.8	0.0045928
37.81	0.0045902
37.82	0.0045876
37.83	0.004585
37.84	0.0045825
37.85	0.0045799
37.86	0.0045773
37.87	0.0045748
37.88	0.0045722
37.89	0.0045697
37.9	0.0045671
37.91	0.0045646
37.92	0.004562
37.93	0.0045595
37.94	0.0045569
37.95	0.0045544
37.96	0.0045518
37.97	0.0045493
37.98	0.0045467
37.99	0.0045442
38.0	0.0045417
38.01	0.0045391
38.02	0.0045366
38.03	0.0045341
38.04	0.0045315
38.05	0.004529
38.06	0.0045265
38.07	0.004524
38.08	0.0045215
38.09	0.0045189
38.1	0.0045164
38.11	0.0045139
38.12	0.0045114
38.13	0.0045089
38.14	0.0045064
38.15	0.0045039
38.16	0.0045014
38.17	0.0044989
38.18	0.0044964
38.19	0.0044939
38.2	0.0044914
38.21	0.0044889
38.22	0.0044864
38.23	0.0044839
38.24	0.0044814
38.25	0.004479
38.26	0.0044765
38.27	0.004474
38.28	0.0044715
38.29	0.0044691
38.3	0.0044666
38.31	0.0044641
38.32	0.0044616
38.33	0.0044592
38.34	0.0044567
38.35	0.0044542
38.36	0.0044518
38.37	0.0044493
38.38	0.0044469
38.39	0.0044444
38.4	0.004442
38.41	0.0044395
38.42	0.0044371
38.43	0.0044346
38.44	0.0044322
38.45	0.0044297
38.46	0.0044273
38.47	0.0044248
38.48	0.0044224
38.49	0.00442
38.5	0.0044175
38.51	0.0044151
38.52	0.0044127
38.53	0.0044103
38.54	0.0044078
38.55	0.0044054
38.56	0.004403
38.57	0.0044006
38.58	0.0043982
38.59	0.0043957
38.6	0.0043933
38.61	0.0043909
38.62	0.0043885
38.63	0.0043861
38.64	0.0043837
38.65	0.0043813
38.66	0.0043789
38.67	0.0043765
38.68	0.0043741
38.69	0.0043717
38.7	0.0043693
38.71	0.0043669
38.72	0.0043645
38.73	0.0043621
38.74	0.0043598
38.75	0.0043574
38.76	0.004355
38.77	0.0043526
38.78	0.0043502
38.79	0.0043479
38.8	0.0043455
38.81	0.0043431
38.82	0.0043407
38.83	0.0043384
38.84	0.004336
38.85	0.0043336
38.86	0.0043313
38.87	0.0043289
38.88	0.0043266
38.89	0.0043242
38.9	0.0043218
38.91	0.0043195
38.92	0.0043171
38.93	0.0043148
38.94	0.0043124
38.95	0.0043101
38.96	0.0043078
38.97	0.0043054
38.98	0.0043031
38.99	0.0043007
39.0	0.0042984
39.01	0.0042961
39.02	0.0042937
39.03	0.0042914
39.04	0.0042891
39.05	0.0042868
39.06	0.0042844
39.07	0.0042821
39.08	0.0042798
39.09	0.0042775
39.1	0.0042752
39.11	0.0042728
39.12	0.0042705
39.13	0.0042682
39.14	0.0042659
39.15	0.0042636
39.16	0.0042613
39.17	0.004259
39.18	0.0042567
39.19	0.0042544
39.2	0.0042521
39.21	0.0042498
39.22	0.0042475
39.23	0.0042452
39.24	0.0042429
39.25	0.0042406
39.26	0.0042383
39.27	0.004236
39.28	0.0042338
39.29	0.0042315
39.3	0.0042292
39.31	0.0042269
39.32	0.0042246
39.33	0.0042224
39.34	0.0042201
39.35	0.0042178
39.36	0.0042156
39.37	0.0042133
39.38	0.004211
39.39	0.0042088
39.4	0.0042065
39.41	0.0042042
39.42	0.004202
39.43	0.0041997
39.44	0.0041975
39.45	0.0041952
39.46	0.004193
39.47	0.0041907
39.48	0.0041885
39.49	0.0041862
39.5	0.004184
39.51	0.0041817
39.52	0.0041795
39.53	0.0041773
39.54	0.004175
39.55	0.0041728
39.56	0.0041706
39.57	0.0041683
39.58	0.0041661
39.59	0.0041639
39.6	0.0041616
39.61	0.0041594
39.62	0.0041572
39.63	0.004155
39.64	0.0041528
39.65	0.0041505
39.66	0.0041483
39.67	0.0041461
39.68	0.0041439
39.69	0.0041417
39.7	0.0041395
39.71	0.0041373
39.72	0.0041351
39.73	0.0041329
39.74	0.0041307
39.75	0.0041285
39.76	0.0041263
39.77	0.0041241
39.78	0.0041219
39.79	0.0041197
39.8	0.0041175
39.81	0.0041153
39.82	0.0041131
39.83	0.0041109
39.84	0.0041087
39.85	0.0041066
39.86	0.0041044
39.87	0.0041022
39.88	0.0041
39.89	0.0040979
39.9	0.0040957
39.91	0.0040935
39.92	0.0040913
39.93	0.0040892
39.94	0.004087
39.95	0.0040848
39.96	0.0040827
39.97	0.0040805
39.98	0.0040783
39.99	0.0040762
40.0	0.004074
40.01	0.0040719
40.02	0.0040697
40.03	0.0040676
40.04	0.0040654
40.05	0.0040633
40.06	0.0040611
40.07	0.004059
40.08	0.0040568
40.09	0.0040547
40.1	0.0040526
40.11	0.0040504
40.12	0.0040483
40.13	0.0040462
40.14	0.004044
40.15	0.0040419
40.16	0.0040398
40.17	0.0040376
40.18	0.0040355
40.19	0.0040334
40.2	0.0040313
40.21	0.0040291
40.22	0.004027
40.23	0.0040249
40.24	0.0040228
40.25	0.0040207
40.26	0.0040186
40.27	0.0040164
40.28	0.0040143
40.29	0.0040122
40.3	0.0040101
40.31	0.004008
40.32	0.0040059
40.33	0.0040038
40.34	0.0040017
40.35	0.0039996
40.36	0.0039975
40.37	0.0039954
40.38	0.0039933
40.39	0.0039912
40.4	0.0039891
40.41	0.0039871
40.42	0.003985
40.43	0.0039829
40.44	0.0039808
40.45	0.0039787
40.46	0.0039766
40.47	0.0039746
40.48	0.0039725
40.49	0.0039704
40.5	0.0039683
40.51	0.0039663
40.52	0.0039642
40.53	0.0039621
40.54	0.0039601
40.55	0.003958
40.56	0.0039559
40.57	0.0039539
40.58	0.0039518
40.59	0.0039497
40.6	0.0039477
40.61	0.0039456
40.62	0.0039436
40.63	0.0039415
40.64	0.0039395
40.65	0.0039374
40.66	0.0039354
40.67	0.0039333
40.68	0.0039313
40.69	0.0039292
40.7	0.0039272
40.71	0.0039251
40.72	0.0039231
40.73	0.0039211
40.74	0.003919
40.75	0.003917
40.76	0.003915
40.77	0.0039129
40.78	0.0039109
40.79	0.0039089
40.8	0.0039069
40.81	0.0039048
40.82	0.0039028
40.83	0.0039008
40.84	0.0038988
40.85	0.0038967
40.86	0.0038947
40.87	0.0038927
40.88	0.0038907
40.89	0.0038887
40.9	0.0038867
40.91	0.0038847
40.92	0.0038827
40.93	0.0038807
40.94	0.0038787
40.95	0.0038766
40.96	0.0038746
40.97	0.0038726
40.98	0.0038706
40.99	0.0038687
41.0	0.0038667
41.01	0.0038647
41.02	0.0038627
41.03	0.0038607
41.04	0.0038587
41.05	0.0038567
41.06	0.0038547
41.07	0.0038527
41.08	0.0038508
41.09	0.0038488
41.1	0.0038468
41.11	0.0038448
41.12	0.0038428
41.13	0.0038409
41.14	0.0038389
41.15	0.0038369
41.16	0.0038349
41.17	0.003833
41.18	0.003831
41.19	0.003829
41.2	0.0038271
41.21	0.0038251
41.22	0.0038231
41.23	0.0038212
41.24	0.0038192
41.25	0.0038173
41.26	0.0038153
41.27	0.0038134
41.28	0.0038114
41.29	0.0038095
41.3	0.0038075
41.31	0.0038056
41.32	0.0038036
41.33	0.0038017
41.34	0.0037997
41.35	0.0037978
41.36	0.0037958
41.37	0.0037939
41.38	0.003792
41.39	0.00379
41.4	0.0037881
41.41	0.0037862
41.42	0.0037842
41.43	0.0037823
41.44	0.0037804
41.45	0.0037784
41.46	0.0037765
41.47	0.0037746
41.48	0.0037727
41.49	0.0037707
41.5	0.0037688
41.51	0.0037669
41.52	0.003765
41.53	0.0037631
41.54	0.0037611
41.55	0.0037592
41.56	0.0037573
41.57	0.0037554
41.58	0.0037535
41.59	0.0037516
41.6	0.0037497
41.61	0.0037478
41.62	0.0037459
41.63	0.003744
41.64	0.0037421
41.65	0.0037402
41.66	0.0037383
41.67	0.0037364
41.68	0.0037345
41.69	0.0037326
41.7	0.0037307
41.71	0.0037288
41.72	0.0037269
41.73	0.003725
41.74	0.0037232
41.75	0.0037213
41.76	0.0037194
41.77	0.0037175
41.78	0.0037156
41.79	0.0037137
41.8	0.0037119
41.81	0.00371
41.82	0.0037081
41.83	0.0037062
41.84	0.0037044
41.85	0.0037025
41.86	0.0037006
41.87	0.0036988
41.88	0.0036969
41.89	0.003695
41.9	0.0036932
41.91	0.0036913
41.92	0.0036894
41.93	0.0036876
41.94	0.0036857
41.95	0.0036839
41.96	0.003682
41.97	0.0036802
41.98	0.0036783
41.99	0.0036765
42.0	0.0036746
42.01	0.0036728
42.02	0.0036709
42.03	0.0036691
42.04	0.0036672
42.05	0.0036654
42.06	0.0036635
42.07	0.0036617
42.08	0.0036599
42.09	0.003658
42.1	0.0036562
42.11	0.0036544
42.12	0.0036525
42.13	0.0036507
42.14	0.0036489
42.15	0.003647
42.16	0.0036452
42.17	0.0036434
42.18	0.0036416
42.19	0.0036397
42.2	0.0036379
42.21	0.0036361
42.22	0.0036343
42.23	0.0036325
42.24	0.0036306
42.25	0.0036288
42.26	0.003627
42.27	0.0036252
42.28	0.0036234
42.29	0.0036216
42.3	0.0036198
42.31	0.003618
42.32	0.0036162
42.33	0.0036143
42.34	0.0036125
42.35	0.0036107
42.36	0.0036089
42.37	0.0036071
42.38	0.0036053
42.39	0.0036036
42.4	0.0036018
42.41	0.0036
42.42	0.0035982
42.43	0.0035964
42.44	0.0035946
42.45	0.0035928
42.46	0.003591
42.47	0.0035892
42.48	0.0035874
42.49	0.0035857
42.5	0.0035839
42.51	0.0035821
42.52	0.0035803
42.53	0.0035785
42.54	0.0035768
42.55	0.003575
42.56	0.0035732
42.57	0.0035714
42.58	0.0035697
42.59	0.0035679
42.6	0.0035661
42.61	0.0035644
42.62	0.0035626
42.63	0.0035608
42.64	0.0035591
42.65	0.0035573
42.66	0.0035555
42.67	0.0035538
42.68	0.003552
42.69	0.0035503
42.7	0.0035485
42.71	0.0035468
42.72	0.003545
42.73	0.0035433
42.74	0.0035415
42.75	0.0035398
42.76	0.003538
42.77	0.0035363
42.78	0.0035345
42.79	0.0035328
42.8	0.003531
42.81	0.0035293
42.82	0.0035275
42.83	0.0035258
42.84	0.0035241
42.85	0.0035223
42.86	0.0035206
42.87	0.0035189
42.88	0.0035171
42.89	0.0035154
42.9	0.0035137
42.91	0.0035119
42.92	0.0035102
42.93	0.0035085
42.94	0.0035068
42.95	0.003505
42.96	0.0035033
42.97	0.0035016
42.98	0.0034999
42.99	0.0034982
43.0	0.0034964
43.01	0.0034947
43.02	0.003493
43.03	0.0034913
43.04	0.0034896
43.05	0.0034879
43.06	0.0034862
43.07	0.0034845
43.08	0.0034827
43.09	0.003481
43.1	0.0034793
43.11	0.0034776
43.12	0.0034759
43.13	0.0034742
43.14	0.0034725
43.15	0.0034708
43.16	0.0034691
43.17	0.0034674
43.18	0.0034657
43.19	0.003464
43.2	0.0034624
43.21	0.0034607
43.22	0.003459
43.23	0.0034573
43.24	0.0034556
43.25	0.0034539
43.26	0.0034522
43.27	0.0034505
43.28	0.0034489
43.29	0.0034472
43.3	0.0034455
43.31	0.0034438
43.32	0.0034421
43.33	0.0034405
43.34	0.0034388
43.35	0.0034371
43.36	0.0034354
43.37	0.0034338
43.38	0.0034321
43.39	0.0034304
43.4	0.0034288
43.41	0.0034271
43.42	0.0034254
43.43	0.0034238
43.44	0.0034221
43.45	0.0034204
43.46	0.0034188
43.47	0.0034171
43.48	0.0034155
43.49	0.0034138
43.5	0.0034121
43.51	0.0034105
43.52	0.0034088
43.53	0.0034072
43.54	0.0034055
43.55	0.0034039
43.56	0.0034022
43.57	0.0034006
43.58	0.0033989
43.59	0.0033973
43.6	0.0033956
43.61	0.003394
43.62	0.0033924
43.63	0.0033907
43.64	0.0033891
43.65	0.0033874
43.66	0.0033858
43.67	0.0033842
43.68	0.0033825
43.69	0.0033809
43.7	0.0033793
43.71	0.0033776
43.72	0.003376
43.73	0.0033744
43.74	0.0033727
43.75	0.0033711
43.76	0.0033695
43.77	0.0033679
43.78	0.0033662
43.79	0.0033646
43.8	0.003363
43.81	0.0033614
43.82	0.0033598
43.83	0.0033582
43.84	0.0033565
43.85	0.0033549
43.86	0.0033533
43.87	0.0033517
43.88	0.0033501
43.89	0.0033485
43.9	0.0033469
43.91	0.0033453
43.92	0.0033436
43.93	0.003342
43.94	0.0033404
43.95	0.0033388
43.96	0.0033372
43.97	0.0033356
43.98	0.003334
43.99	0.0033324
44.0	0.0033308
44.01	0.0033292
44.02	0.0033276
44.03	0.003326
44.04	0.0033245
44.05	0.0033229
44.06	0.0033213
44.07	0.0033197
44.08	0.0033181
44.09	0.0033165
44.1	0.0033149
44.11	0.0033133
44.12	0.0033118
44.13	0.0033102
44.14	0.0033086
44.15	0.003307
44.16	0.0033054
44.17	0.0033038
44.18	0.0033023
44.19	0.0033007
44.2	0.0032991
44.21	0.0032975
44.22	0.003296
44.23	0.0032944
44.24	0.0032928
44.25	0.0032913
44.26	0.0032897
44.27	0.0032881
44.28	0.0032866
44.29	0.003285
44.3	0.0032834
44.31	0.0032819
44.32	0.0032803
44.33	0.0032787
44.34	0.0032772
44.35	0.0032756
44.36	0.0032741
44.37	0.0032725
44.38	0.003271
44.39	0.0032694
44.4	0.0032679
44.41	0.0032663
44.42	0.0032648
44.43	0.0032632
44.44	0.0032617
44.45	0.0032601
44.46	0.0032586
44.47	0.003257
44.48	0.0032555
44.49	0.0032539
44.5	0.0032524
44.51	0.0032508
44.52	0.0032493
44.53	0.0032478
44.54	0.0032462
44.55	0.0032447
44.56	0.0032432
44.57	0.0032416
44.58	0.0032401
44.59	0.0032386
44.6	0.003237
44.61	0.0032355
44.62	0.003234
44.63	0.0032324
44.64	0.0032309
44.65	0.0032294
44.66	0.0032279
44.67	0.0032263
44.68	0.0032248
44.69	0.0032233
44.7	0.0032218
44.71	0.0032203
44.72	0.0032187
44.73	0.0032172
44.74	0.0032157
44.75	0.0032142
44.76	0.0032127
44.77	0.0032112
44.78	0.0032097
44.79	0.0032081
44.8	0.0032066
44.81	0.0032051
44.82	0.0032036
44.83	0.0032021
44.84	0.0032006
44.85	0.0031991
44.86	0.0031976
44.87	0.0031961
44.88	0.0031946
44.89	0.0031931
44.9	0.0031916
44.91	0.0031901
44.92	0.0031886
44.93	0.0031871
44.94	0.0031856
44.95	0.0031841
44.96	0.0031826
44.97	0.0031811
44.98	0.0031796
44.99	0.0031781
45.0	0.0031767
45.01	0.0031752
45.02	0.0031737
45.03	0.0031722
45.04	0.0031707
45.05	0.0031692
45.06	0.0031677
45.07	0.0031663
45.08	0.0031648
45.09	0.0031633
45.1	0.0031618
45.11	0.0031604
45.12	0.0031589
45.13	0.0031574
45.14	0.0031559
45.15	0.0031545
45.16	0.003153
45.17	0.0031515
45.18	0.00315
45.19	0.0031486
45.2	0.0031471
45.21	0.0031456
45.22	0.0031442
45.23	0.0031427
45.24	0.0031412
45.25	0.0031398
45.26	0.0031383
45.27	0.0031369
45.28	0.0031354
45.29	0.0031339
45.3	0.0031325
45.31	0.003131
45.32	0.0031296
45.33	0.0031281
45.34	0.0031267
45.35	0.0031252
45.36	0.0031238
45.37	0.0031223
45.38	0.0031209
45.39	0.0031194
45.4	0.003118
45.41	0.0031165
45.42	0.0031151
45.43	0.0031136
45.44	0.0031122
45.45	0.0031107
45.46	0.0031093
45.47	0.0031078
45.48	0.0031064
45.49	0.003105
45.5	0.0031035
45.51	0.0031021
45.52	0.0031007
45.53	0.0030992
45.54	0.0030978
45.55	0.0030964
45.56	0.0030949
45.57	0.0030935
45.58	0.0030921
45.59	0.0030906
45.6	0.0030892
45.61	0.0030878
45.62	0.0030864
45.63	0.0030849
45.64	0.0030835
45.65	0.0030821
45.66	0.0030807
45.67	0.0030792
45.68	0.0030778
45.69	0.0030764
45.7	0.003075
45.71	0.0030736
45.72	0.0030721
45.73	0.0030707
45.74	0.0030693
45.75	0.0030679
45.76	0.0030665
45.77	0.0030651
45.78	0.0030637
45.79	0.0030623
45.8	0.0030609
45.81	0.0030594
45.82	0.003058
45.83	0.0030566
45.84	0.0030552
45.85	0.0030538
45.86	0.0030524
45.87	0.003051
45.88	0.0030496
45.89	0.0030482
45.9	0.0030468
45.91	0.0030454
45.92	0.003044
45.93	0.0030426
45.94	0.0030412
45.95	0.0030398
45.96	0.0030384
45.97	0.0030371
45.98	0.0030357
45.99	0.0030343
46.0	0.0030329
46.01	0.0030315
46.02	0.0030301
46.03	0.0030287
46.04	0.0030273
46.05	0.003026
46.06	0.0030246
46.07	0.0030232
46.08	0.0030218
46.09	0.0030204
46.1	0.003019
46.11	0.0030177
46.12	0.0030163
46.13	0.0030149
46.14	0.0030135
46.15	0.0030122
46.16	0.0030108
46.17	0.0030094
46.18	0.003008
46.19	0.0030067
46.2	0.0030053
46.21	0.0030039
46.22	0.0030026
46.23	0.0030012
46.24	0.0029998
46.25	0.0029985
46.26	0.0029971
46.27	0.0029957
46.28	0.0029944
46.29	0.002993
46.3	0.0029916
46.31	0.0029903
46.32	0.0029889
46.33	0.0029876
46.34	0.0029862
46.35	0.0029849
46.36	0.0029835
46.37	0.0029821
46.38	0.0029808
46.39	0.0029794
46.4	0.0029781
46.41	0.0029767
46.42	0.0029754
46.43	0.002974
46.44	0.0029727
46.45	0.0029713
46.46	0.00297
46.47	0.0029686
46.48	0.0029673
46.49	0.002966
46.5	0.0029646
46.51	0.0029633
46.52	0.0029619
46.53	0.0029606
46.54	0.0029593
46.55	0.0029579
46.56	0.0029566
46.57	0.0029552
46.58	0.0029539
46.59	0.0029526
46.6	0.0029512
46.61	0.0029499
46.62	0.0029486
46.63	0.0029472
46.64	0.0029459
46.65	0.0029446
46.66	0.0029432
46.67	0.0029419
46.68	0.0029406
46.69	0.0029393
46.7	0.0029379
46.71	0.0029366
46.72	0.0029353
46.73	0.002934
46.74	0.0029327
46.75	0.0029313
46.76	0.00293
46.77	0.0029287
46.78	0.0029274
46.79	0.0029261
46.8	0.0029247
46.81	0.0029234
46.82	0.0029221
46.83	0.0029208
46.84	0.0029195
46.85	0.0029182
46.86	0.0029169
46.87	0.0029156
46.88	0.0029142
46.89	0.0029129
46.9	0.0029116
46.91	0.0029103
46.92	0.002909
46.93	0.0029077
46.94	0.0029064
46.95	0.0029051
46.96	0.0029038
46.97	0.0029025
46.98	0.0029012
46.99	0.0028999
47.0	0.0028986
47.01	0.0028973
47.02	0.002896
47.03	0.0028947
47.04	0.0028934
47.05	0.0028921
47.06	0.0028908
47.07	0.0028895
47.08	0.0028883
47.09	0.002887
47.1	0.0028857
47.11	0.0028844
47.12	0.0028831
47.13	0.0028818
47.14	0.0028805
47.15	0.0028792
47.16	0.0028779
47.17	0.0028767
47.18	0.0028754
47.19	0.0028741
47.2	0.0028728
47.21	0.0028715
47.22	0.0028703
47.23	0.002869
47.24	0.0028677
47.25	0.0028664
47.26	0.0028651
47.27	0.0028639
47.28	0.0028626
47.29	0.0028613
47.3	0.0028601
47.31	0.0028588
47.32	0.0028575
47.33	0.0028562
47.34	0.002855
47.35	0.0028537
47.36	0.0028524
47.37	0.0028512
47.38	0.0028499
47.39	0.0028486
47.4	0.0028474
47.41	0.0028461
47.42	0.0028448
47.43	0.0028436
47.44	0.0028423
47.45	0.0028411
47.46	0.0028398
47.47	0.0028385
47.48	0.0028373
47.49	0.002836
47.5	0.0028348
47.51	0.0028335
47.52	0.0028323
47.53	0.002831
47.54	0.0028298
47.55	0.0028285
47.56	0.0028273
47.57	0.002826
47.58	0.0028248
47.59	0.0028235
47.6	0.0028223
47.61	0.002821
47.62	0.0028198
47.63	0.0028185
47.64	0.0028173
47.65	0.002816
47.66	0.0028148
47.67	0.0028135
47.68	0.0028123
47.69	0.0028111
47.7	0.0028098
47.71	0.0028086
47.72	0.0028073
47.73	0.0028061
47.74	0.0028049
47.75	0.0028036
47.76	0.0028024
47.77	0.0028012
47.78	0.0027999
47.79	0.0027987
47.8	0.0027975
47.81	0.0027962
47.82	0.002795
47.83	0.0027938
47.84	0.0027926
47.85	0.0027913
47.86	0.0027901
47.87	0.0027889
47.88	0.0027876
47.89	0.0027864
47.9	0.0027852
47.91	0.002784
47.92	0.0027828
47.93	0.0027815
47.94	0.0027803
47.95	0.0027791
47.96	0.0027779
47.97	0.0027767
47.98	0.0027754
47.99	0.0027742
48.0	0.002773
48.01	0.0027718
48.02	0.0027706
48.03	0.0027694
48.04	0.0027682
48.05	0.0027669
48.06	0.0027657
48.07	0.0027645
48.08	0.0027633
48.09	0.0027621
48.1	0.0027609
48.11	0.0027597
48.12	0.0027585
48.13	0.0027573
48.14	0.0027561
48.15	0.0027549
48.16	0.0027537
48.17	0.0027525
48.18	0.0027513
48.19	0.0027501
48.2	0.0027489
48.21	0.0027477
48.22	0.0027465
48.23	0.0027453
48.24	0.0027441
48.25	0.0027429
48.26	0.0027417
48.27	0.0027405
48.28	0.0027393
48.29	0.0027381
48.3	0.0027369
48.31	0.0027357
48.32	0.0027345
48.33	0.0027333
48.34	0.0027322
48.35	0.002731
48.36	0.0027298
48.37	0.0027286
48.38	0.0027274
48.39	0.0027262
48.4	0.002725
48.41	0.0027239
48.42	0.0027227
48.43	0.0027215
48.44	0.0027203
48.45	0.0027191
48.46	0.0027179
48.47	0.0027168
48.48	0.0027156
48.49	0.0027144
48.5	0.0027132
48.51	0.0027121
48.52	0.0027109
48.53	0.0027097
48.54	0.0027085
48.55	0.0027074
48.56	0.0027062
48.57	0.002705
48.58	0.0027039
48.59	0.0027027
48.6	0.0027015
48.61	0.0027003
48.62	0.0026992
48.63	0.002698
48.64	0.0026968
48.65	0.0026957
48.66	0.0026945
48.67	0.0026933
48.68	0.0026922
48.69	0.002691
48.7	0.0026899
48.71	0.0026887
48.72	0.0026875
48.73	0.0026864
48.74	0.0026852
48.75	0.0026841
48.76	0.0026829
48.77	0.0026818
48.78	0.0026806
48.79	0.0026794
48.8	0.0026783
48.81	0.0026771
48.82	0.002676
48.83	0.0026748
48.84	0.0026737
48.85	0.0026725
48.86	0.0026714
48.87	0.0026702
48.88	0.0026691
48.89	0.0026679
48.9	0.0026668
48.91	0.0026656
48.92	0.0026645
48.93	0.0026634
48.94	0.0026622
48.95	0.0026611
48.96	0.0026599
48.97	0.0026588
48.98	0.0026576
48.99	0.0026565
49.0	0.0026554
49.01	0.0026542
49.02	0.0026531
49.03	0.002652
49.04	0.0026508
49.05	0.0026497
49.06	0.0026485
49.07	0.0026474
49.08	0.0026463
49.09	0.0026451
49.1	0.002644
49.11	0.0026429
49.12	0.0026417
49.13	0.0026406
49.14	0.0026395
49.15	0.0026384
49.16	0.0026372
49.17	0.0026361
49.18	0.002635
49.19	0.0026339
49.2	0.0026327
49.21	0.0026316
49.22	0.0026305
49.23	0.0026294
49.24	0.0026282
49.25	0.0026271
49.26	0.002626
49.27	0.0026249
49.28	0.0026238
49.29	0.0026226
49.3	0.0026215
49.31	0.0026204
49.32	0.0026193
49.33	0.0026182
49.34	0.0026171
49.35	0.0026159
49.36	0.0026148
49.37	0.0026137
49.38	0.0026126
49.39	0.0026115
49.4	0.0026104
49.41	0.0026093
49.42	0.0026082
49.43	0.0026071
49.44	0.0026059
49.45	0.0026048
49.46	0.0026037
49.47	0.0026026
49.48	0.0026015
49.49	0.0026004
49.5	0.0025993
49.51	0.0025982
49.52	0.0025971
49.53	0.002596
49.54	0.0025949
49.55	0.0025938
49.56	0.0025927
49.57	0.0025916
49.58	0.0025905
49.59	0.0025894
49.6	0.0025883
49.61	0.0025872
49.62	0.0025861
49.63	0.002585
49.64	0.0025839
49.65	0.0025828
49.66	0.0025818
49.67	0.0025807
49.68	0.0025796
49.69	0.0025785
49.7	0.0025774
49.71	0.0025763
49.72	0.0025752
49.73	0.0025741
49.74	0.002573
49.75	0.002572
49.76	0.0025709
49.77	0.0025698
49.78	0.0025687
49.79	0.0025676
49.8	0.0025665
49.81	0.0025654
49.82	0.0025644
49.83	0.0025633
49.84	0.0025622
49.85	0.0025611
49.86	0.00256
49.87	0.002559
49.88	0.0025579
49.89	0.0025568
49.9	0.0025557
49.91	0.0025547
49.92	0.0025536
49.93	0.0025525
49.94	0.0025514
49.95	0.0025504
49.96	0.0025493
49.97	0.0025482
49.98	0.0025472
49.99	0.0025461
50.0	0.002545
