eng	y_fit
0.07	0.0
0.08	0.081569
0.09	0.19412
0.1	0.28001
0.11	0.35858
0.12	0.42563
0.13	0.4762
0.14	0.51509
0.15	0.54189
0.16	0.54987
0.17	0.54192
0.18	0.52669
0.19	0.50603
0.2	0.47848
0.21	0.44653
0.22	0.41456
0.23	0.38446
0.24	0.35596
0.25	0.32888
0.26	0.30381
0.27	0.28153
0.28	0.26228
0.29	0.24565
0.3	0.23108
0.31	0.21833
0.32	0.20742
0.33	0.19831
0.34	0.1907
0.35	0.18422
0.36	0.17863
0.37	0.17386
0.38	0.16987
0.39	0.16656
0.4	0.16375
0.41	0.16134
0.42	0.15925
0.43	0.15749
0.44	0.15602
0.45	0.15479
0.46	0.15375
0.47	0.15286
0.48	0.15211
0.49	0.15149
0.5	0.15101
0.51	0.15063
0.52	0.15033
0.53	0.15011
0.54	0.14996
0.55	0.14989
0.56	0.14987
0.57	0.14991
0.58	0.15
0.59	0.15012
0.6	0.15027
0.61	0.15046
0.62	0.15067
0.63	0.15091
0.64	0.15117
0.65	0.15144
0.66	0.15171
0.67	0.152
0.68	0.15229
0.69	0.15258
0.7	0.15287
0.71	0.15316
0.72	0.15345
0.73	0.15374
0.74	0.15401
0.75	0.15428
0.76	0.15453
0.77	0.15478
0.78	0.15501
0.79	0.15524
0.8	0.15545
0.81	0.15565
0.82	0.15584
0.83	0.15601
0.84	0.15616
0.85	0.15631
0.86	0.15644
0.87	0.15656
0.88	0.15666
0.89	0.15675
0.9	0.15683
0.91	0.15689
0.92	0.15694
0.93	0.15698
0.94	0.15701
0.95	0.15703
0.96	0.15703
0.97	0.15703
0.98	0.15701
0.99	0.15698
1.0	0.15694
1.01	0.1569
1.02	0.15684
1.03	0.15678
1.04	0.15671
1.05	0.15663
1.06	0.15654
1.07	0.15644
1.08	0.15634
1.09	0.15623
1.1	0.15611
1.11	0.15599
1.12	0.15586
1.13	0.15573
1.14	0.15559
1.15	0.15544
1.16	0.15529
1.17	0.15514
1.18	0.15498
1.19	0.15481
1.2	0.15464
1.21	0.15447
1.22	0.15429
1.23	0.15411
1.24	0.15392
1.25	0.15372
1.26	0.15352
1.27	0.15332
1.28	0.15312
1.29	0.1529
1.3	0.15269
1.31	0.15246
1.32	0.15223
1.33	0.152
1.34	0.15176
1.35	0.15151
1.36	0.15127
1.37	0.15101
1.38	0.15075
1.39	0.15049
1.4	0.15022
1.41	0.14994
1.42	0.14966
1.43	0.14938
1.44	0.14909
1.45	0.14879
1.46	0.14849
1.47	0.14819
1.48	0.14788
1.49	0.14757
1.5	0.14724
1.51	0.14692
1.52	0.14659
1.53	0.14625
1.54	0.14592
1.55	0.14557
1.56	0.14522
1.57	0.14487
1.58	0.14451
1.59	0.14414
1.6	0.14377
1.61	0.1434
1.62	0.14302
1.63	0.14264
1.64	0.14226
1.65	0.14187
1.66	0.14147
1.67	0.14107
1.68	0.14067
1.69	0.14027
1.7	0.13986
1.71	0.13944
1.72	0.13903
1.73	0.13861
1.74	0.13819
1.75	0.13777
1.76	0.13734
1.77	0.13691
1.78	0.13648
1.79	0.13604
1.8	0.13561
1.81	0.13517
1.82	0.13473
1.83	0.13429
1.84	0.13384
1.85	0.1334
1.86	0.13295
1.87	0.1325
1.88	0.13205
1.89	0.13159
1.9	0.13114
1.91	0.13068
1.92	0.13023
1.93	0.12977
1.94	0.12931
1.95	0.12885
1.96	0.12839
1.97	0.12793
1.98	0.12747
1.99	0.12701
2.0	0.12655
2.01	0.12608
2.02	0.12562
2.03	0.12516
2.04	0.12469
2.05	0.12423
2.06	0.12377
2.07	0.1233
2.08	0.12284
2.09	0.12238
2.1	0.12191
2.11	0.12145
2.12	0.12099
2.13	0.12053
2.14	0.12007
2.15	0.11961
2.16	0.11915
2.17	0.11869
2.18	0.11823
2.19	0.11777
2.2	0.11731
2.21	0.11685
2.22	0.1164
2.23	0.11594
2.24	0.11549
2.25	0.11503
2.26	0.11458
2.27	0.11413
2.28	0.11368
2.29	0.11323
2.3	0.11278
2.31	0.11233
2.32	0.11188
2.33	0.11144
2.34	0.11099
2.35	0.11055
2.36	0.11011
2.37	0.10967
2.38	0.10923
2.39	0.10879
2.4	0.10836
2.41	0.10793
2.42	0.10749
2.43	0.10706
2.44	0.10664
2.45	0.10621
2.46	0.10578
2.47	0.10536
2.48	0.10494
2.49	0.10452
2.5	0.1041
2.51	0.10369
2.52	0.10327
2.53	0.10286
2.54	0.10245
2.55	0.10204
2.56	0.10164
2.57	0.10124
2.58	0.10084
2.59	0.10044
2.6	0.10004
2.61	0.099647
2.62	0.099256
2.63	0.098866
2.64	0.09848
2.65	0.098095
2.66	0.097714
2.67	0.097334
2.68	0.096957
2.69	0.096583
2.7	0.096211
2.71	0.095842
2.72	0.095475
2.73	0.095111
2.74	0.094749
2.75	0.094391
2.76	0.094034
2.77	0.093681
2.78	0.09333
2.79	0.092981
2.8	0.092636
2.81	0.092293
2.82	0.091952
2.83	0.091614
2.84	0.091279
2.85	0.090947
2.86	0.090617
2.87	0.09029
2.88	0.089965
2.89	0.089644
2.9	0.089324
2.91	0.089008
2.92	0.088694
2.93	0.088383
2.94	0.088074
2.95	0.087768
2.96	0.087464
2.97	0.087163
2.98	0.086865
2.99	0.086569
3.0	0.086276
3.01	0.085985
3.02	0.085697
3.03	0.085412
3.04	0.085128
3.05	0.084848
3.06	0.08457
3.07	0.084294
3.08	0.08402
3.09	0.083749
3.1	0.083481
3.11	0.083215
3.12	0.082951
3.13	0.082689
3.14	0.08243
3.15	0.082173
3.16	0.081919
3.17	0.081667
3.18	0.081416
3.19	0.081169
3.2	0.080923
3.21	0.08068
3.22	0.080438
3.23	0.080199
3.24	0.079962
3.25	0.079728
3.26	0.079495
3.27	0.079264
3.28	0.079036
3.29	0.078809
3.3	0.078585
3.31	0.078362
3.32	0.078142
3.33	0.077924
3.34	0.077707
3.35	0.077492
3.36	0.07728
3.37	0.077069
3.38	0.07686
3.39	0.076653
3.4	0.076448
3.41	0.076245
3.42	0.076043
3.43	0.075844
3.44	0.075646
3.45	0.075449
3.46	0.075255
3.47	0.075062
3.48	0.074871
3.49	0.074682
3.5	0.074494
3.51	0.074308
3.52	0.074124
3.53	0.073941
3.54	0.073759
3.55	0.07358
3.56	0.073401
3.57	0.073225
3.58	0.07305
3.59	0.072876
3.6	0.072703
3.61	0.072533
3.62	0.072363
3.63	0.072195
3.64	0.072028
3.65	0.071863
3.66	0.071699
3.67	0.071536
3.68	0.071375
3.69	0.071215
3.7	0.071056
3.71	0.070898
3.72	0.070741
3.73	0.070586
3.74	0.070432
3.75	0.070279
3.76	0.070127
3.77	0.069976
3.78	0.069826
3.79	0.069677
3.8	0.069529
3.81	0.069383
3.82	0.069237
3.83	0.069092
3.84	0.068948
3.85	0.068805
3.86	0.068663
3.87	0.068522
3.88	0.068382
3.89	0.068242
3.9	0.068103
3.91	0.067966
3.92	0.067829
3.93	0.067692
3.94	0.067557
3.95	0.067422
3.96	0.067288
3.97	0.067154
3.98	0.067022
3.99	0.06689
4.0	0.066758
4.01	0.066627
4.02	0.066497
4.03	0.066368
4.04	0.066239
4.05	0.06611
4.06	0.065982
4.07	0.065855
4.08	0.065728
4.09	0.065602
4.1	0.065476
4.11	0.065351
4.12	0.065226
4.13	0.065101
4.14	0.064977
4.15	0.064854
4.16	0.064731
4.17	0.064608
4.18	0.064486
4.19	0.064364
4.2	0.064243
4.21	0.064121
4.22	0.064001
4.23	0.06388
4.24	0.06376
4.25	0.063641
4.26	0.063521
4.27	0.063402
4.28	0.063284
4.29	0.063165
4.3	0.063047
4.31	0.062929
4.32	0.062812
4.33	0.062695
4.34	0.062578
4.35	0.062461
4.36	0.062345
4.37	0.062229
4.38	0.062113
4.39	0.061997
4.4	0.061882
4.41	0.061767
4.42	0.061652
4.43	0.061537
4.44	0.061423
4.45	0.061308
4.46	0.061194
4.47	0.061081
4.48	0.060967
4.49	0.060854
4.5	0.06074
4.51	0.060628
4.52	0.060515
4.53	0.060402
4.54	0.06029
4.55	0.060177
4.56	0.060065
4.57	0.059953
4.58	0.059842
4.59	0.05973
4.6	0.059619
4.61	0.059507
4.62	0.059396
4.63	0.059285
4.64	0.059175
4.65	0.059064
4.66	0.058954
4.67	0.058843
4.68	0.058733
4.69	0.058623
4.7	0.058513
4.71	0.058403
4.72	0.058294
4.73	0.058184
4.74	0.058075
4.75	0.057966
4.76	0.057856
4.77	0.057747
4.78	0.057639
4.79	0.05753
4.8	0.057421
4.81	0.057313
4.82	0.057204
4.83	0.057096
4.84	0.056988
4.85	0.05688
4.86	0.056772
4.87	0.056664
4.88	0.056556
4.89	0.056449
4.9	0.056341
4.91	0.056234
4.92	0.056127
4.93	0.05602
4.94	0.055913
4.95	0.055806
4.96	0.055699
4.97	0.055592
4.98	0.055486
4.99	0.055379
5.0	0.055273
5.01	0.055167
5.02	0.055061
5.03	0.054955
5.04	0.054849
5.05	0.054743
5.06	0.054637
5.07	0.054532
5.08	0.054426
5.09	0.054321
5.1	0.054216
5.11	0.054111
5.12	0.054006
5.13	0.053902
5.14	0.053797
5.15	0.053693
5.16	0.053588
5.17	0.053484
5.18	0.05338
5.19	0.053276
5.2	0.053173
5.21	0.053069
5.22	0.052966
5.23	0.052862
5.24	0.052759
5.25	0.052656
5.26	0.052553
5.27	0.052451
5.28	0.052348
5.29	0.052246
5.3	0.052144
5.31	0.052042
5.32	0.05194
5.33	0.051839
5.34	0.051737
5.35	0.051636
5.36	0.051535
5.37	0.051434
5.38	0.051333
5.39	0.051232
5.4	0.051132
5.41	0.051032
5.42	0.050932
5.43	0.050832
5.44	0.050732
5.45	0.050633
5.46	0.050534
5.47	0.050435
5.48	0.050336
5.49	0.050237
5.5	0.050139
5.51	0.050041
5.52	0.049943
5.53	0.049845
5.54	0.049747
5.55	0.04965
5.56	0.049552
5.57	0.049455
5.58	0.049358
5.59	0.049262
5.6	0.049165
5.61	0.049069
5.62	0.048973
5.63	0.048877
5.64	0.048782
5.65	0.048686
5.66	0.048591
5.67	0.048496
5.68	0.048401
5.69	0.048307
5.7	0.048212
5.71	0.048118
5.72	0.048024
5.73	0.047931
5.74	0.047837
5.75	0.047744
5.76	0.047651
5.77	0.047558
5.78	0.047465
5.79	0.047372
5.8	0.04728
5.81	0.047188
5.82	0.047096
5.83	0.047005
5.84	0.046913
5.85	0.046822
5.86	0.046731
5.87	0.04664
5.88	0.046549
5.89	0.046459
5.9	0.046369
5.91	0.046279
5.92	0.046189
5.93	0.046099
5.94	0.04601
5.95	0.045921
5.96	0.045832
5.97	0.045743
5.98	0.045654
5.99	0.045566
6.0	0.045478
6.01	0.04539
6.02	0.045302
6.03	0.045214
6.04	0.045127
6.05	0.04504
6.06	0.044953
6.07	0.044866
6.08	0.04478
6.09	0.044693
6.1	0.044607
6.11	0.044521
6.12	0.044435
6.13	0.04435
6.14	0.044265
6.15	0.044179
6.16	0.044094
6.17	0.04401
6.18	0.043925
6.19	0.043841
6.2	0.043757
6.21	0.043673
6.22	0.043589
6.23	0.043505
6.24	0.043422
6.25	0.043339
6.26	0.043256
6.27	0.043173
6.28	0.043091
6.29	0.043008
6.3	0.042926
6.31	0.042844
6.32	0.042763
6.33	0.042681
6.34	0.0426
6.35	0.042519
6.36	0.042438
6.37	0.042357
6.38	0.042276
6.39	0.042196
6.4	0.042116
6.41	0.042036
6.42	0.041956
6.43	0.041876
6.44	0.041797
6.45	0.041718
6.46	0.041639
6.47	0.04156
6.48	0.041481
6.49	0.041403
6.5	0.041325
6.51	0.041247
6.52	0.041169
6.53	0.041091
6.54	0.041013
6.55	0.040936
6.56	0.040859
6.57	0.040782
6.58	0.040705
6.59	0.040629
6.6	0.040552
6.61	0.040476
6.62	0.0404
6.63	0.040324
6.64	0.040248
6.65	0.040173
6.66	0.040097
6.67	0.040022
6.68	0.039947
6.69	0.039872
6.7	0.039797
6.71	0.039723
6.72	0.039648
6.73	0.039574
6.74	0.0395
6.75	0.039426
6.76	0.039353
6.77	0.039279
6.78	0.039206
6.79	0.039132
6.8	0.039059
6.81	0.038987
6.82	0.038914
6.83	0.038841
6.84	0.038769
6.85	0.038697
6.86	0.038624
6.87	0.038552
6.88	0.038481
6.89	0.038409
6.9	0.038338
6.91	0.038266
6.92	0.038195
6.93	0.038124
6.94	0.038053
6.95	0.037982
6.96	0.037912
6.97	0.037841
6.98	0.037771
6.99	0.037701
7.0	0.037631
7.01	0.037561
7.02	0.037491
7.03	0.037422
7.04	0.037352
7.05	0.037283
7.06	0.037214
7.07	0.037145
7.08	0.037076
7.09	0.037007
7.1	0.036939
7.11	0.03687
7.12	0.036802
7.13	0.036734
7.14	0.036666
7.15	0.036598
7.16	0.03653
7.17	0.036462
7.18	0.036395
7.19	0.036328
7.2	0.03626
7.21	0.036193
7.22	0.036127
7.23	0.03606
7.24	0.035993
7.25	0.035927
7.26	0.03586
7.27	0.035794
7.28	0.035728
7.29	0.035662
7.3	0.035596
7.31	0.03553
7.32	0.035465
7.33	0.035399
7.34	0.035334
7.35	0.035269
7.36	0.035204
7.37	0.035139
7.38	0.035074
7.39	0.03501
7.4	0.034945
7.41	0.034881
7.42	0.034817
7.43	0.034753
7.44	0.034689
7.45	0.034625
7.46	0.034561
7.47	0.034498
7.48	0.034434
7.49	0.034371
7.5	0.034308
7.51	0.034245
7.52	0.034182
7.53	0.034119
7.54	0.034056
7.55	0.033994
7.56	0.033931
7.57	0.033869
7.58	0.033807
7.59	0.033745
7.6	0.033683
7.61	0.033621
7.62	0.03356
7.63	0.033498
7.64	0.033437
7.65	0.033375
7.66	0.033314
7.67	0.033253
7.68	0.033192
7.69	0.033132
7.7	0.033071
7.71	0.03301
7.72	0.03295
7.73	0.03289
7.74	0.032829
7.75	0.032769
7.76	0.03271
7.77	0.03265
7.78	0.03259
7.79	0.03253
7.8	0.032471
7.81	0.032412
7.82	0.032353
7.83	0.032293
7.84	0.032234
7.85	0.032176
7.86	0.032117
7.87	0.032058
7.88	0.032
7.89	0.031941
7.9	0.031883
7.91	0.031825
7.92	0.031767
7.93	0.031709
7.94	0.031651
7.95	0.031594
7.96	0.031536
7.97	0.031479
7.98	0.031421
7.99	0.031364
8.0	0.031307
8.01	0.03125
8.02	0.031193
8.03	0.031136
8.04	0.03108
8.05	0.031023
8.06	0.030967
8.07	0.030911
8.08	0.030854
8.09	0.030798
8.1	0.030742
8.11	0.030687
8.12	0.030631
8.13	0.030575
8.14	0.03052
8.15	0.030464
8.16	0.030409
8.17	0.030354
8.18	0.030299
8.19	0.030244
8.2	0.030189
8.21	0.030135
8.22	0.03008
8.23	0.030026
8.24	0.029971
8.25	0.029917
8.26	0.029863
8.27	0.029809
8.28	0.029755
8.29	0.029701
8.3	0.029647
8.31	0.029594
8.32	0.02954
8.33	0.029487
8.34	0.029434
8.35	0.029381
8.36	0.029328
8.37	0.029275
8.38	0.029222
8.39	0.02917
8.4	0.029117
8.41	0.029065
8.42	0.029013
8.43	0.028961
8.44	0.028909
8.45	0.028857
8.46	0.028805
8.47	0.028754
8.48	0.028702
8.49	0.028651
8.5	0.0286
8.51	0.028549
8.52	0.028498
8.53	0.028447
8.54	0.028396
8.55	0.028345
8.56	0.028294
8.57	0.028243
8.58	0.028192
8.59	0.028142
8.6	0.028092
8.61	0.028042
8.62	0.027992
8.63	0.027942
8.64	0.027892
8.65	0.027843
8.66	0.027793
8.67	0.027744
8.68	0.027695
8.69	0.027646
8.7	0.027597
8.71	0.027548
8.72	0.027499
8.73	0.02745
8.74	0.027402
8.75	0.027353
8.76	0.027304
8.77	0.027255
8.78	0.027207
8.79	0.02716
8.8	0.027113
8.81	0.027067
8.82	0.027021
8.83	0.026975
8.84	0.02693
8.85	0.026885
8.86	0.02684
8.87	0.026796
8.88	0.026752
8.89	0.02671
8.9	0.026668
8.91	0.026627
8.92	0.026587
8.93	0.02655
8.94	0.026514
8.95	0.026481
8.96	0.026449
8.97	0.026418
8.98	0.026383
8.99	0.026337
9.0	0.026275
9.01	0.026201
9.02	0.026125
9.03	0.026055
9.04	0.025992
9.05	0.025935
9.06	0.025883
9.07	0.025834
9.08	0.025787
9.09	0.025742
9.1	0.025698
9.11	0.025655
9.12	0.025614
9.13	0.025573
9.14	0.025533
9.15	0.025493
9.16	0.025454
9.17	0.025413
9.18	0.025369
9.19	0.02532
9.2	0.025271
9.21	0.025225
9.22	0.025185
9.23	0.02515
9.24	0.025119
9.25	0.025094
9.26	0.025076
9.27	0.025068
9.28	0.025074
9.29	0.025101
9.3	0.025161
9.31	0.025271
9.32	0.025451
9.33	0.025697
9.34	0.025913
9.35	0.025913
9.36	0.025664
9.37	0.025338
9.38	0.025059
9.39	0.024846
9.4	0.024685
9.41	0.024558
9.42	0.024451
9.43	0.024357
9.44	0.024267
9.45	0.024184
9.46	0.024125
9.47	0.024096
9.48	0.024067
9.49	0.024029
9.5	0.023985
9.51	0.023937
9.52	0.023888
9.53	0.023851
9.54	0.023804
9.55	0.02376
9.56	0.023717
9.57	0.023673
9.58	0.02363
9.59	0.023588
9.6	0.023545
9.61	0.023503
9.62	0.023461
9.63	0.023419
9.64	0.023377
9.65	0.023335
9.66	0.023293
9.67	0.023252
9.68	0.023211
9.69	0.02317
9.7	0.023129
9.71	0.023088
9.72	0.023047
9.73	0.023007
9.74	0.022967
9.75	0.022926
9.76	0.022886
9.77	0.022847
9.78	0.022807
9.79	0.022767
9.8	0.022728
9.81	0.022689
9.82	0.02265
9.83	0.022611
9.84	0.022572
9.85	0.022533
9.86	0.022494
9.87	0.022456
9.88	0.022417
9.89	0.022379
9.9	0.022341
9.91	0.022303
9.92	0.022265
9.93	0.022227
9.94	0.022189
9.95	0.022151
9.96	0.022114
9.97	0.022076
9.98	0.022038
9.99	0.022001
10.0	0.021963
10.01	0.021926
10.02	0.021889
10.03	0.021852
10.04	0.021815
10.05	0.021777
10.06	0.02174
10.07	0.021703
10.08	0.021667
10.09	0.02163
10.1	0.021593
10.11	0.021556
10.12	0.02152
10.13	0.021483
10.14	0.021446
10.15	0.02141
10.16	0.021373
10.17	0.021337
10.18	0.021301
10.19	0.021265
10.2	0.021228
10.21	0.021192
10.22	0.021156
10.23	0.02112
10.24	0.021084
10.25	0.021049
10.26	0.021013
10.27	0.020977
10.28	0.020942
10.29	0.020906
10.3	0.020871
10.31	0.020835
10.32	0.0208
10.33	0.020765
10.34	0.020729
10.35	0.020694
10.36	0.020659
10.37	0.020624
10.38	0.020589
10.39	0.020554
10.4	0.02052
10.41	0.020485
10.42	0.02045
10.43	0.020416
10.44	0.020381
10.45	0.020347
10.46	0.020313
10.47	0.020278
10.48	0.020244
10.49	0.02021
10.5	0.020176
10.51	0.020142
10.52	0.020108
10.53	0.020074
10.54	0.02004
10.55	0.020007
10.56	0.019973
10.57	0.01994
10.58	0.019906
10.59	0.019873
10.6	0.019839
10.61	0.019806
10.62	0.019773
10.63	0.01974
10.64	0.019707
10.65	0.019674
10.66	0.019641
10.67	0.019608
10.68	0.019575
10.69	0.019543
10.7	0.01951
10.71	0.019477
10.72	0.019445
10.73	0.019413
10.74	0.01938
10.75	0.019348
10.76	0.019316
10.77	0.019284
10.78	0.019252
10.79	0.01922
10.8	0.019188
10.81	0.019156
10.82	0.019124
10.83	0.019093
10.84	0.019061
10.85	0.019029
10.86	0.018998
10.87	0.018966
10.88	0.018935
10.89	0.018904
10.9	0.018873
10.91	0.018842
10.92	0.018811
10.93	0.01878
10.94	0.018749
10.95	0.018718
10.96	0.018687
10.97	0.018656
10.98	0.018626
10.99	0.018595
11.0	0.018565
11.01	0.018534
11.02	0.018504
11.03	0.018473
11.04	0.018443
11.05	0.018413
11.06	0.018383
11.07	0.018353
11.08	0.018323
11.09	0.018293
11.1	0.018263
11.11	0.018233
11.12	0.018203
11.13	0.018174
11.14	0.018144
11.15	0.018115
11.16	0.018085
11.17	0.018056
11.18	0.018026
11.19	0.017997
11.2	0.017968
11.21	0.017939
11.22	0.017909
11.23	0.01788
11.24	0.017851
11.25	0.017822
11.26	0.017793
11.27	0.017765
11.28	0.017736
11.29	0.017707
11.3	0.017678
11.31	0.01765
11.32	0.017621
11.33	0.017593
11.34	0.017564
11.35	0.017536
11.36	0.017507
11.37	0.017479
11.38	0.017451
11.39	0.017423
11.4	0.017395
11.41	0.017366
11.42	0.017338
11.43	0.01731
11.44	0.017283
11.45	0.017255
11.46	0.017227
11.47	0.017199
11.48	0.017171
11.49	0.017144
11.5	0.017116
11.51	0.017089
11.52	0.017061
11.53	0.017034
11.54	0.017006
11.55	0.016979
11.56	0.016952
11.57	0.016925
11.58	0.016898
11.59	0.01687
11.6	0.016843
11.61	0.016816
11.62	0.01679
11.63	0.016763
11.64	0.016736
11.65	0.016709
11.66	0.016682
11.67	0.016656
11.68	0.016629
11.69	0.016603
11.7	0.016576
11.71	0.01655
11.72	0.016523
11.73	0.016497
11.74	0.016471
11.75	0.016445
11.76	0.016418
11.77	0.016392
11.78	0.016366
11.79	0.01634
11.8	0.016314
11.81	0.016289
11.82	0.016263
11.83	0.016237
11.84	0.016211
11.85	0.016186
11.86	0.01616
11.87	0.016134
11.88	0.016109
11.89	0.016083
11.9	0.016058
11.91	0.016033
11.92	0.016007
11.93	0.015982
11.94	0.015957
11.95	0.015932
11.96	0.015907
11.97	0.015882
11.98	0.015857
11.99	0.015832
12.0	0.015807
12.01	0.015782
12.02	0.015758
12.03	0.015733
12.04	0.015708
12.05	0.015684
12.06	0.015659
12.07	0.015635
12.08	0.01561
12.09	0.015586
12.1	0.015561
12.11	0.015537
12.12	0.015513
12.13	0.015489
12.14	0.015465
12.15	0.01544
12.16	0.015416
12.17	0.015392
12.18	0.015368
12.19	0.015345
12.2	0.015321
12.21	0.015297
12.22	0.015273
12.23	0.015249
12.24	0.015226
12.25	0.015202
12.26	0.015179
12.27	0.015155
12.28	0.015132
12.29	0.015108
12.3	0.015085
12.31	0.015062
12.32	0.015038
12.33	0.015015
12.34	0.014992
12.35	0.014969
12.36	0.014946
12.37	0.014923
12.38	0.0149
12.39	0.014877
12.4	0.014854
12.41	0.014831
12.42	0.014808
12.43	0.014786
12.44	0.014763
12.45	0.01474
12.46	0.014718
12.47	0.014695
12.48	0.014673
12.49	0.01465
12.5	0.014628
12.51	0.014605
12.52	0.014583
12.53	0.014561
12.54	0.014539
12.55	0.014516
12.56	0.014494
12.57	0.014472
12.58	0.01445
12.59	0.014428
12.6	0.014406
12.61	0.014384
12.62	0.014362
12.63	0.014341
12.64	0.014319
12.65	0.014297
12.66	0.014275
12.67	0.014254
12.68	0.014232
12.69	0.014211
12.7	0.014189
12.71	0.014168
12.72	0.014146
12.73	0.014125
12.74	0.014104
12.75	0.014082
12.76	0.014061
12.77	0.01404
12.78	0.014019
12.79	0.013998
12.8	0.013977
12.81	0.013956
12.82	0.013935
12.83	0.013914
12.84	0.013893
12.85	0.013872
12.86	0.013851
12.87	0.013831
12.88	0.01381
12.89	0.013789
12.9	0.013769
12.91	0.013748
12.92	0.013727
12.93	0.013707
12.94	0.013687
12.95	0.013666
12.96	0.013646
12.97	0.013625
12.98	0.013605
12.99	0.013585
13.0	0.013565
13.01	0.013545
13.02	0.013524
13.03	0.013504
13.04	0.013484
13.05	0.013464
13.06	0.013444
13.07	0.013424
13.08	0.013404
13.09	0.013385
13.1	0.013365
13.11	0.013345
13.12	0.013325
13.13	0.013306
13.14	0.013286
13.15	0.013266
13.16	0.013247
13.17	0.013227
13.18	0.013208
13.19	0.013188
13.2	0.013169
13.21	0.013149
13.22	0.01313
13.23	0.013111
13.24	0.013091
13.25	0.013072
13.26	0.013053
13.27	0.013034
13.28	0.013014
13.29	0.012995
13.3	0.012976
13.31	0.012957
13.32	0.012938
13.33	0.012919
13.34	0.0129
13.35	0.012881
13.36	0.012862
13.37	0.012844
13.38	0.012825
13.39	0.012806
13.4	0.012787
13.41	0.012769
13.42	0.01275
13.43	0.012731
13.44	0.012713
13.45	0.012694
13.46	0.012676
13.47	0.012657
13.48	0.012639
13.49	0.01262
13.5	0.012602
13.51	0.012584
13.52	0.012565
13.53	0.012547
13.54	0.012529
13.55	0.01251
13.56	0.012492
13.57	0.012474
13.58	0.012456
13.59	0.012438
13.6	0.01242
13.61	0.012402
13.62	0.012384
13.63	0.012366
13.64	0.012348
13.65	0.01233
13.66	0.012312
13.67	0.012295
13.68	0.012277
13.69	0.012259
13.7	0.012242
13.71	0.012224
13.72	0.012206
13.73	0.012189
13.74	0.012171
13.75	0.012154
13.76	0.012136
13.77	0.012119
13.78	0.012101
13.79	0.012084
13.8	0.012067
13.81	0.012049
13.82	0.012032
13.83	0.012015
13.84	0.011998
13.85	0.01198
13.86	0.011963
13.87	0.011946
13.88	0.011929
13.89	0.011912
13.9	0.011895
13.91	0.011878
13.92	0.011861
13.93	0.011844
13.94	0.011827
13.95	0.01181
13.96	0.011794
13.97	0.011777
13.98	0.01176
13.99	0.011743
14.0	0.011727
14.01	0.01171
14.02	0.011693
14.03	0.011677
14.04	0.01166
14.05	0.011644
14.06	0.011627
14.07	0.011611
14.08	0.011594
14.09	0.011578
14.1	0.011561
14.11	0.011545
14.12	0.011529
14.13	0.011512
14.14	0.011496
14.15	0.01148
14.16	0.011464
14.17	0.011448
14.18	0.011431
14.19	0.011415
14.2	0.011399
14.21	0.011383
14.22	0.011367
14.23	0.011351
14.24	0.011335
14.25	0.011319
14.26	0.011303
14.27	0.011287
14.28	0.011272
14.29	0.011256
14.3	0.01124
14.31	0.011224
14.32	0.011208
14.33	0.011193
14.34	0.011177
14.35	0.011161
14.36	0.011146
14.37	0.01113
14.38	0.011115
14.39	0.011099
14.4	0.011083
14.41	0.011068
14.42	0.011053
14.43	0.011037
14.44	0.011022
14.45	0.011006
14.46	0.010991
14.47	0.010976
14.48	0.01096
14.49	0.010945
14.5	0.01093
14.51	0.010915
14.52	0.010899
14.53	0.010884
14.54	0.010869
14.55	0.010854
14.56	0.010839
14.57	0.010824
14.58	0.010809
14.59	0.010794
14.6	0.010779
14.61	0.010764
14.62	0.010749
14.63	0.010734
14.64	0.010719
14.65	0.010705
14.66	0.01069
14.67	0.010675
14.68	0.01066
14.69	0.010646
14.7	0.010631
14.71	0.010616
14.72	0.010602
14.73	0.010587
14.74	0.010573
14.75	0.010558
14.76	0.010543
14.77	0.010529
14.78	0.010514
14.79	0.0105
14.8	0.010486
14.81	0.010471
14.82	0.010457
14.83	0.010443
14.84	0.010428
14.85	0.010414
14.86	0.0104
14.87	0.010386
14.88	0.010371
14.89	0.010357
14.9	0.010343
14.91	0.010329
14.92	0.010315
14.93	0.010301
14.94	0.010287
14.95	0.010273
14.96	0.010259
14.97	0.010245
14.98	0.010231
14.99	0.010217
15.0	0.010203
15.01	0.010189
15.02	0.010176
15.03	0.010162
15.04	0.010148
15.05	0.010134
15.06	0.010121
15.07	0.010107
15.08	0.010093
15.09	0.01008
15.1	0.010066
15.11	0.010052
15.12	0.010039
15.13	0.010025
15.14	0.010012
15.15	0.0099984
15.16	0.0099849
15.17	0.0099715
15.18	0.0099581
15.19	0.0099447
15.2	0.0099313
15.21	0.009918
15.22	0.0099047
15.23	0.0098914
15.24	0.0098781
15.25	0.0098649
15.26	0.0098517
15.27	0.0098385
15.28	0.0098253
15.29	0.0098122
15.3	0.0097991
15.31	0.009786
15.32	0.0097729
15.33	0.0097599
15.34	0.0097469
15.35	0.0097339
15.36	0.0097209
15.37	0.009708
15.38	0.009695
15.39	0.0096821
15.4	0.0096693
15.41	0.0096564
15.42	0.0096436
15.43	0.0096308
15.44	0.009618
15.45	0.0096052
15.46	0.0095925
15.47	0.0095798
15.48	0.0095671
15.49	0.0095544
15.5	0.0095418
15.51	0.0095292
15.52	0.0095166
15.53	0.009504
15.54	0.0094914
15.55	0.0094789
15.56	0.0094664
15.57	0.0094539
15.58	0.0094415
15.59	0.009429
15.6	0.0094166
15.61	0.0094042
15.62	0.0093919
15.63	0.0093795
15.64	0.0093672
15.65	0.0093549
15.66	0.0093426
15.67	0.0093303
15.68	0.0093181
15.69	0.0093059
15.7	0.0092937
15.71	0.0092815
15.72	0.0092694
15.73	0.0092573
15.74	0.0092452
15.75	0.0092331
15.76	0.009221
15.77	0.009209
15.78	0.009197
15.79	0.009185
15.8	0.009173
15.81	0.0091611
15.82	0.0091491
15.83	0.0091372
15.84	0.0091254
15.85	0.0091135
15.86	0.0091017
15.87	0.0090898
15.88	0.009078
15.89	0.0090663
15.9	0.0090545
15.91	0.0090428
15.92	0.0090311
15.93	0.0090194
15.94	0.0090077
15.95	0.0089961
15.96	0.0089844
15.97	0.0089728
15.98	0.0089612
15.99	0.0089497
16.0	0.0089381
16.01	0.0089266
16.02	0.0089151
16.03	0.0089036
16.04	0.0088922
16.05	0.0088808
16.06	0.0088693
16.07	0.0088579
16.08	0.0088466
16.09	0.0088352
16.1	0.0088239
16.11	0.0088126
16.12	0.0088013
16.13	0.00879
16.14	0.0087788
16.15	0.0087675
16.16	0.0087563
16.17	0.0087451
16.18	0.008734
16.19	0.0087228
16.2	0.0087117
16.21	0.0087006
16.22	0.0086895
16.23	0.0086784
16.24	0.0086674
16.25	0.0086563
16.26	0.0086453
16.27	0.0086343
16.28	0.0086234
16.29	0.0086124
16.3	0.0086015
16.31	0.0085906
16.32	0.0085797
16.33	0.0085688
16.34	0.008558
16.35	0.0085471
16.36	0.0085363
16.37	0.0085255
16.38	0.0085147
16.39	0.008504
16.4	0.0084933
16.41	0.0084825
16.42	0.0084718
16.43	0.0084612
16.44	0.0084505
16.45	0.0084399
16.46	0.0084292
16.47	0.0084186
16.48	0.008408
16.49	0.0083975
16.5	0.0083869
16.51	0.0083764
16.52	0.0083659
16.53	0.0083554
16.54	0.0083449
16.55	0.0083345
16.56	0.008324
16.57	0.0083136
16.58	0.0083032
16.59	0.0082928
16.6	0.0082825
16.61	0.0082721
16.62	0.0082618
16.63	0.0082515
16.64	0.0082412
16.65	0.0082309
16.66	0.0082207
16.67	0.0082104
16.68	0.0082002
16.69	0.00819
16.7	0.0081798
16.71	0.0081697
16.72	0.0081595
16.73	0.0081494
16.74	0.0081393
16.75	0.0081292
16.76	0.0081191
16.77	0.008109
16.78	0.008099
16.79	0.008089
16.8	0.008079
16.81	0.008069
16.82	0.008059
16.83	0.008049
16.84	0.0080391
16.85	0.0080292
16.86	0.0080193
16.87	0.0080094
16.88	0.0079995
16.89	0.0079897
16.9	0.0079798
16.91	0.00797
16.92	0.0079602
16.93	0.0079504
16.94	0.0079407
16.95	0.0079309
16.96	0.0079212
16.97	0.0079115
16.98	0.0079018
16.99	0.0078921
17.0	0.0078824
17.01	0.0078728
17.02	0.0078631
17.03	0.0078535
17.04	0.0078439
17.05	0.0078343
17.06	0.0078248
17.07	0.0078152
17.08	0.0078057
17.09	0.0077962
17.1	0.0077867
17.11	0.0077772
17.12	0.0077677
17.13	0.0077583
17.14	0.0077488
17.15	0.0077394
17.16	0.00773
17.17	0.0077206
17.18	0.0077112
17.19	0.0077019
17.2	0.0076925
17.21	0.0076832
17.22	0.0076739
17.23	0.0076646
17.24	0.0076553
17.25	0.0076461
17.26	0.0076368
17.27	0.0076276
17.28	0.0076184
17.29	0.0076092
17.3	0.0076
17.31	0.0075909
17.32	0.0075817
17.33	0.0075726
17.34	0.0075635
17.35	0.0075544
17.36	0.0075453
17.37	0.0075362
17.38	0.0075272
17.39	0.0075181
17.4	0.0075091
17.41	0.0075001
17.42	0.0074911
17.43	0.0074821
17.44	0.0074732
17.45	0.0074642
17.46	0.0074553
17.47	0.0074464
17.48	0.0074375
17.49	0.0074286
17.5	0.0074197
17.51	0.0074108
17.52	0.007402
17.53	0.0073932
17.54	0.0073844
17.55	0.0073756
17.56	0.0073668
17.57	0.007358
17.58	0.0073493
17.59	0.0073405
17.6	0.0073318
17.61	0.0073231
17.62	0.0073144
17.63	0.0073057
17.64	0.007297
17.65	0.0072884
17.66	0.0072798
17.67	0.0072711
17.68	0.0072625
17.69	0.0072539
17.7	0.0072454
17.71	0.0072368
17.72	0.0072282
17.73	0.0072197
17.74	0.0072112
17.75	0.0072027
17.76	0.0071942
17.77	0.0071857
17.78	0.0071772
17.79	0.0071688
17.8	0.0071604
17.81	0.0071519
17.82	0.0071435
17.83	0.0071351
17.84	0.0071268
17.85	0.0071184
17.86	0.00711
17.87	0.0071017
17.88	0.0070934
17.89	0.0070851
17.9	0.0070768
17.91	0.0070685
17.92	0.0070602
17.93	0.007052
17.94	0.0070437
17.95	0.0070355
17.96	0.0070273
17.97	0.0070191
17.98	0.0070109
17.99	0.0070027
18.0	0.0069946
18.01	0.0069864
18.02	0.0069783
18.03	0.0069702
18.04	0.006962
18.05	0.006954
18.06	0.0069459
18.07	0.0069378
18.08	0.0069298
18.09	0.0069217
18.1	0.0069137
18.11	0.0069057
18.12	0.0068977
18.13	0.0068897
18.14	0.0068817
18.15	0.0068738
18.16	0.0068658
18.17	0.0068579
18.18	0.00685
18.19	0.006842
18.2	0.0068341
18.21	0.0068263
18.22	0.0068184
18.23	0.0068105
18.24	0.0068027
18.25	0.0067949
18.26	0.006787
18.27	0.0067792
18.28	0.0067714
18.29	0.0067637
18.3	0.0067559
18.31	0.0067481
18.32	0.0067404
18.33	0.0067327
18.34	0.006725
18.35	0.0067173
18.36	0.0067096
18.37	0.0067019
18.38	0.0066942
18.39	0.0066866
18.4	0.0066789
18.41	0.0066713
18.42	0.0066637
18.43	0.0066561
18.44	0.0066485
18.45	0.0066409
18.46	0.0066333
18.47	0.0066258
18.48	0.0066182
18.49	0.0066107
18.5	0.0066032
18.51	0.0065957
18.52	0.0065882
18.53	0.0065807
18.54	0.0065732
18.55	0.0065658
18.56	0.0065583
18.57	0.0065509
18.58	0.0065435
18.59	0.0065361
18.6	0.0065287
18.61	0.0065213
18.62	0.0065139
18.63	0.0065066
18.64	0.0064992
18.65	0.0064919
18.66	0.0064845
18.67	0.0064772
18.68	0.0064699
18.69	0.0064626
18.7	0.0064554
18.71	0.0064481
18.72	0.0064408
18.73	0.0064336
18.74	0.0064264
18.75	0.0064191
18.76	0.0064119
18.77	0.0064047
18.78	0.0063976
18.79	0.0063904
18.8	0.0063832
18.81	0.0063761
18.82	0.0063689
18.83	0.0063618
18.84	0.0063547
18.85	0.0063476
18.86	0.0063405
18.87	0.0063334
18.88	0.0063263
18.89	0.0063193
18.9	0.0063122
18.91	0.0063052
18.92	0.0062982
18.93	0.0062911
18.94	0.0062841
18.95	0.0062771
18.96	0.0062702
18.97	0.0062632
18.98	0.0062562
18.99	0.0062493
19.0	0.0062423
19.01	0.0062354
19.02	0.0062285
19.03	0.0062216
19.04	0.0062147
19.05	0.0062078
19.06	0.0062009
19.07	0.0061941
19.08	0.0061872
19.09	0.0061804
19.1	0.0061736
19.11	0.0061668
19.12	0.0061599
19.13	0.0061531
19.14	0.0061464
19.15	0.0061396
19.16	0.0061328
19.17	0.0061261
19.18	0.0061193
19.19	0.0061126
19.2	0.0061059
19.21	0.0060992
19.22	0.0060925
19.23	0.0060858
19.24	0.0060791
19.25	0.0060724
19.26	0.0060658
19.27	0.0060591
19.28	0.0060525
19.29	0.0060458
19.3	0.0060392
19.31	0.0060326
19.32	0.006026
19.33	0.0060194
19.34	0.0060129
19.35	0.0060063
19.36	0.0059997
19.37	0.0059932
19.38	0.0059867
19.39	0.0059801
19.4	0.0059736
19.41	0.0059671
19.42	0.0059606
19.43	0.0059541
19.44	0.0059477
19.45	0.0059412
19.46	0.0059348
19.47	0.0059283
19.48	0.0059219
19.49	0.0059155
19.5	0.005909
19.51	0.0059026
19.52	0.0058962
19.53	0.0058899
19.54	0.0058835
19.55	0.0058771
19.56	0.0058708
19.57	0.0058644
19.58	0.0058581
19.59	0.0058518
19.6	0.0058454
19.61	0.0058391
19.62	0.0058328
19.63	0.0058266
19.64	0.0058203
19.65	0.005814
19.66	0.0058078
19.67	0.0058015
19.68	0.0057953
19.69	0.0057891
19.7	0.0057828
19.71	0.0057766
19.72	0.0057704
19.73	0.0057642
19.74	0.0057581
19.75	0.0057519
19.76	0.0057457
19.77	0.0057396
19.78	0.0057334
19.79	0.0057273
19.8	0.0057212
19.81	0.0057151
19.82	0.005709
19.83	0.0057029
19.84	0.0056968
19.85	0.0056907
19.86	0.0056846
19.87	0.0056786
19.88	0.0056725
19.89	0.0056665
19.9	0.0056605
19.91	0.0056544
19.92	0.0056484
19.93	0.0056424
19.94	0.0056364
19.95	0.0056305
19.96	0.0056245
19.97	0.0056185
19.98	0.0056126
19.99	0.0056066
20.0	0.0056007
20.01	0.0055947
20.02	0.0055888
20.03	0.0055829
20.04	0.005577
20.05	0.0055711
20.06	0.0055652
20.07	0.0055594
20.08	0.0055535
20.09	0.0055476
20.1	0.0055418
20.11	0.0055359
20.12	0.0055301
20.13	0.0055243
20.14	0.0055185
20.15	0.0055127
20.16	0.0055069
20.17	0.0055011
20.18	0.0054953
20.19	0.0054895
20.2	0.0054838
20.21	0.005478
20.22	0.0054723
20.23	0.0054666
20.24	0.0054608
20.25	0.0054551
20.26	0.0054494
20.27	0.0054437
20.28	0.005438
20.29	0.0054323
20.3	0.0054267
20.31	0.005421
20.32	0.0054153
20.33	0.0054097
20.34	0.005404
20.35	0.0053984
20.36	0.0053928
20.37	0.0053872
20.38	0.0053816
20.39	0.005376
20.4	0.0053704
20.41	0.0053648
20.42	0.0053592
20.43	0.0053537
20.44	0.0053481
20.45	0.0053425
20.46	0.005337
20.47	0.0053315
20.48	0.005326
20.49	0.0053204
20.5	0.0053149
20.51	0.0053094
20.52	0.0053039
20.53	0.0052985
20.54	0.005293
20.55	0.0052875
20.56	0.0052821
20.57	0.0052766
20.58	0.0052712
20.59	0.0052657
20.6	0.0052603
20.61	0.0052549
20.62	0.0052495
20.63	0.0052441
20.64	0.0052387
20.65	0.0052333
20.66	0.0052279
20.67	0.0052226
20.68	0.0052172
20.69	0.0052118
20.7	0.0052065
20.71	0.0052012
20.72	0.0051958
20.73	0.0051905
20.74	0.0051852
20.75	0.0051799
20.76	0.0051746
20.77	0.0051693
20.78	0.005164
20.79	0.0051587
20.8	0.0051535
20.81	0.0051482
20.82	0.005143
20.83	0.0051377
20.84	0.0051325
20.85	0.0051272
20.86	0.005122
20.87	0.0051168
20.88	0.0051116
20.89	0.0051064
20.9	0.0051012
20.91	0.005096
20.92	0.0050909
20.93	0.0050857
20.94	0.0050805
20.95	0.0050754
20.96	0.0050702
20.97	0.0050651
20.98	0.00506
20.99	0.0050548
21.0	0.0050497
21.01	0.0050446
21.02	0.0050395
21.03	0.0050344
21.04	0.0050293
21.05	0.0050243
21.06	0.0050192
21.07	0.0050141
21.08	0.0050091
21.09	0.005004
21.1	0.004999
21.11	0.0049939
21.12	0.0049889
21.13	0.0049839
21.14	0.0049789
21.15	0.0049739
21.16	0.0049689
21.17	0.0049639
21.18	0.0049589
21.19	0.0049539
21.2	0.004949
21.21	0.004944
21.22	0.0049391
21.23	0.0049341
21.24	0.0049292
21.25	0.0049242
21.26	0.0049193
21.27	0.0049144
21.28	0.0049095
21.29	0.0049046
21.3	0.0048997
21.31	0.0048948
21.32	0.0048899
21.33	0.004885
21.34	0.0048802
21.35	0.0048753
21.36	0.0048705
21.37	0.0048656
21.38	0.0048608
21.39	0.0048559
21.4	0.0048511
21.41	0.0048463
21.42	0.0048415
21.43	0.0048367
21.44	0.0048319
21.45	0.0048271
21.46	0.0048223
21.47	0.0048175
21.48	0.0048127
21.49	0.004808
21.5	0.0048032
21.51	0.0047985
21.52	0.0047937
21.53	0.004789
21.54	0.0047843
21.55	0.0047795
21.56	0.0047748
21.57	0.0047701
21.58	0.0047654
21.59	0.0047607
21.6	0.004756
21.61	0.0047513
21.62	0.0047467
21.63	0.004742
21.64	0.0047373
21.65	0.0047327
21.66	0.004728
21.67	0.0047234
21.68	0.0047187
21.69	0.0047141
21.7	0.0047095
21.71	0.0047049
21.72	0.0047002
21.73	0.0046956
21.74	0.004691
21.75	0.0046865
21.76	0.0046819
21.77	0.0046773
21.78	0.0046727
21.79	0.0046682
21.8	0.0046636
21.81	0.004659
21.82	0.0046545
21.83	0.00465
21.84	0.0046454
21.85	0.0046409
21.86	0.0046364
21.87	0.0046319
21.88	0.0046274
21.89	0.0046229
21.9	0.0046184
21.91	0.0046139
21.92	0.0046094
21.93	0.0046049
21.94	0.0046004
21.95	0.004596
21.96	0.0045915
21.97	0.0045871
21.98	0.0045826
21.99	0.0045782
22.0	0.0045738
22.01	0.0045693
22.02	0.0045649
22.03	0.0045605
22.04	0.0045561
22.05	0.0045517
22.06	0.0045473
22.07	0.0045429
22.08	0.0045385
22.09	0.0045341
22.1	0.0045298
22.11	0.0045254
22.12	0.0045211
22.13	0.0045167
22.14	0.0045124
22.15	0.004508
22.16	0.0045037
22.17	0.0044994
22.18	0.004495
22.19	0.0044907
22.2	0.0044864
22.21	0.0044821
22.22	0.0044778
22.23	0.0044735
22.24	0.0044692
22.25	0.0044649
22.26	0.0044607
22.27	0.0044564
22.28	0.0044521
22.29	0.0044479
22.3	0.0044436
22.31	0.0044394
22.32	0.0044351
22.33	0.0044309
22.34	0.0044267
22.35	0.0044225
22.36	0.0044183
22.37	0.004414
22.38	0.0044098
22.39	0.0044056
22.4	0.0044015
22.41	0.0043973
22.42	0.0043931
22.43	0.0043889
22.44	0.0043847
22.45	0.0043806
22.46	0.0043764
22.47	0.0043723
22.48	0.0043681
22.49	0.004364
22.5	0.0043598
22.51	0.0043557
22.52	0.0043516
22.53	0.0043475
22.54	0.0043434
22.55	0.0043393
22.56	0.0043352
22.57	0.0043311
22.58	0.004327
22.59	0.0043229
22.6	0.0043188
22.61	0.0043147
22.62	0.0043107
22.63	0.0043066
22.64	0.0043026
22.65	0.0042985
22.66	0.0042945
22.67	0.0042904
22.68	0.0042864
22.69	0.0042824
22.7	0.0042783
22.71	0.0042743
22.72	0.0042703
22.73	0.0042663
22.74	0.0042623
22.75	0.0042583
22.76	0.0042543
22.77	0.0042503
22.78	0.0042464
22.79	0.0042424
22.8	0.0042384
22.81	0.0042345
22.82	0.0042305
22.83	0.0042265
22.84	0.0042226
22.85	0.0042187
22.86	0.0042147
22.87	0.0042108
22.88	0.0042069
22.89	0.0042029
22.9	0.004199
22.91	0.0041951
22.92	0.0041912
22.93	0.0041873
22.94	0.0041834
22.95	0.0041795
22.96	0.0041757
22.97	0.0041718
22.98	0.0041679
22.99	0.004164
23.0	0.0041602
23.01	0.0041563
23.02	0.0041525
23.03	0.0041486
23.04	0.0041448
23.05	0.0041409
23.06	0.0041371
23.07	0.0041333
23.08	0.0041295
23.09	0.0041257
23.1	0.0041218
23.11	0.004118
23.12	0.0041142
23.13	0.0041104
23.14	0.0041067
23.15	0.0041029
23.16	0.0040991
23.17	0.0040953
23.18	0.0040915
23.19	0.0040878
23.2	0.004084
23.21	0.0040803
23.22	0.0040765
23.23	0.0040728
23.24	0.004069
23.25	0.0040653
23.26	0.0040616
23.27	0.0040578
23.28	0.0040541
23.29	0.0040504
23.3	0.0040467
23.31	0.004043
23.32	0.0040393
23.33	0.0040356
23.34	0.0040319
23.35	0.0040282
23.36	0.0040245
23.37	0.0040209
23.38	0.0040172
23.39	0.0040135
23.4	0.0040099
23.41	0.0040062
23.42	0.0040026
23.43	0.0039989
23.44	0.0039953
23.45	0.0039916
23.46	0.003988
23.47	0.0039844
23.48	0.0039808
23.49	0.0039771
23.5	0.0039735
23.51	0.0039699
23.52	0.0039663
23.53	0.0039627
23.54	0.0039591
23.55	0.0039555
23.56	0.003952
23.57	0.0039484
23.58	0.0039448
23.59	0.0039412
23.6	0.0039377
23.61	0.0039341
23.62	0.0039306
23.63	0.003927
23.64	0.0039235
23.65	0.0039199
23.66	0.0039164
23.67	0.0039129
23.68	0.0039093
23.69	0.0039058
23.7	0.0039023
23.71	0.0038988
23.72	0.0038953
23.73	0.0038918
23.74	0.0038883
23.75	0.0038848
23.76	0.0038813
23.77	0.0038778
23.78	0.0038743
23.79	0.0038708
23.8	0.0038674
23.81	0.0038639
23.82	0.0038604
23.83	0.003857
23.84	0.0038535
23.85	0.0038501
23.86	0.0038466
23.87	0.0038432
23.88	0.0038397
23.89	0.0038363
23.9	0.0038329
23.91	0.0038295
23.92	0.003826
23.93	0.0038226
23.94	0.0038192
23.95	0.0038158
23.96	0.0038124
23.97	0.003809
23.98	0.0038056
23.99	0.0038022
24.0	0.0037988
24.01	0.0037955
24.02	0.0037921
24.03	0.0037887
24.04	0.0037854
24.05	0.003782
24.06	0.0037786
24.07	0.0037753
24.08	0.0037719
24.09	0.0037686
24.1	0.0037653
24.11	0.0037619
24.12	0.0037586
24.13	0.0037553
24.14	0.0037519
24.15	0.0037486
24.16	0.0037453
24.17	0.003742
24.18	0.0037387
24.19	0.0037354
24.2	0.0037321
24.21	0.0037288
24.22	0.0037255
24.23	0.0037222
24.24	0.003719
24.25	0.0037157
24.26	0.0037124
24.27	0.0037091
24.28	0.0037059
24.29	0.0037026
24.3	0.0036994
24.31	0.0036961
24.32	0.0036929
24.33	0.0036896
24.34	0.0036864
24.35	0.0036832
24.36	0.0036799
24.37	0.0036767
24.38	0.0036735
24.39	0.0036703
24.4	0.0036671
24.41	0.0036638
24.42	0.0036606
24.43	0.0036574
24.44	0.0036542
24.45	0.0036511
24.46	0.0036479
24.47	0.0036447
24.48	0.0036415
24.49	0.0036383
24.5	0.0036351
24.51	0.003632
24.52	0.0036288
24.53	0.0036257
24.54	0.0036225
24.55	0.0036193
24.56	0.0036162
24.57	0.0036131
24.58	0.0036099
24.59	0.0036068
24.6	0.0036036
24.61	0.0036005
24.62	0.0035974
24.63	0.0035943
24.64	0.0035912
24.65	0.003588
24.66	0.0035849
24.67	0.0035818
24.68	0.0035787
24.69	0.0035756
24.7	0.0035725
24.71	0.0035695
24.72	0.0035664
24.73	0.0035633
24.74	0.0035602
24.75	0.0035571
24.76	0.0035541
24.77	0.003551
24.78	0.0035479
24.79	0.0035449
24.8	0.0035418
24.81	0.0035388
24.82	0.0035357
24.83	0.0035327
24.84	0.0035297
24.85	0.0035266
24.86	0.0035236
24.87	0.0035206
24.88	0.0035175
24.89	0.0035145
24.9	0.0035115
24.91	0.0035085
24.92	0.0035055
24.93	0.0035025
24.94	0.0034995
24.95	0.0034965
24.96	0.0034935
24.97	0.0034905
24.98	0.0034875
24.99	0.0034845
25.0	0.0034816
25.01	0.0034786
25.02	0.0034756
25.03	0.0034726
25.04	0.0034697
25.05	0.0034667
25.06	0.0034638
25.07	0.0034608
25.08	0.0034579
25.09	0.0034549
25.1	0.003452
25.11	0.003449
25.12	0.0034461
25.13	0.0034432
25.14	0.0034403
25.15	0.0034373
25.16	0.0034344
25.17	0.0034315
25.18	0.0034286
25.19	0.0034257
25.2	0.0034228
25.21	0.0034199
25.22	0.003417
25.23	0.0034141
25.24	0.0034112
25.25	0.0034083
25.26	0.0034054
25.27	0.0034025
25.28	0.0033997
25.29	0.0033968
25.3	0.0033939
25.31	0.0033911
25.32	0.0033882
25.33	0.0033853
25.34	0.0033825
25.35	0.0033796
25.36	0.0033768
25.37	0.0033739
25.38	0.0033711
25.39	0.0033683
25.4	0.0033654
25.41	0.0033626
25.42	0.0033598
25.43	0.0033569
25.44	0.0033541
25.45	0.0033513
25.46	0.0033485
25.47	0.0033457
25.48	0.0033429
25.49	0.0033401
25.5	0.0033373
25.51	0.0033345
25.52	0.0033317
25.53	0.0033289
25.54	0.0033261
25.55	0.0033233
25.56	0.0033206
25.57	0.0033178
25.58	0.003315
25.59	0.0033122
25.6	0.0033095
25.61	0.0033067
25.62	0.003304
25.63	0.0033012
25.64	0.0032984
25.65	0.0032957
25.66	0.003293
25.67	0.0032902
25.68	0.0032875
25.69	0.0032847
25.7	0.003282
25.71	0.0032793
25.72	0.0032766
25.73	0.0032738
25.74	0.0032711
25.75	0.0032684
25.76	0.0032657
25.77	0.003263
25.78	0.0032603
25.79	0.0032576
25.8	0.0032549
25.81	0.0032522
25.82	0.0032495
25.83	0.0032468
25.84	0.0032441
25.85	0.0032414
25.86	0.0032388
25.87	0.0032361
25.88	0.0032334
25.89	0.0032307
25.9	0.0032281
25.91	0.0032254
25.92	0.0032227
25.93	0.0032201
25.94	0.0032174
25.95	0.0032148
25.96	0.0032121
25.97	0.0032095
25.98	0.0032069
25.99	0.0032042
26.0	0.0032016
26.01	0.003199
26.02	0.0031963
26.03	0.0031937
26.04	0.0031911
26.05	0.0031885
26.06	0.0031858
26.07	0.0031832
26.08	0.0031806
26.09	0.003178
26.1	0.0031754
26.11	0.0031728
26.12	0.0031702
26.13	0.0031676
26.14	0.003165
26.15	0.0031625
26.16	0.0031599
26.17	0.0031573
26.18	0.0031547
26.19	0.0031521
26.2	0.0031496
26.21	0.003147
26.22	0.0031444
26.23	0.0031419
26.24	0.0031393
26.25	0.0031368
26.26	0.0031342
26.27	0.0031317
26.28	0.0031291
26.29	0.0031266
26.3	0.003124
26.31	0.0031215
26.32	0.003119
26.33	0.0031164
26.34	0.0031139
26.35	0.0031114
26.36	0.0031088
26.37	0.0031063
26.38	0.0031038
26.39	0.0031013
26.4	0.0030988
26.41	0.0030963
26.42	0.0030938
26.43	0.0030913
26.44	0.0030888
26.45	0.0030863
26.46	0.0030838
26.47	0.0030813
26.48	0.0030788
26.49	0.0030763
26.5	0.0030738
26.51	0.0030714
26.52	0.0030689
26.53	0.0030664
26.54	0.0030639
26.55	0.0030615
26.56	0.003059
26.57	0.0030566
26.58	0.0030541
26.59	0.0030516
26.6	0.0030492
26.61	0.0030467
26.62	0.0030443
26.63	0.0030418
26.64	0.0030394
26.65	0.003037
26.66	0.0030345
26.67	0.0030321
26.68	0.0030297
26.69	0.0030272
26.7	0.0030248
26.71	0.0030224
26.72	0.00302
26.73	0.0030176
26.74	0.0030152
26.75	0.0030128
26.76	0.0030103
26.77	0.0030079
26.78	0.0030055
26.79	0.0030031
26.8	0.0030007
26.81	0.0029984
26.82	0.002996
26.83	0.0029936
26.84	0.0029912
26.85	0.0029888
26.86	0.0029864
26.87	0.0029841
26.88	0.0029817
26.89	0.0029793
26.9	0.002977
26.91	0.0029746
26.92	0.0029722
26.93	0.0029699
26.94	0.0029675
26.95	0.0029652
26.96	0.0029628
26.97	0.0029605
26.98	0.0029581
26.99	0.0029558
27.0	0.0029534
27.01	0.0029511
27.02	0.0029488
27.03	0.0029464
27.04	0.0029441
27.05	0.0029418
27.06	0.0029395
27.07	0.0029371
27.08	0.0029348
27.09	0.0029325
27.1	0.0029302
27.11	0.0029279
27.12	0.0029256
27.13	0.0029233
27.14	0.002921
27.15	0.0029187
27.16	0.0029164
27.17	0.0029141
27.18	0.0029118
27.19	0.0029095
27.2	0.0029072
27.21	0.0029049
27.22	0.0029026
27.23	0.0029004
27.24	0.0028981
27.25	0.0028958
27.26	0.0028935
27.27	0.0028913
27.28	0.002889
27.29	0.0028867
27.3	0.0028845
27.31	0.0028822
27.32	0.00288
27.33	0.0028777
27.34	0.0028755
27.35	0.0028732
27.36	0.002871
27.37	0.0028687
27.38	0.0028665
27.39	0.0028643
27.4	0.002862
27.41	0.0028598
27.42	0.0028576
27.43	0.0028553
27.44	0.0028531
27.45	0.0028509
27.46	0.0028487
27.47	0.0028465
27.48	0.0028443
27.49	0.002842
27.5	0.0028398
27.51	0.0028376
27.52	0.0028354
27.53	0.0028332
27.54	0.002831
27.55	0.0028288
27.56	0.0028266
27.57	0.0028244
27.58	0.0028223
27.59	0.0028201
27.6	0.0028179
27.61	0.0028157
27.62	0.0028135
27.63	0.0028113
27.64	0.0028092
27.65	0.002807
27.66	0.0028048
27.67	0.0028027
27.68	0.0028005
27.69	0.0027983
27.7	0.0027962
27.71	0.002794
27.72	0.0027919
27.73	0.0027897
27.74	0.0027876
27.75	0.0027854
27.76	0.0027833
27.77	0.0027811
27.78	0.002779
27.79	0.0027769
27.8	0.0027747
27.81	0.0027726
27.82	0.0027705
27.83	0.0027683
27.84	0.0027662
27.85	0.0027641
27.86	0.002762
27.87	0.0027599
27.88	0.0027577
27.89	0.0027556
27.9	0.0027535
27.91	0.0027514
27.92	0.0027493
27.93	0.0027472
27.94	0.0027451
27.95	0.002743
27.96	0.0027409
27.97	0.0027388
27.98	0.0027367
27.99	0.0027346
28.0	0.0027325
28.01	0.0027305
28.02	0.0027284
28.03	0.0027263
28.04	0.0027242
28.05	0.0027221
28.06	0.0027201
28.07	0.002718
28.08	0.0027159
28.09	0.0027139
28.1	0.0027118
28.11	0.0027097
28.12	0.0027077
28.13	0.0027056
28.14	0.0027036
28.15	0.0027015
28.16	0.0026995
28.17	0.0026974
28.18	0.0026954
28.19	0.0026933
28.2	0.0026913
28.21	0.0026893
28.22	0.0026872
28.23	0.0026852
28.24	0.0026832
28.25	0.0026811
28.26	0.0026791
28.27	0.0026771
28.28	0.002675
28.29	0.002673
28.3	0.002671
28.31	0.002669
28.32	0.002667
28.33	0.002665
28.34	0.002663
28.35	0.002661
28.36	0.0026589
28.37	0.0026569
28.38	0.0026549
28.39	0.0026529
28.4	0.002651
28.41	0.002649
28.42	0.002647
28.43	0.002645
28.44	0.002643
28.45	0.002641
28.46	0.002639
28.47	0.002637
28.48	0.0026351
28.49	0.0026331
28.5	0.0026311
28.51	0.0026291
28.52	0.0026272
28.53	0.0026252
28.54	0.0026232
28.55	0.0026213
28.56	0.0026193
28.57	0.0026174
28.58	0.0026154
28.59	0.0026134
28.6	0.0026115
28.61	0.0026095
28.62	0.0026076
28.63	0.0026057
28.64	0.0026037
28.65	0.0026018
28.66	0.0025998
28.67	0.0025979
28.68	0.002596
28.69	0.002594
28.7	0.0025921
28.71	0.0025902
28.72	0.0025882
28.73	0.0025863
28.74	0.0025844
28.75	0.0025825
28.76	0.0025806
28.77	0.0025786
28.78	0.0025767
28.79	0.0025748
28.8	0.0025729
28.81	0.002571
28.82	0.0025691
28.83	0.0025672
28.84	0.0025653
28.85	0.0025634
28.86	0.0025615
28.87	0.0025596
28.88	0.0025577
28.89	0.0025558
28.9	0.0025539
28.91	0.002552
28.92	0.0025501
28.93	0.0025483
28.94	0.0025464
28.95	0.0025445
28.96	0.0025426
28.97	0.0025408
28.98	0.0025389
28.99	0.002537
29.0	0.0025351
29.01	0.0025333
29.02	0.0025314
29.03	0.0025295
29.04	0.0025277
29.05	0.0025258
29.06	0.002524
29.07	0.0025221
29.08	0.0025203
29.09	0.0025184
29.1	0.0025166
29.11	0.0025147
29.12	0.0025129
29.13	0.002511
29.14	0.0025092
29.15	0.0025074
29.16	0.0025055
29.17	0.0025037
29.18	0.0025018
29.19	0.0025
29.2	0.0024982
29.21	0.0024964
29.22	0.0024945
29.23	0.0024927
29.24	0.0024909
29.25	0.0024891
29.26	0.0024873
29.27	0.0024854
29.28	0.0024836
29.29	0.0024818
29.3	0.00248
29.31	0.0024782
29.32	0.0024764
29.33	0.0024746
29.34	0.0024728
29.35	0.002471
29.36	0.0024692
29.37	0.0024674
29.38	0.0024656
29.39	0.0024638
29.4	0.002462
29.41	0.0024602
29.42	0.0024585
29.43	0.0024567
29.44	0.0024549
29.45	0.0024531
29.46	0.0024513
29.47	0.0024496
29.48	0.0024478
29.49	0.002446
29.5	0.0024442
29.51	0.0024425
29.52	0.0024407
29.53	0.0024389
29.54	0.0024372
29.55	0.0024354
29.56	0.0024336
29.57	0.0024319
29.58	0.0024301
29.59	0.0024284
29.6	0.0024266
29.61	0.0024249
29.62	0.0024231
29.63	0.0024214
29.64	0.0024196
29.65	0.0024179
29.66	0.0024162
29.67	0.0024144
29.68	0.0024127
29.69	0.0024109
29.7	0.0024092
29.71	0.0024075
29.72	0.0024058
29.73	0.002404
29.74	0.0024023
29.75	0.0024006
29.76	0.0023989
29.77	0.0023971
29.78	0.0023954
29.79	0.0023937
29.8	0.002392
29.81	0.0023903
29.82	0.0023886
29.83	0.0023868
29.84	0.0023851
29.85	0.0023834
29.86	0.0023817
29.87	0.00238
29.88	0.0023783
29.89	0.0023766
29.9	0.0023749
29.91	0.0023732
29.92	0.0023715
29.93	0.0023698
29.94	0.0023682
29.95	0.0023665
29.96	0.0023648
29.97	0.0023631
29.98	0.0023614
29.99	0.0023597
30.0	0.0023581
30.01	0.0023564
30.02	0.0023547
30.03	0.002353
30.04	0.0023514
30.05	0.0023497
30.06	0.002348
30.07	0.0023464
30.08	0.0023447
30.09	0.002343
30.1	0.0023414
30.11	0.0023397
30.12	0.002338
30.13	0.0023364
30.14	0.0023347
30.15	0.0023331
30.16	0.0023314
30.17	0.0023298
30.18	0.0023281
30.19	0.0023265
30.2	0.0023248
30.21	0.0023232
30.22	0.0023216
30.23	0.0023199
30.24	0.0023183
30.25	0.0023166
30.26	0.002315
30.27	0.0023134
30.28	0.0023117
30.29	0.0023101
30.3	0.0023085
30.31	0.0023069
30.32	0.0023052
30.33	0.0023036
30.34	0.002302
30.35	0.0023004
30.36	0.0022988
30.37	0.0022971
30.38	0.0022955
30.39	0.0022939
30.4	0.0022923
30.41	0.0022907
30.42	0.0022891
30.43	0.0022875
30.44	0.0022859
30.45	0.0022843
30.46	0.0022827
30.47	0.0022811
30.48	0.0022795
30.49	0.0022779
30.5	0.0022763
30.51	0.0022747
30.52	0.0022731
30.53	0.0022715
30.54	0.0022699
30.55	0.0022683
30.56	0.0022668
30.57	0.0022652
30.58	0.0022636
30.59	0.002262
30.6	0.0022604
30.61	0.0022589
30.62	0.0022573
30.63	0.0022557
30.64	0.0022541
30.65	0.0022526
30.66	0.002251
30.67	0.0022494
30.68	0.0022479
30.69	0.0022463
30.7	0.0022448
30.71	0.0022432
30.72	0.0022416
30.73	0.0022401
30.74	0.0022385
30.75	0.002237
30.76	0.0022354
30.77	0.0022339
30.78	0.0022323
30.79	0.0022308
30.8	0.0022292
30.81	0.0022277
30.82	0.0022261
30.83	0.0022246
30.84	0.0022231
30.85	0.0022215
30.86	0.00222
30.87	0.0022185
30.88	0.0022169
30.89	0.0022154
30.9	0.0022139
30.91	0.0022123
30.92	0.0022108
30.93	0.0022093
30.94	0.0022078
30.95	0.0022062
30.96	0.0022047
30.97	0.0022032
30.98	0.0022017
30.99	0.0022002
31.0	0.0021986
31.01	0.0021971
31.02	0.0021956
31.03	0.0021941
31.04	0.0021926
31.05	0.0021911
31.06	0.0021896
31.07	0.0021881
31.08	0.0021866
31.09	0.0021851
31.1	0.0021836
31.11	0.0021821
31.12	0.0021806
31.13	0.0021791
31.14	0.0021776
31.15	0.0021761
31.16	0.0021746
31.17	0.0021731
31.18	0.0021716
31.19	0.0021702
31.2	0.0021687
31.21	0.0021672
31.22	0.0021657
31.23	0.0021642
31.24	0.0021628
31.25	0.0021613
31.26	0.0021598
31.27	0.0021583
31.28	0.0021569
31.29	0.0021554
31.3	0.0021539
31.31	0.0021525
31.32	0.002151
31.33	0.0021495
31.34	0.0021481
31.35	0.0021466
31.36	0.0021451
31.37	0.0021437
31.38	0.0021422
31.39	0.0021408
31.4	0.0021393
31.41	0.0021379
31.42	0.0021364
31.43	0.002135
31.44	0.0021335
31.45	0.0021321
31.46	0.0021306
31.47	0.0021292
31.48	0.0021277
31.49	0.0021263
31.5	0.0021249
31.51	0.0021234
31.52	0.002122
31.53	0.0021205
31.54	0.0021191
31.55	0.0021177
31.56	0.0021162
31.57	0.0021148
31.58	0.0021134
31.59	0.002112
31.6	0.0021105
31.61	0.0021091
31.62	0.0021077
31.63	0.0021063
31.64	0.0021048
31.65	0.0021034
31.66	0.002102
31.67	0.0021006
31.68	0.0020992
31.69	0.0020978
31.7	0.0020964
31.71	0.0020949
31.72	0.0020935
31.73	0.0020921
31.74	0.0020907
31.75	0.0020893
31.76	0.0020879
31.77	0.0020865
31.78	0.0020851
31.79	0.0020837
31.8	0.0020823
31.81	0.0020809
31.82	0.0020795
31.83	0.0020781
31.84	0.0020767
31.85	0.0020754
31.86	0.002074
31.87	0.0020726
31.88	0.0020712
31.89	0.0020698
31.9	0.0020684
31.91	0.002067
31.92	0.0020657
31.93	0.0020643
31.94	0.0020629
31.95	0.0020615
31.96	0.0020601
31.97	0.0020588
31.98	0.0020574
31.99	0.002056
32.0	0.0020547
32.01	0.0020533
32.02	0.0020519
32.03	0.0020506
32.04	0.0020492
32.05	0.0020478
32.06	0.0020465
32.07	0.0020451
32.08	0.0020437
32.09	0.0020424
32.1	0.002041
32.11	0.0020397
32.12	0.0020383
32.13	0.002037
32.14	0.0020356
32.15	0.0020343
32.16	0.0020329
32.17	0.0020316
32.18	0.0020302
32.19	0.0020289
32.2	0.0020275
32.21	0.0020262
32.22	0.0020249
32.23	0.0020235
32.24	0.0020222
32.25	0.0020208
32.26	0.0020195
32.27	0.0020182
32.28	0.0020168
32.29	0.0020155
32.3	0.0020142
32.31	0.0020129
32.32	0.0020115
32.33	0.0020102
32.34	0.0020089
32.35	0.0020075
32.36	0.0020062
32.37	0.0020049
32.38	0.0020036
32.39	0.0020023
32.4	0.0020009
32.41	0.0019996
32.42	0.0019983
32.43	0.001997
32.44	0.0019957
32.45	0.0019944
32.46	0.0019931
32.47	0.0019918
32.48	0.0019905
32.49	0.0019892
32.5	0.0019878
32.51	0.0019865
32.52	0.0019852
32.53	0.0019839
32.54	0.0019826
32.55	0.0019813
32.56	0.00198
32.57	0.0019788
32.58	0.0019775
32.59	0.0019762
32.6	0.0019749
32.61	0.0019736
32.62	0.0019723
32.63	0.001971
32.64	0.0019697
32.65	0.0019684
32.66	0.0019671
32.67	0.0019659
32.68	0.0019646
32.69	0.0019633
32.7	0.001962
32.71	0.0019607
32.72	0.0019595
32.73	0.0019582
32.74	0.0019569
32.75	0.0019556
32.76	0.0019544
32.77	0.0019531
32.78	0.0019518
32.79	0.0019506
32.8	0.0019493
32.81	0.001948
32.82	0.0019468
32.83	0.0019455
32.84	0.0019442
32.85	0.001943
32.86	0.0019417
32.87	0.0019405
32.88	0.0019392
32.89	0.0019379
32.9	0.0019367
32.91	0.0019354
32.92	0.0019342
32.93	0.0019329
32.94	0.0019317
32.95	0.0019304
32.96	0.0019292
32.97	0.0019279
32.98	0.0019267
32.99	0.0019254
33.0	0.0019242
33.01	0.001923
33.02	0.0019217
33.03	0.0019205
33.04	0.0019192
33.05	0.001918
33.06	0.0019168
33.07	0.0019155
33.08	0.0019143
33.09	0.0019131
33.1	0.0019118
33.11	0.0019106
33.12	0.0019094
33.13	0.0019081
33.14	0.0019069
33.15	0.0019057
33.16	0.0019045
33.17	0.0019032
33.18	0.001902
33.19	0.0019008
33.2	0.0018996
33.21	0.0018984
33.22	0.0018971
33.23	0.0018959
33.24	0.0018947
33.25	0.0018935
33.26	0.0018923
33.27	0.0018911
33.28	0.0018899
33.29	0.0018887
33.3	0.0018875
33.31	0.0018862
33.32	0.001885
33.33	0.0018838
33.34	0.0018826
33.35	0.0018814
33.36	0.0018802
33.37	0.001879
33.38	0.0018778
33.39	0.0018766
33.4	0.0018754
33.41	0.0018742
33.42	0.001873
33.43	0.0018718
33.44	0.0018707
33.45	0.0018695
33.46	0.0018683
33.47	0.0018671
33.48	0.0018659
33.49	0.0018647
33.5	0.0018635
33.51	0.0018623
33.52	0.0018612
33.53	0.00186
33.54	0.0018588
33.55	0.0018576
33.56	0.0018564
33.57	0.0018553
33.58	0.0018541
33.59	0.0018529
33.6	0.0018517
33.61	0.0018506
33.62	0.0018494
33.63	0.0018482
33.64	0.001847
33.65	0.0018459
33.66	0.0018447
33.67	0.0018435
33.68	0.0018424
33.69	0.0018412
33.7	0.00184
33.71	0.0018389
33.72	0.0018377
33.73	0.0018366
33.74	0.0018354
33.75	0.0018342
33.76	0.0018331
33.77	0.0018319
33.78	0.0018308
33.79	0.0018296
33.8	0.0018285
33.81	0.0018273
33.82	0.0018262
33.83	0.001825
33.84	0.0018239
33.85	0.0018227
33.86	0.0018216
33.87	0.0018204
33.88	0.0018193
33.89	0.0018181
33.9	0.001817
33.91	0.0018159
33.92	0.0018147
33.93	0.0018136
33.94	0.0018124
33.95	0.0018113
33.96	0.0018102
33.97	0.001809
33.98	0.0018079
33.99	0.0018068
34.0	0.0018056
34.01	0.0018045
34.02	0.0018034
34.03	0.0018023
34.04	0.0018011
34.05	0.0018
34.06	0.0017989
34.07	0.0017978
34.08	0.0017966
34.09	0.0017955
34.1	0.0017944
34.11	0.0017933
34.12	0.0017921
34.13	0.001791
34.14	0.0017899
34.15	0.0017888
34.16	0.0017877
34.17	0.0017866
34.18	0.0017855
34.19	0.0017843
34.2	0.0017832
34.21	0.0017821
34.22	0.001781
34.23	0.0017799
34.24	0.0017788
34.25	0.0017777
34.26	0.0017766
34.27	0.0017755
34.28	0.0017744
34.29	0.0017733
34.3	0.0017722
34.31	0.0017711
34.32	0.00177
34.33	0.0017689
34.34	0.0017678
34.35	0.0017667
34.36	0.0017656
34.37	0.0017645
34.38	0.0017634
34.39	0.0017623
34.4	0.0017612
34.41	0.0017601
34.42	0.0017591
34.43	0.001758
34.44	0.0017569
34.45	0.0017558
34.46	0.0017547
34.47	0.0017536
34.48	0.0017525
34.49	0.0017515
34.5	0.0017504
34.51	0.0017493
34.52	0.0017482
34.53	0.0017472
34.54	0.0017461
34.55	0.001745
34.56	0.0017439
34.57	0.0017429
34.58	0.0017418
34.59	0.0017407
34.6	0.0017396
34.61	0.0017386
34.62	0.0017375
34.63	0.0017364
34.64	0.0017354
34.65	0.0017343
34.66	0.0017332
34.67	0.0017322
34.68	0.0017311
34.69	0.00173
34.7	0.001729
34.71	0.0017279
34.72	0.0017269
34.73	0.0017258
34.74	0.0017248
34.75	0.0017237
34.76	0.0017226
34.77	0.0017216
34.78	0.0017205
34.79	0.0017195
34.8	0.0017184
34.81	0.0017174
34.82	0.0017163
34.83	0.0017153
34.84	0.0017142
34.85	0.0017132
34.86	0.0017121
34.87	0.0017111
34.88	0.0017101
34.89	0.001709
34.9	0.001708
34.91	0.0017069
34.92	0.0017059
34.93	0.0017048
34.94	0.0017038
34.95	0.0017028
34.96	0.0017017
34.97	0.0017007
34.98	0.0016997
34.99	0.0016986
35.0	0.0016976
35.01	0.0016966
35.02	0.0016955
35.03	0.0016945
35.04	0.0016935
35.05	0.0016925
35.06	0.0016914
35.07	0.0016904
35.08	0.0016894
35.09	0.0016884
35.1	0.0016873
35.11	0.0016863
35.12	0.0016853
35.13	0.0016843
35.14	0.0016832
35.15	0.0016822
35.16	0.0016812
35.17	0.0016802
35.18	0.0016792
35.19	0.0016782
35.2	0.0016771
35.21	0.0016761
35.22	0.0016751
35.23	0.0016741
35.24	0.0016731
35.25	0.0016721
35.26	0.0016711
35.27	0.0016701
35.28	0.0016691
35.29	0.0016681
35.3	0.0016671
35.31	0.0016661
35.32	0.001665
35.33	0.001664
35.34	0.001663
35.35	0.001662
35.36	0.001661
35.37	0.00166
35.38	0.001659
35.39	0.0016581
35.4	0.0016571
35.41	0.0016561
35.42	0.0016551
35.43	0.0016541
35.44	0.0016531
35.45	0.0016521
35.46	0.0016511
35.47	0.0016501
35.48	0.0016491
35.49	0.0016481
35.5	0.0016471
35.51	0.0016462
35.52	0.0016452
35.53	0.0016442
35.54	0.0016432
35.55	0.0016422
35.56	0.0016412
35.57	0.0016403
35.58	0.0016393
35.59	0.0016383
35.6	0.0016373
35.61	0.0016363
35.62	0.0016354
35.63	0.0016344
35.64	0.0016334
35.65	0.0016324
35.66	0.0016315
35.67	0.0016305
35.68	0.0016295
35.69	0.0016286
35.7	0.0016276
35.71	0.0016266
35.72	0.0016256
35.73	0.0016247
35.74	0.0016237
35.75	0.0016227
35.76	0.0016218
35.77	0.0016208
35.78	0.0016199
35.79	0.0016189
35.8	0.0016179
35.81	0.001617
35.82	0.001616
35.83	0.0016151
35.84	0.0016141
35.85	0.0016131
35.86	0.0016122
35.87	0.0016112
35.88	0.0016103
35.89	0.0016093
35.9	0.0016084
35.91	0.0016074
35.92	0.0016065
35.93	0.0016055
35.94	0.0016046
35.95	0.0016036
35.96	0.0016027
35.97	0.0016017
35.98	0.0016008
35.99	0.0015998
36.0	0.0015989
36.01	0.0015979
36.02	0.001597
36.03	0.0015961
36.04	0.0015951
36.05	0.0015942
36.06	0.0015932
36.07	0.0015923
36.08	0.0015914
36.09	0.0015904
36.1	0.0015895
36.11	0.0015885
36.12	0.0015876
36.13	0.0015867
36.14	0.0015857
36.15	0.0015848
36.16	0.0015839
36.17	0.0015829
36.18	0.001582
36.19	0.0015811
36.2	0.0015802
36.21	0.0015792
36.22	0.0015783
36.23	0.0015774
36.24	0.0015765
36.25	0.0015755
36.26	0.0015746
36.27	0.0015737
36.28	0.0015728
36.29	0.0015718
36.3	0.0015709
36.31	0.00157
36.32	0.0015691
36.33	0.0015682
36.34	0.0015673
36.35	0.0015663
36.36	0.0015654
36.37	0.0015645
36.38	0.0015636
36.39	0.0015627
36.4	0.0015618
36.41	0.0015609
36.42	0.0015599
36.43	0.001559
36.44	0.0015581
36.45	0.0015572
36.46	0.0015563
36.47	0.0015554
36.48	0.0015545
36.49	0.0015536
36.5	0.0015527
36.51	0.0015518
36.52	0.0015509
36.53	0.00155
36.54	0.0015491
36.55	0.0015482
36.56	0.0015473
36.57	0.0015464
36.58	0.0015455
36.59	0.0015446
36.6	0.0015437
36.61	0.0015428
36.62	0.0015419
36.63	0.001541
36.64	0.0015401
36.65	0.0015392
36.66	0.0015383
36.67	0.0015374
36.68	0.0015365
36.69	0.0015357
36.7	0.0015348
36.71	0.0015339
36.72	0.001533
36.73	0.0015321
36.74	0.0015312
36.75	0.0015303
36.76	0.0015294
36.77	0.0015286
36.78	0.0015277
36.79	0.0015268
36.8	0.0015259
36.81	0.001525
36.82	0.0015242
36.83	0.0015233
36.84	0.0015224
36.85	0.0015215
36.86	0.0015206
36.87	0.0015198
36.88	0.0015189
36.89	0.001518
36.9	0.0015171
36.91	0.0015163
36.92	0.0015154
36.93	0.0015145
36.94	0.0015137
36.95	0.0015128
36.96	0.0015119
36.97	0.001511
36.98	0.0015102
36.99	0.0015093
37.0	0.0015084
37.01	0.0015076
37.02	0.0015067
37.03	0.0015059
37.04	0.001505
37.05	0.0015041
37.06	0.0015033
37.07	0.0015024
37.08	0.0015015
37.09	0.0015007
37.1	0.0014998
37.11	0.001499
37.12	0.0014981
37.13	0.0014973
37.14	0.0014964
37.15	0.0014955
37.16	0.0014947
37.17	0.0014938
37.18	0.001493
37.19	0.0014921
37.2	0.0014913
37.21	0.0014904
37.22	0.0014896
37.23	0.0014887
37.24	0.0014879
37.25	0.001487
37.26	0.0014862
37.27	0.0014853
37.28	0.0014845
37.29	0.0014836
37.3	0.0014828
37.31	0.001482
37.32	0.0014811
37.33	0.0014803
37.34	0.0014794
37.35	0.0014786
37.36	0.0014777
37.37	0.0014769
37.38	0.0014761
37.39	0.0014752
37.4	0.0014744
37.41	0.0014736
37.42	0.0014727
37.43	0.0014719
37.44	0.001471
37.45	0.0014702
37.46	0.0014694
37.47	0.0014685
37.48	0.0014677
37.49	0.0014669
37.5	0.0014661
37.51	0.0014652
37.52	0.0014644
37.53	0.0014636
37.54	0.0014627
37.55	0.0014619
37.56	0.0014611
37.57	0.0014603
37.58	0.0014594
37.59	0.0014586
37.6	0.0014578
37.61	0.001457
37.62	0.0014561
37.63	0.0014553
37.64	0.0014545
37.65	0.0014537
37.66	0.0014529
37.67	0.001452
37.68	0.0014512
37.69	0.0014504
37.7	0.0014496
37.71	0.0014488
37.72	0.001448
37.73	0.0014471
37.74	0.0014463
37.75	0.0014455
37.76	0.0014447
37.77	0.0014439
37.78	0.0014431
37.79	0.0014423
37.8	0.0014415
37.81	0.0014407
37.82	0.0014398
37.83	0.001439
37.84	0.0014382
37.85	0.0014374
37.86	0.0014366
37.87	0.0014358
37.88	0.001435
37.89	0.0014342
37.9	0.0014334
37.91	0.0014326
37.92	0.0014318
37.93	0.001431
37.94	0.0014302
37.95	0.0014294
37.96	0.0014286
37.97	0.0014278
37.98	0.001427
37.99	0.0014262
38.0	0.0014254
38.01	0.0014246
38.02	0.0014238
38.03	0.001423
38.04	0.0014222
38.05	0.0014214
38.06	0.0014206
38.07	0.0014199
38.08	0.0014191
38.09	0.0014183
38.1	0.0014175
38.11	0.0014167
38.12	0.0014159
38.13	0.0014151
38.14	0.0014143
38.15	0.0014135
38.16	0.0014128
38.17	0.001412
38.18	0.0014112
38.19	0.0014104
38.2	0.0014096
38.21	0.0014088
38.22	0.0014081
38.23	0.0014073
38.24	0.0014065
38.25	0.0014057
38.26	0.0014049
38.27	0.0014042
38.28	0.0014034
38.29	0.0014026
38.3	0.0014018
38.31	0.001401
38.32	0.0014003
38.33	0.0013995
38.34	0.0013987
38.35	0.0013979
38.36	0.0013972
38.37	0.0013964
38.38	0.0013956
38.39	0.0013949
38.4	0.0013941
38.41	0.0013933
38.42	0.0013925
38.43	0.0013918
38.44	0.001391
38.45	0.0013902
38.46	0.0013895
38.47	0.0013887
38.48	0.0013879
38.49	0.0013872
38.5	0.0013864
38.51	0.0013857
38.52	0.0013849
38.53	0.0013841
38.54	0.0013834
38.55	0.0013826
38.56	0.0013818
38.57	0.0013811
38.58	0.0013803
38.59	0.0013796
38.6	0.0013788
38.61	0.0013781
38.62	0.0013773
38.63	0.0013765
38.64	0.0013758
38.65	0.001375
38.66	0.0013743
38.67	0.0013735
38.68	0.0013728
38.69	0.001372
38.7	0.0013713
38.71	0.0013705
38.72	0.0013698
38.73	0.001369
38.74	0.0013683
38.75	0.0013675
38.76	0.0013668
38.77	0.001366
38.78	0.0013653
38.79	0.0013645
38.8	0.0013638
38.81	0.001363
38.82	0.0013623
38.83	0.0013615
38.84	0.0013608
38.85	0.0013601
38.86	0.0013593
38.87	0.0013586
38.88	0.0013578
38.89	0.0013571
38.9	0.0013564
38.91	0.0013556
38.92	0.0013549
38.93	0.0013541
38.94	0.0013534
38.95	0.0013527
38.96	0.0013519
38.97	0.0013512
38.98	0.0013505
38.99	0.0013497
39.0	0.001349
39.01	0.0013483
39.02	0.0013475
39.03	0.0013468
39.04	0.0013461
39.05	0.0013453
39.06	0.0013446
39.07	0.0013439
39.08	0.0013431
39.09	0.0013424
39.1	0.0013417
39.11	0.001341
39.12	0.0013402
39.13	0.0013395
39.14	0.0013388
39.15	0.0013381
39.16	0.0013373
39.17	0.0013366
39.18	0.0013359
39.19	0.0013352
39.2	0.0013344
39.21	0.0013337
39.22	0.001333
39.23	0.0013323
39.24	0.0013316
39.25	0.0013308
39.26	0.0013301
39.27	0.0013294
39.28	0.0013287
39.29	0.001328
39.3	0.0013272
39.31	0.0013265
39.32	0.0013258
39.33	0.0013251
39.34	0.0013244
39.35	0.0013237
39.36	0.001323
39.37	0.0013223
39.38	0.0013215
39.39	0.0013208
39.4	0.0013201
39.41	0.0013194
39.42	0.0013187
39.43	0.001318
39.44	0.0013173
39.45	0.0013166
39.46	0.0013159
39.47	0.0013152
39.48	0.0013145
39.49	0.0013137
39.5	0.001313
39.51	0.0013123
39.52	0.0013116
39.53	0.0013109
39.54	0.0013102
39.55	0.0013095
39.56	0.0013088
39.57	0.0013081
39.58	0.0013074
39.59	0.0013067
39.6	0.001306
39.61	0.0013053
39.62	0.0013046
39.63	0.0013039
39.64	0.0013032
39.65	0.0013025
39.66	0.0013018
39.67	0.0013011
39.68	0.0013005
39.69	0.0012998
39.7	0.0012991
39.71	0.0012984
39.72	0.0012977
39.73	0.001297
39.74	0.0012963
39.75	0.0012956
39.76	0.0012949
39.77	0.0012942
39.78	0.0012935
39.79	0.0012928
39.8	0.0012922
39.81	0.0012915
39.82	0.0012908
39.83	0.0012901
39.84	0.0012894
39.85	0.0012887
39.86	0.001288
39.87	0.0012874
39.88	0.0012867
39.89	0.001286
39.9	0.0012853
39.91	0.0012846
39.92	0.0012839
39.93	0.0012833
39.94	0.0012826
39.95	0.0012819
39.96	0.0012812
39.97	0.0012805
39.98	0.0012799
39.99	0.0012792
40.0	0.0012785
40.01	0.0012778
40.02	0.0012772
40.03	0.0012765
40.04	0.0012758
40.05	0.0012751
40.06	0.0012745
40.07	0.0012738
40.08	0.0012731
40.09	0.0012724
40.1	0.0012718
40.11	0.0012711
40.12	0.0012704
40.13	0.0012697
40.14	0.0012691
40.15	0.0012684
40.16	0.0012677
40.17	0.0012671
40.18	0.0012664
40.19	0.0012657
40.2	0.0012651
40.21	0.0012644
40.22	0.0012637
40.23	0.0012631
40.24	0.0012624
40.25	0.0012617
40.26	0.0012611
40.27	0.0012604
40.28	0.0012598
40.29	0.0012591
40.3	0.0012584
40.31	0.0012578
40.32	0.0012571
40.33	0.0012564
40.34	0.0012558
40.35	0.0012551
40.36	0.0012545
40.37	0.0012538
40.38	0.0012532
40.39	0.0012525
40.4	0.0012518
40.41	0.0012512
40.42	0.0012505
40.43	0.0012499
40.44	0.0012492
40.45	0.0012486
40.46	0.0012479
40.47	0.0012473
40.48	0.0012466
40.49	0.001246
40.5	0.0012453
40.51	0.0012447
40.52	0.001244
40.53	0.0012434
40.54	0.0012427
40.55	0.0012421
40.56	0.0012414
40.57	0.0012408
40.58	0.0012401
40.59	0.0012395
40.6	0.0012388
40.61	0.0012382
40.62	0.0012375
40.63	0.0012369
40.64	0.0012362
40.65	0.0012356
40.66	0.0012349
40.67	0.0012343
40.68	0.0012337
40.69	0.001233
40.7	0.0012324
40.71	0.0012317
40.72	0.0012311
40.73	0.0012305
40.74	0.0012298
40.75	0.0012292
40.76	0.0012285
40.77	0.0012279
40.78	0.0012273
40.79	0.0012266
40.8	0.001226
40.81	0.0012254
40.82	0.0012247
40.83	0.0012241
40.84	0.0012235
40.85	0.0012228
40.86	0.0012222
40.87	0.0012216
40.88	0.0012209
40.89	0.0012203
40.9	0.0012197
40.91	0.001219
40.92	0.0012184
40.93	0.0012178
40.94	0.0012171
40.95	0.0012165
40.96	0.0012159
40.97	0.0012152
40.98	0.0012146
40.99	0.001214
41.0	0.0012134
41.01	0.0012127
41.02	0.0012121
41.03	0.0012115
41.04	0.0012109
41.05	0.0012102
41.06	0.0012096
41.07	0.001209
41.08	0.0012084
41.09	0.0012077
41.1	0.0012071
41.11	0.0012065
41.12	0.0012059
41.13	0.0012053
41.14	0.0012046
41.15	0.001204
41.16	0.0012034
41.17	0.0012028
41.18	0.0012022
41.19	0.0012016
41.2	0.0012009
41.21	0.0012003
41.22	0.0011997
41.23	0.0011991
41.24	0.0011985
41.25	0.0011979
41.26	0.0011972
41.27	0.0011966
41.28	0.001196
41.29	0.0011954
41.3	0.0011948
41.31	0.0011942
41.32	0.0011936
41.33	0.001193
41.34	0.0011923
41.35	0.0011917
41.36	0.0011911
41.37	0.0011905
41.38	0.0011899
41.39	0.0011893
41.4	0.0011887
41.41	0.0011881
41.42	0.0011875
41.43	0.0011869
41.44	0.0011863
41.45	0.0011857
41.46	0.0011851
41.47	0.0011844
41.48	0.0011838
41.49	0.0011832
41.5	0.0011826
41.51	0.001182
41.52	0.0011814
41.53	0.0011808
41.54	0.0011802
41.55	0.0011796
41.56	0.001179
41.57	0.0011784
41.58	0.0011778
41.59	0.0011772
41.6	0.0011766
41.61	0.001176
41.62	0.0011754
41.63	0.0011748
41.64	0.0011742
41.65	0.0011736
41.66	0.001173
41.67	0.0011725
41.68	0.0011719
41.69	0.0011713
41.7	0.0011707
41.71	0.0011701
41.72	0.0011695
41.73	0.0011689
41.74	0.0011683
41.75	0.0011677
41.76	0.0011671
41.77	0.0011665
41.78	0.0011659
41.79	0.0011653
41.8	0.0011648
41.81	0.0011642
41.82	0.0011636
41.83	0.001163
41.84	0.0011624
41.85	0.0011618
41.86	0.0011612
41.87	0.0011606
41.88	0.00116
41.89	0.0011595
41.9	0.0011589
41.91	0.0011583
41.92	0.0011577
41.93	0.0011571
41.94	0.0011565
41.95	0.001156
41.96	0.0011554
41.97	0.0011548
41.98	0.0011542
41.99	0.0011536
42.0	0.0011531
42.01	0.0011525
42.02	0.0011519
42.03	0.0011513
42.04	0.0011507
42.05	0.0011502
42.06	0.0011496
42.07	0.001149
42.08	0.0011484
42.09	0.0011478
42.1	0.0011473
42.11	0.0011467
42.12	0.0011461
42.13	0.0011455
42.14	0.001145
42.15	0.0011444
42.16	0.0011438
42.17	0.0011432
42.18	0.0011427
42.19	0.0011421
42.2	0.0011415
42.21	0.001141
42.22	0.0011404
42.23	0.0011398
42.24	0.0011392
42.25	0.0011387
42.26	0.0011381
42.27	0.0011375
42.28	0.001137
42.29	0.0011364
42.3	0.0011358
42.31	0.0011353
42.32	0.0011347
42.33	0.0011341
42.34	0.0011336
42.35	0.001133
42.36	0.0011324
42.37	0.0011319
42.38	0.0011313
42.39	0.0011307
42.4	0.0011302
42.41	0.0011296
42.42	0.001129
42.43	0.0011285
42.44	0.0011279
42.45	0.0011274
42.46	0.0011268
42.47	0.0011262
42.48	0.0011257
42.49	0.0011251
42.5	0.0011246
42.51	0.001124
42.52	0.0011234
42.53	0.0011229
42.54	0.0011223
42.55	0.0011218
42.56	0.0011212
42.57	0.0011206
42.58	0.0011201
42.59	0.0011195
42.6	0.001119
42.61	0.0011184
42.62	0.0011179
42.63	0.0011173
42.64	0.0011168
42.65	0.0011162
42.66	0.0011157
42.67	0.0011151
42.68	0.0011145
42.69	0.001114
42.7	0.0011134
42.71	0.0011129
42.72	0.0011123
42.73	0.0011118
42.74	0.0011112
42.75	0.0011107
42.76	0.0011101
42.77	0.0011096
42.78	0.0011091
42.79	0.0011085
42.8	0.001108
42.81	0.0011074
42.82	0.0011069
42.83	0.0011063
42.84	0.0011058
42.85	0.0011052
42.86	0.0011047
42.87	0.0011041
42.88	0.0011036
42.89	0.001103
42.9	0.0011025
42.91	0.001102
42.92	0.0011014
42.93	0.0011009
42.94	0.0011003
42.95	0.0010998
42.96	0.0010993
42.97	0.0010987
42.98	0.0010982
42.99	0.0010976
43.0	0.0010971
43.01	0.0010966
43.02	0.001096
43.03	0.0010955
43.04	0.0010949
43.05	0.0010944
43.06	0.0010939
43.07	0.0010933
43.08	0.0010928
43.09	0.0010923
43.1	0.0010917
43.11	0.0010912
43.12	0.0010906
43.13	0.0010901
43.14	0.0010896
43.15	0.001089
43.16	0.0010885
43.17	0.001088
43.18	0.0010875
43.19	0.0010869
43.2	0.0010864
43.21	0.0010859
43.22	0.0010853
43.23	0.0010848
43.24	0.0010843
43.25	0.0010837
43.26	0.0010832
43.27	0.0010827
43.28	0.0010821
43.29	0.0010816
43.3	0.0010811
43.31	0.0010806
43.32	0.00108
43.33	0.0010795
43.34	0.001079
43.35	0.0010785
43.36	0.0010779
43.37	0.0010774
43.38	0.0010769
43.39	0.0010764
43.4	0.0010758
43.41	0.0010753
43.42	0.0010748
43.43	0.0010743
43.44	0.0010737
43.45	0.0010732
43.46	0.0010727
43.47	0.0010722
43.48	0.0010717
43.49	0.0010711
43.5	0.0010706
43.51	0.0010701
43.52	0.0010696
43.53	0.0010691
43.54	0.0010685
43.55	0.001068
43.56	0.0010675
43.57	0.001067
43.58	0.0010665
43.59	0.001066
43.6	0.0010654
43.61	0.0010649
43.62	0.0010644
43.63	0.0010639
43.64	0.0010634
43.65	0.0010629
43.66	0.0010623
43.67	0.0010618
43.68	0.0010613
43.69	0.0010608
43.7	0.0010603
43.71	0.0010598
43.72	0.0010593
43.73	0.0010588
43.74	0.0010582
43.75	0.0010577
43.76	0.0010572
43.77	0.0010567
43.78	0.0010562
43.79	0.0010557
43.8	0.0010552
43.81	0.0010547
43.82	0.0010542
43.83	0.0010537
43.84	0.0010532
43.85	0.0010526
43.86	0.0010521
43.87	0.0010516
43.88	0.0010511
43.89	0.0010506
43.9	0.0010501
43.91	0.0010496
43.92	0.0010491
43.93	0.0010486
43.94	0.0010481
43.95	0.0010476
43.96	0.0010471
43.97	0.0010466
43.98	0.0010461
43.99	0.0010456
44.0	0.0010451
44.01	0.0010446
44.02	0.0010441
44.03	0.0010436
44.04	0.0010431
44.05	0.0010426
44.06	0.0010421
44.07	0.0010416
44.08	0.0010411
44.09	0.0010406
44.1	0.0010401
44.11	0.0010396
44.12	0.0010391
44.13	0.0010386
44.14	0.0010381
44.15	0.0010376
44.16	0.0010371
44.17	0.0010366
44.18	0.0010361
44.19	0.0010356
44.2	0.0010351
44.21	0.0010346
44.22	0.0010341
44.23	0.0010336
44.24	0.0010332
44.25	0.0010327
44.26	0.0010322
44.27	0.0010317
44.28	0.0010312
44.29	0.0010307
44.3	0.0010302
44.31	0.0010297
44.32	0.0010292
44.33	0.0010287
44.34	0.0010282
44.35	0.0010277
44.36	0.0010273
44.37	0.0010268
44.38	0.0010263
44.39	0.0010258
44.4	0.0010253
44.41	0.0010248
44.42	0.0010243
44.43	0.0010238
44.44	0.0010234
44.45	0.0010229
44.46	0.0010224
44.47	0.0010219
44.48	0.0010214
44.49	0.0010209
44.5	0.0010205
44.51	0.00102
44.52	0.0010195
44.53	0.001019
44.54	0.0010185
44.55	0.001018
44.56	0.0010176
44.57	0.0010171
44.58	0.0010166
44.59	0.0010161
44.6	0.0010156
44.61	0.0010151
44.62	0.0010147
44.63	0.0010142
44.64	0.0010137
44.65	0.0010132
44.66	0.0010127
44.67	0.0010123
44.68	0.0010118
44.69	0.0010113
44.7	0.0010108
44.71	0.0010104
44.72	0.0010099
44.73	0.0010094
44.74	0.0010089
44.75	0.0010085
44.76	0.001008
44.77	0.0010075
44.78	0.001007
44.79	0.0010066
44.8	0.0010061
44.81	0.0010056
44.82	0.0010051
44.83	0.0010047
44.84	0.0010042
44.85	0.0010037
44.86	0.0010032
44.87	0.0010028
44.88	0.0010023
44.89	0.0010018
44.9	0.0010014
44.91	0.0010009
44.92	0.0010004
44.93	0.00099995
44.94	0.00099948
44.95	0.00099901
44.96	0.00099854
44.97	0.00099807
44.98	0.00099761
44.99	0.00099714
45.0	0.00099667
45.01	0.0009962
45.02	0.00099574
45.03	0.00099527
45.04	0.0009948
45.05	0.00099434
45.06	0.00099387
45.07	0.00099341
45.08	0.00099294
45.09	0.00099248
45.1	0.00099201
45.11	0.00099155
45.12	0.00099109
45.13	0.00099062
45.14	0.00099016
45.15	0.0009897
45.16	0.00098924
45.17	0.00098877
45.18	0.00098831
45.19	0.00098785
45.2	0.00098739
45.21	0.00098693
45.22	0.00098647
45.23	0.00098601
45.24	0.00098555
45.25	0.00098509
45.26	0.00098463
45.27	0.00098417
45.28	0.00098371
45.29	0.00098326
45.3	0.0009828
45.31	0.00098234
45.32	0.00098188
45.33	0.00098143
45.34	0.00098097
45.35	0.00098051
45.36	0.00098006
45.37	0.0009796
45.38	0.00097915
45.39	0.00097869
45.4	0.00097824
45.41	0.00097778
45.42	0.00097733
45.43	0.00097687
45.44	0.00097642
45.45	0.00097597
45.46	0.00097552
45.47	0.00097506
45.48	0.00097461
45.49	0.00097416
45.5	0.00097371
45.51	0.00097326
45.52	0.00097281
45.53	0.00097236
45.54	0.00097191
45.55	0.00097146
45.56	0.00097101
45.57	0.00097056
45.58	0.00097011
45.59	0.00096966
45.6	0.00096921
45.61	0.00096876
45.62	0.00096831
45.63	0.00096787
45.64	0.00096742
45.65	0.00096697
45.66	0.00096653
45.67	0.00096608
45.68	0.00096563
45.69	0.00096519
45.7	0.00096474
45.71	0.0009643
45.72	0.00096385
45.73	0.00096341
45.74	0.00096297
45.75	0.00096252
45.76	0.00096208
45.77	0.00096163
45.78	0.00096119
45.79	0.00096075
45.8	0.00096031
45.81	0.00095987
45.82	0.00095942
45.83	0.00095898
45.84	0.00095854
45.85	0.0009581
45.86	0.00095766
45.87	0.00095722
45.88	0.00095678
45.89	0.00095634
45.9	0.0009559
45.91	0.00095546
45.92	0.00095502
45.93	0.00095459
45.94	0.00095415
45.95	0.00095371
45.96	0.00095327
45.97	0.00095284
45.98	0.0009524
45.99	0.00095196
46.0	0.00095153
46.01	0.00095109
46.02	0.00095065
46.03	0.00095022
46.04	0.00094978
46.05	0.00094935
46.06	0.00094891
46.07	0.00094848
46.08	0.00094805
46.09	0.00094761
46.1	0.00094718
46.11	0.00094675
46.12	0.00094631
46.13	0.00094588
46.14	0.00094545
46.15	0.00094502
46.16	0.00094459
46.17	0.00094415
46.18	0.00094372
46.19	0.00094329
46.2	0.00094286
46.21	0.00094243
46.22	0.000942
46.23	0.00094157
46.24	0.00094114
46.25	0.00094072
46.26	0.00094029
46.27	0.00093986
46.28	0.00093943
46.29	0.000939
46.3	0.00093858
46.31	0.00093815
46.32	0.00093772
46.33	0.0009373
46.34	0.00093687
46.35	0.00093644
46.36	0.00093602
46.37	0.00093559
46.38	0.00093517
46.39	0.00093474
46.4	0.00093432
46.41	0.00093389
46.42	0.00093347
46.43	0.00093305
46.44	0.00093262
46.45	0.0009322
46.46	0.00093178
46.47	0.00093135
46.48	0.00093093
46.49	0.00093051
46.5	0.00093009
46.51	0.00092967
46.52	0.00092925
46.53	0.00092883
46.54	0.0009284
46.55	0.00092798
46.56	0.00092756
46.57	0.00092714
46.58	0.00092673
46.59	0.00092631
46.6	0.00092589
46.61	0.00092547
46.62	0.00092505
46.63	0.00092463
46.64	0.00092422
46.65	0.0009238
46.66	0.00092338
46.67	0.00092296
46.68	0.00092255
46.69	0.00092213
46.7	0.00092171
46.71	0.0009213
46.72	0.00092088
46.73	0.00092047
46.74	0.00092005
46.75	0.00091964
46.76	0.00091922
46.77	0.00091881
46.78	0.0009184
46.79	0.00091798
46.8	0.00091757
46.81	0.00091716
46.82	0.00091674
46.83	0.00091633
46.84	0.00091592
46.85	0.00091551
46.86	0.0009151
46.87	0.00091469
46.88	0.00091427
46.89	0.00091386
46.9	0.00091345
46.91	0.00091304
46.92	0.00091263
46.93	0.00091222
46.94	0.00091181
46.95	0.00091141
46.96	0.000911
46.97	0.00091059
46.98	0.00091018
46.99	0.00090977
47.0	0.00090936
47.01	0.00090896
47.02	0.00090855
47.03	0.00090814
47.04	0.00090774
47.05	0.00090733
47.06	0.00090692
47.07	0.00090652
47.08	0.00090611
47.09	0.00090571
47.1	0.0009053
47.11	0.0009049
47.12	0.00090449
47.13	0.00090409
47.14	0.00090368
47.15	0.00090328
47.16	0.00090288
47.17	0.00090247
47.18	0.00090207
47.19	0.00090167
47.2	0.00090127
47.21	0.00090086
47.22	0.00090046
47.23	0.00090006
47.24	0.00089966
47.25	0.00089926
47.26	0.00089886
47.27	0.00089846
47.28	0.00089806
47.29	0.00089766
47.3	0.00089726
47.31	0.00089686
47.32	0.00089646
47.33	0.00089606
47.34	0.00089566
47.35	0.00089526
47.36	0.00089487
47.37	0.00089447
47.38	0.00089407
47.39	0.00089367
47.4	0.00089328
47.41	0.00089288
47.42	0.00089248
47.43	0.00089209
47.44	0.00089169
47.45	0.0008913
47.46	0.0008909
47.47	0.0008905
47.48	0.00089011
47.49	0.00088972
47.5	0.00088932
47.51	0.00088893
47.52	0.00088853
47.53	0.00088814
47.54	0.00088775
47.55	0.00088735
47.56	0.00088696
47.57	0.00088657
47.58	0.00088618
47.59	0.00088578
47.6	0.00088539
47.61	0.000885
47.62	0.00088461
47.63	0.00088422
47.64	0.00088383
47.65	0.00088344
47.66	0.00088305
47.67	0.00088266
47.68	0.00088227
47.69	0.00088188
47.7	0.00088149
47.71	0.0008811
47.72	0.00088071
47.73	0.00088032
47.74	0.00087993
47.75	0.00087955
47.76	0.00087916
47.77	0.00087877
47.78	0.00087838
47.79	0.000878
47.8	0.00087761
47.81	0.00087722
47.82	0.00087684
47.83	0.00087645
47.84	0.00087607
47.85	0.00087568
47.86	0.0008753
47.87	0.00087491
47.88	0.00087453
47.89	0.00087414
47.9	0.00087376
47.91	0.00087337
47.92	0.00087299
47.93	0.00087261
47.94	0.00087222
47.95	0.00087184
47.96	0.00087146
47.97	0.00087108
47.98	0.00087069
47.99	0.00087031
48.0	0.00086993
48.01	0.00086955
48.02	0.00086917
48.03	0.00086879
48.04	0.00086841
48.05	0.00086803
48.06	0.00086765
48.07	0.00086727
48.08	0.00086689
48.09	0.00086651
48.1	0.00086613
48.11	0.00086575
48.12	0.00086537
48.13	0.00086499
48.14	0.00086461
48.15	0.00086424
48.16	0.00086386
48.17	0.00086348
48.18	0.0008631
48.19	0.00086273
48.2	0.00086235
48.21	0.00086197
48.22	0.0008616
48.23	0.00086122
48.24	0.00086085
48.25	0.00086047
48.26	0.0008601
48.27	0.00085972
48.28	0.00085935
48.29	0.00085897
48.3	0.0008586
48.31	0.00085822
48.32	0.00085785
48.33	0.00085748
48.34	0.0008571
48.35	0.00085673
48.36	0.00085636
48.37	0.00085598
48.38	0.00085561
48.39	0.00085524
48.4	0.00085487
48.41	0.0008545
48.42	0.00085413
48.43	0.00085375
48.44	0.00085338
48.45	0.00085301
48.46	0.00085264
48.47	0.00085227
48.48	0.0008519
48.49	0.00085153
48.5	0.00085116
48.51	0.00085079
48.52	0.00085043
48.53	0.00085006
48.54	0.00084969
48.55	0.00084932
48.56	0.00084895
48.57	0.00084858
48.58	0.00084822
48.59	0.00084785
48.6	0.00084748
48.61	0.00084712
48.62	0.00084675
48.63	0.00084638
48.64	0.00084602
48.65	0.00084565
48.66	0.00084529
48.67	0.00084492
48.68	0.00084456
48.69	0.00084419
48.7	0.00084383
48.71	0.00084346
48.72	0.0008431
48.73	0.00084273
48.74	0.00084237
48.75	0.00084201
48.76	0.00084164
48.77	0.00084128
48.78	0.00084092
48.79	0.00084055
48.8	0.00084019
48.81	0.00083983
48.82	0.00083947
48.83	0.00083911
48.84	0.00083875
48.85	0.00083838
48.86	0.00083802
48.87	0.00083766
48.88	0.0008373
48.89	0.00083694
48.9	0.00083658
48.91	0.00083622
48.92	0.00083586
48.93	0.0008355
48.94	0.00083514
48.95	0.00083479
48.96	0.00083443
48.97	0.00083407
48.98	0.00083371
48.99	0.00083335
49.0	0.000833
49.01	0.00083264
49.02	0.00083228
49.03	0.00083192
49.04	0.00083157
49.05	0.00083121
49.06	0.00083085
49.07	0.0008305
49.08	0.00083014
49.09	0.00082979
49.1	0.00082943
49.11	0.00082908
49.12	0.00082872
49.13	0.00082837
49.14	0.00082801
49.15	0.00082766
49.16	0.0008273
49.17	0.00082695
49.18	0.0008266
49.19	0.00082624
49.2	0.00082589
49.21	0.00082554
49.22	0.00082518
49.23	0.00082483
49.24	0.00082448
49.25	0.00082413
49.26	0.00082378
49.27	0.00082342
49.28	0.00082307
49.29	0.00082272
49.3	0.00082237
49.31	0.00082202
49.32	0.00082167
49.33	0.00082132
49.34	0.00082097
49.35	0.00082062
49.36	0.00082027
49.37	0.00081992
49.38	0.00081957
49.39	0.00081922
49.4	0.00081887
49.41	0.00081853
49.42	0.00081818
49.43	0.00081783
49.44	0.00081748
49.45	0.00081713
49.46	0.00081679
49.47	0.00081644
49.48	0.00081609
49.49	0.00081575
49.5	0.0008154
49.51	0.00081505
49.52	0.00081471
49.53	0.00081436
49.54	0.00081402
49.55	0.00081367
49.56	0.00081333
49.57	0.00081298
49.58	0.00081264
49.59	0.00081229
49.6	0.00081195
49.61	0.0008116
49.62	0.00081126
49.63	0.00081092
49.64	0.00081057
49.65	0.00081023
49.66	0.00080989
49.67	0.00080954
49.68	0.0008092
49.69	0.00080886
49.7	0.00080852
49.71	0.00080817
49.72	0.00080783
49.73	0.00080749
49.74	0.00080715
49.75	0.00080681
49.76	0.00080647
49.77	0.00080613
49.78	0.00080579
49.79	0.00080545
49.8	0.00080511
49.81	0.00080477
49.82	0.00080443
49.83	0.00080409
49.84	0.00080375
49.85	0.00080341
49.86	0.00080307
49.87	0.00080273
49.88	0.0008024
49.89	0.00080206
49.9	0.00080172
49.91	0.00080138
49.92	0.00080104
49.93	0.00080071
49.94	0.00080037
49.95	0.00080003
49.96	0.0007997
49.97	0.00079936
49.98	0.00079902
49.99	0.00079869
50.0	0.00079835
