8.96E-01
8.44E-01
7.69E-01
6.72E-01
5.54E-01
4.28E-01
3.08E-01
2.10E-01
1.38E-01
8.83E-02
5.61E-02
7.18E-01
6.85E-01
6.38E-01
5.72E-01
4.89E-01
3.91E-01
2.92E-01
2.04E-01
1.36E-01
8.78E-02
5.60E-02 
3.73E-01
3.74E-01
3.72E-01
3.63E-01
3.43E-01
3.05E-01
2.50E-01
1.88E-01
1.30E-01
8.63E-02
5.56E-02 
1.34E-01
1.48E-01
1.66E-01
1.87E-01
2.05E-01
2.12E-01
1.98E-01
1.65E-01
1.22E-01
8.39E-02
5.49E-02 
4.02E-02
5.18E-02
6.85E-02
9.07E-02
1.17E-01
1.40E-01
1.51E-01
1.40E-01
1.12E-01
8.07E-02
5.40E-02 
1.47E-02
2.19E-02
3.28E-02
4.86E-02
6.97E-02
9.38E-02
1.13E-01
1.17E-01
1.02E-01
7.69E-02
5.29E-02 
7.94E-03
1.25E-02
1.95E-02
3.01E-02
4.55E-02
6.53E-02
8.53E-02
9.64E-02
9.11E-02
7.27E-02
5.16E-02
5.34E-03
8.44E-03
1.33E-02
2.08E-02
3.21E-02
4.77E-02
6.58E-02
7.97E-02
8.09E-02
6.83E-02
5.01E-02 
3.92E-03
6.21E-03
9.81E-03
4.85E-02 
3.02E-03
4.79E-03
7.57E-03
1.19E-02
1.86E-02
2.85E-02
4.17E-02
5.55E-02
6.33E-02
5.94E-02
4.69E-02 
2.41E-03
3.81E-03
6.03E-03
9.52E-03
1.49E-02
2.30E-02
3.42E-02
4.69E-02
5.59E-02
5.51E-02
4.51E-02