1		-5.38748089001120E+00		2.22939364553400E-13
2		-4.60368244955070E+00		4.39934099227000E-10
3		-3.94476404011560E+00		1.08606937076900E-07
4		-3.34785456738320E+00		7.80255647853000E-06
5		-2.78880605842810E+00		2.28338636016400E-04
6		-2.25497400208930E+00		3.24377334223800E-03
7		-1.73853771211660E+00		2.48105208874600E-02
8		-1.23407621539530E+00		1.09017206020020E-01
9		-7.37473728545390E-01		2.86675505362830E-01
10		-2.45340708300900E-01		4.62243669600610E-01
11		2.45340708300900E-01		4.62243669600600E-01
12		7.37473728545390E-01		2.86675505362800E-01
13		1.23407621539530E+00		1.09017206020020E-01
14		1.73853771211660E+00		2.48105208874640E-02
15		2.25497400208930E+00		3.24377334223800E-03
16		2.78880605842810E+00		2.28338636016400E-04
17		3.34785456738300E+00		7.80255647853200E-06
18		3.94476404011560E+00		1.08606937076900E-07
19		4.60368244955070E+00		4.39934099227300E-10
20		5.38748089001120E+00		2.22939364553400E-13
