1		1.74906752386600E-01		4.31656371271200E-02
2		5.87303080638300E-01		1.73393540003680E-01
3		1.23822510183420E+00		2.76863901972410E-01
4		2.13139626007690E+00		2.56965148793470E-01
5		3.27213313351700E+00		1.57195805155900E-01
6		4.66749446588840E+00		6.69008636195300E-02
7		6.32653619767380E+00		2.03012066844200E-02
8		8.26067095201400E+00		4.43316742919700E-03
9		1.04841673812080E+01		6.96238624514100E-04
10		1.30148487721530E+01		7.80050120152300E-05
11		1.58750870127850E+01		6.14118040072000E-06
12		1.90932519076060E+01		3.32160143764500E-07
13		2.27058938881730E+01		1.19590145840100E-08
14		2.67611702293790E+01		2.74408893224400E-10
15		3.13245161370080E+01		3.77693402694120E-12
16		3.64887033461500E+01		2.85845180103300E-14
17		4.23934227457750E+01		1.04277131616440E-16
18		4.92688138498690E+01		1.47637881352590E-19
19		5.75544209713150E+01		5.37903857836000E-23
20		6.83770378145520E+01		1.79316052305940E-27
