  1	 1.12513882636768E-02	 2.85518444526521E-02
  2	 5.92847412690290E-02	 6.33502117849517E-02
  3	 1.45707966594316E-01	 9.13083813667871E-02
  4	 2.70553178758665E-01	 1.09913900410675E-01
  5	 4.33841407553836E-01	 1.18274171034179E-01
  6	 6.35597665781620E-01	 1.17045739000386E-01
  7	 8.75852384546518E-01	 1.08089987545445E-01
  8	 1.15464170197440E+00	 9.39428886388621E-02
  9	 1.47200756316674E+00	 7.72536687978628E-02
 10	 1.82799777831235E+00	 6.03270562656477E-02
 11	 2.22266607156190E+00	 4.48473482471915E-02
 12	 2.65607212988348E+00	 3.17969479368705E-02
 13	 3.12828165502792E+00	 2.15301494537942E-02
 14	 3.63936641985241E+00	 1.39369517338421E-02
 15	 4.18940432959405E+00	 8.63158538019959E-03
 16	 4.77847948843488E+00	 5.11777701366777E-03
 17	 5.40668227160049E+00	 2.90634743648460E-03
 18	 6.07410940319654E+00	 1.58143294331626E-03
 19	 6.78086403997563E+00	 8.24738985098590E-04
 20	 7.52705586122938E+00	 4.12326088539571E-04
 21	 8.31280116500777E+00	 1.97649426442517E-04
 22	 9.13822297088039E+00	 9.08515788782246E-05
 23	 1.00034511294682E+01	 4.00484927835657E-05
 24	 1.09086224389909E+01	 1.69307623980760E-05
 25	 1.18538807690919E+01	 6.86452529110888E-06
 26	 1.28393771922232E+01	 2.66921659814136E-06
 27	 1.38652701228921E+01	 9.95364010286095E-07
 28	 1.49317254650919E+01	 3.55943575300224E-07
 29	 1.60389167682671E+01	 1.22053255194849E-07
 30	 1.71870253921813E+01	 4.01279192093448E-08
 31	 1.83762406810897E+01	 1.26481141474730E-08
 32	 1.96067601476417E+01	 3.82148972942555E-09
 33	 2.08787896669714E+01	 1.10664105922704E-09
 34	 2.21925436814678E+01	 3.07100923709658E-10
 35	 2.35482454167489E+01	 8.16549938415223E-11
 36	 2.49461271094035E+01	 2.07985363278068E-11
 37	 2.63864302471053E+01	 5.07395377083847E-12
 38	 2.78694058217464E+01	 1.18531437717928E-12
 39	 2.93953145962849E+01	 2.65092752372809E-13
 40	 3.09644273860528E+01	 5.67463221575601E-14
 41	 3.25770253553238E+01	 1.16237381470723E-14
 42	 3.42334003300022E+01	 2.27776629270174E-15
 43	 3.59338551273562E+01	 4.26883197029646E-16
 44	 3.76787039037884E+01	 7.64928879936106E-17
 45	 3.94682725217158E+01	 1.31013139198345E-17
 46	 4.13028989367071E+01	 2.14414523412412E-18
 47	 4.31829336061204E+01	 3.35194428720789E-19
 48	 4.51087399205772E+01	 5.00373308645796E-20
 49	 4.70806946597172E+01	 7.13003064195650E-21
 50	 4.90991884737910E+01	 9.69454074039451E-22
 51	 5.11646263927767E+01	 1.25728475563943E-22
 52	 5.32774283648408E+01	 1.55466109556259E-23
 53	 5.54380298261179E+01	 1.83210979325288E-24
 54	 5.76468823039452E+01	 2.05679797813620E-25
 55	 5.99044540558721E+01	 2.19866605262264E-26
 56	 6.22112307469615E+01	 2.23691600732366E-27
 57	 6.45677161681212E+01	 2.16496064463323E-28
 58	 6.69744329984416E+01	 1.99222768061812E-29
 59	 6.94319236147834E+01	 1.74215388632493E-30
 60	 7.19407509521544E+01	 1.44694978610588E-31
 61	 7.45014994187340E+01	 1.14075170612276E-32
 62	 7.71147758697706E+01	 8.53180509780784E-34
 63	 7.97812106449686E+01	 6.04970117793742E-35
 64	 8.25014586744314E+01	 4.06434324326377E-36
 65	 8.52762006587154E+01	 2.58534937498708E-37
 66	 8.81061443290995E+01	 1.55602876252220E-38
 67	 9.09920257947926E+01	 8.85462584966082E-40
 68	 9.39346109844797E+01	 4.76045751736310E-41
 69	 9.69346971903819E+01	 2.41607851066062E-42
 70	 9.99931147238643E+01	 1.15664705033838E-43
 71	 1.03110728692594E+02	 5.21851061949072E-45
 72	 1.06288440910345E+02	 2.21697433533558E-46
 73	 1.09527191951778E+02	 8.86010275661129E-48
 74	 1.12827963365904E+02	 3.32781115920043E-49
 75	 1.16191780063557E+02	 1.17349004307799E-50
 76	 1.19619712895932E+02	 3.88096772642021E-52
 77	 1.23112881443360E+02	 1.20242632793268E-53
 78	 1.26672457035760E+02	 3.48602304410445E-55
 79	 1.30299666028913E+02	 9.44554522159337E-57
 80	 1.33995793363748E+02	 2.38888427455874E-58
 81	 1.37762186439339E+02	 5.63188475075236E-60
 82	 1.41600259334393E+02	 1.23592861191176E-61
 83	 1.45511497416660E+02	 2.52100420237666E-63
 84	 1.49497462385178E+02	 4.77222462199810E-65
 85	 1.53559797796566E+02	 8.37001989199697E-67
 86	 1.57700235133978E+02	 1.35782434111974E-68
 87	 1.61920600485976E+02	 2.03368872715260E-70
 88	 1.66222821912769E+02	 2.80683848069499E-72
 89	 1.70608937589242E+02	 3.56256760706060E-74
 90	 1.75081104828415E+02	 4.14945274929276E-76
 91	 1.79641610105867E+02	 4.42500796576448E-78
 92	 1.84292880225847E+02	 4.31008426128805E-80
 93	 1.89037494793954E+02	 3.82466101676029E-82
 94	 1.93878200190473E+02	 3.08354784259809E-84
 95	 1.98817925273721E+02	 2.25213982217021E-86
 96	 2.03859799085770E+02	 1.48551474064452E-88
 97	 2.09007170885511E+02	 8.81963547636909E-91
 98	 2.14263632898788E+02	 4.69641782212534E-93
 99	 2.19633046255578E+02	 2.23439382545442E-95
100	 2.25119570684209E+02	 9.45878703821767E-98
101	 2.30727698658204E+02	 3.54696083124016E-100
102	 2.36462294850178E+02	 1.17253213003458E-102
103	 2.42328641949703E+02	 3.39909055563866E-105
104	 2.48332494162357E+02	 8.59190720062116E-108
105	 2.54480140044869E+02	 1.88189139735316E-110
106	 2.60778476773580E+02	 3.54735863230598E-113
107	 2.67235098528954E+02	 5.71148222828220E-116
108	 2.73858402462694E+02	 7.78947378804260E-119
109	 2.80657716776323E+02	 8.91589869949008E-122
110	 2.87643456899219E+02	 8.47685635886370E-125
111	 2.94827317787648E+02	 6.61732693549396E-128
112	 3.02222513246449E+02	 4.18621635741427E-131
113	 3.09844077326613E+02	 2.11438516898155E-134
114	 3.17709248954906E+02	 8.38216350136603E-138
115	 3.25837970121195E+02	 2.55720230219864E-141
116	 3.34253542067654E+02	 5.86676864218912E-145
117	 3.42983506273825E+02	 9.84986103006120E-149
118	 3.52060853546526E+02	 1.17138394334156E-152
119	 3.61525726392325E+02	 9.48396326556727E-157
120	 3.71427889214328E+02	 4.97709638112088E-161
121	 3.81830444119061E+02	 1.59089852775041E-165
122	 3.92815671240808E+02	 2.85630382912008E-170
123	 4.04494724750515E+02	 2.58225071969118E-175
124	 4.17024902977989E+02	 1.00735025005037E-180
125	 4.30643444166597E+02	 1.34425250044363E-186
126	 4.45743096973928E+02	 4.18296221403771E-193
127	 4.63080034109446E+02	 1.45716530772564E-200
128	 4.84615543986444E+02	 8.64059169046469E-210
