8.040E-02
2.015E-01 
2.780E-01 
3.352E-01 
3.810E-01 
4.191E-01 
4.516E-01
4.799E-01 
5.047E-01 
5.269E-01 
5.468E-01 
5.648E-01
5.813E-01
5.963E-01 
6.102E-01 
6.231E-01 
6.350E-01 
6.461E-01
6.565E-01
6.662E-01 
6.754E-01 
6.840E-01 
6.921E-01 
6.998E-01
7.071E-01
7.140E-01 
7.205E-01 
7.268E-01 
7.327E-01 
7.384E-01
7.439E-01
7.491E-01 
7.540E-01 
7.588E-01 
7.634E-01 
7.678E-01
7.720E-01
7.761E-01 
7.800E-01 
7.838E-01 
7.875E-01 
7.910E-01
7.944E-01
7.977E-01 
8.008E-01 
8.039E-01 
8.069E-01 
8.098E-01
8.126E-01
8.153E-01 
8.179E-01 
8.205E-01 
8.230E-01 
8.254E-01
8.277E-01
8.300E-01 
8.322E-01 
8.344E-01 
8.365E-01 
8.385E-01
8.405E-01
8.425E-01 
8.444E-01 
8.462E-01 
8.481E-01 
8.498E-01
8.515E-01
8.532E-01 
8.549E-01 
8.565E-01 
8.581E-01 
8.596E-01
8.611E-01
8.626E-01 
8.640E-01 
8.654E-01 
8.668E-01 
8.681E-01
8.695E-01
8.708E-01 
8.720E-01 
8.733E-01 
8.745E-01 
8.757E-01
8.769E-01
8.780E-01 
8.791E-01 
8.802E-01 
8.813E-01 
8.824E-01
8.835E-01
8.845E-01 
8.855E-01 
8.865E-01 
8.875E-01 
8.884E-01
8.894E-01
8.903E-01
8.912E-01
8.921E-01 
8.930E-01 
8.938E-01
8.947E-01
8.955E-01 
8.964E-01 
8.972E-01 
8.980E-01 
8.988E-01
8.995E-01
9.003E-01 
9.010E-01 
9.018E-01 
9.025E-01 
9.032E-01
9.039E-01
9.046E-01 
9.053E-01 
9.060E-01 
9.067E-01 
9.073E-01
9.080E-01
9.086E-01 
9.092E-01 
9.099E-01 
9.105E-01 
9.111E-01
9.117E-01
9.123E-01 
9.128E-01 
9.134E-01 
9.140E-01 
9.145E-01
9.151E-01
9.156E-01 
9.162E-01 
9.167E-01 
9.172E-01 
9.177E-01
9.182E-01
9.188E-01 
9.192E-01 
9.197E-01 
9.202E-01 
9.207E-01
9.212E-01
9.216E-01 
9.221E-01 
9.226E-01 
9.230E-01 
9.235E-01
9.239E-01
9.243E-01 
9.248E-01 
9.252E-01 
9.256E-01 
9.260E-01
9.264E-01
9.269E-01 
9.273E-01 
9.277E-01 
9.280E-01 
9.284E-01
9.288E-01
9.292E-01 
9.296E-01 
9.299E-01 
9.303E-01 
9.307E-01
9.310E-01
9.314E-01 
9.318E-01 
9.321E-01 
9.325E-01 
9.328E-01
9.331E-01
9.335E-01 
9.338E-01 
9.341E-01 
9.345E-01 
9.348E-01
9.351E-01
9.354E-01 
9.357E-01 
9.360E-01 
9.363E-01 
9.367E-01
9.370E-01
9.373E-01 
9.375E-01 
9.378E-01 
9.381E-01 
9.384E-01
9.387E-01
9.390E-01 
9.393E-01 
9.395E-01 
9.398E-01 
9.401E-01
9.404E-01
9.406E-01 
9.409E-01 
9.412E-01 
9.414E-01 
9.417E-01
9.419E-01
9.422E-01 
9.424E-01 
9.427E-01 
9.429E-01 
9.432E-01
9.434E-01
9.437E-01 
9.439E-01 
9.441E-01 
9.444E-01 
9.446E-01
9.448E-01
9.451E-01 
9.453E-01 
9.455E-01 
9.457E-01 
9.460E-01
9.462E-01
9.464E-01 
9.466E-01 
9.468E-01 
9.470E-01 
9.472E-01
9.474E-01
9.477E-01 
9.479E-01 
9.481E-01 
9.483E-01 
9.485E-01
9.487E-01
9.489E-01 
9.491E-01 
9.493E-01 
9.495E-01 
9.496E-01
9.498E-01
9.500E-01 
9.502E-01 
9.504E-01 
9.506E-01 
9.508E-01
9.509E-01
9.511E-01 
9.513E-01 
9.515E-01 
9.517E-01 
9.518E-01
9.520E-01
9.522E-01 
9.524E-01 
9.525E-01 
9.527E-01 
9.529E-01
9.530E-01
9.532E-01 
9.534E-01 
9.535E-01 
9.537E-01 
9.538E-01
9.540E-01
9.542E-01 
9.543E-01 
9.545E-01 
9.546E-01 
9.548E-01
9.549E-01
9.551E-01 
9.552E-01 
9.554E-01 
9.555E-01 
9.557E-01
9.558E-01
9.560E-01 
9.561E-01 
9.563E-01 
9.564E-01 
9.566E-01
9.567E-01
9.568E-01 
9.570E-01 
9.571E-01 
9.573E-01 
9.574E-01
9.575E-01
9.577E-01 
9.578E-01 
9.579E-01 
9.581E-01 
9.582E-01
9.583E-01
9.585E-01 
9.586E-01 
9.587E-01 
9.588E-01 
9.590E-01
9.591E-01
9.592E-01 
9.593E-01 
9.595E-01 
9.596E-01 
9.597E-01
9.598E-01
9.600E-01 
9.601E-01 
9.602E-01 
9.603E-01 
9.604E-01
9.606E-01
9.607E-01 
9.608E-01 
9.609E-01 
9.610E-01 
9.611E-01
9.612E-01
9.614E-01 
9.615E-01 
9.616E-01 
9.617E-01 
9.618E-01
9.619E-01
9.620E-01 
9.621E-01 
9.622E-01 
9.623E-01 
9.624E-01
9.626E-01
9.627E-01 
9.628E-01 
9.629E-01